,2021,2020,2019,2018,2017,2016,2015,2014,2013,2012,2011,2010,2009,2008,2007,2006,2005,2004,2003,2002,2001,2000,1999,1998,1997,1996,1995,1994,1993
reportedCurrency,USD,USD,USD,USD,USD,USD,USD,USD,USD,USD,USD,USD,USD,USD,USD,USD,USD,USD,USD,USD,USD,USD,USD,USD,USD,USD,USD,USD,USD
cik,0000915389,0000915389,0000915389,0000915389,0000915389,0000915389,0000915389,0000915389,0000915389,0000915389,0000915389,0000915389,0000915389,0000915389,0000915389,0000915389,0000915389,0000915389,0000915389,0000915389,0000915389,0000915389,0000915389,0000915389,0000915389,0000915389,0000915389,0000915389,0000915389
fillingDate,2022-02-25,2021-02-22,2020-02-26,2019-02-27,2018-03-01,2017-02-27,2016-02-25,2015-02-27,2014-02-28,2013-02-28,2012-02-22,2011-02-23,2010-02-24,2009-02-25,2008-02-29,2007-03-01,2006-03-13,2005-03-15,2004-03-05,2003-03-11,2001-12-31,2000-12-31,1999-12-31,1998-12-31,1997-12-31,1996-12-31,1995-12-31,1994-12-31,1993-12-31
acceptedDate,2022-02-24 17:58:53,2021-02-22 16:38:10,2020-02-26 16:19:17,2019-02-27 17:08:47,2018-03-01 11:46:41,2017-02-27 14:41:34,2016-02-25 14:04:50,2015-02-27 11:58:08,2014-02-28 16:45:42,2013-02-28 16:46:34,2012-02-22 09:12:22,2011-02-23 08:53:11,2010-02-24 14:15:01,2009-02-25 14:55:07,2008-02-29 09:20:08,2007-03-01 08:47:42,2006-03-13 17:34:58,2005-03-14 20:14:57,2004-03-05 12:35:24,2003-03-11 10:29:15,2001-12-31,2000-12-31,1999-12-31,1998-12-31,1997-12-31,1996-12-31,1995-12-31,1994-12-31,1993-12-31
calendarYear,2021,2020,2019,2018,2017,2016,2015,2014,2013,2012,2011,2010,2009,2008,2007,2006,2005,2004,2003,2002,2001,2000,1999,1998,1997,1996,1995,1994,1993
period,FY,FY,FY,FY,FY,FY,FY,FY,FY,FY,FY,FY,FY,FY,FY,FY,FY,FY,FY,FY,FY,FY,FY,FY,FY,FY,FY,FY,FY
revenue,10476000000,8473000000,9273000000,10151000000,9549000000,9008000000,9648000000,9527000000,9350000000,8102000000,7178000000,5842000000,5047000000,6726000000,6830000000,7450000000,7059000000,6580000000,5800000000,5320000000,5384000000,5292000000,4590000000,4481000000,4678000000,4782000000,5040000000,4329000000,3903000000
costOfRevenue,7976000000,6498000000,7039000000,7672000000,7095000000,6658000000,7068000000,7306000000,6574000000,6340000000,5538000000,4368000000,3994000000,5600000000,5638000000,6173000000,5655000000,5602000000,4990000000,4541000000,4497000000,4226000000,3768000000,3546000000,3582000000,3289000000,3228000000,2887000000,2660000000
grossProfit,2500000000,1975000000,2234000000,2479000000,2454000000,2350000000,2580000000,2221000000,2776000000,1762000000,1640000000,1474000000,1053000000,1126000000,1192000000,1277000000,1404000000,978000000,810000000,779000000,887000000,1066000000,822000000,935000000,1096000000,1493000000,1812000000,1442000000,1243000000
grossProfitRatio,0.23864070255822833,0.23309335536409773,0.24091448290736547,0.24421239286769778,0.256990260760289,0.2608792184724689,0.26741293532338306,0.23312690248766663,0.2968983957219251,0.2174771661318193,0.22847589857899137,0.25231085244779183,0.20863879532395482,0.16741005055010408,0.17452415812591507,0.17140939597315435,0.19889502762430938,0.14863221884498481,0.1396551724137931,0.14642857142857144,0.16474739970282318,0.20143613000755858,0.17908496732026144,0.2086587815219817,0.23428815733219324,0.3122124634044333,0.3595238095238095,0.3331023331023331,0.31847296951063286
researchAndDevelopmentExpenses,254000000,226000000,234000000,235000000,215000000,219000000,251000000,227000000,193000000,198000000,158000000,152000000,137000000,158000000,156000000,167000000,162000000,154000000,173000000,159000000,160000000,149000000,187000000,185000000,191000000,184000000,176000000,167000000,0.0
generalAndAdministrativeExpenses,0.0,0.0,691000000,721000000,699000000,703000000,762000000,755000000,645000000,644000000,469000000,431000000,399000000,419000000,420000000,437000000,454000000,450000000,414000000,407000000,407000000,346000000,355000000,316000000,337000000,332000000,0.0,0.0,0.0
sellingAndMarketingExpenses,0.0,0.0,0.0,0.0,0.0,0.0,0.0,0.0,0.0,0.0,0.0,0.0,0.0,0.0,0.0,0.0,0.0,0.0,0.0,0.0,0.0,0.0,0.0,0.0,0.0,0.0,0.0,0.0,0.0
sellingGeneralAndAdministrativeExpenses,795000000,654000000,691000000,721000000,699000000,703000000,762000000,755000000,645000000,644000000,469000000,431000000,399000000,419000000,420000000,437000000,454000000,450000000,414000000,407000000,407000000,346000000,355000000,316000000,337000000,332000000,364000000,310000000,446000000
otherExpenses,0.0,0.0,0.0,0.0,0.0,0.0,0.0,0.0,0.0,0.0,0.0,0.0,0.0,30000000,122000000,33000000,31000000,-7000000.0,1000000.0,0.0,45000000,0.0,53000000,0.0,62000000,314000000,308000000,329000000,346000000
operatingExpenses,1049000000,880000000,925000000,956000000,914000000,922000000,1013000000,982000000,838000000,842000000,627000000,583000000,536000000,607000000,698000000,637000000,647000000,597000000,588000000,566000000,612000000,495000000,595000000,501000000,590000000,830000000,848000000,806000000,792000000
costAndExpenses,9025000000,7378000000,7964000000,8628000000,8009000000,7580000000,8081000000,8288000000,7412000000,7182000000,6165000000,4951000000,4530000000,6207000000,6336000000,6810000000,6302000000,6199000000,5578000000,5107000000,5109000000,4721000000,4363000000,4047000000,4172000000,4119000000,4076000000,3693000000,3452000000
interestIncome,0,4000000.0,3000000.0,3000000.0,3000000.0,26000000,16000000,16000000,6000000.0,5000000.0,0.0,0.0,0.0,0.0,0.0,0.0,0.0,0.0,0.0,0.0,0.0,0.0,0.0,0.0,0.0,0.0,0.0,0.0,0.0
interestExpense,198000000,214000000,221000000,238000000,244000000,281000000,279000000,203000000,186000000,148000000,76000000,99000000,78000000,0.0,0.0,0.0,0.0,0.0,0.0,0.0,0.0,0.0,0.0,0.0,0.0,0.0,0.0,0.0,0.0
depreciationAndAmortization,538000000,574000000,611000000,604000000,587000000,580000000,571000000,450000000,433000000,360000000,273000000,280000000,274000000,267000000,327000000,308000000,304000000,322000000,367000000,397000000,435000000,418000000,383000000,351000000,327000000,314000000,308000000,329000000,346000000
ebitda,1808000000,1307000000,1731000000,2148000000,2116000000,1905000000,1973000000,1639000000,2291000000,1151000000,1352000000,1028000000,578000000,714000000,776000000,884000000,1087000000,386000000,-11000000,463000000,138000000,870000000,455000000,711000000,773000000,921000000,1207000000,879000000,309000000
ebitdaratio,0.17258495609011074,0.15425469137259532,0.1866709802652863,0.2116047680031524,0.22159388417635353,0.21147868561278862,0.2044983416252073,0.17203736748189358,0.24502673796791444,0.14206368797827698,0.1883533017553636,0.17596713454296473,0.11452347929463047,0.10615521855486174,0.11361639824304538,0.11865771812080537,0.1539878169712424,0.058662613981762916,-0.001896551724137931,0.08703007518796993,0.02563150074294205,0.16439909297052155,0.09912854030501089,0.15866993974559251,0.1652415562206071,0.19259723964868256,0.239484126984127,0.20304920304920304,0.07916986933128363
operatingIncome,0.0,0.0,0.0,0.0,1532000000,1383000000,1384000000,1162000000,1862000000,800000000,1021000000,862000000,317000000,519000000,504000000,640000000,757000000,175000000,-267000000,208000000,-126000000,562000000,202000000,434000000,506000000,663000000,964000000,636000000,451000000
operatingIncomeRatio,0.0,0.0,0.0,0.0,0.16043564771180227,0.15353019538188278,0.14344941956882257,0.12196914033798678,0.19914438502673798,0.09874105159219945,0.14224017832265254,0.14755220814789455,0.06280958985535962,0.07716324710080286,0.07379209370424597,0.08590604026845637,0.10723898569202436,0.026595744680851064,-0.04603448275862069,0.039097744360902256,-0.023402674591381872,0.10619803476946334,0.04400871459694989,0.09685338094175407,0.10816588285592134,0.13864491844416563,0.19126984126984126,0.1469161469161469,0.11555213937996413
totalOtherIncomeExpensesNet,-369000000,-565000000,-407000000,-213000000,-243000000,-334000000,-255000000,-172000000,-183000000,-151000000,-57000000,-226000000,-91000000,-90000000,-34000000,-64000000,26000000,-111000000,-114000000,-124000000,-171000000,-110000000,-130000000,-74000000,-60000000,-56000000,-65000000,-86000000,-12000000
incomeBeforeTax,1082000000,530000000,902000000,1310000000,1289000000,1049000000,1129000000,990000000,1679000000,649000000,964000000,636000000,226000000,429000000,470000000,576000000,783000000,64000000,-381000000,84000000,-297000000,452000000,72000000,360000000,446000000,607000000,899000000,550000000,439000000
incomeBeforeTaxRatio,0.10328369606720122,0.06255163460403636,0.09727164887307237,0.12905132499261157,0.13498795685412085,0.11645204262877443,0.11701907131011609,0.10391518841188202,0.17957219251336898,0.08010367810417181,0.13429924770130955,0.10886682642930504,0.04477907667921537,0.06378233719892953,0.06881405563689605,0.07731543624161073,0.1109222269443264,0.009726443768996961,-0.06568965517241379,0.015789473684210527,-0.05516344725111441,0.0854119425547997,0.01568627450980392,0.08033920999776835,0.09533988884138521,0.12693433709744878,0.17837301587301588,0.12705012705012705,0.11247758134768127
incomeTaxExpense,215000000,41000000,140000000,226000000,-99000000,190000000,275000000,235000000,507000000,206000000,307000000,211000000,90000000,101000000,149000000,167000000,226000000,-106000000,-108000000,5000000.0,-118000000,149000000,24000000,111000000,160000000,227000000,340000000,214000000,172000000
netIncome,857000000,478000000,759000000,1080000000,1384000000,854000000,848000000,751000000,1165000000,437000000,696000000,438000000,136000000,346000000,300000000,409000000,557000000,170000000,-270000000,61000000,-179000000,303000000,48000000,249000000,286000000,380000000,559000000,336000000,-209000000
netIncomeRatio,0.08180603283696067,0.056414493095715806,0.08185053380782918,0.10639345877253473,0.14493664258037492,0.09480461811722914,0.087893864013267,0.07882859242153878,0.12459893048128343,0.053937299432238954,0.09696294232376707,0.0749743238616912,0.026946701010501287,0.05144216473386857,0.043923865300146414,0.0548993288590604,0.07890636067431647,0.025835866261398176,-0.04655172413793104,0.011466165413533834,-0.03324665676077266,0.0572562358276644,0.01045751633986928,0.05556795358178978,0.061137238135955535,0.0794646591384358,0.11091269841269841,0.07761607761607761,-0.053548552395593134
eps,6.324723247232472,3.53,5.52,7.65,10.18,5.88,5.71,5.03,7.57,3.0,4.98,3.035,0.94,2.295,1.815,2.49,3.45,1.1,-1.75,0.395,-1.165,1.975,0.305,1.575,1.83,2.4,3.42,2.03,1.235
epsdiluted,6.324723247232472,3.5,5.48,7.56,10.09,5.84,5.66,4.97,7.44,2.93,4.86,2.96,0.925,2.275,1.79,2.455,3.405,1.09,-1.75,0.395,-1.165,1.97,0.305,1.565,1.815,2.4,3.39,2.02,1.23
weightedAverageShsOut,132500000,135500000,137400000,141200000,144800000,147300000,148600000,149500000,154000000,145500000,139700000,144200000,145000000,150762527,165289256,164257028,161449275,154545455,154285714,154430380,153648069,153417722,157377049,158095238,156284153,158333333,163400000,165400000,165292000
weightedAverageShsOutDil,134600000,136500000,138500000,142900000,146100000,148400000,149800000,151100000,156500000,149100000,143100000,147800000,146800000,152087912,167597765,166598778,163582966,155963303,154285714,154430380,153648069,153807107,157377049,159105431,157575758,159200000,164800000,166200000,165292000
link,https://www.sec.gov/Archives/edgar/data/915389/000091538922000010/0000915389-22-000010-index.htm,https://www.sec.gov/Archives/edgar/data/915389/000091538921000016/0000915389-21-000016-index.htm,https://www.sec.gov/Archives/edgar/data/915389/000091538920000016/0000915389-20-000016-index.html,https://www.sec.gov/Archives/edgar/data/915389/000091538919000009/0000915389-19-000009-index.html,https://www.sec.gov/Archives/edgar/data/915389/000091538918000016/0000915389-18-000016-index.html,https://www.sec.gov/Archives/edgar/data/915389/000091538917000014/0000915389-17-000014-index.html,https://www.sec.gov/Archives/edgar/data/915389/000091538916000095/0000915389-16-000095-index.html,https://www.sec.gov/Archives/edgar/data/915389/000091538915000021/emn2014123110k.htm,https://www.sec.gov/Archives/edgar/data/915389/000091538914000013/emn-12312013x10k.htm,https://www.sec.gov/Archives/edgar/data/915389/000091538913000010/0000915389-13-000010-index.html,https://www.sec.gov/Archives/edgar/data/915389/000091538912000031/0000915389-12-000031-index.html,https://www.sec.gov/Archives/edgar/data/915389/000091538911000022/emn2010form10_k.htm,https://www.sec.gov/Archives/edgar/data/915389/000091538910000020/0000915389-10-000020-index.html,https://www.sec.gov/Archives/edgar/data/915389/000091538909000014/0000915389-09-000014-index.html,https://www.sec.gov/Archives/edgar/data/915389/000091538908000017/emn200710k.htm,https://www.sec.gov/Archives/edgar/data/915389/000091538907000019/eccform10k2006.htm,https://www.sec.gov/Archives/edgar/data/915389/000091538906000017/ecc200510k.htm,https://www.sec.gov/Archives/edgar/data/915389/000091538905000023/form10-k.htm,https://www.sec.gov/Archives/edgar/data/915389/000091538904000006/form10k123103.htm,https://www.sec.gov/Archives/edgar/data/915389/000095014403002908/g80935e10vk.htm,,,,,,,,,
finalLink,https://www.sec.gov/Archives/edgar/data/915389/000091538922000010/emn-20211231.htm,https://www.sec.gov/Archives/edgar/data/915389/000091538921000016/emn-20201231.htm,https://www.sec.gov/Archives/edgar/data/915389/000091538920000016/emn2019123110k.htm,https://www.sec.gov/Archives/edgar/data/915389/000091538919000009/emn2018123110k.htm,https://www.sec.gov/Archives/edgar/data/915389/000091538918000016/emn2017123110k.htm,https://www.sec.gov/Archives/edgar/data/915389/000091538917000014/emn2016123110k.htm,https://www.sec.gov/Archives/edgar/data/915389/000091538916000095/emn2015123110k.htm,https://www.sec.gov/Archives/edgar/data/915389/000091538915000021/emn2014123110k.htm,https://www.sec.gov/Archives/edgar/data/915389/000091538914000013/emn-12312013x10k.htm,https://www.sec.gov/Archives/edgar/data/915389/000091538913000010/emn-12312012x10k.htm,https://www.sec.gov/Archives/edgar/data/915389/000091538912000031/emn2011form10_k.htm,https://www.sec.gov/Archives/edgar/data/915389/000091538911000022/emn2010form10_k.htm,https://www.sec.gov/Archives/edgar/data/915389/000091538910000020/emn200910-k.htm,https://www.sec.gov/Archives/edgar/data/915389/000091538909000014/form10k2008.htm,https://www.sec.gov/Archives/edgar/data/915389/000091538908000017/emn200710k.htm,https://www.sec.gov/Archives/edgar/data/915389/000091538907000019/eccform10k2006.htm,https://www.sec.gov/Archives/edgar/data/915389/000091538906000017/ecc200510k.htm,https://www.sec.gov/Archives/edgar/data/915389/000091538905000023/form10-k.htm,https://www.sec.gov/Archives/edgar/data/915389/000091538904000006/form10k123103.htm,https://www.sec.gov/Archives/edgar/data/915389/000095014403002908/g80935e10vk.htm,,,,,,,,,
