,2021,2020,2019,2018,2017,2016,2015,2014,2013,2012,2011,2010,2009,2008,2007,2006,2005,2004,2003,2002,2001,2000,1999,1998,1997,1996,1995,1994,1993
period,FY,FY,FY,FY,FY,FY,FY,FY,FY,FY,FY,FY,FY,FY,FY,FY,FY,FY,FY,FY,FY,FY,FY,FY,FY,FY,FY,FY,FY
revenuePerShare,79.06415094339623,62.53136531365314,67.48908296943232,71.89093484419263,65.94613259668509,61.154107264086896,64.92597577388963,63.725752508361204,60.714285714285715,55.68384879725086,51.381531853972795,40.513176144244106,34.80689655172414,44.6132081614684,41.3215000495858,45.35574575232178,43.72271104964702,42.57647046301038,37.5925926622085,34.44918027139479,35.04111724306799,34.494059297790905,29.165625033418944,28.343674715869682,29.93265734370394,30.202105326741275,30.545454545454547,26.07831325301205,17.986175115207374
netIncomePerShare,6.467924528301887,3.5276752767527677,5.524017467248909,7.648725212464589,9.558011049723756,5.797691785471827,5.706594885598923,5.023411371237458,7.564935064935065,3.0034364261168385,4.982104509663565,3.0374479889042996,0.9379310344827586,2.295000003548627,1.815000002178,2.4900000017046455,3.45000000774237,1.0999999967647058,-1.7500000032407408,0.394999999352459,-1.1649999974942737,1.9749999938077558,0.30500000034947916,1.5750000009487952,1.830000000063986,2.4000000050526316,3.3878787878787877,2.0240963855421685,-0.9631336405529954
operatingCashFlowPerShare,12.218867924528302,10.738007380073801,10.946142649199418,10.927762039660056,11.443370165745856,9.402579769178548,10.847913862718707,9.418060200668897,8.422077922077921,7.752577319587629,4.473872584108805,3.9875173370319,5.227586206896552,4.331315035598998,4.42860000531432,3.707603914518653,4.763105935285247,3.1964705788339103,1.5814814844101508,5.186803270185568,2.8051117258102347,5.416584141433152,4.727500005416927,4.62379518350831,4.4662237763799375,4.711578957287535,5.078787878787879,4.963855421686747,3.5345622119815667
freeCashFlowPerShare,7.856603773584905,7.911439114391144,7.8529839883551675,7.188385269121813,6.961325966850829,5.15274949083503,6.460296096904441,5.431438127090301,5.253246753246753,4.52233676975945,1.13815318539728,2.2538141470180304,3.0344827586206895,0.059696531884212846,1.22815000147378,1.2419559910702878,2.638599646855026,1.5917647012006921,0.09074074090877915,2.4218032747183553,1.2821508352311282,3.9434818358207666,2.872083336624262,1.4611445791934605,-0.3263286713400814,-0.2715789479401662,2.375757575757576,3.2710843373493974,1.8387096774193548
cashPerShare,3.4641509433962265,4.162361623616236,1.48471615720524,1.6005665722379603,1.319060773480663,1.228784792939579,1.9717362045760431,1.431438127090301,1.5389610389610389,1.711340206185567,5.5619183965640655,3.578363384188627,5.468965517241379,2.5669508710211524,5.37240000644688,5.716650370661766,3.2456014435493747,2.102941170285467,3.6166666733641977,0.4986065565596614,0.42955307170179924,0.658333331269252,1.1818750013542318,0.18343373505026128,0.18555944056592866,0.15157894768753463,0.6060606060606061,0.5421686746987951,0.6497695852534562
bookValuePerShare,43.68301886792453,44.450184501845015,43.36244541484716,41.09773371104816,37.31353591160221,30.76714188730482,26.52086137281292,23.47826086956522,24.649350649350648,20.22680412371134,13.385826771653543,11.282940360610263,10.434482758620689,10.300968224020282,12.59610001511532,12.352591695498107,9.984560166033573,7.661176448055364,6.760185197704047,8.230245888147138,8.968547466743628,11.810891052078064,11.176979179473623,12.233132537489839,11.216748252140446,10.351578969161219,9.26060606060606,7.801204819277109,4.889400921658986
tangibleBookValuePerShare,5.9245283018867925,-1.099630996309963,-2.9839883551673947,-5.481586402266289,-9.806629834254144,-15.763747454175153,-21.17765814266487,-25.4247491638796,-3.396103896103896,-10.06872852233677,10.479599141016465,8.682385575589459,8.26206896551724,8.145260128201485,10.68430001282116,10.440953552380115,8.052064650027075,5.467647042742215,4.491666674984568,4.519836058164203,4.97240222394204,7.821782153694082,8.343020842893045,12.233132537489839,11.216748252140446,10.351578969161219,29.418181818181818,26.35542168674699,20.004608294930875
shareholdersEquityPerShare,43.68301886792453,44.450184501845015,43.36244541484716,41.09773371104816,37.31353591160221,30.76714188730482,26.52086137281292,23.47826086956522,24.649350649350648,20.22680412371134,13.385826771653543,11.282940360610263,10.434482758620689,10.300968224020282,12.59610001511532,12.352591695498107,9.984560166033573,7.661176448055364,6.760185197704047,8.230245888147138,8.968547466743628,11.810891052078064,11.176979179473623,12.233132537489839,11.216748252140446,10.351578969161219,9.26060606060606,7.801204819277109,4.889400921658986
interestDebtPerShare,34.79245283018868,43.04059040590406,43.68995633187773,45.36827195467422,46.850828729281766,46.673455532926,49.24629878869448,51.852842809364546,28.83116883116883,33.89003436426117,11.982820329277022,11.80998613037448,11.6,9.650939321281077,9.75865001171038,9.75909536120427,10.065080812533845,13.342352901934257,16.806481512604595,13.319918010950953,14.2989105837705,12.508333294115786,12.581250014416016,10.430421693030375,10.967202797586266,9.618947388671469,6.8969696969696965,6.674698795180723,8.271889400921658
marketCap,15658850000,13326424729,9556170412.2,11629232141.199999,14482895565.6,11433426441.9,9095805851.4,10598054850.5,11699380154,10404705291,7024115860.299999,6622384855.8,4098424855,1956143787.825,5323140820.058512,4761811241.719999,3907072616.449275,4095454557.5,3077228565.73,2620683394.16962,3046073121.573069,3566962036.5,3142622947.21875,3211309521.875,4654337431.53125,4344270824.1875,1354270500.0000002,953321400,1020095300
enterpriseValue,19611850000,18380424729,15134170412.2,17571232141.199997,20831895565.6,17846426441.9,15841805851.4,17933054850.5,15716380154,14938705291,8045115860.299999,7710384855.8,4909424855,3024143787.825,6048140820.058512,5425811241.719999,5008072616.449275,5832454557.5,5112228565.73,4600683394.1696205,5177073121.573069,5384962036.5,4936622947.21875,4831309521.875,6339337431.53125,5843270824.1875,2471270500,2058321400,2680095300
peRatio,18.271703617269548,27.879549642259413,12.5904748513834,10.767807538148148,10.464519917341041,13.388087168501169,10.726186145518868,14.111923902130494,10.042386398283261,23.809394258581236,10.09212048893678,15.119600127397261,30.135476875,5.6535947625,17.743802733528373,11.642570273154034,7.01449302773658,24.090909161764706,-11.397142836037037,42.96202285523968,-17.01716827694452,11.772151935643564,65.47131140039063,12.896825389056225,16.273907103256118,11.432291642598685,2.422666368515206,2.8372660714285716,-4.880838755980861
priceToSalesRatio,1.4947355861015654,1.5728106608049097,1.0305370874797801,1.1456242873805538,1.5166923830348726,1.269252491329929,0.9427659464552239,1.112423097564816,1.2512706047058824,1.284214427425327,0.978561696893285,1.1335817966107498,0.8120516851595007,0.29083315311106156,0.77937640117987,0.639169294190604,0.5534881167940607,0.622409507218845,0.5305566492637931,0.49260966055819927,0.5657639527438836,0.6740291074263038,0.6846673087622549,0.7166501945715242,0.9949417339741876,0.9084631585502927,0.2687044642857143,0.2202174636174636,0.26136184985908273
pocfratio,9.671927115503397,9.159054796563574,6.353836710239362,7.53676742786779,8.740431844055523,8.255181546498195,5.642559461166254,7.527027592684659,9.020339363145721,9.224029513297872,11.238585376479998,11.517191053565217,5.406892948548812,2.995626015045942,7.272050300626383,7.819066078357964,5.080718616969148,8.290393841093117,12.6115924825,3.2717645370407245,7.067455038452596,4.292373088447654,4.22395557421875,4.393036281634747,6.668105202766834,5.823419335371984,1.6160745823389022,1.1569434466019415,1.3299808344198174
pfcfRatio,15.042122958693565,12.431366351679104,8.856506406116775,11.457371567684728,14.36795195,15.06380295375494,9.474797761875,13.051791687807881,14.46153294684796,15.812622022796353,44.176829310062885,20.376568787076923,9.314601943181819,217.34930975833333,26.222368571716807,23.342211969215683,9.171531963495951,16.64818925813008,219.80204040928572,7.007174850720909,15.462300109507964,5.8958050190082645,6.952705635439712,13.901772821969697,-91.26151826531863,-101.0295540508721,3.45477168367347,1.7556563535911602,2.5566298245614036
pbRatio,2.7053991015894954,2.212589196247717,1.603922526384693,2.004003470825435,2.6805285148250975,2.522821368468667,2.3079943799543265,3.0193888462962963,3.0820284915700737,3.5354078460754335,3.7562116899999998,4.070304152304856,2.7088069101123597,1.2595903334352867,2.5567439097303133,2.346875920019714,2.423742317896573,3.4589987816722974,2.950362958513902,2.0619066830602835,2.2105029909819076,1.9685220951986755,1.7865963315626776,1.6604495976602895,2.6550698411473186,2.65056182073673,0.8863026832460734,0.7361555212355212,0.9614470311027333
ptbRatio,2.7053991015894954,2.212589196247717,1.603922526384693,2.004003470825435,2.6805285148250975,2.522821368468667,2.3079943799543265,3.0193888462962963,3.0820284915700737,3.5354078460754335,3.7562116899999998,4.070304152304856,2.7088069101123597,1.2595903334352867,2.5567439097303133,2.346875920019714,2.423742317896573,3.4589987816722974,2.950362958513902,2.0619066830602835,2.2105029909819076,1.9685220951986755,1.7865963315626776,1.6604495976602895,2.6550698411473186,2.65056182073673,0.8863026832460734,0.7361555212355212,0.9614470311027333
evToSales,1.8720742649866362,2.169293606632834,1.6320684149897553,1.7309853355531473,2.181578758571578,1.9811752266762879,1.6419782184286897,1.8823401753437599,1.6808962731550803,1.8438293373241175,1.1208018752159374,1.3198193864772338,0.9727412036853577,0.4496199506132917,0.8855257423218904,0.7282968109691275,0.7094592175165427,0.8863912701367781,0.8814187182293103,0.8647901116860189,0.9615663301584452,1.0175665223922903,1.0755169819648693,1.0781766395614818,1.355138399215744,1.2219303270990172,0.49033144841269843,0.47547271887271886,0.686675710991545
enterpriseValueOverEBITDA,10.847262168141594,14.063064061973986,8.743021613056037,8.180275670949719,9.844941193572778,9.368202856640421,8.029298454840344,10.941461165649786,6.860052446093409,12.978892520417029,5.950529482470413,7.500374373346304,8.493814628027682,4.235495501155462,7.793995902137257,6.137795522307692,4.607242517432636,15.109985900259067,-464.74805143,9.936681196910628,37.5150226200947,6.189611536206897,10.849720763118132,6.795090748066104,8.200953986456986,6.344485151126493,2.1908426418439717,2.5988906565656564,8.874487748344372
evToOperatingCashFlow,12.113557751698579,12.632594315463917,10.062613305984042,11.38770715567077,12.572055259867229,12.885506456245489,9.827422984739453,12.736544638139204,12.117486626060138,13.243533059397164,12.87218537648,13.409364966608695,6.47681379287599,4.631154345826952,8.262487459096327,8.909378065221674,6.512448135824805,11.806588173076923,20.951756416926226,5.743674649400275,12.011770583696215,6.480098720216606,6.635245896799395,6.60917855249658,9.082145317380014,7.8328027133880695,2.9490101431980906,2.49796286407767,3.4942572359843544
evToFreeCashFlow,18.839433237271855,17.145918590485074,14.02610788897127,17.311558759802953,20.66656306111111,23.513078316073784,16.501881095208333,22.085042919334974,19.42692231644005,22.703199530395135,50.598212957861634,23.724261094769233,11.157783761363635,336.01597642499996,29.79379714314538,26.597113929999995,11.756039005749471,23.70916486788618,365.15918326642856,12.301292497779734,26.279558992756694,8.900763696694215,10.92173218411228,20.91475983495671,-124.30073395159313,-135.89001916715117,6.304261479591837,3.7906471454880295,6.717030827067669
earningsYield,0.0547294341538491,0.035868585139704506,0.07942512191191291,0.0928694162165514,0.09556100116383483,0.07469326927843364,0.09322978236936293,0.07086206012271855,0.09957792504089956,0.04200022852910616,0.09908720383354752,0.06613931529762906,0.03318348019339249,0.17687861299026028,0.0563577049980621,0.08589168684734894,0.1425619779000162,0.04150943384017758,-0.08774128870597848,0.023276371398281107,-0.058764183542501396,0.0849462362928067,0.015273865432211788,0.07753846158517146,0.06144805876395336,0.08747152638005035,0.4127683501929636,0.3524519642588533,-0.20488281830138813
freeCashFlowYield,0.06647997777614575,0.08044168048067621,0.11291133931878,0.08728005320351821,0.06959934188811091,0.0663842990425423,0.105543149852109,0.07661783331510981,0.06914896253913111,0.06324061870057632,0.02263630087576732,0.04907597596285262,0.10735831827274042,0.004600888777203302,0.03813538038202202,0.0428408413615139,0.10903303875297468,0.06006659249813932,0.0045495483032729584,0.14271086726159238,0.06467343104956857,0.16961212197078565,0.14382889948666103,0.07193327159106268,-0.010957520968397277,-0.009898093774584645,0.28945472857896554,0.5695875493826111,0.3911399258481046
debtToEquity,0.7622667588113338,0.8748132160053129,0.94175897952333,1.0210236084783733,1.1377012770682955,1.392541924095322,1.6767317939609236,2.064957264957265,1.1206533192834562,1.6238532110091743,0.7727272727272727,0.9821757836508912,1.0601454064771976,0.9285254346426272,0.7372718539865514,0.7831444061113849,1.0055831265508686,1.7407094594594594,2.00287631831256,1.6160503540519275,1.5551523947750363,1.0562913907284768,0.8561682774303582,0.8526370217166495,0.9777524244152881,0.9292251372788286,2.176701570680628,2.3783783783783785,3.0914231856738925
debtToAssets,0.6270378246021007,0.6202201081887707,0.6231884057971014,0.6325101594248203,0.6574785924120258,0.7018826421685967,0.7424252129908397,0.7766301642608263,0.6728577458843393,0.7393923745589122,0.6976067270375161,0.7281991313063816,0.7256572982774252,0.7059269077826169,0.6535197204193709,0.671310545925806,0.7207690975229517,0.7983651226158038,0.8325842696629213,0.7973856209150327,0.7735787052251069,0.7233587786259542,0.7209265429160717,0.6708645336963921,0.696607822776047,0.6887580706418533,0.6852080758137619,0.704,0.755586270444598
netDebtToEBITDA,2.1863938053097347,3.8668706962509565,3.222414789139226,2.766294227188082,3.0004725897920603,3.3664041994750655,3.419158641662443,4.47528981086028,1.7533828022697513,3.9391833188531713,0.7551775147928994,1.0583657587548638,1.4031141868512111,1.495798319327731,0.9342783505154639,0.751131221719457,1.012879484820607,4.5,-185,4.27645788336933,15.442028985507246,2.089655172413793,3.942857142857143,2.278481012658228,2.179818887451488,1.6275787187839306,0.9902482269503546,1.39520202020202,5.496688741721854
currentRatio,1.5637832379670145,1.737487733071639,1.8563443264393515,1.8179362506753107,1.5857719475277496,1.596657381615599,1.399805447470817,1.5692383778437191,1.9319727891156462,1.901759530791789,2.066427289048474,1.9130841121495328,2.16875,1.7103365384615385,2.0436720142602494,2.287063267233239,1.8306374881065652,1.6087352138307551,1.3608666215301286,1.2491830065359477,1.5219206680584552,1.2106518282988872,0.9259950248756219,1.4365482233502538,1.5618448637316562,1.7090216010165185,1.6827033218785796,1.5485498108448927,2.35181236673774
interestCoverage,0,0,0,0,6.278688524590164,4.92170818505338,4.960573476702509,5.724137931034483,10.010752688172044,5.405405405405405,13.43421052631579,8.707070707070708,4.064102564102564,,,,,,,,,,,,,,-11.379746835443038,-6.32183908045977,-73.16666666666667
incomeQuality,1.8891481913652275,3.0439330543933054,1.981554677206851,1.4287037037037038,1.1972543352601157,1.6217798594847774,1.900943396226415,1.8748335552596538,1.1133047210300429,2.5812356979405036,0.8979885057471264,1.312785388127854,5.573529411764706,1.8872832369942196,2.44,1.488997555012225,1.3806104129263914,2.9058823529411764,-0.9037037037037037,13.131147540983607,-2.4078212290502794,2.742574257425743,15.5,2.9357429718875503,2.4405594405594404,1.9631578947368422,1.4991055456171736,2.4523809523809526,-3.6698564593301435
dividendYield,0.023948118795441554,0.026863919414255675,0.03589303928298567,0.027344883663762358,0.020437901983016697,0.0237898937280257,0.02616590590083535,0.019814956891838743,0.01196644592766175,0.018453189651231997,0.01936186741575066,0.019177381376253178,0.03123151077025176,0.06901333165804953,0.027615275449050427,0.0302405939022451,0.03634434625099156,0.033451720212378404,0.044195612088937304,0.05151328096340901,0.04431935630300385,0.03784733300174556,0.04391236311760889,0.04297312328816731,0.029649762620369103,0.030845222460333548,0.09820785433929188,0.10384745375484071,
payoutRatio,0.43757292882147025,0.7489539748953975,0.4519104084321476,0.29444444444444445,0.2138728323699422,0.3185011709601874,0.2806603773584906,0.2796271637816245,0.12017167381974249,0.43935926773455375,0.19540229885057472,0.2899543378995434,0.9411764705882353,0.3901734104046243,0.49,0.35207823960880197,0.25493716337522443,0.8058823529411765,-0.5037037037037037,2.2131147540983607,-0.7541899441340782,0.44554455445544555,2.875,0.5542168674698795,0.4825174825174825,0.3526315789473684,0.23792486583184258,0.29464285714285715,0
salesGeneralAndAdministrativeToRevenue,0,0,0.07451741615442684,0.07102748497684958,0.07320138234370091,0.07804174067495559,0.07898009950248756,0.0792484517686575,0.06898395721925134,0.07948654653172056,0.06533853441069935,0.07377610407394727,0.07905686546463246,0.062295569432054713,0.06149341142020498,0.05865771812080537,0.06431505879019692,0.06838905775075987,0.07137931034482758,0.07650375939849624,0.07559435364041604,0.0653817082388511,0.07734204793028322,0.07051997322026334,0.07203933304831124,0.06942701798410707,0,0,0
researchAndDdevelopementToRevenue,0.024245895379915998,0.026672961170777765,0.025234551924943383,0.023150428529208945,0.022515446643627604,0.024311722912966252,0.02601575456053068,0.02382701794898709,0.020641711229946524,0.024438410269069365,0.02201170242407356,0.026018486819582336,0.027144838517931445,0.023490930716622064,0.022840409956076134,0.022416107382550336,0.022949426264343393,0.023404255319148935,0.02982758620689655,0.02988721804511278,0.029717682020802376,0.0281557067271353,0.040740740740740744,0.041285427359964294,0.04082941427960667,0.03847762442492681,0.03492063492063492,0.03857703857703858,0.044581091468101464
intangiblesToTotalAssets,0.3223790192667053,0.3890443325250264,0.40242378810594703,0.4158799624882776,0.4312769548096756,0.4483405576761338,0.4591634104157325,0.45986809357889497,0.3712959054453356,0.38669420776314656,0.06565329883570505,0.06264617440694954,0.057116953762466005,0.06154137473963264,0.052587784989182894,0.05086667746638587,0.054044690802009354,0.05773160762942779,0.056179775280898875,0.09134385461501673,0.10088728228721656,0.0934351145038168,0.0707599555767095,0,0,0,0,0,0
capexToOperatingCashFlow,-0.35701050030883263,-0.2632302405498282,-0.28257978723404253,-0.3421905379131562,-0.39167169583584793,-0.451985559566787,-0.4044665012406948,-0.42329545454545453,-0.37625289128758677,-0.4166666666666667,-0.7456,-0.43478260869565216,-0.41952506596306066,-0.9862174578866769,-0.7226775956284153,-0.6650246305418719,-0.4460338101430429,-0.5020242914979757,-0.9426229508196722,-0.533083645443196,-0.54292343387471,-0.2719614921780987,-0.3924731182795699,-0.6839945280437757,-1.0730659025787965,-1.0576407506702412,-1.8789237668161436,-2.9323843416370106,-2.0842391304347827
capexToRevenue,-0.05517373043146239,-0.0452024076478225,-0.045831985333764695,-0.05201457984435031,-0.06796523196146194,-0.06949378330373002,-0.0675787728026534,-0.06255904272068857,-0.05219251336898396,-0.05801036781041718,-0.06492059069378657,-0.04279356384799726,-0.06300772736278977,-0.09574784418673803,-0.0774524158125915,-0.05436241610738255,-0.04859045190536903,-0.03768996960486322,-0.039655172413793106,-0.08026315789473684,-0.043462109955423475,-0.04270597127739985,-0.0636165577342048,-0.1115822361080116,-0.16011115861479264,-0.16499372647427854,-11.300448430493274,-15.405693950177936,-10.605978260869565
capexToDepreciation,-1.0743494423791822,-0.6672473867595818,-0.6955810147299509,-0.8741721854304636,-1.1056218057921636,-1.0793103448275863,-1.1418563922942206,-1.3244444444444445,-1.1270207852193996,-1.3055555555555556,-1.706959706959707,-0.8928571428571429,-1.1605839416058394,-2.411985018726592,-1.617737003058104,-1.3149350649350648,-1.1282894736842106,-0.7701863354037267,-0.6267029972752044,-1.0755667506297228,-0.5379310344827586,-0.5406698564593302,-0.762402088772846,-1.4245014245014245,-2.290519877675841,-2.5127388535031847,-0.6905829596412556,-1.1708185053380782,-0.9375
stockBasedCompensationToRevenue,0,0,0,0,0,0,0,0,0,0,0,0,0,0,0,0,0,0,0,0,0,0,0,0,0,0,0,0,0
grahamNumber,79.7315217284718,59.398071353965676,73.41345505164887,84.0997539844447,89.57941584044606,63.352301695405274,58.35439801004613,51.51380066694459,64.77338638469456,36.971248376331715,38.73649091366155,27.768781957684297,14.839257635809355,23.063309551977117,22.680238865244426,26.306918295651037,27.839746490004174,13.770044173192826,16.315094012984634,8.552561616907282,15.332581321042488,22.909527919212145,8.75796892589974,20.820942211111575,21.490686571117998,23.642869231789888,26.5689808574144,18.848973068721573,10.293483203974896
roic,0,0,0,0,0.109295855033174,0.10122968818620992,0.10210254518627812,0.08270462633451957,0.17946987951807228,0.0780107264748903,0.20138067061143985,0.17534580960130186,0.0672322375397667,0.11665542818610924,0.10313075506445672,0.12514665623777865,0.1603134265141889,0.03666457154829248,-0.056175047338523035,0.04119627649039414,-0.02457098283931357,0.10619803476946334,0.043024494142705004,0.08873441014107544,0.10489220563847429,0.1480241125251172,0.22582265762371265,0.15354550530429928,0.11337809917355372
returnOnTangibleAssets,0.08149486496766832,0.04864644819865663,0.07934350825841523,0.11559456277426951,0.15210462688207496,0.10015245690160667,0.10043823285562004,0.08651077064854279,0.1564388344299718,0.061324726354195905,0.12045690550363447,0.0780609517020139,0.026153846153846153,0.06981436642453591,0.05269629369401019,0.06980713432326335,0.10199597143380333,0.030724742454364722,-0.04591836734693878,0.010701754385964912,-0.03271198830409357,0.05102728191310205,0.00819532183711798,0.04237576582709326,0.04949809622706819,0.07216103304215724,0.11516275236918005,0.0768,-0.048145588574061274
grahamNetNet,-58.12641509433962,-55.97970479704797,-57.567321688500726,-56.56692634560906,-58.93646408839779,-61.4918533604888,-65.80753701211306,-70.9933110367893,-40.811688311688314,-47.86426116838488,-18.750894774516823,-20.988210818307905,-18.339655172413792,-18.287037600530535,-13.76980001652376,-13.993312968014981,-17.401750487885437,-22.567794051271193,-24.333101896913153,-26.382438481340266,-24.865265309647334,-24.731497447211478,-23.14346356818522,-19.510391578018307,-20.12840035035414,-17.763157932132962,-14.49090909090909,-13.772590361445783,-11.797235023041475
workingCapital,1675000000,1503000000,1532000000,1514000000,1161000000,1071000000,822000000,1151000000,1370000000,1230000000,1188000000,977000000,935000000,591000000,1171000000,1363000000,873000000,669000000,533000000,305000000,500000000,265000000,-119000000,430000000,536000000,558000000,596000000,435000000,634000000
tangibleAssetValue,785000000,-149000000,-410000000,-774000000,-1420000000,-2322000000,-3147000000,-3801000000,-523000000,-1465000000,1464000000,1252000000,1198000000,1228000000,1766000000,1715000000,1300000000,845000000,693000000,698000000,764000000,1200000000,1313000000,,,,,,
netCurrentAssetValue,-5085000000,-6434000000,-6655000000,-6752000000,-7376000000,-7983000000,-8712000000,-9309000000,-5130000000,-5997000000,-2012000000,-2312000000,-2267000000,-2305000000,-1634000000,-1722000000,-2237000000,-2920000000,-3177000000,-3473000000,-3250000000,-3215000000,-3055000000,-2527000000,-2535000000,-2282000000,-1857000000,-1852000000,-2177000000
investedCapital,0.7622667588113338,0.9327577619126681,0.9704598858677409,1.062898500775461,1.2104386451971128,1.4549867608120035,1.7860948997716315,2.150712250712251,1.1206533192834562,1.6252123683316344,0.8545454545454545,0.9858635525507068,1.0601454064771976,0.9368963296844817,0.7747358309317963,0.7900443568260227,1.0080645161290323,1.741554054054054,2.486097794822627,1.6184107002360346,1.5943396226415094,1.0590507726269316,1.1256395679363274,0.8526370217166495,0.9777524244152881,0.9292251372788286,,,
averageReceivables,1303000000,1515000000,1445000000,1499000000,1450500000,1363000000,1276500000,1357500000,1301500000,1256000000,1109500000,1095500000,947000000,934500000,1086500000,1134500000,1085500000,1147000000,1108000000,1087000000,1085500000,1126000000,1073000000,1145500000,1154000000,1129500000,1142500000,1095000000,1012500000
averagePayables,,799000000,844500000,856500000,820500000,751500000,749000000,813000000,780500000,761000000,664000000,,,809000000,688500000,690000000,923000000,948500000,886000000,1010000000,618500000,662500000,561000000,557500000,540000000,555500000,602500000,798000000,669500000
averageInventory,1441500000,1379000000,1520500000,1481000000,1444000000,1391500000,1429000000,1444000000,1321500000,1319500000,1079000000,999000000,955000000,1008000000,959000000,1030500000,1025000000,980500000,1038500000,1046000000,1019000000,979500000,932000000,936000000,945000000,922000000,1025000000,965000000,964000000
daysSalesOutstanding,38.01212294768996,65.26318895314529,54.12218268090154,53.32430302433258,52.97832233741753,49.069160746003554,39.26927860696517,45.974598509499316,42.47272727272727,44.91545297457417,35.79827249930343,42.23553577541938,27.409352090350705,19.210526315789473,35.16398243045388,36.940939597315435,33.919818671199884,43.212006079027354,44.11465517241379,45.213345864661655,44.472511144130756,50.83238851095994,50.17755991285403,63.20910511046642,61.873663958956826,56.78795483061481,58.0813492063492,59.61076461076461,50.6866512938765
daysPayablesOutstanding,0,44.880732533087105,46.15002130984515,43.48409801876955,43.31642001409443,38.594172424151395,36.09719864176571,41.31604160963591,42.30757529662306,41.623817034700316,34.865474900686166,0,0,53.38125,37.419297623270666,34.35363680544305,67.57824933687003,71.54052124241342,71.17134268537073,98.14247963003743,35.55036691127418,45.43066729768102,31.28848195329087,32.526790750141004,28.633445002791735,34.62450592885375,30.038178733031675,77.40360696517412,51.605123087159015
daysOfInventoryOnHand,68.82647943831493,77.45998768851955,86.18127574939622,75.31217413972888,77.63002114164905,76.96905977771102,76.37733446519525,75.38803722967424,70.17949498022513,72.53943217665615,51.34254243409173,51.72504578754579,48.52653980971457,41.51875,34.894466122738564,40.32561153410011,43.30946065428824,37.92038557657979,51.056112224448896,57.31006386258533,53.4878808094285,50.09465215333648,46.98115711252654,50.74591088550479,52.070072585147955,51.60383095165704,48.20559954751131,39.38277363184079,41.89121756487026
receivablesTurnover,9.602199816681944,5.592739273927393,6.744,6.844908968307485,6.8896103896103895,7.438480594549959,9.294797687861271,7.939166666666667,8.59375,8.126379137412236,10.196022727272727,8.642011834319527,13.316622691292876,19,10.379939209726444,9.880636604774535,10.760670731707316,8.446726572528883,8.273894436519258,8.072837632776935,8.207317073170731,7.180461329715061,7.274167987321712,5.774484536082475,5.899117276166456,6.42741935483871,6.28428927680798,6.123055162659123,7.2011070110701105
payablesTurnover,,8.132665832290362,7.908988764044944,8.393873085339168,8.426365795724466,9.457386363636363,10.111587982832617,8.83434099153567,8.627296587926509,8.769017980636239,10.468809073724007,,,6.837606837606837,9.754325259515571,10.624784853700517,5.401146131805158,5.10200364298725,5.128468653648509,3.719082719082719,10.267123287671232,8.034220532319392,11.6656346749226,11.221518987341772,12.747330960854093,10.541666666666666,12.151202749140893,4.715542521994135,7.0729411764705885
inventoryTurnover,5.303191489361702,4.71211022480058,4.2352587244284,4.846493998736576,4.701789264413519,4.7421652421652425,4.778904665314402,4.841616964877402,5.200949367088608,5.031746031746032,7.109114249037227,7.05654281098546,7.52165725047081,8.791208791208792,10.460111317254174,9.051319648093841,8.427719821162444,9.625429553264604,7.148997134670487,6.368863955119215,6.8239757207890746,7.286206896551724,7.7690721649484535,7.192697768762677,7.009784735812133,7.073118279569893,7.571734475374733,9.26801152737752,8.71304347826087
roe,0.14806496199032482,0.07936244396480159,0.12739174219536759,0.18611063243150094,0.25615398852489357,0.1884377758164166,0.2151738137528546,0.21396011396011397,0.3069020021074816,0.14848793747876315,0.37219251336898396,0.26920712968653965,0.0898876404494382,0.22279459111397296,0.1440922190201729,0.2015771315919172,0.3455334987593052,0.14358108108108109,-0.2588686481303931,0.04799370574350905,-0.12989840348330914,0.1672185430463576,0.027288231949971573,0.12874870734229577,0.16314888762122076,0.23184868822452714,0.3658376963350785,0.2594594594594595,-0.19698397737983034
capexPerShare,-4.362264150943396,-2.8265682656826567,-3.0931586608442503,-3.7393767705382435,-4.482044198895028,-4.2498302783435165,-4.387617765814267,-3.9866220735785953,-3.168831168831169,-3.2302405498281788,-3.335719398711525,-1.7337031900138695,-2.193103448275862,-4.271618503714786,-3.20045000384054,-2.4656479234483655,-2.1245062884302204,-1.604705877633218,-1.4907407435013718,-2.764999995467213,-1.5229608905791066,-1.4731023056123855,-1.855416668792665,-3.16265060431485,-4.792552447720019,-4.983157905227701,-2.703030303030303,-1.6927710843373494,-1.695852534562212
