,2021,2020,2018,2017,2016,2015,2014,2013,2012,2011,2010,2009,2008,2007,2006,2005,2004,2003
reportedCurrency,USD,USD,USD,USD,USD,USD,USD,USD,USD,USD,USD,USD,USD,USD,USD,USD,USD,USD
cik,0001336920,0001336920,0001336920,0001336920,0001336920,0001336920,0001336920,0001336920,0001336920,0001336920,0001336920,0001336920,0001336920,0001336920,0001336920,0001336920,0001336920,0001336920
fillingDate,2021-02-23,2020-02-18,2019-02-19,2018-02-23,2017-02-24,2015-01-31,2014-03-27,2013-03-27,2012-03-27,2011-03-25,2010-04-01,2009-03-30,2008-03-28,2007-04-12,2006-01-31,2005-01-31,2004-01-31,2003-01-31
acceptedDate,2021-02-23 15:38:44,2020-02-18 14:36:02,2019-02-19 17:15:32,2018-02-23 15:20:22,2017-02-24 15:04:47,2015-01-31,2014-03-27 16:12:24,2013-03-26 19:39:22,2012-03-27 11:21:32,2011-03-25 17:27:12,2010-03-31 19:34:12,2009-03-30 06:11:10,2008-03-27 20:13:42,2007-04-12 16:23:20,2006-01-31,2005-01-31,2004-01-31,2003-01-31
calendarYear,2020,2019,2018,2017,2016,2015,2014,2013,2012,2011,2010,2009,2008,2007,2006,2005,2004,2003
period,FY,FY,FY,FY,FY,FY,FY,FY,FY,FY,FY,FY,FY,FY,FY,FY,FY,FY
revenue,12297000000,11094000000,10194000000,10170000000,7043000000,5063000000,5772000000,11173000000,10587000000,11117000000,10846000000,10070000000,8935000000,8294000000,7792000000,6910000000,5573000000,4826000000
costOfRevenue,10560000000,9546000000,8690000000,8923000000,6191000000,4392000000,5006000000,9809000000,9606000000,9632000000,9343000000,8692000000,7698000000,7184000000,6801000000,6044000000,4828000000,4163000000
grossProfit,1737000000,1548000000,1504000000,1247000000,852000000,671000000,766000000,1364000000,981000000,1485000000,1503000000,1378000000,1237000000,1110000000,991000000,866000000,745000000,663000000
grossProfitRatio,0.1412539643815565,0.13953488372093023,0.14753776731410634,0.12261553588987217,0.12097117705523215,0.13253012048192772,0.1327096327096327,0.12208001432023628,0.09266081042788325,0.13357920302239812,0.13857643370827954,0.1368421052631579,0.13844432008953553,0.13383168555582348,0.12718172484599588,0.12532561505065123,0.13368024403373407,0.13738085370907585
researchAndDevelopmentExpenses,0.0,49000000,46000000,42000000,44000000,0.0,0.0,0.0,0.0,0.0,0.0,0.0,0.0,0.0,0.0,0.0,0.0,0.0
generalAndAdministrativeExpenses,0.0,600000000,683000000,520000000,293000000,0.0,442000000,592000000,670000000,527000000,636000000,602000000,571000000,525000000,0.0,0.0,0.0,0.0
sellingAndMarketingExpenses,0.0,0.0,0.0,0.0,0.0,0.0,0.0,0.0,0.0,0.0,0.0,0.0,0.0,0.0,0.0,0.0,0.0,0.0
sellingGeneralAndAdministrativeExpenses,0.0,600000000,683000000,520000000,293000000,310000000,442000000,592000000,670000000,527000000,636000000,602000000,571000000,525000000,0.0,0.0,0.0,0.0
otherExpenses,770000000,-13000000,26000000,126000000,98000000,0.0,0.0,0.0,0.0,0.0,0.0,0.0,0.0,0.0,494000000,404000000,372000000,350000000
operatingExpenses,770000000,636000000,755000000,688000000,435000000,310000000,442000000,592000000,670000000,527000000,636000000,602000000,571000000,525000000,494000000,404000000,372000000,350000000
costAndExpenses,11330000000,10182000000,9445000000,9611000000,6626000000,4702000000,5448000000,10401000000,10276000000,10159000000,9979000000,9294000000,8269000000,7709000000,7295000000,6448000000,5200000000,4513000000
interestIncome,3000000.0,14000000,7000000.0,8000000.0,10000000,1000000.0,15000000,9000000.0,5000000.0,2000000.0,2000000.0,0.0,0.0,0.0,0.0,0.0,0.0,0.0
interestExpense,182000000,147000000,145000000,148000000,96000000,75000000,83000000,93000000,114000000,79000000,76000000,0.0,0.0,0.0,0.0,0.0,0.0,0.0
depreciationAndAmortization,282000000,234000000,257000000,350000000,122000000,62000000,81000000,113000000,114000000,111000000,93000000,89000000,80000000,72000000,70000000,0.0,0.0,0.0
ebitda,1244000000,1244000000,1011000000,893000000,534000000,-139000000,332000000,866000000,502000000,1122000000,965000000,797000000,735000000,697000000,1136000000,534000000,486000000,197000000
ebitdaratio,0.10116288525656664,0.11213268433387416,0.09917598587404355,0.08780727630285153,0.0758199630839131,-0.02745407860952005,0.05751905751905752,0.07750827888660163,0.047416643052800606,0.10092650895025636,0.08897289323252812,0.0791459781529295,0.08226077224398433,0.08403665300217024,0.1457905544147844,0.07727930535455861,0.08720617261797954,0.040820555325321174
operatingIncome,998000000,912000000,749000000,559000000,417000000,-214000000,164000000,734000000,311000000,958000000,867000000,776000000,666000000,585000000,497000000,462000000,373000000,313000000
operatingIncomeRatio,0.08115800601772791,0.0822065981611682,0.073474592897783,0.054965585054080626,0.05920772398125799,-0.042267430377246694,0.028413028413028413,0.06569408395238521,0.029375649381316708,0.08617432760636863,0.07993730407523511,0.07706057596822244,0.07453833240067152,0.07053291536050156,0.06378336755646817,0.06685962373371925,0.06692984030145344,0.064857024450891
totalOtherIncomeExpensesNet,-217000000,-46000000,-139000000,-166000000,-99000000,-69000000,-76000000,-76000000,-104000000,-75000000,-68000000,-73000000,-40000000,18000000,-13000000,-74000000,-21000000,-144000000
incomeBeforeTax,781000000,866000000,610000000,393000000,318000000,-283000000,88000000,658000000,207000000,883000000,799000000,703000000,626000000,603000000,484000000,388000000,352000000,169000000
incomeBeforeTaxRatio,0.06351142555094738,0.07806021272760051,0.05983912105159898,0.03864306784660767,0.04515121397131904,-0.055895714003555204,0.015246015246015246,0.05889197171753334,0.019552281099461603,0.07942790321129801,0.07366771159874608,0.06981132075471698,0.07006155567991046,0.07270315891005547,0.062114989733059546,0.05615050651230101,0.0631616723488247,0.03501864898466639
incomeTaxExpense,152000000,196000000,28000000,29000000,72000000,47000000,4000000.0,135000000,215000000,314000000,299000000,256000000,240000000,234000000,139000000,125000000,135000000,-62000000
netIncome,628000000,667000000,581000000,366000000,244000000,-323000000,164000000,525000000,59000000,618000000,497000000,452000000,415000000,391000000,927000000,409000000,351000000,259000000
netIncomeRatio,0.05106936651215744,0.060122588786731566,0.05699431037865411,0.0359882005899705,0.03464432770126367,-0.06379616827967609,0.028413028413028413,0.04698827530654256,0.0055728723906678,0.05559053701538185,0.04582334501198598,0.044885799404170805,0.046446558477895916,0.04714251265975404,0.1189681724845996,0.05918958031837916,0.0629822357796519,0.05366763365105678
eps,4.42,4.66,3.85,2.41,2.39,-4.36,1.94,6.16,0.72,6.56,5.0,4.56,4.12,4.44,21.32,4.48,3.8,2.64
epsdiluted,4.36,4.6,3.8,2.38,2.35,-4.36,1.94,6.16,0.72,6.52,4.96,4.48,4.0,4.28,20.6,4.36,3.72,2.56
weightedAverageShsOut,142000000,143000000,151000000,152000000,102000000,74000000,83000000,83250000,84000000,91000000,96500000,98750000,101000000,88000000,43480300,91250000,92500000,98000000
weightedAverageShsOutDil,144000000,145000000,153000000,154000000,104000000,74000000,83000000,83250000,84000000,91500000,97500000,101250000,104250000,91000000,45000000,93750000,94250000,101500000
link,https://www.sec.gov/Archives/edgar/data/1336920/000133692021000010/0001336920-21-000010-index.htm,https://www.sec.gov/Archives/edgar/data/1336920/000133692020000023/0001336920-20-000023-index.html,https://www.sec.gov/Archives/edgar/data/1336920/000133692019000004/0001336920-19-000004-index.html,https://www.sec.gov/Archives/edgar/data/1336920/000133692018000008/0001336920-18-000008-index.html,https://www.sec.gov/Archives/edgar/data/1336920/000133692017000014/0001336920-17-000014-index.html,,https://www.sec.gov/Archives/edgar/data/1336920/000133692014000007/ldos-1312014x10k.htm,https://www.sec.gov/Archives/edgar/data/1336920/000119312513127240/0001193125-13-127240-index.html,https://www.sec.gov/Archives/edgar/data/1336920/000119312512133697/0001193125-12-133697-index.html,https://www.sec.gov/Archives/edgar/data/1336920/000119312511078283/d10k.htm,https://www.sec.gov/Archives/edgar/data/1336920/000119312510073854/0001193125-10-073854-index.html,https://www.sec.gov/Archives/edgar/data/1336920/000119312509066772/0001193125-09-066772-index.html,https://www.sec.gov/Archives/edgar/data/1336920/000119312508067632/d10k.htm,https://www.sec.gov/Archives/edgar/data/1336920/000119312507079805/0001193125-07-079805-index.html,,,,
finalLink,https://www.sec.gov/Archives/edgar/data/1336920/000133692021000010/ldos-20210101.htm,https://www.sec.gov/Archives/edgar/data/1336920/000133692020000023/ldos01032020form10-k.htm,https://www.sec.gov/Archives/edgar/data/1336920/000133692019000004/ldos12282018form10-k.htm,https://www.sec.gov/Archives/edgar/data/1336920/000133692018000008/ldos12292017form10-k.htm,https://www.sec.gov/Archives/edgar/data/1336920/000133692017000014/ldos12302016form10-k.htm,,https://www.sec.gov/Archives/edgar/data/1336920/000133692014000007/ldos-1312014x10k.htm,https://www.sec.gov/Archives/edgar/data/353394/000119312513127240/d451558d10k.htm,https://www.sec.gov/Archives/edgar/data/353394/000119312512133697/d272046d10k.htm,https://www.sec.gov/Archives/edgar/data/1336920/000119312511078283/d10k.htm,https://www.sec.gov/Archives/edgar/data/1336920/000119312510073854/d10k.htm,https://www.sec.gov/Archives/edgar/data/1336920/000119312509066772/d10k.htm,https://www.sec.gov/Archives/edgar/data/1336920/000119312508067632/d10k.htm,https://www.sec.gov/Archives/edgar/data/1336920/000119312507079805/d10k.htm,,,,
