,2021,2020,2019,2018,2017,2016,2015,2014,2013,2012,2011,2010,2009,2008,2007,2006,2005,2004,2003,2002,2001,2000,1999,1998,1997,1996,1995,1994,1993,1992,1991,1990,1989,1988,1987,1986
period,FY,FY,FY,FY,FY,FY,FY,FY,FY,FY,FY,FY,FY,FY,FY,FY,FY,FY,FY,FY,FY,FY,FY,FY,FY,FY,FY,FY,FY,FY,FY,FY,FY,FY,FY,FY
currentRatio,1.1242324043457723,1.4113149847094801,1.0571428571428572,1.2208087233075875,1.452808112324493,1.7585458491589798,2.038022813688213,1.7508187772925765,1.354468085106383,0.8963150289017341,0.9677614346161596,0.9875141884222475,1.9167138267912418,1.7019449164661742,1.0327333869665323,0.6533380102696706,0.988801151029652,1.0513613393499526,1.0959240740244132,1.4406812780068954,1.335512136860762,1.1385622403302087,1.0187054631828978,0.7423152387181164,1.013089005235602,0.8659993542137553,0.9044724272687799,0.9127198917456022,0.662891046386192,0.7227157360406091,0.6218256691832532,1.1278501628664495,1.2277777777777779,1.1122448979591837,1.2604166666666667,1.2377622377622377
quickRatio,0.8011336797354748,0.8944954128440367,0.7056603773584905,0.8668786915038619,1.1751170046801873,1.3591969614758546,1.4774579033134165,0.7622816593886463,1.0336170212765958,0.5863439306358381,0.6798307475317349,0.6435868331441543,1.5020810362799983,1.2734751998678508,0.7740291240277732,0.4701916144665302,0.7653126091895778,0.8191101192540909,0.8198147683141186,1.0889419147557,1.1392552128592155,0.9829203013660506,0.8096793349168646,0.5699803793328974,0.6797556719022687,0.8001291572489506,0.8228397742075554,0.7909336941813261,0.587378640776699,0.6465736040609137,0.5765271105010296,1.0586319218241043,1.1166666666666667,0.9489795918367347,0.9479166666666666,0.6503496503496503
cashRatio,0.14265470004723665,0.20030581039755352,0.13315363881401618,0.3243980009086779,0.6505460218408736,0.7471513836136734,0.7968495382944052,0.20987991266375547,0.405531914893617,0.028901734104046242,0.059439854926455774,0.038024971623155504,0.8560365098777125,0.4517579346810297,0.04721284975399773,0.03686734116693934,0.10466649958565127,0.08659582146885433,0.04083849152463864,0.09748701231598823,0.06818729926616111,0.06717846125487262,0.039192399049881234,0.047416612164813604,0.02821407795229785,0.042621892153697126,0.059053408597481545,0.10216508795669824,0.09223300970873786,0.16560913705583757,0.04392587508579272,0.6938110749185668,0.6962962962962963,0.35714285714285715,0.5520833333333334,0.1258741258741259
daysOfSalesOutstanding,63.72072636192861,74.728297632469,61.38242280285035,59.31001633097441,83.39137081705454,76.71324762437116,71.65047783174057,53.73190777511092,65.69198878185587,66.46545111229126,66.54636428233066,64.41531591134634,65.4894405296172,40.17714175209459,70.85655107539112,72.73174492889724,69.52030090276632,64.32230420676532,55.66549666264866,75.24402988106641,7.31755490135147,80.98146638387603,72.83720393725007,66.55294386125057,69.24705683069367,87.72564286446061,85.55903518123668,69.09074005206396,72.3380829015544,65.39116048215551,79.36116559260297,59.80980248719825,67.11624139327662,154.52554744525546,150.7608695652174,168.98148148148147
daysOfInventoryOutstanding,38.84026996625422,50.872521246458916,41.33318294608617,34.91531488549618,34.806944804353456,40.29220779220779,6.61799790056303,20.017041053446942,32.350044762757385,31.928709055876688,807.6858108108108,1156.5168539325844,107.84153877437268,88.07683353693598,92.2911016412532,79.73083038339233,67.08793015029784,60.64819323945031,60.43950123861533,79.60890049950969,91.92485011040618,78.31060407207023,43.664456233421745,45.79294478527607,30.87406015037594,14.02690090584683,11.805280528052805,17.75136612021858,15.252466627974462,15.415531335149863,14.547101449275363,22.1069587628866,36.03991596638655,78.21428571428572,131.4,315
operatingCycle,102.56099632818282,125.60081887892791,102.71560574893653,94.2253312164706,118.198315621408,117.00545541657895,78.2684757323036,73.74894882855786,98.04203354461325,98.39416016816796,874.2321750931414,1220.9321698439308,173.33097930398986,128.25397528903056,163.14765271664433,152.46257531228957,136.60823105306417,124.97049744621563,116.10499790126399,154.85293038057608,99.24240501175765,159.29207045594626,116.50166017067181,112.34588864652665,100.1211169810696,101.75254377030744,97.36431570928949,86.84210617228254,87.59054952952886,80.80669181730538,93.90826704187833,81.91676125008485,103.15615735966318,232.73983315954118,282.1608695652174,483.98148148148147
daysOfPayablesOutstanding,60.02587176602925,45.90934844192634,57.22422738551771,61.73306297709924,60.62840114019176,49.51878478664192,7.175302986926233,34.20991479473277,58.67303292549487,38.39884393063584,1292.2972972972973,1597.387640449438,80.19876565167309,100.7205645762387,123.6529191083714,160.48621186667177,228.64930943645982,209.00999219343382,144.3427839968005,156.2143517658596,161.17330209047168,370.5325346423716,143.57957559681697,128.86963190184048,152.99812030075188,175.2360691737579,166.5990099009901,174.9207650273224,250.81834010446894,204.13147138964578,264.16213768115944,404.9806701030928,276.0504201680672,538.8095238095239,1124.2,380
cashConversionCycle,42.53512456215358,79.69147043700157,45.49137836341882,32.492268239371356,57.56991448121624,67.48667062993704,71.09317274537737,39.53903403382509,39.369000619118374,59.995316237532116,-418.06512220415584,-376.45547060550734,93.13221365231678,27.533410712791863,39.494733608272924,-8.023636554382193,-92.04107838339564,-84.03949474721819,-28.23778609553652,-1.3614213852835064,-61.930897078714025,-211.24046418642536,-27.077915426145154,-16.523743255313832,-52.877003319682274,-73.48352540345046,-69.23469419170061,-88.07865885503986,-163.2277905749401,-123.3247795723404,-170.2538706392811,-323.06390885300794,-172.89426280840402,-306.0696906499827,-842.0391304347827,103.98148148148147
grossProfitMargin,0.443331246086412,0.2040586245772266,0.29802058590657166,0.4295046271094175,0.3444878545948701,0.1965716415129495,-3.9251135829547237,0.0610226198268965,0.38708694061699794,0.3875022127810232,0.9824727617243013,0.9852795236520013,0.7904961748501943,0.83240241862341,0.8171919263633537,0.8230504155075192,0.8495914688398738,0.822480012946836,0.8185993410016803,0.8043983235849779,0.9821253568163077,0.8882391729249566,0.7100892033220547,0.6280237334550434,0.6395358685525536,0.6267800430283782,0.5962153518123667,0.6597248047601338,0.6280224525043178,0.6530371070668872,0.6906696553656486,0.7161667885881492,0.6144187930336168,0.6934306569343066,0.7282608695652174,0.5493827160493827
operatingProfitMargin,0,0,0,0,0,0,0,0,0,0,0,0,0,0,0,0.5217928961551515,0.5770248161847114,0,0.48775373785975656,0,0,0.5704180210726896,0,0,0,0,0,0,0,0,0,0,0,0.12408759124087591,-1.4891304347826086,-0.08024691358024691
pretaxProfitMargin,0.23681903569192236,-1.0913190529875987,-0.476326207442597,0.13037561241154055,0.15593680992016307,-0.31339668343581145,-4.422058593138023,-0.2113608262419085,0.2570418241677844,0.2877795480025963,0.4792160113690194,0.43053258352629836,0.03788712621705882,0.07563304485076419,0.4682981056655647,0.4837377133592294,0.5546042558757339,0.49939888350416695,0.45873981785070705,0.3511947269809372,0.052651682218379965,0.5237269167180407,0.2649953860350661,-0.21405750798722045,0.21902261370373508,0.2051019362770208,0.04410980810234542,0.11974711788769059,0.125,0.16662727487591586,0.12356402353600449,0.21031455742501828,0.12920210611583638,0.051094890510948905,-1.565217391304348,-0.12962962962962962
netProfitMargin,0.14214151534126487,-1.0786922209695604,-0.5566112430720507,0.005443658138268917,0.2215050110412774,-0.2617849822992361,-3.6219645934513554,-0.39297403447523455,0.13608096573588588,0.11807399539741548,0.27143533870203695,0.2507442937479325,-0.03301262265772983,0.05775172761422338,0.28185989417768825,0.30794053020354384,0.3459448298340612,0.3129357532015009,0.267733877701806,0.21655608286440697,0.03175988928541731,0.3122092697416354,0.1544909258689634,-0.14764947512551346,0.13119335987126282,0.1243725028173343,0.026918976545842216,0.07958348828560803,0.08052677029360968,0.112975655873316,0.0969459232277949,0.14740307242136064,0.08950992304576752,0.06569343065693431,-0.7717391304347826,-0.06790123456790123
effectiveTaxRate,0.3056583818085669,-0.013223140495867768,-0.22406914893617022,0.7014613778705637,-0.6372549019607843,0.262782401902497,0.19375752851980443,-0.5633172746042671,0.4573055028462998,0.5897067869591962,0.4335845792660324,0.41759508259700345,1.8713414279192748,0.23642201992295087,0.3981186539776896,0.3634142600437201,0.37623120239529045,0.37288060492294084,0.43022551094884814,0.3833731937661991,0.39679250600790156,0.4038701090673181,0.4170052234474753,0.31023454157782515,0.40100541376643467,0.3936063936063936,0.38972809667673713,0.33540372670807456,0.35578583765112265,0.3219858156028369,0.21541950113378686,0.2991304347826087,0.3072100313479624,0.2857142857142857,0.4305555555555556,0.5238095238095238
returnOnAssets,0.08531910095467188,-0.3753334379413149,-0.19412381951731375,0.001853396348809193,0.05948362375695648,-0.0623917580709623,-1.2269928882284258,-0.0965649127823849,0.03621201551016435,0.03294532163261274,0.08806747228679564,0.06982153137593552,-0.010090136704929155,0.02439327654563405,0.09821520087672798,0.1050038104464856,0.1361435125195389,0.10764432529504957,0.09035708883753274,0.05859806882793397,0.08097457524668512,0.09530349708297971,0.0365106769650159,-0.03238157203273191,0.037428115787947615,0.03536883813075399,0.00753309714711915,0.022778073443320914,0.023423762873649837,0.03922212193320752,0.028611593483833624,0.048577627772420445,0.02891156462585034,0.01282051282051282,-0.14087301587301587,-0.015089163237311385
returnOnEquity,-0.7115987460815048,2.9188529591214154,-1.0798771121351767,0.005610098176718092,0.17583603020496225,-0.22523244629689002,-9.009742790335151,-0.20831244939661486,0.06683435141933165,0.06386645814049982,0.15810712930707413,0.12437953808918242,-0.01802426206954334,0.0431259332567314,0.18288215896250085,0.19349865397402316,0.24890204781896583,0.20339692465805936,0.17173116327797064,0.11257056869227583,0.1488730782195957,0.1899132806340954,0.07526035813291376,-0.07181707181707182,0.08957899606754569,0.07994731643068818,0.01850155706173292,0.05243812790982602,0.0474615090978496,0.10058922558922559,0.07865423959990907,0.10418821096173733,0.06308878104481873,0.043478260869565216,-0.5503875968992248,-0.05314009661835749
returnOnCapitalEmployed,0,0,0,0,0,0,0,0,0,0,0,0,0,0,0,0.21101225605483223,0.25614501459506084,0,0.1762571935850969,0,0,0.18802924629972304,0,0,0,0,0,0,0,0,0,0,0,0.011589403973509934,-0.35294117647058826,-0.03583617747440273
netIncomePerEBT,0.600211528291909,0.9884297520661157,1.1685505319148937,0.04175365344467641,1.420479302832244,0.8353151010701546,0.8190675263941047,1.8592567102546456,0.5294117647058824,0.4102932130408038,0.5664154207339677,0.5824049174029965,-0.8713414279192747,0.7635779800770491,0.6018813460223105,0.6365857399562799,0.6237687976047096,0.626624855477655,0.5836290360758213,0.616626806233801,0.6032074939920984,0.5961298909326819,0.5829947765525246,0.6897654584221748,0.5989945862335654,0.6063936063936064,0.6102719033232629,0.6645962732919255,0.6442141623488774,0.6780141843971631,0.7845804988662132,0.7008695652173913,0.6927899686520376,1.2857142857142858,0.4930555555555556,0.5238095238095238
ebtPerEbit,,,,,,,,,,,,,,,,0.9270684153112606,0.961144547547847,,0.9405152277533303,,,0.9181458112651407,,,,,,,,,,,,1,1,1
ebitPerRevenue,0,0,0,0,0,0,0,0,0,0,0,0,0,0,0,0.5217928961551515,0.5770248161847114,0,0.48775373785975656,0,0,0.5704180210726896,0,0,0,0,0,0,0,0,0,0,0,0.051094890510948905,-1.565217391304348,-0.12962962962962962
debtRatio,1.0003758550702848,1.0506041110936764,0.7534102833158447,0.5916967843573349,0.5989873186753033,0.6589990674541498,0.7756076849591339,0.4971225336002288,0.42578321462757757,0.48415298747056984,0.44298860732742884,0.43864133563615426,0.4401914116651103,0.43437104536568893,0.4629590910676718,0.4573408740063785,0.4530237347883923,0.47076719337809175,0.4738457067848699,0.47945480325218653,0.45608315341445876,0.49817360447476927,0.5148750567923671,0.5491103826230574,0.5821775479630793,0.5575981820300664,0.5928398284542233,0.5656200106439595,0.5064682240643055,0.6100763108230082,0.6362358389150748,0.5337512054001928,0.5417320774463632,0.7051282051282052,0.746031746031746,0.7146776406035665
debtEquityRatio,-8.343573667711599,-8.170225747406956,4.191090629800307,1.7910238429172511,1.770631067961165,2.3789676178262265,5.695245518316446,1.0724062150595675,0.7858426158821415,0.9385592544125626,0.7952954161349292,0.7813922960167371,0.7863248632437524,0.767943440318605,0.8620555405882658,0.8427774492301714,0.828232893456779,0.8895276095656233,0.9005831804381522,0.9210627746594426,0.8385163215251341,0.9927210065412396,1.0613246422417022,1.2178377178377178,1.3933610918343742,1.2603885413236746,1.4560359040117237,1.3021318304337173,1.0262119862577936,1.5646043771043772,1.7490338713343943,1.1447776628748707,1.1821296031972595,2.391304347826087,2.9147286821705425,2.5169082125603865
longTermDebtToCapitalization,1.2798245614035089,1.2298415369513391,0.7243861134631668,0.5304267650158061,0.5168729641693811,0.5780002705993776,0.773781186634929,0.30243128395460167,0.224575090554472,0.26601227568757907,0.18964167924422828,0.24929169746242916,0.238814577309067,0.225586057705298,0.20689484622259044,0.13278853484123604,0.17214520595776275,0.23982538006085719,0.26264424199109593,0.3047841374427422,0.31594984629457806,0.3687450591788898,0.4132026115055725,0.4271088359670599,0.46474339132049775,0.4486602280153947,0.4954480336429595,0.4461559340435638,0.3656469448704496,0.48881239242685026,0.5274465570952841,0.3349381017881706,0.35830738230445136,0.5988372093023255,0.6465753424657534,0.5714285714285714
totalDebtToCapitalization,1.265214499501164,1.2261001517450683,0.7285237698081735,0.5350202165123256,0.5335849056603773,,0.7738011283497884,,0.22552816493124,0.2826495100283909,0.19928746996603056,0.25035365028599543,0.2430986316684797,0.22965494547111673,0.2155956507887054,0.22464761901179206,0.17216301985252536,,,,0.3474303614875931,0.3713872227518367,0.41400127324215746,0.4299183699297602,0.46757805283576576,0.44906030041361295,0.49614656883104896,0.4461935133668069,0.3702219729144964,0.4894165681744923,0.5298204360837965,0.34083162917518744,0.3612326768781911,,,0.5868263473053892
interestCoverage,0,0,0,0,0,0,0,0,0,0,0,0,0,,,27.33880316812157,35.81873317018473,,17.589084243410014,,,7.7490616877130165,,,,,,,,,,,,-0.4666666666666667,9.6,1.2352941176470589
cashFlowToDebtRatio,0.4594559074779866,0.15616561656165617,0.32821980538065254,0.46038517796196976,0.28618576143328617,0.28441011235955055,0.3399407609933926,0.7524232992441084,1.0113110539845758,0.6888618874038072,1.3792960088691797,0.8261884289399337,0.8334411399533833,1.435586549259759,1.3432373265156876,1.128464320990077,1.9761949943162846,1.248466807552185,1.162844665543029,0.6395721726965952,0.7478543986808074,0.6894536163061284,0.3384060660692508,0.34699735060347364,0.4766232055840906,0.39629958794538256,0.30890149753511303,0.5103406326034063,0.48722943722943723,0.42678375411635566,0.31591688521283035,0.947,0.8485613326602726,,,0.13095238095238096
companyEquityMultiplier,-8.340438871473355,-7.776693105552166,5.562826420890937,3.026928471248247,2.9560409924487594,3.6099711445976275,7.34294621979735,2.1572271272699233,1.8456401964307103,1.9385592544125627,1.795295416134929,1.781392296016737,1.7863248632437525,1.767943440318605,1.862055540588266,1.8427774492301714,1.8282328934567789,1.8895276095656233,1.9005831804381523,1.9210627746594426,1.8385163215251341,1.9927210065412397,2.0613246422417024,2.217837717837718,2.3933610918343744,2.2603885413236746,2.4560359040117237,2.302131830433717,2.0262119862577936,2.564604377104377,2.7490338713343943,2.144777662874871,2.1821296031972595,3.391304347826087,3.9069767441860463,3.5217391304347827
receivablesTurnover,5.728120516499283,4.884361233480176,5.946327683615819,6.1541038525963145,4.376951672862454,4.757978723404255,5.094173982442139,6.79298418972332,5.556233062330623,5.491574854180168,5.484897694056512,5.6663542642924085,5.573417592946622,9.08476770826962,5.151252699438351,5.018441402125371,5.250264962323777,5.674547958149948,6.557024043313956,4.850883194014633,49.88004940456116,4.507204133224661,5.011175337186898,5.484355444305382,5.270982142857143,4.160699062233589,4.266060261512223,5.282907662082515,5.045751633986928,5.58179419525066,4.599226804123711,6.102678571428571,5.438325991189427,2.3620689655172415,2.4210526315789473,2.16
payablesTurnover,6.080711354309165,7.95045045045045,6.37841726618705,5.9125528913963326,6.02028081123245,7.3709401709401705,50.86893203883495,10.669421487603305,6.220915841584159,9.505494505494505,0.2824427480916031,0.22849807445442877,4.551192241353224,3.6238875500317467,2.951810621471121,2.274338684641853,1.5963310840500533,1.7463279921191572,2.5287027857803444,2.3365330769805124,2.264643059773721,0.9850686940413708,2.5421443020903576,2.832319721980886,2.3856502242152464,2.082904516866781,2.190889370932755,2.086659064994299,1.4552364864864864,1.7880633373934227,1.381727158948686,0.9012775842044135,1.3222222222222222,0.6774193548387096,0.3246753246753247,0.9605263157894737
inventoryTurnover,9.397463002114165,7.17479674796748,8.830677290836654,10.453865336658355,10.486413043478262,9.058823529411764,55.15263157894737,18.23446327683616,11.282828282828282,11.431718061674008,0.45190839694656487,0.31560283687943264,3.3845956219491384,4.14410901644112,3.954877485576016,4.5779029046213005,5.440620975819145,6.018316136128117,6.0390968244257826,4.5849144719973625,3.970634703908871,4.660926886275655,8.35920177383592,7.970660146699267,11.822222222222223,26.021428571428572,30.918367346938776,20.56179775280899,23.930555555555557,23.677419354838708,25.09090909090909,16.51063829787234,10.127659574468085,4.666666666666667,2.7777777777777777,1.1587301587301588
fixedAssetTurnover,0.9580083983203359,0.5028914842952715,0.4460375759288035,0.3988925682644808,0.331493890421758,0.2844649387820003,0.4520858417734967,0.2859846909060654,0.3128898723793899,0.3180743243243243,0.37158950888928005,0.3169510628817069,0.37618317237331833,0.5145493354200512,0.39545097291320447,0.38830137487367805,0.45167592342243085,0.3847358499155758,0.3721374216979712,0.3023710706348114,2.8424961113540474,0.3352538333424832,0.25418792392345435,0.23511737089201878,0.3162702239365692,0.3148608109415825,0.31245836109260494,0.3190933902931055,0.32245040027845456,0.3947196566843922,0.3331155497479933,0.4121193849864335,0.40904572564612324,0.23992994746059546,0.2534435261707989,0.30451127819548873
assetTurnover,0.6002405472449823,0.3479522987603954,0.34876014800905725,0.34046890927624873,0.2685430161481617,0.23833207513655136,0.33876446237129815,0.2457284815556191,0.26610639713159306,0.27902267151818494,0.32445101919271485,0.27845710995970063,0.30564480773134134,0.4223817633401213,0.3484539762681235,0.34098730159709645,0.39354111054309626,0.3439821886562666,0.33748844043625204,0.27059073129164507,2.5495861940509013,0.3052551808017963,0.23632894139027716,0.21931383098521057,0.2852897114966414,0.2843782775900245,0.27984337124743613,0.28621607237892494,0.2908816880180859,0.3471732173627636,0.29512941371041096,0.329556412729026,0.32299843014128726,0.19515669515669515,0.18253968253968253,0.2222222222222222
operatingCashFlowPerShare,9.248677248677248,3.671957671957672,7.604774535809018,9.887434554973822,6.3727034120734904,6.411609498680739,7.894179894179894,22.033854166666668,24.89873417721519,21.861182519280206,25.919270833333332,19.107954545454547,12.575905458356656,21.10777948743629,17.092915109157065,13.073666331853676,13.171967371044701,9.909809731207888,8.387719105835728,4.427474231029789,6.715366736932388,5.6074754910214875,2.562784485341234,2.081513113024926,3.459005813390211,2.47546151459788,2.0025383575639872,2.369349206278606,1.5902862405728648,1.631560969100216,1.3528972761685452,1.6636087681246727,1.9146514011506657,1.6527272727272728,1.7063829787234042,0.8191489361702128
freeCashFlowPerShare,6.304232804232805,0.2275132275132275,-0.2493368700265252,-0.3324607329842932,-0.8713910761154856,1.2691292875989446,-5.804232804232805,-10.184895833333334,-3.5063291139240507,-2.640102827763496,7.486979166666667,5.125,1.7643009420816311,3.2638477156193915,2.63461305186204,0.5234369946508988,1.8741641437526166,2.376718114851802,3.4437540074266173,1.1010019983979915,1.422935357428919,1.9023866560308693,-5.011524659520307,-1.0065429263407912,-0.038709515181625735,-0.7650967698532897,-4.9294643399836175,1.0985421230540855,-1.5153993718475323,-0.10658860240520958,-3.5895837691445114,1.3386165589345307,1.6845743142783072,0.44181818181818183,0.4021276595744681,-3.074468085106383
cashPerShare,0.798941798941799,0.6931216931216931,0.6551724137931034,1.869109947643979,4.377952755905512,3.633245382585752,3.880952380952381,2.0026041666666665,4.8253164556962025,0.41131105398457585,0.7682291666666666,0.3806818181818182,6.098272453342544,5.895696843876485,0.37881237132687773,0.42596891460593067,0.6958330049921382,0.3406789477236798,0.10385223149518252,0.16638004860602357,0.4809887625336317,0.13629436023851516,0.05300651082184941,0.06401259838570822,0.04635583916811971,0.06661792455186955,0.08200699085477334,0.10660659420383477,0.12080806181162144,0.21905216714771417,0.05529082099283965,0.7483604384594621,0.8565246006337303,0.6363636363636364,1.127659574468085,0.3829787234042553
payoutRatio,0.08634361233480176,-0.030518394648829432,-0.1069701280227596,9.55,0.29141104294478526,-0.2697508896797153,-0.016306933690903587,-0.06755506200259115,0.16129032258064516,0.16591704147926037,0.06675392670157068,0.07453825857519789,-0.7334896869879535,0.33619868699382266,0.07280474249722119,0.060390189664757524,0.04474355211854878,0.05415357805883911,0.06491930991144369,0.12425653357482651,0.07532772370434573,0.0742508302293228,0.2105525136884022,-0.21792890262751158,0.16333118140735958,0.1927512355848435,0.9356435643564357,0.39953271028037385,0.39946380697050937,0.27405857740585776,0.3670520231213873,0.31017369727047145,0.43891402714932126,0.6444444444444445,-0.08028169014084507,-0.5181818181818182
operatingCashFlowSalesRatio,0.43782091421415154,0.3129650507328072,0.45399841646872524,0.5140174197060424,0.4124341770001699,0.45276690888764676,0.46749177502741657,0.6153902101971053,0.5996219973174003,0.5017997285655278,0.5893533870203695,0.556235527621568,0.4902760659356324,0.5731210474114725,0.5690031868563373,0.5203306783785646,0.5712197550606231,0.6059957502723355,0.64575344146086,0.5393960655502026,0.08494166472100123,0.6696367272880122,0.490772070132267,0.5379963486992241,0.6130261709155586,0.5025099887306629,0.4425639658848614,0.6240238006693938,0.4859671848013817,0.4594658473174191,0.43877836929111796,0.6927578639356254,0.6808424463345484,0.6635036496350365,0.8717391304347826,0.23765432098765432
freeCashFlowOperatingCashFlowRatio,0.6816361556064073,0.06195965417867435,-0.03278688524590164,-0.03362456976436325,-0.13673805601317957,0.1979423868312757,-0.735254691689008,-0.462238506086751,-0.14082358922216573,-0.12076669802445908,0.28885763086506583,0.2682129051442165,0.1402921601091759,0.1546277152251893,0.1541348000055659,0.04003750603421452,0.14228429899336836,0.23983488879378398,0.4105709745371226,0.24867496476470938,0.21189242720032336,0.3392590229020012,-1.9554998433093074,-0.4835630965005302,-0.011190936722851616,-0.309072375127421,-2.4616079494128273,0.4636471990464839,-0.9529098178587294,-0.06532921810699588,-2.653256704980843,0.8046462513199577,0.8798334324806663,0.26732673267326734,0.23566084788029926,-3.7532467532467533
cashFlowCoverageRatios,0.4594559074779866,0.15616561656165617,0.32821980538065254,0.46038517796196976,0.28618576143328617,,0.3399407609933926,,1.0113110539845758,0.6888618874038072,1.3792960088691797,0.8261884289399337,0.8334411399533833,1.435586549259759,1.3432373265156876,1.128464320990077,1.9761949943162846,,,,0.7478543986808074,0.6894536163061284,0.3384060660692508,0.34699735060347364,0.4766232055840906,0.39629958794538256,0.30890149753511303,0.5103406326034063,0.48722943722943723,0.42678375411635566,0.31591688521283035,0.947,0.8485613326602726,,,0.13095238095238096
shortTermCoverageRatios,11.13375796178344,11.76271186440678,15.927777777777777,25.18,4.414545454545454,,2984,,185.56603773584905,8.58989898989899,23.092807424593968,146.2173913043478,35.99920733682219,62.74839695198849,26.397579437774905,2.393274712639851,15811.204379562043,,,,5.645870783238006,61.17544,102.93548387096774,30.419354838709676,42.08139534883721,245.25,110.7,3356,25.011111111111113,176.72727272727272,33.319148936170215,36.42307692307692,67.24,,,2.138888888888889
capitalExpenditureCoverageRatio,-3.1410601976639714,-1.06605222734255,-0.9682539682539683,-0.967469262295082,-0.8797101449275362,-1.2467932272960494,-0.5762842796446505,-0.6838829615260265,-0.8765597147950089,-0.8922463540027279,-1.4061881887538852,-1.3665176757415685,-1.1631858564032542,-1.1829107932801215,-1.1822214698117148,-1.041707364908406,-1.165887483260923,-1.3155036784222027,-1.6965571032317284,-1.3309818695005051,-1.2688623158988257,-1.513452373412711,-0.33835224260417773,-0.6740528949249464,-0.9889329143325591,-0.7638997040959352,-0.28888308977035493,-1.8644444444444443,-0.512056414922657,-0.938676967648479,-0.27372836916622967,-5.118918918918919,-8.321782178217822,-1.364864864864865,-1.3083197389885808,-0.2103825136612022
dividendPaidAndCapexCoverageRatio,-3.444334975369458,-1.2006920415224913,-1.1090909090909091,-1.0724020442930153,-1.0201680672268907,-1.5477707006369428,-0.6215371797542179,-0.7046722745065378,-0.9056169429097606,-0.9244483095988695,-1.4697282929710573,-1.432282793867121,-1.2340826694903368,-1.2322941985751081,-1.2348715305192504,-1.0819904743626891,-1.203923010420288,-1.3657466086870524,-1.7777366066970457,-1.4256413857049486,-1.3158892755874558,-1.5971315280242027,-0.3461142144367916,-0.7023685386563384,-1.0243419190489669,-0.7927913366736706,-0.2937118599097904,-2.060159607120933,-0.5300211914292442,-1.002061855670103,-0.2799427958526993,-7.7306122448979595,-16.00952380952381,-1.4950657894736843,-1.4424460431654675,-0.21714608009024253
dividendPayoutRatio,0.08634361233480176,-0.03051839464882943,-0.10697012802275958,9.55,0.2914110429447853,-0.2697508896797153,-0.016306933690903587,-0.06755506200259116,0.16129032258064516,0.16591704147926037,0.06675392670157068,0.0745382585751979,-0.7334896869879536,0.33619868699382266,0.0728047424972212,0.06039018966475752,0.04474355211854878,0.05415357805883911,0.06491930991144368,0.12425653357482651,0.07532772370434573,0.0742508302293228,0.21055251368840217,-0.2179289026275116,0.1633311814073596,0.1927512355848435,0.9356435643564357,0.39953271028037385,0.39946380697050937,0.2740585774058577,0.3670520231213873,0.31017369727047145,0.43891402714932126,0.6444444444444445,-0.08028169014084506,-0.5181818181818182
priceBookValueRatio,-7.860978056426332,-3.2933740085417935,3.263858678955453,1.7894531225806452,2.289801779935275,3.6423613945174735,6.2666096562743565,0.9263553996221615,0.9613606301652893,1.0473984357026587,1.309358823991998,1.6582712635681176,2.1023447506879087,1.5206826773558049,2.036583678168714,1.8188912609241923,2.2836311414824104,2.1530408985331344,1.9002191842576488,1.8172556852720012,1.3250109295740036,1.8352055860680572,1.4992895864183473,1.047646339490526,1.7352656579795738,2.1394824456577872,1.775402135638615,1.7654367501509434,1.9199820019139648,2.3201212206984425,1.5235431623051285,1.5927232093540977,1.6003606946809619,0.5274154589371981,0.661060465116279,0.4770159420289856
priceToBookRatio,-7.860978056426332,-3.2933740085417935,3.263858678955453,1.7894531225806452,2.289801779935275,3.6423613945174735,6.2666096562743565,0.9263553996221615,0.9613606301652893,1.0473984357026587,1.309358823991998,1.6582712635681176,2.1023447506879087,1.5206826773558049,2.036583678168714,1.8188912609241923,2.2836311414824104,2.1530408985331344,1.9002191842576488,1.8172556852720012,1.3250109295740036,1.8352055860680572,1.4992895864183473,1.047646339490526,1.7352656579795738,2.1394824456577872,1.775402135638615,1.7654367501509434,1.9199820019139648,2.3201212206984425,1.5235431623051285,1.5927232093540977,1.6003606946809619,0.5274154589371981,0.661060465116279,0.4770159420289856
priceToSalesRatio,1.5702266750156546,1.2171003382187147,1.6823214568487728,1.7363637403375067,2.8845201290980125,4.2334731468231785,2.519210461851794,1.74753654811259,1.9574198027679552,1.9363923047737064,2.2478825428706775,3.3430101382732387,3.850582824591466,2.03640930498849,3.1388040433749653,2.8946472121029947,3.1739810643040376,3.3125548795233746,2.962496968946607,3.4959206241673826,0.2826716618512095,3.0169990952660757,3.077671195005488,2.1538671548311616,2.541391865654509,3.328351699345712,2.583134397241791,2.679340787417627,3.257586043402817,2.6058180195601515,1.8778555256319025,2.2533479787057975,2.2705806048875696,0.7968978102189782,0.9269217391304349,0.6095203703703704
priceEarningsRatio,11.04692511013216,-1.1283110367892975,-3.0224352773826455,318.9700191,13.02236963190184,-16.17156610604982,-0.6955370205458713,-4.4469516935036095,14.384229213709679,16.399820284357823,8.28146605235602,13.332347820580475,-116.63971277028672,35.26144392755712,11.136043503217316,9.400020225300251,9.174818614362572,10.585415203070145,11.065080722605257,16.14325757063262,8.900272268297844,9.663387309937187,19.921371936212722,-14.587706139830217,19.371345227748733,26.761153984607496,95.95960651931881,33.66704381946729,40.453454565795845,23.06530552460042,19.370134020174163,15.286981076381265,25.36680322835932,12.130555555555556,-1.201081690140845,-8.976572727272728
priceToFreeCashFlowsRatio,5.261544271926144,62.76558139534884,-113.01978723404255,-100.46299814173229,-51.148102409638554,47.237110975051976,-7.3291341741112115,-6.143410892354896,-23.18093834296029,-31.953301255111977,13.204257524869565,22.407804097560977,55.98251105815602,22.97901327965818,35.788937177457456,138.94700554840713,39.052076758577044,22.791932144371152,11.173852695928941,26.06283916083067,15.705293907644254,13.28019670444432,-3.2068939278727053,-8.279163046026447,-370.44708342941715,-21.43010615917777,-2.371111989835156,9.260600742115681,-7.034563427991539,-86.81272473038584,-1.6130123636534923,4.042423473610007,3.7904418617088638,4.492798353909465,4.512,-0.6833377162629759
priceToOperatingCashFlowsRatio,3.5864588100686503,3.8889337175792504,3.7055667945587722,3.378025089753773,6.993892092257002,9.350226493415638,5.388780287533511,2.839721073159201,3.264422938993391,3.858894683560677,3.8141505459660405,6.010062234909307,7.853907404684535,3.5531923215628285,5.516320674259167,5.563091573080389,5.556497365829348,5.466300511240726,4.587659590701799,6.481175609987854,3.3278328459851916,4.505426557896157,6.271080573464645,4.00349771896931,4.145649869823541,6.623453809849846,5.836748123126287,4.293651595569726,6.703304554883096,5.671407428373971,4.279735869080626,3.252720894288094,3.3349574738057166,1.201045104510451,1.0633017456359102,2.564735064935065
priceCashFlowRatio,3.5864588100686503,3.8889337175792504,3.7055667945587722,3.378025089753773,6.993892092257002,9.350226493415638,5.388780287533511,2.839721073159201,3.264422938993391,3.858894683560677,3.8141505459660405,6.010062234909307,7.853907404684535,3.5531923215628285,5.516320674259167,5.563091573080389,5.556497365829348,5.466300511240726,4.587659590701799,6.481175609987854,3.3278328459851916,4.505426557896157,6.271080573464645,4.00349771896931,4.145649869823541,6.623453809849846,5.836748123126287,4.293651595569726,6.703304554883096,5.671407428373971,4.279735869080626,3.252720894288094,3.3349574738057166,1.201045104510451,1.0633017456359102,2.564735064935065
priceEarningsToGrowthRatio,0.1104692511013216,0.031020329670329666,0.00034849882653259013,-3.295702312151057,0.06776015614916665,-0.17215165171164531,0.002074512199591631,0.012553161237914731,1.227619562204533,-0.28337924756059474,0.21938169387141873,0.01233951340840959,0.8258717917627684,-0.4699671943026145,1.1776747376005168,-3.1176733747245806,0.16360690536101086,0.22332644269891894,0.11230778911807365,-0.5633667108460414,-2.301510473094322,0.040380830223855364,0.08695323856841645,0.08178679806952806,0.9485294817674285,0.06572901694975437,-1.59932677532198,2.2452960762722536,-1.1789243775479783,0.6742214811452633,-1.2452510443124496,0.3762965287096165,0.28748957664542396,16.679513888888888,-1.4112709859154928,-10.547472954545455
priceSalesRatio,1.5702266750156546,1.2171003382187147,1.6823214568487728,1.7363637403375067,2.8845201290980125,4.2334731468231785,2.519210461851794,1.74753654811259,1.9574198027679552,1.9363923047737064,2.2478825428706775,3.3430101382732387,3.850582824591466,2.03640930498849,3.1388040433749653,2.8946472121029947,3.1739810643040376,3.3125548795233746,2.962496968946607,3.4959206241673826,0.2826716618512095,3.0169990952660757,3.077671195005488,2.1538671548311616,2.541391865654509,3.328351699345712,2.583134397241791,2.679340787417627,3.257586043402817,2.6058180195601515,1.8778555256319025,2.2533479787057975,2.2705806048875696,0.7968978102189782,0.9269217391304349,0.6095203703703704
dividendYield,0.007816076552886924,0.02704785617950884,0.035392032651032676,0.029940117967657606,0.022377727800852357,0.01668056686104142,0.023445098117287243,0.015191319055990624,0.011212997247493705,0.010117003637991836,0.008060641229408848,0.00559078262720816,0.006288507315107224,0.009534456038854396,0.0065377566526376414,0.0064244744391311745,0.004876777841526557,0.005115867164391686,0.0058670434982745,0.007697116460612673,0.008463530264423246,0.0076837270253017976,0.010569177382089005,0.014939216662205676,0.00843158693870128,0.007202650367607852,0.009750389755590231,0.011867175283425156,0.009874652517519815,0.011881853336543024,0.018949379634601363,0.02029005568337472,0.017302693729205447,0.05312571559422945,0.06684115726668918,0.05772602015549566
enterpriseValueMultiple,5.697749066896353,-3.2659152305542616,-7.807132352941177,16.2120102193755,18.75269503546099,-23.478437061272583,-0.8352480049276915,-10.715180124223602,8.37520444829033,8.907569356492479,3.600163662789765,5.688357833215879,6.18742557272354,3.2842762776610703,5.045208520738944,4.624628209678367,4.529616457988214,5.182638938558163,4.683024300137205,6.4238863844133895,4.604241632013648,4.6573464347246425,7.414998891815141,7.297243563996455,6.975284417290454,8.59589564514095,8.946865647749,6.924059406690595,8.205854075196074,6.280941386125051,6.4452842529073155,4.193145940207487,5.3315628030167,6.675522648083624,7.329967213114754,8.309141906873615
priceFairValue,-7.860978056426332,-3.2933740085417935,3.263858678955453,1.7894531225806452,2.289801779935275,3.6423613945174735,6.2666096562743565,0.9263553996221615,0.9613606301652893,1.0473984357026587,1.309358823991998,1.6582712635681176,2.1023447506879087,1.5206826773558049,2.036583678168714,1.8188912609241923,2.2836311414824104,2.1530408985331344,1.9002191842576488,1.8172556852720012,1.3250109295740036,1.8352055860680572,1.4992895864183473,1.047646339490526,1.7352656579795738,2.1394824456577872,1.775402135638615,1.7654367501509434,1.9199820019139648,2.3201212206984425,1.5235431623051285,1.5927232093540977,1.6003606946809619,0.5274154589371981,0.661060465116279,0.4770159420289856
