,2021,2020,2019,2018,2017,2016,2015,2014,2013,2012,2011,2010,2009,2008,2007,2006,2005,2004,2003,2002,2001,2000,1999,1998,1997,1996,1995,1994,1993,1992,1991,1990,1989,1988,1987,1986
reportedCurrency,USD,USD,USD,USD,USD,USD,USD,USD,USD,USD,USD,USD,USD,USD,USD,USD,USD,USD,USD,USD,USD,USD,USD,USD,USD,USD,USD,USD,USD,USD,USD,USD,USD,USD,USD,USD
cik,0000007084,0000007084,0000007084,0000007084,0000007084,0000007084,0000007084,0000007084,0000007084,0000007084,0000007084,0000007084,0000007084,0000007084,0000007084,0000007084,0000007084,0000007084,0000007084,0000007084,0000007084,0000007084,0000007084,0000007084,0000007084,0000007084,0000007084,0000007084,0000007084,0000007084,0000007084,0000007084,0000007084,0000007084,0000007084,0000007084
fillingDate,2022-02-17,2021-02-18,2020-02-18,2019-02-19,2018-02-16,2017-02-17,2016-02-19,2015-02-20,2014-02-26,2012-06-30,2011-08-25,2010-06-30,2009-08-26,2008-08-29,2007-08-27,2006-09-11,2005-09-09,2004-09-08,2003-09-03,2002-09-20,2001-09-28,2000-09-28,1999-09-22,1998-09-24,1997-09-29,1996-09-30,1995-08-17,1994-09-27,1993-06-30,1992-06-30,1991-06-30,1990-06-30,1989-06-30,1988-06-30,1987-06-30,1986-06-30
acceptedDate,2022-02-17 07:17:27,2021-02-18 16:01:30,2020-02-18 16:03:05,2019-02-19 16:46:04,2018-02-16 16:02:09,2017-02-17 15:20:17,2016-02-19 14:51:18,2015-02-20 16:20:45,2014-02-26 16:06:16,2012-06-30,2011-08-24 21:58:50,2010-06-30,2009-08-26 14:25:08,2008-08-28 20:19:06,2007-08-27 16:58:34,2006-09-08 18:47:56,2005-09-08 17:56:11,2004-09-08 10:33:59,2003-09-03 17:27:04,2002-09-20 17:02:04,2001-09-28 00:00:00,2000-09-28 00:00:00,1999-09-22 00:00:00,1998-09-24 00:00:00,1997-09-29 00:00:00,1996-09-30 00:00:00,1995-08-17 00:00:00,1994-09-27 00:00:00,1993-06-30,1992-06-30,1991-06-30,1990-06-30,1989-06-30,1988-06-30,1987-06-30,1986-06-30
calendarYear,2021,2020,2019,2018,2017,2016,2015,2014,2013,2012,2011,2010,2009,2008,2007,2006,2005,2004,2003,2002,2001,2000,1999,1998,1997,1996,1995,1994,1993,1992,1991,1990,1989,1988,1987,1986
period,FY,FY,FY,FY,FY,FY,FY,FY,FY,FY,FY,FY,FY,FY,FY,FY,FY,FY,FY,FY,FY,FY,FY,FY,FY,FY,FY,FY,FY,FY,FY,FY,FY,FY,FY,FY
cashAndCashEquivalents,943000000,666000000,852000000,1997000000,804000000,619000000,910000000,1099000000,3121000000,1291000000,615000000,1046000000,1055000000,810000000,663000000,1112853000,522420000,540207000,764959000,844187000,676086000,477226000,681400000,346300000,397800000,534700000,454600000,316400000,386500000,964400000,647600000,408400000,433600000,644400000,465100000,595400000
shortTermInvestments,0.0,0.0,0.0,6000000.0,0.0,296000000,438000000,515000000,433000000,176000000,739000000,394000000,2930000000,455000000,0.0,0.0,908001000,871439000,544669000,134474000,141672000,454223000,222200000,0.0,0.0,0.0,0.0,0.0,0.0,0.0,0.0,0.0,0.0,0.0,0.0,0.0
cashAndShortTermInvestments,943000000,666000000,852000000,2003000000,804000000,915000000,1348000000,1614000000,3554000000,1467000000,1354000000,1440000000,3985000000,1265000000,663000000,1112853000,1430421000,1411646000,1309628000,978661000,817758000,931449000,903600000,346300000,397800000,534700000,454600000,316400000,386500000,964400000,647600000,408400000,433600000,644400000,465100000,595400000
netReceivables,5771000000,4984000000,5206000000,3844000000,3762000000,4405000000,4660000000,4638000000,5098000000,3439000000,9816000000,6122000000,7311000000,11483000000,6404000000,4471201000,4102263000,4040759000,3320336000,2849523000,2416432000,2139896000,1922200000,1990700000,1329400000,1131600000,1013600000,1041800000,824900000,696800000,639000000,632900000,510900000,637800000,450700000,361700000
inventory,14481000000,11713000000,9170000000,8813000000,9173000000,8831000000,8243000000,9374000000,11441000000,12192000000,12055000000,7611000000,7782000000,10160000000,6060000000,4677508000,3906698000,4591648000,3550225000,3255412000,2631885000,2856884000,2732700000,2562700000,2094100000,1790600000,1473900000,1422100000,1131800000,1025000000,917500000,771200000,695000000,773700000,784300000,521600000
otherCurrentAssets,10714000000,9923000000,6119000000,5928000000,6186000000,6894000000,7578000000,10402000000,8437000000,9856000000,4279000000,2961000000,330000000,2547000000,1995000000,1564715000,271319000,294943000,241668000,279635000,284226000,234138000,231100000,552000000,463000000,927800000,770500000,1130500000,1578500000,527200000,327500000,491300000,466200000,62900000,49600000,32300000
totalCurrentAssets,31909000000,27286000000,21347000000,20588000000,19925000000,21045000000,21829000000,26028000000,28530000000,26954000000,27504000000,18134000000,19408000000,25455000000,15122000000,11826277000,9710701000,10338996000,8421857000,7363231000,6150301000,6162367000,5789600000,5451700000,4284300000,4384700000,3712600000,3910800000,3921700000,3213400000,2531600000,2303800000,2105700000,2118800000,1749700000,1511000000
propertyPlantEquipmentNet,10826000000,11053000000,10106000000,9953000000,10138000000,9758000000,9853000000,9960000000,10137000000,9812000000,9500000000,8712000000,7950000000,7125000000,6010000000,5293032000,5184380000,5254738000,5468716000,4890241000,4920425000,5277081000,5567200000,5322700000,4708600000,4114300000,3762300000,3538600000,3214800000,3060100000,2695600000,2131800000,1832300000,1661200000,1478500000,1315100000
goodwill,4182000000,3451000000,3385000000,2496000000,2374000000,2246000000,2185000000,2010000000,562000000,603000000,602000000,523000000,532000000,506000000,317000000,322292000,0.0,0.0,0.0,0.0,0.0,0.0,0.0,0.0,0.0,0.0,0.0,0.0,0.0,0.0,0.0,0.0,0.0,0.0,0.0,0.0
intangibleAssets,2565000000,1962000000,2091000000,1545000000,1544000000,1457000000,1503000000,1273000000,197000000,0.0,0.0,0.0,0.0,0.0,0.0,0.0,325167000,337474000,344720000,0.0,0.0,0.0,0.0,0.0,0.0,0.0,0.0,0.0,0.0,0.0,0.0,0.0,0.0,0.0,0.0,0.0
goodwillAndIntangibleAssets,6747000000,5413000000,5476000000,4041000000,3918000000,3703000000,3688000000,3283000000,759000000,603000000,602000000,523000000,532000000,506000000,317000000,322292000,325167000,337474000,344720000,0.0,0.0,0.0,0.0,0.0,0.0,0.0,0.0,0.0,0.0,0.0,0.0,0.0,0.0,0.0,0.0,0.0
longTermInvestments,5285000000,4913000000,5132000000,5324000000,5180000000,4684000000,4340000000,4377000000,3848000000,4184000000,3906000000,3477000000,2459000000,0.0,0.0,0.0,0.0,0.0,0.0,0.0,0.0,0.0,0.0,0.0,0.0,0.0,0.0,0.0,0.0,0.0,0.0,0.0,0.0,0.0,0.0,0.0
taxAssets,0.0,0.0,0.0,0.0,0.0,0.0,0.0,0.0,0.0,0.0,0.0,0.0,0.0,0.0,0.0,0.0,0.0,0.0,0.0,0.0,0.0,0.0,0.0,0.0,0.0,0.0,0.0,0.0,0.0,0.0,0.0,0.0,0.0,0.0,0.0,0.0
otherNonCurrentAssets,1369000000,1054000000,1936000000,927000000,802000000,579000000,447000000,379000000,478000000,0.0,681000000,702000000,1236000000,3970000000,3669000000,3827429000,3377857000,3437613000,2947586000,3162801000,3269205000,2983652000,2673100000,3059100000,2361500000,1950900000,2282000000,1297500000,1267600000,1251000000,1033400000,1014400000,790300000,617600000,633900000,489300000
totalNonCurrentAssets,24227000000,22433000000,22650000000,20245000000,20038000000,18724000000,18328000000,17999000000,15222000000,14599000000,14689000000,13414000000,12177000000,11601000000,9996000000,9442753000,8887404000,9029825000,8761022000,8053042000,8189630000,8260733000,8240300000,8381800000,7070100000,6065200000,6044300000,4836100000,4482400000,4311100000,3729000000,3146200000,2622600000,2278800000,2112400000,1804400000
otherAssets,0.0,0.0,0.0,0.0,0.0,0.0,0.0,0.0,0.0,0.0,0.0,0.0,0.0,0.0,0.0,0.0,0.0,0.0,0.0,0.0,0.0,0.0,0.0,0.0,0.0,0.0,0.0,0.0,0.0,0.0,0.0,0.0,0.0,0.0,0.0,0.0
totalAssets,56136000000,49719000000,43997000000,40833000000,39963000000,39769000000,40157000000,44027000000,43752000000,41553000000,42193000000,31548000000,31585000000,37056000000,25118000000,21269030000,18598105000,19368821000,17182879000,15416273000,14339931000,14423100000,14029900000,13833500000,11354400000,10449900000,9756900000,8746900000,8404100000,7524500000,6260600000,5450000000,4728300000,4397600000,3862100000,3315400000
accountPayables,6388000000,4474000000,3746000000,3545000000,3894000000,3606000000,3474000000,4326000000,4513000000,2474000000,7550000000,5538000000,5786000000,6544000000,4919000000,4014392000,3399352000,3238230000,2848926000,2330992000,1794684000,2139744000,2004400000,1634700000,1126300000,993400000,725000000,690800000,555500000,473000000,362600000,315400000,283400000,0.0,0.0,0.0
shortTermDebt,1805000000,2305000000,1424000000,690000000,870000000,427000000,98000000,132000000,1523000000,3785000000,2053000000,718000000,404000000,3355000000,533000000,629187000,648746000,1931307000,1310371000,1273263000,1257847000,1582466000,1268300000,1566300000,628500000,114500000,15600000,23700000,31300000,30300000,136800000,20200000,15300000,16700000,13700000,12700000
taxPayables,300000000,173000000,524000000,98000000,0.0,0.0,0.0,0.0,0.0,0.0,0.0,0.0,0.0,0.0,0.0,0.0,0.0,0.0,0.0,0.0,0.0,0.0,0.0,0.0,0.0,0.0,0.0,0.0,0.0,0.0,0.0,0.0,0.0,0.0,0.0,0.0
deferredRevenue,9546000000,7086000000,604000000,501000000,789000000,1065000000,1152000000,0.0,0.0,0.0,0.0,0.0,0.0,0.0,0.0,0.0,0.0,0.0,0.0,0.0,0.0,0.0,0.0,0.0,0.0,0.0,0.0,0.0,0.0,0.0,0.0,0.0,0.0,0.0,0.0,0.0
otherCurrentLiabilities,4209000000,4317000000,7960000000,7040000000,7017000000,8075000000,8781000000,11144000000,9622000000,8367000000,3615000000,2317000000,2695000000,4722000000,2416000000,1521188000,1318766000,1580700000,988175000,1115042000,814450000,610735000,567600000,516300000,494000000,525700000,431800000,412500000,373400000,433500000,357500000,340700000,319800000,693400000,483600000,350500000
totalCurrentLiabilities,21948000000,18182000000,13734000000,11776000000,12570000000,13173000000,13505000000,15602000000,15658000000,14626000000,13218000000,8573000000,8885000000,14621000000,7868000000,6164767000,5366864000,6750237000,5147472000,4719297000,3866981000,4332945000,3840300000,3717300000,2248800000,1633600000,1172400000,1127000000,960200000,936800000,856900000,676300000,618500000,710100000,497300000,363200000
longTermDebt,8776000000,8748000000,7672000000,7698000000,6623000000,6504000000,5779000000,5558000000,5347000000,6535000000,8266000000,6830000000,7800000000,7690000000,4752000000,4050323000,3530140000,3739875000,3872287000,3111294000,3351067000,3277218000,3191900000,2847100000,2344900000,2003000000,2070100000,2021400000,2039100000,1562500000,980300000,750900000,690100000,692900000,657500000,570200000
deferredRevenueNonCurrent,0.0,0.0,0.0,0.0,0.0,0.0,0.0,0.0,0.0,0.0,0.0,0.0,0.0,0.0,0.0,0.0,0.0,0.0,0.0,0.0,0.0,0.0,0.0,0.0,0.0,0.0,0.0,0.0,0.0,0.0,0.0,0.0,0.0,0.0,0.0,0.0
deferredTaxLiabilitiesNonCurrent,1412000000,1302000000,1194000000,1067000000,1053000000,1669000000,1563000000,1662000000,1448000000,783000000,859000000,439000000,230000000,473000000,532000000,756600000,779427000,653834000,543555000,631923000,644295000,560772000,619800000,632900000,597500000,562400000,538400000,432400000,414100000,485300000,452700000,403800000,382800000,360000000,335100000,301000000
otherNonCurrentLiabilities,1233000000,1465000000,2172000000,1296000000,1395000000,1242000000,1395000000,1575000000,1105000000,1440000000,1012000000,1075000000,1171000000,782000000,713000000,490460000,488202000,526659000,550368000,198938000,145905000,141922000,137300000,131300000,113100000,106100000,121800000,120700000,107400000,47500000,48400000,45800000,3400000.0,4100000.0,4500000.0,5100000.0
totalNonCurrentLiabilities,11421000000,11515000000,11038000000,10061000000,9071000000,9415000000,8737000000,8795000000,7900000000,8758000000,10137000000,8344000000,9201000000,8945000000,5997000000,5297383000,4797769000,4920368000,4966210000,3942155000,4141267000,3979912000,3949000000,3611300000,3055500000,2671500000,2730300000,2574500000,2560600000,2095300000,1481400000,1200500000,1076300000,1057000000,997100000,876300000
otherLiabilities,0.0,0.0,0.0,0.0,0.0,0.0,0.0,0.0,0.0,0.0,0.0,0.0,0.0,0.0,0.0,0.0,0.0,0.0,0.0,0.0,0.0,0.0,0.0,0.0,0.0,0.0,0.0,0.0,0.0,0.0,0.0,0.0,0.0,0.0,0.0,0.0
capitalLeaseObligations,1042000000,1124000000,215000000,0.0,0.0,0.0,0.0,0.0,0.0,0,0.0,0,0.0,0.0,0.0,0.0,0.0,0.0,0.0,0,0,0,0,0,0,0,0,0,0,0,0,0,0,0,0,0
totalLiabilities,33369000000,29697000000,24772000000,21837000000,21641000000,22588000000,22242000000,24397000000,23558000000,23384000000,23355000000,16917000000,18086000000,23566000000,13865000000,11462150000,10164633000,11670605000,10113682000,8661452000,8008248000,8312857000,7789300000,7328600000,5304300000,4305100000,3902700000,3701500000,3520800000,3032100000,2338300000,1876800000,1694800000,1767100000,1494400000,1239500000
preferredStock,0,0.0,0.0,0.0,0.0,0.0,0.0,0.0,0.0,0,0.0,0,0.0,0.0,0.0,0.0,0.0,0.0,0.0,0,0,0,0,0,0,0,0,0,0,0,0,0,0,0,0,0
commonStock,2994000000,2824000000,2655000000,2560000000,2398000000,2327000000,3180000000,5115000000,6136000000,0.0,0.0,0.0,0.0,0.0,0.0,5511019000,5385840000,5431510000,5373005000,5436151000,5700741000,5232597000,5081300000,0.0,0.0,0.0,0.0,0.0,0.0,0.0,0.0,0.0,0.0,0.0,0.0,0.0
retainedEarnings,21655000000,19780000000,18958000000,18527000000,17552000000,17444000000,16865000000,15701000000,14077000000,12774000000,11996000000,10357000000,8832000000,7494000000,5982000000,4081490000,3011015000,2183751000,1863150000,1567570000,1187357000,1325323000,1419300000,1568300000,1857800000,2274900000,2185200000,1629500000,1516600000,1461800000,1285200000,1257500000,1100000000,982700000,801000000,722000000
accumulatedOtherComprehensiveIncomeLoss,-2172000000,-2604000000,-2405000000,-2106000000,-1637000000,-2598000000,-2146000000,-1241000000,-57000000,-907000000,176000000,-899000000,-355000000,957000000,181000000,214371000,36617000,82955000,-166958000,-7131833000,-6466122000,-6103950000,-5606400000,-5117700000,-4466200000,-3869600000,-3546500000,-3122500000,-2786800000,-2488000000,-2136300000,-1845900000,-1449300000,-1190700000,-989300000,-845300000
othertotalStockholdersEquity,0.0,0.0,0.0,0.0,0.0,0.0,0.0,0.0,0.0,0.0,6666000000,0.0,5022000000,5039000000,5090000000,0.0,0.0,0.0,0.0,6882933000,5909707000,5656273000,5346400000,10054300000,8658500000,7739500000,7215500000,6538400000,6153500000,5518600000,4773400000,4161600000,3382800000,2838500000,2556000000,2199200000
totalStockholdersEquity,22477000000,20000000000,19208000000,18981000000,18313000000,17173000000,17899000000,19575000000,20156000000,17969000000,18808000000,14609000000,13499000000,13490000000,11253000000,9806880000,8433472000,7698216000,7069197000,6754821000,6331683000,6110243000,6240600000,6504900000,6050100000,6144800000,5854200000,5045400000,4883300000,4492400000,3922300000,3573200000,3033500000,2630500000,2367700000,2075900000
totalLiabilitiesAndStockholdersEquity,55846000000,49697000000,43980000000,40818000000,39954000000,39761000000,40141000000,43972000000,43714000000,41353000000,42163000000,31526000000,31585000000,37056000000,25118000000,21269030000,18598105000,19368821000,17182879000,15416273000,14339931000,14423100000,14029900000,13833500000,11354400000,10449900000,9756900000,8746900000,8404100000,7524500000,6260600000,5450000000,4728300000,4397600000,3862100000,3315400000
minorityInterest,290000000,22000000,17000000,15000000,9000000,8000000,16000000,55000000,38000000,200000000,30000000,22000000,0,0,0,0,0,0,0,0,0,0,0,0,0,0,0,0,0,0,0,0,0,0,0,0
totalEquity,22767000000,20022000000,19225000000,18996000000,18322000000,17181000000,17915000000,19630000000,20194000000,18169000000,18838000000,14631000000,13499000000,13490000000,11253000000,9806880000,8433472000,7698216000,7069197000,6754821000,6331683000,6110243000,6240600000,6504900000,6050100000,6144800000,5854200000,5045400000,4883300000,4492400000,3922300000,3573200000,3033500000,2630500000,2367700000,2075900000
totalLiabilitiesAndTotalEquity,56136000000,49719000000,43997000000,40833000000,39963000000,39769000000,40157000000,44027000000,43752000000,41553000000,42193000000,31548000000,31585000000,37056000000,25118000000,21269030000,18598105000,19368821000,17182879000,15416273000,14339931000,14423100000,14029900000,13833500000,11354400000,10449900000,9756900000,8746900000,8404100000,7524500000,6260600000,5450000000,4728300000,4397600000,3862100000,3315400000
totalInvestments,0.0,0.0,0.0,5330000000,0.0,4980000000,4778000000,4892000000,4281000000,4360000000,4645000000,3871000000,5389000000,0.0,0.0,0.0,0.0,0.0,0.0,0.0,0.0,0.0,0.0,0.0,0.0,0.0,0.0,0.0,0.0,0.0,0.0,0.0,0.0,0.0,0.0,0.0
totalDebt,10581000000,11053000000,9096000000,8388000000,7493000000,6931000000,5877000000,5690000000,6870000000,10320000000,10319000000,7548000000,8204000000,11045000000,5285000000,4679510000,4178886000,5671182000,5182658000,4384557000,4608914000,4859684000,4460200000,4413400000,2973400000,2117500000,2085700000,2045100000,2070400000,1592800000,1117100000,771100000,705400000,709600000,671200000,582900000
netDebt,9638000000,10387000000,8244000000,6391000000,6689000000,6312000000,4967000000,4591000000,3749000000,9029000000,9704000000,6502000000,7149000000,10235000000,4622000000,3566657000,3656466000,5130975000,4417699000,3540370000,3932828000,4382458000,3778800000,4067100000,2575600000,1582800000,1631100000,1728700000,1683900000,628400000,469500000,362700000,271800000,65200000,206100000,-12500000
link,https://www.sec.gov/Archives/edgar/data/7084/000000708422000008/0000007084-22-000008-index.htm,https://www.sec.gov/Archives/edgar/data/7084/000000708421000008/0000007084-21-000008-index.htm,https://www.sec.gov/Archives/edgar/data/7084/000000708420000009/0000007084-20-000009-index.html,https://www.sec.gov/Archives/edgar/data/7084/000000708419000012/0000007084-19-000012-index.html,https://www.sec.gov/Archives/edgar/data/7084/000000708418000012/0000007084-18-000012-index.html,https://www.sec.gov/Archives/edgar/data/7084/000000708417000008/0000007084-17-000008-index.html,https://www.sec.gov/Archives/edgar/data/7084/000000708416000046/0000007084-16-000046-index.html,https://www.sec.gov/Archives/edgar/data/7084/000000708415000005/adm-20141231x10k.htm,https://www.sec.gov/Archives/edgar/data/7084/000000708414000011/adm-20131231x10k.htm,,https://www.sec.gov/Archives/edgar/data/7084/000000708411000028/0000007084-11-000028-index.html,,https://www.sec.gov/Archives/edgar/data/7084/000000708409000051/0000007084-09-000051-index.html,https://www.sec.gov/Archives/edgar/data/7084/000000708408000044/0000007084-08-000044-index.html,https://www.sec.gov/Archives/edgar/data/7084/000000708407000166/0000007084-07-000166-index.html,https://www.sec.gov/Archives/edgar/data/7084/000000708406000401/adm10kfy06.htm,https://www.sec.gov/Archives/edgar/data/7084/000000708405000350/adm10kfy05.htm,https://www.sec.gov/Archives/edgar/data/7084/000000708404000364/adm10-k04.htm,https://www.sec.gov/Archives/edgar/data/7084/000000708403000063/adm10k2003.htm,https://www.sec.gov/Archives/edgar/data/7084/000000708402000017/0000007084-02-000017-index.html,https://www.sec.gov/Archives/edgar/data/7084/000000708401500047/0000007084-01-500047-index.html,https://www.sec.gov/Archives/edgar/data/7084/000000708400000039/0000007084-00-000039-index.html,https://www.sec.gov/Archives/edgar/data/7084/000000708499000022/0000007084-99-000022-index.html,https://www.sec.gov/Archives/edgar/data/7084/000000708498000029/0000007084-98-000029-index.html,https://www.sec.gov/Archives/edgar/data/7084/000000708497000032/0000007084-97-000032-index.html,https://www.sec.gov/Archives/edgar/data/7084/000000708496000017/0000007084-96-000017-index.html,https://www.sec.gov/Archives/edgar/data/7084/000000708495000024/0000007084-95-000024-index.html,https://www.sec.gov/Archives/edgar/data/7084/000000708494000015/0000007084-94-000015-index.html,,,,,,,,
finalLink,https://www.sec.gov/Archives/edgar/data/7084/000000708422000008/adm-20211231.htm,https://www.sec.gov/Archives/edgar/data/7084/000000708421000008/adm-20201231.htm,https://www.sec.gov/Archives/edgar/data/7084/000000708420000009/adm-20191231x10k.htm,https://www.sec.gov/Archives/edgar/data/7084/000000708419000012/adm-20181231x10k.htm,https://www.sec.gov/Archives/edgar/data/7084/000000708418000012/adm-20171231x10k.htm,https://www.sec.gov/Archives/edgar/data/7084/000000708417000008/adm-20161231x10k.htm,https://www.sec.gov/Archives/edgar/data/7084/000000708416000046/adm-20151231x10k.htm,https://www.sec.gov/Archives/edgar/data/7084/000000708415000005/adm-20141231x10k.htm,https://www.sec.gov/Archives/edgar/data/7084/000000708414000011/adm-20131231x10k.htm,,https://www.sec.gov/Archives/edgar/data/7084/000000708411000028/adm10kfy11.htm,,https://www.sec.gov/Archives/edgar/data/7084/000000708409000051/adm10kfy09.htm,https://www.sec.gov/Archives/edgar/data/7084/000000708408000044/adm10kfy08.htm,https://www.sec.gov/Archives/edgar/data/7084/000000708407000166/adm10kfy07.htm,https://www.sec.gov/Archives/edgar/data/7084/000000708406000401/adm10kfy06.htm,https://www.sec.gov/Archives/edgar/data/7084/000000708405000350/adm10kfy05.htm,https://www.sec.gov/Archives/edgar/data/7084/000000708404000364/adm10-k04.htm,https://www.sec.gov/Archives/edgar/data/7084/000000708403000063/adm10k2003.htm,https://www.sec.gov/Archives/edgar/data/7084/000000708402000017/adm10k02.htm,https://www.sec.gov/Archives/edgar/data/7084/000000708401500047/adm10k2001.htm,https://www.sec.gov/Archives/edgar/data/7084/000000708400000039/0000007084-00-000039-0001.txt,https://www.sec.gov/Archives/edgar/data/7084/0000007084-99-000022.txt,https://www.sec.gov/Archives/edgar/data/7084/0000007084-98-000029.txt,https://www.sec.gov/Archives/edgar/data/7084/0000007084-97-000032.txt,https://www.sec.gov/Archives/edgar/data/7084/0000007084-96-000017.txt,https://www.sec.gov/Archives/edgar/data/7084/0000007084-95-000024.txt,https://www.sec.gov/Archives/edgar/data/7084/0000007084-94-000015.txt,,,,,,,,
