,2021,2020,2019,2018,2017,2016,2015,2014,2013,2012,2011,2010,2009,2008,2007,2006,2005,2004,2003,2002,2001,2000
reportedCurrency,USD,USD,USD,USD,USD,USD,USD,USD,USD,USD,USD,USD,USD,USD,USD,USD,USD,USD,USD,USD,USD,USD
cik,0001109357,0001109357,0001109357,0001109357,0001109357,0001109357,0001109357,0001109357,0001109357,0001109357,0001109357,0001109357,0001109357,0001109357,0001109357,0001109357,0001109357,0001109357,0001109357,0001109357,0001109357,0001109357
fillingDate,2022-02-25,2021-02-24,2020-02-11,2019-02-08,2018-02-09,2017-02-13,2016-02-10,2015-02-13,2014-02-14,2013-02-22,2012-02-09,2011-02-10,2010-02-05,2009-02-06,2008-02-07,2007-02-13,2006-02-15,2005-02-23,2004-02-20,2003-03-21,2002-04-01,2001-04-02
acceptedDate,2022-02-25 15:02:27,2021-02-24 15:10:10,2020-02-11 16:02:37,2019-02-08 15:11:50,2018-02-09 08:40:06,2017-02-13 10:58:30,2016-02-10 16:36:37,2015-02-13 16:15:37,2014-02-13 19:23:41,2013-02-21 18:53:50,2012-02-09 15:21:51,2011-02-10 15:36:39,2010-02-05 15:16:34,2009-02-06 16:12:02,2008-02-07 06:27:55,2007-02-13 16:57:54,2006-02-15 16:22:53,2005-02-23 16:24:27,2004-02-20 15:28:14,2003-03-21 17:21:20,2002-04-01 00:00:00,2001-04-02 00:00:00
calendarYear,2021,2020,2019,2018,2017,2016,2015,2014,2013,2012,2011,2010,2009,2008,2007,2006,2005,2004,2003,2002,2001,2000
period,FY,FY,FY,FY,FY,FY,FY,FY,FY,FY,FY,FY,FY,FY,FY,FY,FY,FY,FY,FY,FY,FY
cashAndCashEquivalents,1182000000,663000000,587000000,1596000000,898000000,635000000,6502000000,1878000000,1609000000,1486000000,1016000000,1612000000,2010000000,1271000000,311000000,224000000,140000000,528000000,493000000,469000000,485000000,840000000
shortTermInvestments,0.0,0.0,0.0,0.0,0.0,0.0,0.0,0.0,0.0,0.0,0.0,0.0,0.0,0.0,0.0,0.0,0.0,0.0,0.0,0.0,0.0,0.0
cashAndShortTermInvestments,1182000000,663000000,587000000,1596000000,898000000,635000000,6502000000,1878000000,1609000000,1486000000,1016000000,1612000000,2010000000,1271000000,311000000,224000000,140000000,528000000,493000000,469000000,485000000,840000000
netReceivables,5126000000,4667000000,6222000000,5911000000,5593000000,5447000000,4185000000,4963000000,4530000000,5112000000,2613000000,3128000000,2049000000,2252000000,2652000000,2209000000,2195000000,2058000000,2232000000,2392000000,2159000000,2552000000
inventory,1869000000,1722000000,1768000000,1685000000,1651000000,1638000000,1566000000,1603000000,1105000000,1014000000,864000000,806000000,757000000,843000000,723000000,731000000,662000000,542000000,522000000,524000000,471000000,454000000
otherCurrentAssets,5780000000,5510000000,3460000000,4168000000,3692000000,4692000000,3081000000,3653000000,2893000000,2521000000,996000000,852000000,625000000,1002000000,1365000000,1828000000,1640000000,798000000,1333000000,733000000,667000000,338000000
totalCurrentAssets,13957000000,12562000000,12037000000,13360000000,11834000000,12412000000,15334000000,12097000000,10137000000,10133000000,5489000000,6398000000,5441000000,5368000000,5051000000,4992000000,4637000000,3926000000,4580000000,4118000000,3782000000,4184000000
propertyPlantEquipmentNet,84219000000,82584000000,80233000000,76707000000,74202000000,71555000000,57439000000,52087000000,47330000000,45186000000,32570000000,29941000000,27341000000,25813000000,24153000000,22775000000,21981000000,21482000000,20630000000,17134000000,13742000000,12936000000
goodwill,6677000000,6677000000,6677000000,6677000000,6677000000,6677000000,2672000000,2672000000,2625000000,2625000000,2625000000,2625000000,2625000000,2625000000,0.0,0.0,0.0,0.0,0.0,0.0,0.0,0.0
intangibleAssets,0.0,0.0,174000000,118000000,0.0,0.0,755000000,738000000,496000000,0.0,0.0,0.0,0.0,0.0,0.0,0.0,0.0,0.0,0.0,0.0,0.0,0.0
goodwillAndIntangibleAssets,6677000000,6677000000,6851000000,6795000000,6677000000,6677000000,3427000000,3410000000,3121000000,2625000000,2625000000,2625000000,2625000000,2625000000,2625000000,2694000000,3475000000,4705000000,4719000000,4992000000,5335000000,5186000000
longTermInvestments,16381000000,14904000000,13654000000,12286000000,13912000000,11690000000,10981000000,11081000000,11183000000,10303000000,7273000000,7140000000,7393000000,6215000000,731000000,810000000,813000000,0.0,0.0,0.0,0.0,0.0
taxAssets,0.0,3685000000,0.0,0.0,0.0,0.0,0.0,0.0,0.0,58000000,0.0,0.0,0.0,0.0,0.0,0.0,0.0,0.0,0.0,0.0,0.0,0.0
otherNonCurrentAssets,11779000000,8905000000,12202000000,10518000000,10075000000,12570000000,8203000000,8139000000,8153000000,10249000000,7135000000,6136000000,6380000000,7796000000,13334000000,13048000000,11483000000,12657000000,12012000000,11234000000,11962000000,12291000000
totalNonCurrentAssets,119056000000,116755000000,112940000000,106306000000,104866000000,102492000000,80050000000,74717000000,69787000000,68421000000,49603000000,45842000000,43739000000,42449000000,40843000000,39327000000,37752000000,38844000000,37361000000,33360000000,31039000000,30413000000
otherAssets,0.0,0.0,0.0,0.0,0.0,0.0,0.0,0.0,0.0,0.0,0.0,0.0,0.0,0.0,0.0,0.0,0.0,0.0,0.0,0.0,0.0,0.0
totalAssets,133013000000,129317000000,124977000000,119666000000,116700000000,114904000000,95384000000,86814000000,79924000000,78554000000,55092000000,52240000000,49180000000,47817000000,45894000000,44319000000,42389000000,42770000000,41941000000,37478000000,34821000000,34597000000
accountPayables,4136000000,3562000000,3560000000,3800000000,3532000000,3441000000,2883000000,3048000000,2484000000,2648000000,1444000000,1373000000,1345000000,1416000000,1450000000,1382000000,1467000000,1255000000,1822000000,1563000000,964000000,1193000000
shortTermDebt,6703000000,3850000000,6080000000,2063000000,3017000000,3697000000,2033000000,2262000000,1850000000,1257000000,1216000000,824000000,1209000000,559000000,1722000000,1134000000,2204000000,913000000,2271000000,2617000000,1766000000,2281000000
taxPayables,495000000,527000000,414000000,412000000,373000000,723000000,293000000,305000000,0.0,0.0,0.0,297000000,0.0,0.0,0.0,0.0,0.0,0.0,0.0,0.0,0.0,0.0
deferredRevenue,91000000,100000000,132000000,149000000,231000000,407000000,100000000,238000000,261000000,455000000,0.0,0.0,0.0,0.0,0.0,0.0,0.0,0.0,0.0,0.0,0.0,0.0
otherCurrentLiabilities,5181000000,5259000000,4413000000,5392000000,4016000000,5912000000,4102000000,3214000000,3133000000,3424000000,2329000000,2043000000,1684000000,2105000000,2823000000,3279000000,2892000000,2714000000,1595000000,1794000000,1687000000,1177000000
totalCurrentLiabilities,16111000000,12771000000,14185000000,11404000000,10796000000,13457000000,9118000000,8762000000,7728000000,7784000000,4989000000,4240000000,4238000000,4080000000,5995000000,5795000000,6563000000,4882000000,5688000000,5974000000,4417000000,4651000000
longTermDebt,35714000000,35483000000,31719000000,34465000000,32565000000,32216000000,24286000000,20010000000,18271000000,18346000000,12189000000,12004000000,11385000000,12592000000,11965000000,11911000000,11760000000,12148000000,13489000000,13127000000,12876000000,12958000000
deferredRevenueNonCurrent,147000000,238000000,338000000,463000000,609000000,830000000,117000000,211000000,266000000,528000000,0.0,0.0,0.0,0.0,0.0,0.0,0.0,0.0,0.0,0.0,0.0,0.0
deferredTaxLiabilitiesNonCurrent,14194000000,13035000000,12351000000,11330000000,11222000000,18138000000,13776000000,13019000000,12905000000,11551000000,8351000000,6621000000,5750000000,4939000000,5081000000,5424000000,5078000000,4763000000,4645000000,4003000000,4619000000,4739000000
otherNonCurrentLiabilities,32052000000,32922000000,31811000000,28934000000,29376000000,22651000000,20793000000,20679000000,17814000000,18615000000,15175000000,15812000000,15167000000,15159000000,12716000000,11182000000,9863000000,11554000000,9616000000,6632000000,4679000000,5034000000
totalNonCurrentLiabilities,82107000000,81678000000,76219000000,75192000000,73772000000,73835000000,58972000000,53919000000,49256000000,49040000000,35715000000,34437000000,32302000000,32690000000,29762000000,28517000000,26701000000,28465000000,27750000000,23762000000,22174000000,22731000000
otherLiabilities,0.0,0.0,0.0,0.0,0.0,0.0,0.0,0.0,0.0,0.0,0.0,0.0,0.0,0.0,0.0,57068000000,0.0,0.0,0.0,0.0,0.0,0.0
capitalLeaseObligations,0,0.0,0.0,0.0,0.0,0.0,0.0,0.0,0.0,0.0,0.0,0.0,0.0,0.0,0.0,0.0,0.0,0.0,0.0,0.0,0,0
totalLiabilities,98218000000,94449000000,90404000000,86596000000,84568000000,87292000000,68090000000,62681000000,56984000000,56824000000,40704000000,38677000000,36540000000,36770000000,35757000000,34346000000,33263000000,33305000000,33438000000,29659000000,26591000000,27382000000
preferredStock,0,0.0,0.0,0.0,0.0,0.0,0.0,0.0,0.0,0.0,0.0,0.0,0.0,0.0,0.0,0.0,0.0,0.0,0.0,0.0,0,0
commonStock,20324000000,19373000000,19274000000,19116000000,18964000000,18794000000,18676000000,16709000000,16741000000,16632000000,0.0,0.0,0.0,0.0,0.0,0.0,7987000000,7598000000,7292000000,7059000000,6930000000,6883000000
retainedEarnings,16942000000,16735000000,16267000000,14766000000,13503000000,12030000000,12068000000,10910000000,10358000000,9893000000,10055000000,9304000000,8134000000,6820000000,4930000000,3426000000,3206000000,3353000000,2320000000,2042000000,1200000000,332000000
accumulatedOtherComprehensiveIncomeLoss,-2750000000,-3400000000,-3194000000,-2995000000,-2487000000,-2660000000,-2624000000,-2684000000,-2040000000,-2767000000,-2450000000,-2423000000,-2089000000,-2251000000,-1534000000,-1137000000,-1624000000,-1446000000,-1109000000,-1359000000,-7784000000,-6950000000
othertotalStockholdersEquity,0.0,-123000000,-123000000,-123000000,-123000000,-2327000000,-2327000000,-2327000000,-2327000000,-2327000000,6783000000,6682000000,6595000000,6478000000,6741000000,7650000000,-444000000,-82000000,0.0,0.0,7884000000,6950000000
totalStockholdersEquity,34393000000,32585000000,32224000000,30764000000,29857000000,25837000000,25793000000,22608000000,22732000000,21431000000,14385000000,13560000000,12640000000,11047000000,10137000000,9973000000,9125000000,9423000000,8503000000,7742000000,8230000000,7215000000
totalLiabilitiesAndStockholdersEquity,132611000000,127034000000,122628000000,117360000000,114425000000,113129000000,93883000000,85289000000,79716000000,78255000000,55089000000,52237000000,49180000000,47817000000,45894000000,44319000000,42388000000,42728000000,41941000000,37401000000,34821000000,34597000000
minorityInterest,402000000,2283000000,2349000000,2306000000,2275000000,1775000000,1501000000,1525000000,208000000,299000000,3000000,3000000,0,0,0,0,1000000,42000000,0,77000000,0,0
totalEquity,34795000000,34868000000,34573000000,33070000000,32132000000,27612000000,27294000000,24133000000,22940000000,21730000000,14388000000,13563000000,12640000000,11047000000,10137000000,9973000000,9126000000,9465000000,8503000000,7819000000,8230000000,7215000000
totalLiabilitiesAndTotalEquity,133013000000,129317000000,124977000000,119666000000,116700000000,114904000000,95384000000,86814000000,79924000000,78554000000,55092000000,52240000000,49180000000,47817000000,45894000000,44319000000,42389000000,42770000000,41941000000,37478000000,34821000000,34597000000
totalInvestments,0.0,0.0,0.0,0.0,0.0,0.0,0.0,0.0,0.0,0.0,0.0,0.0,0.0,0.0,0.0,0.0,0.0,0.0,0.0,0.0,0.0,0.0
totalDebt,42417000000,39333000000,37799000000,36528000000,35582000000,35913000000,26319000000,22272000000,20121000000,19603000000,13405000000,12828000000,12594000000,13151000000,13687000000,13045000000,13964000000,13061000000,15760000000,15744000000,14642000000,15239000000
netDebt,41235000000,38670000000,37212000000,34932000000,34684000000,35278000000,19817000000,20394000000,18512000000,18117000000,12389000000,11216000000,10584000000,11880000000,13376000000,12821000000,13824000000,12533000000,15267000000,15275000000,14157000000,14399000000
link,https://www.sec.gov/Archives/edgar/data/1109357/000110935722000039/0001109357-22-000039-index.htm,https://www.sec.gov/Archives/edgar/data/1109357/000110935721000022/0001109357-21-000022-index.htm,https://www.sec.gov/Archives/edgar/data/1168165/000110935720000053/0001109357-20-000053-index.html,https://www.sec.gov/Archives/edgar/data/1168165/000162828019001107/0001628280-19-001107-index.html,https://www.sec.gov/Archives/edgar/data/1168165/000162828018001324/0001628280-18-001324-index.html,https://www.sec.gov/Archives/edgar/data/1168165/000119312517039639/0001193125-17-039639-index.html,https://www.sec.gov/Archives/edgar/data/1168165/000119312516457652/0001193125-16-457652-index.html,https://www.sec.gov/Archives/edgar/data/1109357/000119312515049964/d858551d10k.htm,https://www.sec.gov/Archives/edgar/data/1109357/000119312514051838/d666092d10k.htm,https://www.sec.gov/Archives/edgar/data/1109357/000119312513069749/0001193125-13-069749-index.html,https://www.sec.gov/Archives/edgar/data/1109357/000119312512049043/0001193125-12-049043-index.html,https://www.sec.gov/Archives/edgar/data/1109357/000119312511030543/d10k.htm,https://www.sec.gov/Archives/edgar/data/1109357/000119312510023280/0001193125-10-023280-index.html,https://www.sec.gov/Archives/edgar/data/1109357/000119312509021261/0001193125-09-021261-index.html,https://www.sec.gov/Archives/edgar/data/1109357/000119312508022265/d10k.htm,https://www.sec.gov/Archives/edgar/data/1109357/000119312507029587/d10k.htm,https://www.sec.gov/Archives/edgar/data/1109357/000119312506032686/d10k.htm,https://www.sec.gov/Archives/edgar/data/1109357/000119312505035141/0001193125-05-035141-index.html,https://www.sec.gov/Archives/edgar/data/1109357/000119312504027301/0001193125-04-027301-index.html,https://www.sec.gov/Archives/edgar/data/1168165/000104746903009677/0001047469-03-009677-index.html,https://www.sec.gov/Archives/edgar/data/22606/000095013702001929/0000950137-02-001929-index.html,https://www.sec.gov/Archives/edgar/data/78100/000095015901000191/0000950159-01-000191-index.html
finalLink,https://www.sec.gov/Archives/edgar/data/1109357/000110935722000039/exc-20211231.htm,https://www.sec.gov/Archives/edgar/data/8192/000110935721000022/exc-20201231.htm,https://www.sec.gov/Archives/edgar/data/8192/000110935720000053/exc-20191231x10k.htm,https://www.sec.gov/Archives/edgar/data/8192/000162828019001107/exc-20181231x10k.htm,https://www.sec.gov/Archives/edgar/data/8192/000162828018001324/exc-20171231x10k.htm,https://www.sec.gov/Archives/edgar/data/8192/000119312517039639/d339405d10k.htm,https://www.sec.gov/Archives/edgar/data/9466/000119312516457652/d129102d10k.htm,https://www.sec.gov/Archives/edgar/data/1109357/000119312515049964/d858551d10k.htm,https://www.sec.gov/Archives/edgar/data/1109357/000119312514051838/d666092d10k.htm,https://www.sec.gov/Archives/edgar/data/9466/000119312513069749/d474199d10k.htm,https://www.sec.gov/Archives/edgar/data/22606/000119312512049043/d283520d10k.htm,https://www.sec.gov/Archives/edgar/data/1109357/000119312511030543/d10k.htm,https://www.sec.gov/Archives/edgar/data/22606/000119312510023280/d10k.htm,https://www.sec.gov/Archives/edgar/data/22606/000119312509021261/d10k.htm,https://www.sec.gov/Archives/edgar/data/1109357/000119312508022265/d10k.htm,https://www.sec.gov/Archives/edgar/data/1109357/000119312507029587/d10k.htm,https://www.sec.gov/Archives/edgar/data/1109357/000119312506032686/d10k.htm,https://www.sec.gov/Archives/edgar/data/22606/000119312505035141/d10k.htm,https://www.sec.gov/Archives/edgar/data/22606/000119312504027301/d10k.htm,https://www.sec.gov/Archives/edgar/data/22606/000104746903009677/a2105664z10-k.htm,https://www.sec.gov/Archives/edgar/data/22606/000095013702001929/c68219e10-k.txt,https://www.sec.gov/Archives/edgar/data/22606/000095015901000191/0000950159-01-000191-0001.txt
