,2021,2020,2019,2018,2017,2016,2015,2014,2013,2012,2011,2010,2009,2008,2007,2006,2005,2004,2003,2002,2001,2000
period,FY,FY,FY,FY,FY,FY,FY,FY,FY,FY,FY,FY,FY,FY,FY,FY,FY,FY,FY,FY,FY,FY
revenueGrowth,0.10012409576561034,-0.040623729601022125,-0.04299013477837988,0.0731860069786168,0.0692283163265306,0.06496417292084083,0.07357176710780561,0.10209739633558342,0.05955979394610243,0.2412280701754386,0.015018236429950654,0.07656773299457212,-0.08171164961026565,-0.0030133220554028335,0.20830405621207282,0.01940483167285277,0.058008956252152945,-0.08202630913230458,0.057305249080575056,-0.012219286657859974,1.0189358581144152,0.3793040023543261
grossProfitGrowth,0.08365697491340401,-0.07737749370521015,0.03487672880336741,0.06488794023479189,0.0804889298892989,0.07847282676284044,0.3726527825196313,-0.1502756019727299,0.28355985849934834,-0.5446761614106477,-0.033827504300106476,0.014289274736229958,-0.019548749694550786,0.08896576193010466,0.08164635901371965,0.07331891669241067,0.029471006042616345,-0.0004238635159478648,-0.02641081192613226,-0.013635901088836878,1.0083793173921929,0.48651111921254103
ebitgrowth,-0.035423308537017355,-0.35459533607681754,0.12211390456644433,-0.08497652582159625,0.36889460154241643,-0.29417101383533684,0.4240956072351421,-0.15317286652078774,0.5361344537815126,-0.46875,-0.052052475666525606,-0.0050526315789473685,-0.10360445367050387,0.2392422825070159,0.1858014420410427,0.3237885462555066,-0.20652490533061463,0.5618744313011829,-0.33373749621097304,-0.018738845925044618,1.2017026850032744,0.08359352824297474
operatingIncomeGrowth,-0.035423308537017355,-0.35459533607681754,0.12211390456644433,-0.08497652582159625,0.36889460154241643,-0.29417101383533684,0.4240956072351421,-0.15317286652078774,0.5361344537815126,-0.46875,-0.052052475666525606,-0.0050526315789473685,-0.10360445367050387,0.2392422825070159,0.1858014420410427,0.3237885462555066,-0.20652490533061463,0.5618744313011829,-0.33373749621097304,-0.018738845925044618,1.2017026850032744,0.08359352824297474
netIncomeGrowth,-0.13092205807437596,-0.3314032697547684,0.4606965174129353,-0.46684350132625996,2.324514991181658,-0.500220361392684,0.39802834257547753,-0.055846422338568937,0.4818965517241379,-0.5350701402805611,-0.026531408505657432,-0.05319541928333949,-0.010960906101571063,0.0003654970760233918,0.7185929648241206,0.7248104008667389,-0.5048283261802575,1.0596685082872928,-0.3715277777777778,0.008403361344537815,1.4368600682593857,0.006181318681318681
epsgrowth,-0.07053090014686555,-0.33443708609271533,0.45192307692307687,-0.4773869346733668,2.2357723577235773,-0.5176470588235293,0.3492063492063492,-0.05970149253731338,0.4154929577464788,-0.6223404255319149,-0.03092783505154642,-0.0536585365853658,-0.014423076923077042,0.01960784313725492,0.7215189873417721,0.7173913043478263,-0.5106382978723404,1.0287769784172662,-0.378076062639821,0.0022421524663676653,0.5326460481099655,0
epsdilutedGrowth,-0.07147933800386055,-0.33222591362126247,0.45410628019323673,-0.4785894206549119,2.2540983606557377,-0.5196850393700787,0.35106382978723416,-0.06000000000000005,0.4084507042253522,-0.6213333333333334,-0.031007751937984523,-0.053789731051344686,-0.009685230024213084,0.019753086419753103,0.7234042553191488,0.7279411764705882,-0.5107913669064748,1.0218181818181817,-0.3806306306306307,0.0022573363431152766,0.543554006968641,-0.006920415224913501
weightedAverageSharesGrowth,0.0030737704918032786,0.003083247687564234,0.0062047569803516025,0.021119324181626188,0.024891774891774892,0.038202247191011236,0.03488372093023256,0.004672897196261682,0.049019607843137254,0.23076923076923078,0.0030257186081694403,0.0030349013657056147,0.001519756838905775,-0.01791044776119403,0,0.0014947683109118087,0.012102874432677761,0.013803680981595092,0.012422360248447204,0.00625,0.5841584158415841,0.03090143905011884
weightedAverageSharesDilutedGrowth,0.0030706243602865915,0.003080082135523614,0.005159958720330237,0.02107481559536354,0.023732470334412083,0.03807390817469205,0.03356481481481482,0.004651162790697674,0.050061050061050064,0.23157894736842105,0.0030165912518853697,0.0015105740181268882,0,-0.020710059171597635,0,0,0.01046337817638266,0.016717325227963525,0.012307692307692308,0.008228290681088612,0.5957803465346535,0.023816205163603853
dividendsperShareGrowth,0.0002765857813000719,0.056401942064083554,0.05053871960346772,0.05538097007058175,0.03428901595903643,0.016375781081663373,0.002584797172548444,-0.15128381775187588,-0.3061564603620679,0.0008973438621679796,-0.00014550872129325486,-0.00014637050306668385,0.0358788994788382,0.15198856318582243,0.10177404295051351,-0.0005593527688660031,0.272207922092172,0.3220731052657266,0.0877311510422909,-0.040303420943289626,1.3440684713375795,-0.26816963310194547
operatingCashFlowGrowth,-0.2887839433293979,-0.3640186214146268,-0.22963905599259601,0.15561497326203208,-0.1142687981053878,0.10884978991596639,0.7087727170742651,-0.29733564559356773,0.03457837220681781,0.26334226251803006,-0.07456140350877193,-0.13948145717098787,-0.06976034193252939,0.4570729537366548,-0.07011375387797311,1.2519795062878436,-0.5118235561618918,0.299645390070922,-0.06364139457664637,-0.00027662517289073305,2.298357664233577,0.23367852318775326
freeCashFlowGrowth,-0.3031733543141883,-5.473684210526316,-1.5609523809523809,11.096153846153847,0.037037037037037035,-12.5,0.9950617283950617,-2.7088607594936707,1.7719298245614035,-0.5782983970406905,-0.5771637122002086,-0.3200992555831266,-0.17850902737332558,0.884742041712404,-0.24617294166321887,135.27777777777777,-1.0072668550666128,0.7321678321678322,-0.023224043715846996,-0.0698856416772554,3.5755813953488373,-0.13415554996224516
tenYRevenueGrowthPerShare,0.3007279372854031,0.2001608107561525,0.3468299354544048,0.29838134223423546,0.2541284616722671,0.45253235000919434,0.4413544165710035,0.45243244758830076,0.19888361140598287,0.23957788397873359,0.20657274189017144,0.5195522791843754,0.4157622634965392,0.5440834867141355,0.5210115577599402,0.25879868559589053,0.23668267876673546,0.18302410064155816,0.3065234873852303,0.25106121810030163,0.2744532604347247,0
fiveYRevenueGrowthPerShare,0.09391051364365982,0.02311870952369551,0.10972037045134603,0.27990813529202335,0.2300482784567922,0.18906246997559603,0.17304160268447977,0.21366604715620519,0.014433228786374803,0.019576616330609156,0.22157782848785537,0.22873256436301645,0.19673154818128077,0.18182604570265973,0.21577708249125493,-0.01228336520830453,0.23668267876673546,0.18302410064155816,0.3065234873852303,0.25106121810030163,0.2744532604347247,0
threeYRevenueGrowthPerShare,-0.002320964798776133,-0.04395012371717669,0.042847966524739475,0.124718874275691,0.1101585381445415,0.16731441707333694,0.14941452393924776,0.11740886434354302,0.030809942112618817,0.09537304210285562,-0.004120840560299959,-0.0009594132063756715,0.12469315363667162,0.24856886348076876,0.2856978627359243,-0.03652808560284841,-0.011493074140208373,-0.07173990810928557,0.3065234873852303,0.25106121810030163,0.2744532604347247,0
tenYOperatingCFGrowthPerShare,-0.5796843964339107,-0.4530566158357404,-0.25991919671632946,-0.10214422926502856,0.17706411330780478,0.2665023704320498,1.6664350046838285,-0.221084372389141,0.4277040387971983,0.3388714367872218,0.2958908853465846,1.924368077564407,2.408692666393452,2.669885519046879,1.4735592112430547,1.6600664560409628,0.18297818947552166,1.4525878728314763,0.9131700326899825,1.0685836695833522,1.082088275547445,0
fiveYOperatingCFGrowthPerShare,-0.663376374558445,-0.49293145793153326,0.3205413104690453,0.20633335838626102,0.051260778183886226,0.24862181914520676,0.07863797255718681,-0.4395625510414362,-0.2557150438614637,0.11966900861768197,0.014320229722626386,1.4720388791453018,0.3898350816104162,0.9182223515632297,0.1957743105171431,0.27759542536281256,0.18297818947552166,1.4525878728314763,0.9131700326899825,1.0685836695833522,1.082088275547445,0
threeYOperatingCFGrowthPerShare,-0.6558212986364748,-0.4506463958534233,-0.2511954202179996,0.044603208398147166,0.5240788489518168,0.23340792897784862,0.1389266923114986,-0.29197691190776265,-0.06597237073789723,-0.18749859231516702,-0.26478381825118297,0.18225109157375058,0.2814313938106216,2.1022427562032555,0.008550698078502415,0.3903973042588476,-0.42812166272501145,0.1779461522526538,0.9131700326899825,1.0685836695833522,1.082088275547445,0
tenYNetIncomeGrowthPerShare,-0.5369378184356455,-0.48129153527820245,-0.26541785200790763,-0.5002869633982814,-0.025122424152602678,-0.48349703060758337,0.8478593253557647,-0.3307696626409821,0.44677544276346365,-0.3642429193899781,0.6865871537151812,1.6731965736060268,1.8319565791586179,1.8676929779972409,1.8153023279506906,0.6381437522286181,-0.04882739762367553,0.9441429626225649,-0.04305994681630678,0.5415597905581582,0.5382679180887374,0
fiveYNetIncomeGrowthPerShare,0.4198918019142738,-0.21109266738434637,0.5989067737096302,0.035064637397106226,1.8004223864836322,-0.6738750227728183,-0.3424975998106152,-0.5405722459429043,-0.5172156225350766,-0.6518819516110538,0.5837577783335985,1.8104221746164175,0.456660664161462,1.9967321029740217,0.8262686567164182,0.06492746352272248,-0.04882739762367553,0.9441429626225649,-0.04305994681630678,0.5415597905581582,0.5382679180887374,0
threeYNetIncomeGrowthPerShare,-0.16164733025373648,-0.49478165630299603,1.4586806745080128,-0.18468563521735099,1.109460038868405,-0.38886244645406953,0.793397907787679,-0.4985091112457473,-0.48208920256270943,-0.6539291741816785,-0.09529265178430225,-0.050476196795569424,0.7287595031302185,2.014902837647819,0.44809429248606764,0.7118561886699101,-0.3829804019265902,0.2638519855748653,-0.04305994681630678,0.5415597905581582,0.5382679180887374,0
tenYShareholdersEquityGrowthPerShare,0.6191647112831397,0.6274575807582571,0.726652529694147,0.894950493093859,1.0838264456981592,0.8785341634534455,1.1247365861166694,0.8440638812998379,1.0362884567403918,1.1846656384072614,0.6872384994749373,0.14869110935676746,0.07400595412735013,-0.059922864178183384,-0.15281223818537254,-0.16651834383177672,-0.23624901203376544,-0.20176133307752073,-0.2697532832502158,-0.3268492572840399,-0.2799462924462925,0
fiveYShareholdersEquityGrowthPerShare,0.25636912136718826,0.1520094885319629,0.2598038039086474,0.19798793950134483,0.20044954567239873,0.2887651278162226,0.41271195850319836,0.3705725640270827,0.5817776044411771,0.7358717433900658,0.45762336589334196,0.5040126002528341,0.3454697180582107,0.28734181785295154,0.2585409300693638,0.15752706697375818,-0.23624901203376544,-0.20176133307752073,-0.2697532832502158,-0.3268492572840399,-0.2799462924462925,0
threeYShareholdersEquityGrowthPerShare,0.10425923326270865,0.05894089010073702,0.18439480717937548,0.09775260685552718,0.19931287464193934,0.05294632049866951,0.10346756955560028,0.21162257196207282,0.29451072423014363,0.36927480842020344,0.29234324586802507,0.35588727922171254,0.288577794339101,0.23086863471707542,0.061321377829097135,0.14136994669133457,0.13459131736931582,0.10858212178976953,-0.2697532832502158,-0.3268492572840399,-0.2799462924462925,0
tenYDividendperShareGrowthPerShare,-0.2722176474082069,-0.27252475539661747,-0.3114658969059925,-0.32107409688251626,-0.25892649401320855,-0.21057311813614338,-0.22372676677517592,-0.014965158257073365,0.5344211637021404,1.4054957684672449,1.3064763575307416,4.407325322566657,4.408116911359616,4.22080034073529,3.5319897328643406,3.11335678296416,3.11565888815896,2.235052082831456,1.44695400726818,1.2495944930173675,1.3440684713375795,0
fiveYDividendperShareGrowthPerShare,0.21174860755102445,0.23125139084637641,0.1685267480180845,-0.05596286750186074,-0.37935770670723157,-0.3993949338529382,-0.40915782917141913,-0.4107673579044581,-0.28082712030522594,0.19404287138584253,0.3143859856662625,0.31384195568877515,0.6717248356095094,1.1335915285812337,1.014580737520214,0.7547937840813088,3.11565888815896,2.235052082831456,1.44695400726818,1.2495944930173675,1.3440684713375795,0
threeYDividendperShareGrowthPerShare,0.11009809605315225,0.17125245371107237,0.14673544183521106,0.10944423907499522,0.05394351324419584,-0.13515574364253305,-0.40960163432073543,-0.4105953354813937,-0.3056348950027924,0.0006052240390740987,0.035576570011467655,0.19314597810200268,0.3147697116276961,0.2685211487657301,0.40090162903892085,0.6810110736639384,0.829511452367867,0.3801013589784179,1.44695400726818,1.2495944930173675,1.3440684713375795,0
receivablesGrowth,0.09835011784872509,-0.2499196399871424,0.0526137709355439,0.056856785267298406,0.026803745180833487,0.3015531660692951,-0.15676002417892404,0.0955849889624724,-0.11384976525821597,0.9563719862227325,-0.16464194373401533,0.5265983406539776,-0.09014209591474245,-0.15082956259426847,0.20054323223177908,0.006378132118451025,0.06656948493683187,-0.07795698924731183,-0.06688963210702341,0.1079203334877258,-0.15399686520376177,0
inventoryGrowth,0.08536585365853659,-0.026018099547511313,0.04925816023738872,0.02059357964869776,0.007936507936507936,0.04597701149425287,-0.023081721771678103,0.4506787330316742,0.08974358974358974,0.1736111111111111,0.07196029776674938,0.06472919418758256,-0.10201660735468565,0.16597510373443983,-0.01094391244870041,0.1042296072507553,0.22140221402214022,0.038314176245210725,-0.003816793893129771,0.11252653927813164,0.037444933920704845,0
assetGrowth,0.02858092903485234,0.034726389655696646,0.04438186285160363,0.025415595544130247,0.015630439323261157,0.20464648159020382,0.09871679683000438,0.08620689655172414,0.017440232196960052,0.4258694547302694,0.05459418070444104,0.06222041480276535,0.02850450676537633,0.041900902078703096,0.035537805455899275,0.04553068012927882,-0.008908113163432312,0.019765861567439976,0.11908319547467848,0.07630452887625283,0.006474549816458074,0
bookValueperShareGrowth,0.05225127399181909,0.00809462476801894,0.04099892254036481,0.009067316012600534,0.12752472766171064,-0.03515341841631976,0.1024227279594758,-0.010080656711772915,0.011140731153270028,0.21047532151547035,0.057640585165311176,0.06953886516401968,0.14246577562856408,0.10964437659984963,0.016444399879676053,0.09130026579431451,-0.04320472107572114,0.09310819016799543,0.08481900176394207,-0.06513814781551987,-0.27994629244629204,2.6933349748587427
debtGrowth,0.07840744413088246,0.040583084208576946,0.0347952255803767,0.026586476308245743,-0.009216718180046223,0.3645275276416277,0.18170797413793102,0.10690323542567466,0.02642452685813396,0.46236478925773966,0.044979731836607424,0.018580276322058123,-0.042354193597445064,-0.03916124789946665,0.04921425833652741,-0.0658120882268691,0.0691371257943496,-0.17125634517766497,0.0010162601626016261,0.07526294222100806,-0.03917579893693812,0
rdexpenseGrowth,0,0,0,0,0,0,0,0,0,0,0,0,0,0,0,0,0,0,0,0,0,0
sgaexpensesGrowth,0,0,0,0,0,0,0,0,0,0,0,0,0,0,0,0,0,0,0,0,0,0
