,2021,2020,2019,2018,2017,2016,2015,2014,2013,2012,2011,2010,2009,2008,2007,2006,2005,2004,2003,2002,2001,2000,1999
period,FY,FY,FY,FY,FY,FY,FY,FY,FY,FY,FY,FY,FY,FY,FY,FY,FY,FY,FY,FY,FY,FY,FY
revenuePerShare,171.20311598384305,125.02525252525253,98.34768568353068,86.7047223663726,73.53834661354581,65.63640617688348,69.60124749387391,69.7908040967531,67.61086356885211,64.3994357114067,54.91993900114373,72.25276752767527,83.69119656451298,122.60640732265446,106.20554272517322,154.46102449888642,90.75716377326918,60.958120531154236,48.36814086814087,46.1138014527845,31.020207965469883,68.0973999174577,53.29662901962974
netIncomePerShare,62.42065781881131,26.54040404040404,22.782561894510227,27.138038401660612,10.672310756972111,17.309312119794104,13.550902205390956,18.472434081499237,17.05919796308084,15.064490124949618,8.467403736179946,15.413284132841328,26.12726917821589,5.31350114416476,26.787528868360276,21.24053452115813,11.767412675172558,9.301327885597548,6.152743652743653,4.265536723163842,4.532077692760447,6.328931077177053,5.690465299261024
operatingCashFlowPerShare,2.6572417772648587,-38.51851851851852,64.23035522066739,52.98650752464972,-44.17828685258964,13.03228825456247,15.506794386277567,-16.611462192198736,9.639295565457246,25.955259975816205,41.26000762485703,-11.359778597785978,95.40308413039234,4.334096109839817,-157.49884526558893,-106.05122494432071,-25.96318761765321,-68.66598569969356,-32.05364455364455,-20.332929782082324,-29.774377084559546,22.97771357820883,-26.453939310338637
freeCashFlowPerShare,-10.807847663012117,-56.22053872053872,41.50968783638321,32.2755578619616,-52.10906374501992,6.303228825456247,11.423479616841167,-18.08890825887993,8.141311266709103,24.018540910923015,39.003049942813576,-13.623616236162361,92.36580128830764,-0.30434782608695654,-162.41801385681293,-109.93541202672606,-28.935369169629784,-69.90806945863126,-33.265765765765764,-22.36682808716707,-32.46223268589366,15.672719768881551,-28.22538031745719
cashPerShare,753.0294287362955,438.7429854096521,359.3810548977395,338.73118837571354,274.03137450199205,284.7707065980346,167.30897750055692,125.51754194813685,129.7114364523658,146.45102781136637,106.76324818909646,73.40959409594096,74.74331446418114,36.01830663615561,27.44110854503464,14.015590200445434,21.462037230704873,8.917262512768131,14.510647010647011,9.729620661824052,13.55503237198352,7.985967808501857,6.419634966485387
bookValuePerShare,317.36872475476054,269.16947250280583,242.90904198062432,234.0036325895174,204.78834661354583,203.30603649976604,193.20115838716865,180.42492917847025,166.49055803097815,152.59169689641274,134.15745329775066,142.72324723247232,138.03240288893227,147.2974828375286,98.84526558891454,79.70155902004454,58.56933695879523,51.23391215526047,44.29156429156429,38.34342211460856,35.76809888169512,34.110606685926534,21.318231337150326
tangibleBookValuePerShare,317.36872475476054,255.2469135802469,229.8923573735199,223.41203943954332,194.7335657370518,193.72484791764154,183.960793049677,171.3597733711048,157.20560152768937,142.3155985489722,123.73427373236751,132.5350553505535,128.42865508491118,143.4599542334096,103.86374133949192,74.12917594654789,54.2710729972809,47.78345250255363,40.565110565110565,34.34826472962066,35.76809888169512,34.110606685926534,21.318231337150326
shareholdersEquityPerShare,317.36872475476054,269.16947250280583,242.90904198062432,234.0036325895174,204.78834661354583,203.30603649976604,193.20115838716865,180.42492917847025,166.49055803097815,152.59169689641274,134.15745329775066,142.72324723247232,138.03240288893227,147.2974828375286,98.84526558891454,79.70155902004454,58.56933695879523,51.23391215526047,44.29156429156429,38.34342211460856,35.76809888169512,34.110606685926534,21.318231337150326
interestDebtPerShare,884.7374495095211,851.0858585858585,785.8342303552207,783.5910742086144,746.0084661354582,602.9878334113242,556.5092448206727,527.9058618435389,505.1304901336728,509.93954050785976,565.0934044986657,466.8560885608856,494.3099746242436,665.7162471395881,716.217090069284,563.1581291759466,362.6417067559088,295.2870275791624,223.75921375921376,178.000403551251,164.68510888758092,231.67973586463063,233.05901620226769
marketCap,120273669466.00002,96644992633.2,90718709858,78035790458.4,108006304803.2,99968857435.59999,72524283102.2,79118950835.59999,78160390114.8,73015827022.8,57564359573.799995,87679342168,76189256512.3,33198890437,91770020866,88942408204,61249391478.100006,51079324021,47833896976.8,33661151008.800003,47539717470.9,47884537500,38546584236
enterpriseValue,160273669466,235191992633.2,231812709858,233572790458.4,287371304803.2,228715857435.59998,240882283102.2,257281950835.59998,247975390114.8,245325827022.8,290688359573.8,294661342168,284633256512.3,277019890437,348029020866,303819408204,206214391478.1,182369324021,142430896976.8,108188151008.8,109243717470.9,139876537500,134382584236
peRatio,5.559217447007165,10.217252630637487,10.715652003071108,7.461113917047519,25.19979113467102,13.512957209462016,11.92245324711491,9.333366855680074,9.721441556567164,9.7680036150903,12.959108413732553,10.495492239406273,5.692137206746358,14.297541101205857,7.911890754892664,9.326036301142919,10.886845268059012,11.218828030090052,15.9181021553411,15.922966418543048,20.579964273116882,15.61282605151614,14.234336867060561
priceToSalesRatio,2.026890737390249,2.1689219379519287,2.4823157078202813,2.3352822138616234,3.65713963373853,3.5635710061526393,2.321222734035335,2.470382828101289,2.4528601950353055,2.2849578163918007,1.997999360445663,2.238945434692679,1.7770088982460641,0.6196250478172418,1.9955644174658054,1.2824594207027815,1.4115690230255125,1.7118309601863333,2.0248866349235914,1.472877877343135,3.006749571241541,1.451046590909091,1.5197959325000987
pocfratio,130.59030343756785,-7.039990722115384,3.8008509241662476,3.8213501032466577,-6.087605952158719,17.947730239784562,10.41865868441316,-10.378978202230092,17.204576296456086,5.669370838015373,2.659476071785632,-14.240594797466299,1.558859468282353,17.528453240232313,-1.3456606722583104,-1.8678708907323016,-4.934294004519455,-1.5196752356598833,-3.0555028410603646,-3.340394066567431,-3.1325591375131787,4.3003625954198474,-3.061925826991818
pfcfRatio,-32.10722623224773,-4.823326477676298,5.881277786580227,6.273477808376879,-5.1610983324509005,37.10796489814402,14.142800916965678,-9.531255371111913,20.370182464112588,6.126516783252224,2.8133698046918525,-11.874233771397616,1.6101197513113126,-249.61571757142858,-1.3049045297823028,-1.801876141164077,-4.427453482586381,-1.4926745768848626,-2.9441679680433315,-3.036639694073072,-2.8731849069805393,6.304744897959184,-2.8697576113758188
pbRatio,1.0933969951454545,1.007432271121211,1.0050264206281505,0.865285695607917,1.3132583296231897,1.1504822878206529,0.83622685986302,0.9555775068613597,0.9960924989460538,0.9643381454751967,0.8179195438099433,1.1334523781994934,1.0774281827120513,0.5157589901505383,2.1441593660280374,2.485396753031912,2.187322029787158,2.036736872323458,2.211256332137574,1.7713598383834133,2.6076308195326643,2.8968262250453725,3.799564734943322
ptbRatio,1.0933969951454545,1.007432271121211,1.0050264206281505,0.865285695607917,1.3132583296231897,1.1504822878206529,0.83622685986302,0.9555775068613597,0.9960924989460538,0.9643381454751967,0.8179195438099433,1.1334523781994934,1.0774281827120513,0.5157589901505383,2.1441593660280374,2.485396753031912,2.187322029787158,2.036736872323458,2.211256332137574,1.7713598383834133,2.6076308195326643,2.8968262250453725,3.799564734943322
evToSales,2.7009836610997824,5.278215234480128,6.34303917960926,6.989848888508499,9.730515179737921,8.152991032531279,7.709713324228653,8.033282881181503,7.782061513095873,7.677228196613988,10.089492193044324,7.524356941038278,6.638676536730029,5.170307218070513,7.567987058647009,4.380768073536833,4.752469209700168,6.111777339086431,6.029331455649155,4.733882515480879,6.909349027316425,4.238682954545455,5.298371022197689
enterpriseValueOverEBITDA,4.617640077962488,10.085852422196492,7.81487745197721,7.858846958662225,12.791956590393946,12.322388741748826,14.94028922050487,12.74493242361916,12.28878488105456,11.683294933936565,18.9324188858799,13.990188119266927,10.067673192993066,7.843589400220851,5.728684172800896,6.430993124992062,7.559178573244135,11.265710651161355,11.018946075878075,8.409494831620677,5.490737709635102,6.3823935709071,9.366598190283684
evToOperatingCashFlow,174.02135664060805,-17.13228384565851,9.712280453242835,11.43787231077812,-16.197232826242814,41.062092896876116,34.60455151590289,-33.75074784672701,54.584061218313884,19.048515181520305,13.429815642125202,-47.85794090758486,5.823698342962659,146.26182177243928,-5.103289306948986,-6.380481933007119,-16.612776240884557,-5.425720695614661,-9.098109037163844,-10.736146770745261,-7.198452653591196,12.561880332285586,-10.674603561521964
evToFreeCashFlow,-42.785282825947675,-11.737884545251285,15.028376652058347,18.777457227944367,-13.732083184555837,84.89823958262805,46.973924161895475,-30.994091174027222,64.62741467677873,20.584479528679307,14.206947831181271,-39.90538220043337,6.01520016298527,-2082.856319075188,-4.9487255373611845,-6.15504969923624,-14.906346066076335,-5.329319813588545,-8.766596724121376,-9.75986928360848,-6.602424602375196,18.41692396313364,-10.0046593385944
earningsYield,0.17988143286936104,0.0978736687983418,0.09332143295745325,0.1340282444575938,0.03968286858632548,0.07400304644639753,0.08387535511971816,0.1071424723213813,0.10286540264437077,0.10237506448657836,0.07716580246680524,0.09527899951613605,0.17568093734894402,0.06994209654103808,0.12639203838622345,0.10722668963635158,0.0918539737984434,0.08913587028144981,0.06282155939453271,0.06280236820919578,0.048590949271290824,0.06404990337434083,0.0702526580155682
freeCashFlowYield,-0.031145636585561656,-0.20732579571967172,0.1700310776480884,0.15940121740204696,-0.19375720739758126,0.02694839242046431,0.07070735180896182,-0.10491797366282721,0.049091361933638146,0.1632248854248884,0.3554456290574746,-0.08421596030968981,0.6210718172891058,-0.004006157984478064,-0.7663395882048398,-0.5549771025626457,-0.22586346845497082,-0.6699383881026165,-0.3396545342705401,-0.3293113772937253,-0.3480458210574796,0.1586106997483269,-0.34846148540070604
debtToEquity,2.309090909090909,2.3798211232956676,2.4265108292250597,2.6171425403337585,2.767384458251766,2.2795276949811836,2.1497440273037545,2.121610686377526,2.153338346056304,2.3460034867135082,2.996760397277597,2.2544986814209627,2.775801114347937,2.8845873013407073,3.835841121495327,4.1629687587324655,3.5714234697521605,3.217672155987081,2.6572670118343193,2.037099405357049,1.7012780428939718,1.899274047186933,2.0652538196155743
debtToAssets,0.924812030075188,0.9175153134748261,0.9090957613941235,0.9032137935771349,0.9102910634658848,0.8989810094574878,0.8993168058788361,0.9033016443987667,0.9139150878709653,0.9193270506256959,0.9237683121665899,0.9151176519643774,0.9167033790294272,0.9272294179958781,0.9552909637112474,0.9573061831231411,0.960382227604824,0.9528039309043075,0.9464287925428245,0.9465568348641914,0.9416081071558975,0.9429527885146328,0.9594995428977489
netDebtToEBITDA,1.1524388487135901,5.94137827522621,4.756565418197755,5.233235759227482,7.984197640774538,6.9364258391250475,10.442101345903367,8.825630356169812,8.41543188463254,8.206019620916278,15.183274716686206,9.827271864020512,7.37280701754386,6.903590237272779,4.2181162760073745,4.548335203098872,5.3139662756598245,8.110328638497652,7.318350611171283,5.793004275165177,3.1013268998793726,4.197481292206607,6.679863386073744
currentRatio,0.0,2.8048927734025066,0.27997132595513097,0.2155720758804724,0.18131687080075262,0.21138418947481769,0.1275722960635271,0.09622082679750027,1.3511905030614655,1.3476271139535867,1.3545376250517789,1.3855719659485635,2.070289434558478,1.193150512214342,1.2571931117129531,1.1390382269806363,1.1177411691531545,1.1202949220402063,1.131302647181114,0.0,0.0,0.0,0.0
interestCoverage,0.0,0.0,0.0,0.0,0.0,0.0,0.0,0.0,0.0,0.0,0.0,0.0,0.0,0.07449692253723252,0.0,0.45947992931078013,0.4557373436897483,0.7511251125112511,0.5848684210526316,0.36682453766350925,0.0,0.30591102985984153,0.16575137294058911
incomeQuality,0.04256990986826901,-1.4513162067871868,2.819277108433735,1.9524811167415623,-4.139524031731218,0.7529061908623953,1.1443366759822455,-0.8992568125516103,0.5650497512437811,1.722943143812709,4.872805042773526,-0.7370122097198947,3.65147553231229,0.8156761412575366,-5.8795585826364345,-4.992869875222817,-2.2063633131887666,-7.382385240500769,-5.209650582362729,-4.766792809839168,-6.569696969696969,3.63058363221389,-4.648818316100443
dividendYield,0.02265666302606928,0.02417093670714943,0.02319256968373277,0.02319448536841426,0.01637867347858371,0.017065314576582075,0.023178443523959594,0.018377392326918533,0.016658054010319744,0.014873487629755731,0.04813742427634339,0.01645769646897107,0.028941088296931004,0.025603265314333493,0.009055244753767712,0.008477395825291925,0.00834294003039541,0.00972996431580948,0.007316986951110299,0.006773386921332374,0.004859094927129082,0.004531734278523625,0.0027758620412355233
payoutRatio,0.12595331638548649,0.24696056665609473,0.2485235057878573,0.1730566975810307,0.4127391507232851,0.230602865639362,0.27634390925530167,0.17152294443789076,0.1619402985074627,0.14528428093645485,0.6238180999549753,0.1727316255685899,0.16473664549869257,0.3660637381567614,0.07164410725062505,0.07906050120582993,0.09082829719161038,0.10915879639797936,0.11647254575707154,0.10785241248817408,0.1,0.07075317900228235,0.039512555391432794
salesGeneralAndAdministrativeToRevenue,0.29860631288023054,0.29868264548127205,0.3380123679746073,0.3689250658367249,0.40134764500728,0.4151784122910206,0.4057739085904494,0.3962594061260811,0.401349442962498,0.4237834454701925,0.4426087258338829,0.3926355302469293,0.3776793002915452,0.2597472890498143,0.43903711918585686,0.2723458249823367,0.3170934064667788,0.384429773115721,0.39080557084197604,0.39979872232431957,0.4870027196255771,0.31851515151515153,0.40886330481409927
researchAndDdevelopementToRevenue,0.0,0.0,0.0,0.0,0.0,0.0,0.0,0.0,0.0,0.0,0.0,0.0,0.0,0.0,0.0,0.0,0.0,0.0,0.0,0.0,0.0,0.0,0.0
intangiblesToTotalAssets,0.0,0.004266449303026238,0.00487125466278873,0.004380787210934582,0.004404565564543574,0.004760714514075788,0.004815444714677935,0.0048584509016163695,0.004800840805391511,0.005432819600343081,0.005922716564217823,0.006059262705578209,0.005795448923483583,0.0018958856906416506,0.004547256821778253,0.002984964226957496,0.002907453834443495,0.003178522297644431,0.004507192935098899,0.005568461136078566,0.0,0.0,0.0
capexToOperatingCashFlow,-5.067318132464712,0.45957167832167833,-0.3537372213842802,-0.3908721414230449,0.17951752902716717,-0.5163375224416517,-0.2633242350237035,0.0889413616686344,-0.15540391811578252,-0.07461759453373709,-0.0547008547008547,0.19928536624979698,-0.03183631713554987,-1.070221752903907,0.03123304544188161,0.03662557489972069,0.11447675823733183,0.01808877781744615,0.037815394442670076,0.10002977076510866,0.09027411702688455,-0.3179164795689268,0.06696322186035428
capexToRevenue,-0.0786497918738098,-0.14158755806907694,-0.2310239150659443,-0.23886760833133827,-0.10784546100971794,-0.10252022956546537,-0.05866726411471002,-0.021169638117838074,-0.022155970500549193,-0.030073540916914412,-0.04109541494568047,-0.031332192742779805,-0.03629154518950437,-0.03783198641258702,-0.04631743753669515,-0.025146713191931135,-0.032748726694475816,-0.02037601796306847,-0.0250603225669898,-0.044106064583880285,-0.0866485358294858,-0.10727272727272727,-0.033237393052872294
capexToDepreciation,,-3.317034700315457,-4.95481220657277,-6.010542168674699,-2.7647569444444446,-2.881763527054108,-1.8496468213925328,-0.5071054599850411,-0.5340393343419062,-0.5529344073647872,-0.6334938469769931,-0.6444327731092437,-0.8008234688625836,-1.2473846153846153,-1.8251928020565553,-1.7527638190954773,-1.6639344262295082,-0.9743589743589743,-0.6719636776390465,-1.3548387096774193,-1.5693012600229095,-7.283950617283951,-2.5014836795252227
stockBasedCompensationToRevenue,0.03956925462174961,0.04308893826163065,0.05521808132216932,0.05479411060569787,0.059899095926590595,0.07525041885003386,0.07271796184867495,0.06510132076060823,0.06323552487054762,0.04127679549366296,0.09888584221304363,0.10303618395853018,0.046857142857142854,0.030067750424606656,0.09709265662034923,0.05268697821291076,0.0,0.0,0.0,0.0,0.0,0.0,0.0
grahamNumber,667.6325357799467,400.9201884418582,352.86970879114085,377.9999871232856,221.7548413800503,281.3884715767258,242.70584062530787,273.8429682234699,252.7931886736087,227.42276161044123,159.8725108610596,222.4775587424645,284.85824417750183,132.70256301507683,244.08186971369915,195.16745016650705,124.52796897633496,103.54818615458476,78.30440232811127,60.662951545707,60.393174852122634,69.69492643735472,52.24451887497519
roic,0.0,0.0,0.0,0.0,0.0,0.0,0.0,0.0,0.0,0.0,0.0,0.0,0.0,0.00934224365819226,0.0,0.07880408309067882,0.0646282683248834,0.06311510281257386,0.05618474606264378,0.056364140416536715,0.0,0.10474700052164841,0.06405762613756955
returnOnTangibleAssets,0.014788106630211894,0.008167928252793883,0.00856768991156031,0.011273948652278612,0.004695761543838429,0.008641816673870128,0.007095971172835834,0.009948596375927142,0.008863107974482186,0.008007876107711557,0.004840061149084126,0.009222684668970313,0.015858591363732227,0.002630058785551667,0.010405452927413914,0.011412003604168486,0.007982984012747801,0.00859559364911552,0.007475514890081323,0.005978608234302618,0.007398676565732917,0.010584621755935946,0.010810767652330822
grahamNetNet,-2802.2215810732832,-2285.178872053872,-1907.572658772874,-1674.6159833938766,-1628.4375,-1393.0047964436126,-1420.1553798173313,-1391.2235781215952,-1444.803203904095,-1415.2841596130593,-1400.585207777354,-1343.3459409594095,-1327.8333008003124,-1685.3890160183066,-2403.426674364896,-1617.7332962138084,-1280.077912570592,-944.8953013278856,-712.1155814905815,-625.5962469733656,-555.2055130468904,-495.03817581510526,-444.0548712488518
workingCapital,,463399000000,-492172000000,-475037000000,-496903000000,-454070000000,-513620000000,-541023000000,233384000000,238670000000,237938000000,248975000000,252675000000,122554000000,226207000000,90853000000,68148000000,51198000000,42632000000,,,,
tangibleAssetValue,,90970000000,85428000000,86103000000,78205000000,82798000000,82580000000,78637000000,74091000000,70617000000,64911000000,71834000000,65794000000,62692000000,44973000000,33284000000,25947000000,23390000000,19812000000,17023000000,,,
netCurrentAssetValue,,-346951000000,-711330000000,-711064000000,-724482000000,-651561000000,-699562000000,-715843000000,64895000000,62400000000,56214000000,60728000000,-289472000000,-63124000000,35998000000,-58123000000,-31859000000,-29498000000,-14850000000,,,,
investedCapital,2.7363636363636363,3.068725764082892,3.0425967983160693,3.1721904973110826,3.5190350546551072,2.8823725731646967,2.8072018263997784,2.8474823967051948,2.9432500286744747,3.2354984415447197,4.108214097955356,3.1900563627902168,3.4891959159430948,4.0323913685159,6.264976635514019,6.180349857486168,5.543389757874437,5.409107221181068,4.700628698224852,4.1756038520233645,3.7635346388020405,5.799274047186933,9.747757516017742
averageReceivables,144693500000,128387000000,104395500000,107971500000,111194500000,101654000000,105563000000,115800500000,124841000000,122797500000,105587500000,108256500000,103985500000,109475500000,75637000000,110700000000,101884000000,90466000000,82382000000,78662500000,66920000000,83836500000,81508500000
averagePayables,221329000000,190658000000,182737500000,185446500000,184413500000,189556500000,200510000000,202115000000,197711500000,192571500000,194475000000,190581000000,188146000000,222250500000,,207266000000,189488000000,175939500000,149843000000,143124000000,,136403000000,125096000000
averageInventory,,,,,,,,,,,,,,,,,,,,,,,
daysSalesOutstanding,990.3267665447681,1051.6675643528804,803.0279647567448,956.3664112999761,1161.7759794128604,974.8035860692262,966.5771028037383,1176.2921909638742,1389.382551388671,1338.786418400876,1048.8223248064976,821.378156839713,677.5081049562682,616.9555236193285,181.65470676495534,489.5209291595172,634.0961259247309,642.7469084084588,562.0626084747915,462.1672354948805,125.88356207703498,434.52696969696973,498.36178685486726
daysPayablesOutstanding,,,,,,,,,,,,,,2696.920244505894,,2397.7819184835234,3485.9554721574195,5746.085831461772,4715.07345971564,3589.542181069959,,1765.5314137667078,1743.4138318356868
daysOfInventoryOnHand,,,,,,,,,,,,,,0.0,,0.0,0.0,0.0,0.0,0.0,,0.0,0.0
receivablesTurnover,0.3685652173913043,0.3470678495486303,0.45452962539177155,0.38165288501073596,0.3141741665070956,0.3744344042391319,0.37762119435816244,0.3102970527254055,0.2627066243456037,0.27263497372193024,0.3480093733391313,0.44437509928965346,0.5387389425010052,0.5916147696656509,2.0093065932625507,0.7456269553718298,0.5756225043445962,0.5678751546293653,0.6493938477609479,0.7897574123989218,2.8995048597102513,0.8399938909535203,0.732399653479642
payablesTurnover,0.0,0.0,0.0,0.0,0.0,0.0,0.0,0.0,0.0,0.0,0.0,0.0,0.0,0.1353395602793853,,0.15222401886775597,0.10470586985843096,0.06352150154136248,0.07741130718714459,0.1016842765979705,,0.20673662170716267,0.20935935767796554
inventoryTurnover,,,,,,,,,,,,,,,,,,,,,,,
roe,0.19668181818181818,0.09860109244047867,0.09379050573311914,0.11597272273659699,0.05211385771433435,0.08513919418134948,0.07013882483165759,0.10238293657982778,0.1024634559751233,0.09872417982989064,0.06311541795137754,0.10799420859403279,0.1892835930650225,0.03607326508101726,0.27100467289719626,0.2665008662605488,0.20091422041282767,0.18154631364886958,0.13891457100591717,0.11124559280113666,0.1267072568701662,0.18554143980641258,0.2669295219319862
capexPerShare,-13.465089440276977,-17.7020202020202,-22.720667384284177,-20.710949662688115,-7.930776892430279,-6.729059429106224,-4.0833147694364005,-1.4774460666811942,-1.4979842987481435,-1.9367190648931882,-2.2569576820434616,-2.263837638376384,-3.037282842084716,-4.638443935926773,-4.919168591224018,-3.884187082405345,-2.9721815519765737,-1.2420837589376916,-1.2121212121212122,-2.0338983050847457,-2.687855601334118,-7.30499380932728,-1.7714410071185536
