,2021,2020,2019,2018,2017,2016,2015,2014,2013,2012,2011,2010,2009,2008,2007,2006,2005,2004,2003,2002,2001,2000,1999,1998,1997
period,FY,FY,FY,FY,FY,FY,FY,FY,FY,FY,FY,FY,FY,FY,FY,FY,FY,FY,FY,FY,FY,FY,FY,FY,FY
revenueGrowth,0.08561643835616438,0.0133610966510498,0.06269592476489028,0.24506239661309967,0.11077660680017086,0.07024685228738832,-0.007055235340731578,0.22085214850263898,0.24240919479750728,0.19675569148666644,0.08201120161306635,0.11466132512799579,0.10409602595211018,0.10178233486300114,0.7577379948009505,0.16469969368711757,0.12071241088653921,-0.35092567512371714,0.03196222434453314,0.0028722366402618165,0.384780448730292,0.8772845575477154,2.057471264367816,2.6019108280254777,0.0
grossProfitGrowth,0.12296564195298372,0.024887476833465715,0.05620805369127517,0.28084633282519744,0.1254482598488171,0.05903241299081081,0.0012853624277491238,0.1841628922629617,0.15959290739928778,0.17956040943154816,0.11336248661623811,0.141933507564441,0.14991968046286727,0.12725552885547955,0.7008927531731552,0.21302151261612057,0.13895696474058183,-0.27239064399134555,0.12569893748325406,0.0547023751615638,0.03886247256766642,0.7387782426778242,1.8725961538461537,3.546448087431694,0.0
ebitgrowth,0.07407407407407407,0.19499679281590762,0.08868715083798882,0.37158838938934624,0.09990244580790884,0.003208691792259401,-0.04770244047762828,0.07786153874526336,0.1043776005443996,0.2056550219917522,0.20324489671773568,0.32575329903154676,0.48368426270644665,1.9389619001687968,-0.18034703978522074,4.374065058641293,1.8310040456050019,-1.52588824633,2.9443796773344366,0.5717966472890063,-12.921482050297563,-0.46846938775510205,99.0,0.9705882352941176,0.0
operatingIncomeGrowth,0.07407407407407407,0.19499679281590762,0.08868715083798882,0.37158838938934624,0.09990244580790884,0.003208691792259401,-0.04770244047762828,0.07786153874526336,0.1043776005443996,0.2056550219917522,0.20324489671773568,0.32575329903154676,0.48368426270644665,1.9389619001687968,-0.18034703978522074,4.374065058641293,1.8310040456050019,-1.52588824633,2.9443796773344366,0.5717966472890063,-12.921482050297563,-0.46846938775510205,99.0,0.9705882352941176,0.0
netIncomeGrowth,0.03787878787878788,0.22790697674418606,0.2816691505216095,0.5093915195141154,0.24533228003238342,-0.7653025130967158,2.8948562531849134,3.3336884509105436,-0.522170491664192,0.10233403672030723,1.5501929632726572,-1.719623552461253,-1.340087600802325,0.7807219506940798,-4.318621249373404,0.8956683941953045,-2.707868657224278,1.5901873909605513,-0.461777257532447,0.2557466948141149,-0.7880470344652466,-1.1177456049638055,-1.5582010582010581,-2.176470588235294,0.0
epsgrowth,0.07627118644067804,0.311111111111111,0.33333333333333326,0.3366336633663367,0.06315789473684216,-0.786036036036036,3.2692307692307696,3.0,-0.59375,0.23076923076923075,1.4482758620689655,-1.4680851063829787,-0.8799999999999999,0.7126436781609196,-1.9000000000000004,0.855072463768116,-3.3258426966292136,1.4258373205741628,-0.8017241379310345,0.44230769230769235,-0.4054054054054055,-0.5416666666666667,0.058823529411764754,0.5506607929515418,0.0
epsdilutedGrowth,0.07659574468085094,0.3055555555555556,0.3432835820895522,0.3267326732673268,0.06315789473684216,-0.7850678733031674,3.25,3.0,-0.59375,0.23076923076923075,1.4482758620689655,-1.4680851063829787,-0.8799999999999999,0.7126436781609196,-1.9000000000000004,0.855072463768116,-3.3258426966292136,1.4258373205741628,-0.8017241379310345,0.44230769230769235,-0.4054054054054055,-0.5416666666666667,0.058823529411764754,0.5506607929515418,0.0
weightedAverageSharesGrowth,0.02127659574468085,0.016826923076923076,0.007263922518159807,0.08188819615445067,0.12161340271309744,0.02206293055296965,0.002106517565347184,0.11479688543123895,0.030412914599789134,0.019251570532131168,-0.010262794493032598,0.0004954260314979311,0.0163648420074679,0.007394520910061907,0.3507539385751164,-0.04828273458272678,-0.01774526033749374,0.02187631080402126,-0.004958078778872438,0.01765260494945063,0.199666270970054,0.3584348805014224,2.0920080906910012,5.845096172329377,0.0
weightedAverageSharesDilutedGrowth,0.021176470588235293,0.01674641148325359,0.007228915662650603,0.08292604006565402,0.12421416397020643,0.020406391627901407,0.002391490255502378,0.11350749934011153,0.02754488962131356,0.018615337807355907,-0.002849032654029097,0.0004954260314979311,0.0163648420074679,0.007394520910061907,0.3507539385751164,-0.04828273458272678,-0.01774526033749374,0.02187631080402126,-0.004958078778872438,0.01765260494945063,0.199666270970054,0.3584348805014224,2.0920080906910012,5.845096172329377,0.0
dividendsperShareGrowth,0.06098744292237436,0.06358462481393923,0.06089532169677298,0.13838670016941454,0.06909858292309609,0.08187912481872,0.7318341976667878,0.0,-1.0,-0.8750890849627512,-0.009554563807537879,-0.0004448987451595658,-0.016101346023682725,-0.007390178422452617,-0.2595982212269977,-0.034156287495822724,0.0,0.0,0.0,0.0,0.0,-1.0,0.0,0.0,0.0
operatingCashFlowGrowth,-0.10736497545008183,0.13232023721275019,0.07833733013589128,0.2239590722174988,0.14696027075674536,-0.008048532747081496,0.07838223908098407,0.3461979742351671,0.6020254816149488,0.20064060523362975,0.06632749448983312,0.056321509095746916,0.11355728351406723,0.46423199326397513,0.2449718566108537,0.3494451956919949,0.8605867028300204,-0.5689723464557239,0.24461068673061093,0.5836580004547867,-0.20281579503912506,0.7872030237580994,1.0577777777777777,-76.0,0.0
freeCashFlowGrowth,0.04682040531097135,1.2324492979719188,-0.15768725361366623,-0.06753337458568952,-0.10157191751038386,0.02314399216969858,0.0020089091736047392,0.32277120412751586,1.022640666235876,0.12067868648312081,-0.21274895303858574,-0.05619265766705806,5.387142880084793,0.23672293942403178,1.3424820596537768,-2.021902630261914,1.092932584596584,-0.5129351576948422,3.0653739206790576,0.8760278098306881,-0.17018923124937635,0.6658785557210755,-12.528790786948177,-0.9809885931558935,0.0
tenYRevenueGrowthPerShare,1.0491349177495977,1.1074116819574595,1.3559171720950673,1.4257804669731728,1.3053612071035947,2.029237637599468,2.5402426942025933,3.0765416131668855,1.3643983830324633,1.033713221279703,0.7069140754941869,0.8022717429404146,1.2355466224493046,1.034924407019049,-0.020948667426058,-0.24763676528979747,-0.385217421950106,-0.46117032765457694,-0.15168840204389353,-0.18203827396825917,-0.16998312363916923,-0.2809378181075497,-0.4796744344351561,-0.4737968996570355,0.0
fiveYRevenueGrowthPerShare,0.2738204803251441,0.2548202480951826,0.24760047308762592,0.2950219206717779,0.3568184768124697,0.6086528277725238,0.6794530413073193,0.8883586716383026,0.8731578425443385,0.6990933175670677,0.8830897414913356,1.1079736123177333,1.1587750645009398,0.2622526139179309,0.19694027411736148,-0.09355670211321115,-0.1450216774968056,0.03556255545600931,0.6121372097640637,-0.18203827396825917,-0.16998312363916923,-0.2809378181075497,-0.4796744344351561,-0.4737968996570355,0.0
threeYRevenueGrowthPerShare,0.11767608471462432,0.210017527400898,0.20242502159107473,0.19343450731895498,0.027545496860747795,0.13627866113959106,0.3083739610806334,0.5504037172892806,0.5477091012314328,0.4300914106493752,0.3231128859398508,0.32367467233284086,0.5460777547437713,0.7417271896896378,0.8169959503386623,-0.11310509425673153,-0.24839688889546221,-0.35082082341759613,0.17974720311878106,0.572019097589017,0.577369794704457,-0.2809378181075497,-0.4796744344351561,-0.4737968996570355,0.0
tenYOperatingCFGrowthPerShare,1.7843794000814353,2.4321683266217016,2.254073530687037,2.3302660540245137,3.2786299290830674,2.8564067267399103,4.634006556273013,8.917090765058848,2.464000171467971,1.7868392988197515,2.6816469443079582,1.2707517861108855,1.8295913228812455,0.7187734518804301,-13.95656978873818,-15.057456463477205,-10.914240361041335,-6.233999345461216,-13.408716466126135,-10.920526317170271,-7.3748924617806955,-10.59344580570923,-8.29188079554156,-11.956748906345547,0.0
fiveYOperatingCFGrowthPerShare,0.20546286212368092,0.3385545614629087,0.29351862261186557,0.4590645660246829,1.0051558040874355,1.3098010627852565,1.564085488506855,1.5156758270062085,1.2824665416267642,1.133814200553014,0.6695839260242139,1.1972771896750862,2.9421179225865233,0.5176564949771845,0.30603653218611776,1.205128407695609,0.033438929226159216,-0.2822154541169385,0.13251810114400697,-10.920526317170271,-7.3748924617806955,-10.59344580570923,-8.29188079554156,-11.956748906345547,0.0
threeYOperatingCFGrowthPerShare,0.041991406874500446,0.34870853782929295,0.23851439528167986,0.12280020916452883,0.06801366962465046,0.2612024705550863,1.0203664688087677,1.2115815083667754,0.9731516958534149,0.33993386753789145,0.2462772173928248,0.6813349947921485,0.46776500287627915,0.8995070175168359,1.4754626306886667,0.13286950361480773,-0.0006336313143041246,-0.1789666450311845,0.29345771242502744,0.36048937103249595,-0.4181766401447142,-10.59344580570923,-8.29188079554156,-11.956748906345547,0.0
tenYNetIncomeGrowthPerShare,3.209007574886682,-3.3023512780053346,-6.182589873216732,-10.377707269879398,-2.463095664506083,-6.188639409637088,-3.4770263781877473,0.10811139200222042,-1.1646315530398623,-1.521544326107942,-1.352679828100026,-0.05440759550216263,-0.4576929457883762,-0.8051246876062572,-0.5845425664646094,-0.8944875488691073,-0.03751101420076574,-1.553560933491682,-0.041540342634124414,-0.34756986130144724,-0.10790153625413093,-0.4014584534348154,-0.6160635572197022,-0.5359494580841885,0.0
fiveYNetIncomeGrowthPerShare,1.418888875400993,-0.4534329294013567,0.7591488139171574,4.374423279891847,0.7863806976921796,0.7400582629861122,-5.2123856372898905,-3.9460781442796082,-2.7448769442789613,-1.8190279185149347,-3.9818768256258665,-0.41196590448414305,-1.3761310249539163,-0.9056486168955065,-0.3632154480721383,-0.8817255545000582,0.6080571036757825,-2.4418035690569995,1.0654208341378477,-0.34756986130144724,-0.10790153625413093,-0.4014584534348154,-0.6160635572197022,-0.5359494580841885,0.0
threeYNetIncomeGrowthPerShare,0.561544405806701,1.1437325656433193,0.97103452017164,-0.644293025558495,-0.009053051527891149,2.4695271421929865,6.0065005417998645,0.9496445532760044,-1.2787973466524936,-2.63425811239778,-4.479135179975828,0.3622968191763374,0.9733352704542694,-0.9060436060499578,-1.7505179798632478,-0.8899145620579676,0.4752368548135701,-1.6205155103252975,0.6013251926556009,0.6993180797684704,0.9224165972587411,-0.4014584534348154,-0.6160635572197022,-0.5359494580841885,0.0
tenYShareholdersEquityGrowthPerShare,1.2736343723204355,1.6228665349180673,1.7796890814060984,2.025601074778752,1.8571933244042962,5.084605476226879,2.9340864420728123,1.4436203920335473,1.5404568420183895,0.002885602206273183,-0.2890354932548601,-0.5545660551732949,-0.3574231606065388,-0.5812771404550874,-0.6529885538427099,-0.8880646210154677,-0.8340122565283775,-0.7462963081968597,-0.7194264932203787,-0.6892916067617546,-0.6372638566941913,-0.4127738068337994,-0.5109814267858394,-0.2945116210360289,0.0
fiveYShareholdersEquityGrowthPerShare,-0.13908637815219557,0.050618397910893745,0.408919291887012,0.2539196829470054,2.1818451885531815,1.640955276605412,1.4964978151282298,0.9729228618079105,1.4129145717434468,-0.1020325769829513,1.303941126957595,0.5758421330205501,0.238578780416335,0.05285817897099741,0.11683962747413891,-0.6914137698978514,-0.7173359339155985,-0.48119824951508866,-0.6022988965577984,-0.6892916067617546,-0.6372638566941913,-0.4127738068337994,-0.5109814267858394,-0.2945116210360289,0.0
threeYShareholdersEquityGrowthPerShare,-0.34395870650441035,-0.3080391971241906,0.28246890958439125,0.3687000467049133,0.5992740829693336,-0.04447662359609,1.0956344907682884,1.403929773232818,1.7250203682376788,-0.008360176686722481,-0.12698397470402356,-0.2462194471561402,1.8072626548580082,0.7796742412249353,0.3677824066768069,-0.6010479383128189,-0.4657764415641446,-0.30058336759330706,-0.5222053953914627,-0.3646286455010089,-0.4858368271940969,-0.4127738068337994,-0.5109814267858394,-0.2945116210360289,0.0
tenYDividendperShareGrowthPerShare,79.00433729323821,73.6850787691063,69.1889156063526,64.09481018230576,55.759050251612244,38.30835045432185,34.09238903336731,0.0,0.0,0.0,0.0,0.0,6.597931386983553,0.0,0.0,0.0,0.0,0.0,0.0,0.0,0.0,0.0,0.0,0.0,0.0
fiveYDividendperShareGrowthPerShare,0.4570095416092772,0.4856992118464663,1.4191631229836699,0.0,468.96822986251027,53.90996112823864,49.26931304371205,28.013717570142703,-1.0,-0.8792278995790478,-0.2841307907226569,-0.30191230178832035,0.0,0.0,0.0,0.0,0.0,-1.0,0.0,0.0,0.0,0.0,0.0,0.0,0.0
threeYDividendperShareGrowthPerShare,0.19716725300498392,0.2845008560567257,0.29116011357721866,0.31669840097288976,1.0031008079053212,0.0,405.32356049216423,28.306643679081848,-1.0,-0.8763375960070918,-0.025935621400138026,-0.023807032960901656,-0.27690328595785046,-0.2901724054936538,0.0,0.0,0.0,0.0,0.0,-1.0,0.0,0.0,0.0,0.0,0.0
receivablesGrowth,0.25986078886310904,-0.08492569002123142,-0.059880239520958084,0.26010790145503476,0.06439341207714466,0.19226546141667944,-0.048394886234201726,0.3173111933580074,0.2960696561273226,1.495961583266458,0.28952463613299506,0.03693447332894873,-0.14111578540530095,0.13260375452479164,0.3436870800624392,0.6912040402494548,-0.07857999012902771,-0.6542966131646618,-0.39606518282988873,-0.2881483810122603,0.10243406536279935,1.202620865139949,1.1593406593406594,2.603960396039604,0.0
inventoryGrowth,0.0,0.0,0.0,0.0,0.0,0.0,0.0,0.0,0.0,0.0,0.0,0.0,0.0,0.0,0.0,0.0,-1.0,-0.58679706601467,-0.6592862153630306,-0.5561393778400522,0.30685401831129194,3.095833333333333,1.9090909090909092,4.076923076923077,0.0
assetGrowth,0.0070160957490713995,0.18843689647772907,-0.005002287631538814,0.017233552914295784,0.4213644645851933,0.028990737759541155,0.04223418357684968,0.02662638745460771,0.28008456116646774,0.5257053136358361,0.0072178032077660804,-0.044455098595313186,0.05741169276689724,-0.012052764777105707,1.0950421559963628,0.21176080170076517,-0.09629287576435157,-0.3214901290387024,-0.022489333126928426,-0.06546806991511578,0.14528572988059799,0.678484374592749,1.5188419117647058,3.1012385568120626,0.0
bookValueperShareGrowth,-0.14533787830743997,-0.21455048217291167,-0.022721280091024268,-0.09854350057325499,0.4557393749398259,0.04298936183693209,0.05331772284820855,-0.130234762434222,1.287463116178091,0.20827455636134493,-0.014061053553792129,-0.16758804932183147,0.06373607217224574,-0.14871940194848263,2.1001051616150828,-0.32564069705743676,-0.3457417103712491,-0.09576747029642398,-0.09698768077860112,-0.1434313922880928,-0.38228889050399256,0.20082595085612476,-0.30683681291490994,0.0,0.0
debtGrowth,0.3773777347136519,0.1939235265465173,-0.015465771490228989,0.03232625519659497,0.32769957001569777,-0.006375580260584372,0.027546416320096342,0.02814791495967916,-0.0014418784829392066,0.6862837019161018,0.015755520000755287,0.030360152907290456,0.07912518550885522,0.0045391522269427826,0.72720119297986,0.5475015039507884,0.22713383823372052,-0.46365150991654475,0.06911520440290553,-0.057298113375110316,0.2962903214201456,0.7121746741879011,2.5892483127763555,1.7492002559181061,0.0
rdexpenseGrowth,0.0,0.0,0.0,0.0,0.0,0.0,0.0,0.0,0.0,0.0,0.0,0.0,0.0,0.0,0.0,-1.0,1.6776632302405499,-0.7384974838245866,-0.25644794868368304,-0.39345059576882546,0.17618457431595005,0.9424074074074074,0.17391304347826086,-0.19298245614035087,0.0
sgaexpensesGrowth,-1.0,0.0,-1.0,0.3194343540396252,0.15003328562842458,0.19332885202350436,0.0998422333531426,0.1843051168402443,0.12292305665844984,0.0,0.0,0.0,0.0,0.0,0.0,0.0,0.0,0.0,0.0,-1.0,0.35693322176568293,0.8281050228310503,0.8559322033898306,2.4705882352941178,0.0
