,2021,2020,2019,2018,2017,2016,2015,2014,2013,2012,2011,2010,2009,2008,2007,2006,2005,2004,2003,2002,2001,2000,1999,1998,1997,1996,1995,1994
reportedCurrency,USD,USD,USD,USD,USD,USD,USD,USD,USD,USD,USD,USD,USD,USD,USD,USD,USD,USD,USD,USD,USD,USD,USD,USD,USD,USD,USD,USD
cik,0001140859,0001140859,0001140859,0001140859,0001140859,0001140859,0001140859,0001140859,0001140859,0001140859,0001140859,0001140859,0001140859,0001140859,0001140859,0001140859,0001140859,0001140859,0001140859,0001140859,0001140859,0001140859,0001140859,0001140859,0001140859,0001140859,0001140859,0001140859
fillingDate,2021-11-04,2020-11-19,2019-11-19,2018-11-20,2017-11-21,2016-11-22,2015-11-24,2014-11-25,2013-11-26,2012-11-27,2011-11-22,2010-11-23,2009-11-25,2008-11-25,2007-11-28,2006-12-08,2005-12-09,2004-12-10,2003-12-19,2002-12-24,2001-09-30,2000-09-30,1999-09-30,1998-09-30,1997-09-30,1996-09-30,1995-09-30,1994-09-30
acceptedDate,2021-11-23 16:20:07,2020-11-19 10:57:34,2019-11-19 17:11:19,2018-11-20 16:10:00,2017-11-21 17:03:20,2016-11-22 15:31:09,2015-11-24 14:54:05,2014-11-25 15:09:38,2013-11-26 12:30:04,2012-11-27 15:39:56,2011-11-22 16:32:10,2010-11-23 13:41:11,2009-11-25 11:53:09,2008-11-25 17:08:20,2007-11-28 16:52:32,2006-12-08 14:27:37,2005-12-09 16:46:53,2004-12-10 15:46:43,2003-12-19 12:09:32,2002-12-23 19:19:24,2001-09-30,2000-09-30,1999-09-30,1998-09-30,1997-09-30,1996-09-30,1995-09-30,1994-09-30
calendarYear,2021,2020,2019,2018,2017,2016,2015,2014,2013,2012,2011,2010,2009,2008,2007,2006,2005,2004,2003,2002,2001,2000,1999,1998,1997,1996,1995,1994
period,FY,FY,FY,FY,FY,FY,FY,FY,FY,FY,FY,FY,FY,FY,FY,FY,FY,FY,FY,FY,FY,FY,FY,FY,FY,FY,FY,FY
cashAndCashEquivalents,2547142000,4597746000,3374194000,2492516000,2435115000,2741832000,2167442000,1808513000,1231006000,1066608000,1825990000,1658182000,1009368000,878114000,640204000,1261268000,1315683000,871343000,800036000,663340000,297626000,120818000,59500000,48500000,60000000,65600000,32200000,25300000
shortTermInvestments,0.0,0.0,0.0,0.0,0.0,0.0,0.0,0.0,0.0,0.0,0.0,0.0,0.0,0.0,467419000,67840000,0.0,0.0,0.0,0.0,0.0,0.0,0.0,0.0,0.0,0.0,0.0,0.0
cashAndShortTermInvestments,2547142000,4597746000,3374194000,2492516000,2435115000,2741832000,2167442000,1808513000,1231006000,1066608000,1825990000,1658182000,1009368000,878114000,1107623000,1329108000,1315683000,871343000,800036000,663340000,297626000,120818000,59500000,48500000,60000000,65600000,32200000,25300000
netReceivables,18389050000,14334729000,12386879000,11314226000,10303324000,9175876000,8222951000,6312883000,6051920000,3938597000,3837203000,3827484000,3916509000,3480267000,3472358000,3427139000,2640646000,2260973000,2295437000,2222156000,2142663000,623961000,612500000,458200000,533300000,390300000,318700000,272300000
inventory,15368352000,12589278000,11060254000,11918508000,11461428000,10723920000,9755094000,8593852000,6981494000,5689147000,5466534000,5210098000,4972820000,4211775000,4101502000,4422055000,4003690000,5135830000,5733837000,5437878000,5056257000,1570504000,1243200000,870200000,1017800000,650300000,404500000,351700000
otherCurrentAssets,2498065000,1533949000,1310727000,169122000,103432000,210219000,189001000,84957000,129231000,292799000,87896000,52586000,55056000,99605000,32817000,32105000,27673000,27243000,29208000,26263000,15956000,5336000.0,4800000.0,41400000,13600000,8900000.0,17800000,2400000.0
totalCurrentAssets,38802609000,33055702000,28132054000,25894372000,24303299000,22851847000,20334488000,16800205000,14393651000,10987151000,11217623000,10748350000,9953753000,8669761000,8714300000,9210407000,7987692000,8295389000,8858518000,8349637000,7512502000,2320619000,1920000000,1418300000,1624700000,1115100000,773200000,651700000
propertyPlantEquipmentNet,2162961000,1484808000,1770516000,1892424000,1797945000,1530682000,979251000,899582000,803561000,780013000,772916000,711712000,619238000,552159000,506984000,509746000,514758000,465264000,353170000,282578000,289569000,64962000,64400000,60800000,67500000,51700000,45200000,41200000
goodwill,9030531000,6706719000,6705507000,6664272000,6044281000,5991497000,4130825000,2948502000,2944970000,2973097000,2565227000,2544367000,0.0,2875366000,2611055000,2588712000,0.0,0.0,0.0,0.0,0.0,0.0,0.0,0.0,0.0,0.0,0.0,0.0
intangibleAssets,5256927000,1886107000,2294836000,2947828000,2833281000,2967849000,1993119000,533242000,554743000,580448000,297857000,300976000,0.0,0.0,477725000,475055000,2878724000,2893350000,2827701000,2568397000,2466848000,0.0,0.0,0.0,0.0,0.0,0.0,0.0
goodwillAndIntangibleAssets,14287458000,8592826000,9000343000,9612100000,8877562000,8959346000,6123944000,3481744000,3499713000,3553545000,2863084000,2845343000,2859064000,2875366000,3088780000,3063767000,2878724000,2893350000,2827701000,2568397000,2466848000,0.0,0.0,0.0,0.0,0.0,0.0,0.0
longTermInvestments,0.0,0.0,0.0,0.0,0.0,0.0,0.0,0.0,0.0,0.0,0.0,0.0,0.0,0.0,0.0,0.0,0.0,0.0,0.0,0.0,0.0,0.0,0.0,0.0,0.0,0.0,0.0,0.0
taxAssets,290791000,361640000,0.0,0.0,0.0,0.0,0.0,0.0,0.0,0.0,0.0,0.0,0.0,0.0,0.0,0.0,0.0,0.0,736000.0,12400000,22326000,0.0,0.0,0.0,0.0,0.0,0.0,0.0
otherNonCurrentAssets,1793986000,779854000,269067000,270942000,337664000,314325000,298474000,350652000,221713000,123417000,129048000,129438000,140685000,120500000,0.0,0.0,0.0,0.0,0.0,0.0,0.0,72986000,76200000,73200000,52800000,21200000,20300000,18700000
totalNonCurrentAssets,18535196000,11219128000,11039926000,11775466000,11013171000,10804353000,7401669000,4731978000,4524987000,4456975000,3765048000,3686493000,3618987000,3548025000,3595764000,3573513000,3393482000,3358614000,3181607000,2863375000,2778743000,137948000,140600000,134000000,120300000,72900000,65500000,59900000
otherAssets,0.0,0.0,0.0,0.0,0.0,0.0,0.0,0.0,0.0,0.0,0.0,0.0,0.0,0.0,0.0,0.0,0.0,0.0,0.0,0.0,0.0,0.0,0.0,0.0,0.0,0.0,0.0,0.0
totalAssets,57337805000,44274830000,39171980000,37669838000,35316470000,33656200000,27736157000,21532183000,18918638000,15444126000,14982671000,14434843000,13572740000,12217786000,12310064000,12783920000,11381174000,11654003000,12040125000,11213012000,10291245000,2458567000,2060600000,1552300000,1745000000,1188000000,838700000,711600000
accountPayables,38009954000,31705055000,28385074000,26836873000,25404042000,23926320000,20886439000,15592834000,13335792000,9630110000,9202115000,8833285000,8517162000,7326580000,6988782000,6499264000,5292253000,4947037000,5393769000,5367837000,4991884000,1584133000,1175600000,873200000,1036500000,715000000,462800000,450000000
shortTermDebt,300213000,501259000,139012000,151657000,12121000,611149000,0.0,0.0,0.0,0.0,392089000,422000.0,1068000.0,1719000.0,476000.0,1560000.0,1232000.0,281360000,61430000,60819000,0.0,0.0,0.0,0.0,0.0,0.0,0.0,100000.0
taxPayables,0.0,0.0,0.0,0.0,0.0,0.0,0.0,0.0,0.0,0.0,0.0,0.0,0.0,0.0,0.0,0.0,0.0,0.0,0.0,0.0,0.0,0.0,0.0,0.0,0.0,0.0,0.0,0.0
deferredRevenue,0.0,0.0,0.0,0.0,0.0,0.0,0.0,0.0,0.0,0.0,0.0,0.0,0.0,0.0,0.0,0.0,0.0,0.0,0.0,0.0,0.0,0.0,0.0,0.0,0.0,0.0,0.0,0.0
otherCurrentLiabilities,3048474000,1646763000,1057208000,881157000,1402002000,743839000,1814326000,1657326000,1534843000,1584372000,1260916000,1072637000,961380000,839290000,867778000,958364000,758611000,875511000,800903000,670861000,540569000,167336000,151700000,142000000,93600000,70800000,67200000,68300000
totalCurrentLiabilities,41358641000,33853077000,29581294000,27869687000,26818165000,25281308000,22700765000,17250160000,14870635000,11214482000,10855120000,9906344000,9479610000,8167589000,7857036000,7459188000,6052096000,6103908000,6256102000,6099517000,5532453000,1751469000,1327300000,1015200000,1130100000,785800000,530000000,518400000
longTermDebt,6383711000,3618261000,4033880000,4158532000,3429934000,3594253000,3493048000,1995632000,1396606000,1446770000,972863000,1343158000,1176933000,1187412000,1227298000,1093931000,951479000,1157111000,1722724000,1756494000,1597295000,413217000,558700000,453800000,589800000,433700000,435800000,487600000
deferredRevenueNonCurrent,0.0,0.0,0.0,0.0,0.0,0.0,0.0,0.0,0.0,0.0,0.0,0.0,0.0,0.0,0.0,0.0,0.0,0.0,0.0,0.0,0.0,0.0,0.0,0.0,0.0,0.0,0.0,0.0
deferredTaxLiabilitiesNonCurrent,1685296000,686485000,1860195000,1829410000,2492612000,2214774000,819188000,0.0,0.0,0.0,0.0,0.0,0.0,0.0,0.0,0.0,0.0,0.0,0.0,0.0,0.0,0.0,0.0,0.0,0.0,0.0,0.0,0.0
otherNonCurrentLiabilities,7325746000,6956643000,703405000,762248000,511298000,436461000,89636000,329492000,331652000,326162000,287830000,231044000,199728000,152740000,126010000,89644000,97242000,53939000,55982000,40663000,322933000,11587000,8300000.0,8000000.0,10800000,5300000.0,8600000.0,6300000.0
totalNonCurrentLiabilities,15394753000,11261389000,6597480000,6750190000,6433844000,6245488000,4401872000,2325124000,1728258000,1772932000,1260693000,1574202000,1376661000,1340152000,1353308000,1183575000,1048721000,1211050000,1778706000,1797157000,1920228000,424804000,567000000,461800000,600600000,439000000,444400000,493900000
otherLiabilities,0.0,0.0,0.0,0.0,0.0,0.0,0.0,0.0,0.0,0.0,0.0,0.0,0.0,0.0,0.0,0.0,0.0,0.0,0.0,0.0,0.0,0.0,0.0,0.0,0.0,0.0,0.0,0.0
capitalLeaseObligations,0.0,0.0,0.0,0.0,0.0,0.0,0.0,0.0,0.0,0.0,0.0,0.0,0.0,0.0,0.0,0.0,0.0,0.0,0.0,0,0,0,0,0,0,0,0,0
totalLiabilities,56753394000,45114466000,36178774000,34619877000,33252009000,31526796000,27102637000,19575284000,16598893000,12987414000,12115813000,11480546000,10856271000,9507741000,9210344000,8642763000,7100817000,7314958000,8034808000,7896674000,7452681000,2176273000,1894300000,1477000000,1730700000,1224800000,974400000,1012300000
preferredStock,0.0,0.0,0.0,0.0,0.0,0.0,0.0,0.0,0.0,0.0,0.0,0.0,0.0,0.0,0.0,0.0,0.0,0.0,0.0,0,0,0,0,0,0,0,0,0
commonStock,2907000.0,2878000.0,2853000.0,2836000.0,2806000.0,2778000.0,2750000.0,2711000.0,2678000.0,2625000.0,4965000.0,4898000.0,4829000.0,2406000.0,2379000.0,2354000.0,1156000.0,1125000.0,1120000.0,1066000.0,1035000.0,588000.0,600000.0,0.0,0.0,0.0,0.0,0.0
retainedEarnings,1670513000,518335000,4235491000,3720582000,2395218000,2303941000,1181623000,1570429000,1508414000,1270423000,4055664000,3465886000,2919760000,2479078000,2286489000,2051212000,1604093000,1350046000,892853000,462619000,128178000,4382000.0,-94600000,-163400000,-213900000,-259400000,-294800000,-305000000
accumulatedOtherComprehensiveIncomeLoss,-445442000,-108830000,-111965000,-79253000,-95850000,-114308000,-136333000,-52046000,-35483000,-30787000,-50868000,-42536000,-46096000,-16490000,-5247000.0,-15303000,-24814000,-13577000,-14217000,-139922000,-88627000,-75804000,-70400000,-57700000,-47500000,-39800000,-31600000,-26400000
othertotalStockholdersEquity,-1004624000,-1431307000,-1247462000,-711341000,-237713000,-63007000,-414520000,435805000,844136000,1214451000,-1142903000,-473951000,-162024000,245051000,816099000,2102894000,2699922000,3001451000,3125561000,2992575000,2797978000,353128000,330700000,296400000,275700000,262400000,190700000,30700000
totalStockholdersEquity,223354000,-1018924000,2878917000,2932824000,2064461000,2129404000,633520000,1956899000,2319745000,2456712000,2866858000,2954297000,2716469000,2710045000,3099720000,4141157000,4280357000,4339045000,4005317000,3316338000,2838564000,282294000,166300000,75300000,14300000,-36800000,-135700000,-300700000
totalLiabilitiesAndStockholdersEquity,56976748000,44095542000,39057691000,37552701000,35316470000,33656200000,27736157000,21532183000,18918638000,15444126000,14982671000,14434843000,13572740000,12217786000,12310064000,12783920000,11381174000,11654003000,12040125000,11213012000,10291245000,2458567000,2060600000,1552300000,1745000000,1188000000,838700000,711600000
minorityInterest,361057000,179288000,114289000,117137000,0,0,0,0,0,0,0,0,0,0,0,0,0,0,0,0,0,0,0,0,0,0,0,0
totalEquity,584411000,-839636000,2993206000,3049961000,2064461000,2129404000,633520000,1956899000,2319745000,2456712000,2866858000,2954297000,2716469000,2710045000,3099720000,4141157000,4280357000,4339045000,4005317000,3316338000,2838564000,282294000,166300000,75300000,14300000,-36800000,-135700000,-300700000
totalLiabilitiesAndTotalEquity,57337805000,44274830000,39171980000,37669838000,35316470000,33656200000,27736157000,21532183000,18918638000,15444126000,14982671000,14434843000,13572740000,12217786000,12310064000,12783920000,11381174000,11654003000,12040125000,11213012000,10291245000,2458567000,2060600000,1552300000,1745000000,1188000000,838700000,711600000
totalInvestments,0.0,0.0,0.0,0.0,0.0,0.0,0.0,0.0,0.0,0.0,0.0,0.0,0.0,0.0,0.0,0.0,0.0,0.0,0.0,0.0,0.0,0.0,0.0,0.0,0.0,0.0,0.0,0.0
totalDebt,6683924000,4119520000,4172892000,4310189000,3442055000,4205402000,3493048000,1995632000,1396606000,1446770000,1364952000,1343580000,1178001000,1189131000,1227774000,1095491000,952711000,1438471000,1784154000,1817313000,1597295000,413217000,558700000,453800000,589800000,433700000,435800000,487700000
netDebt,4136782000,-478226000,798698000,1817673000,1006940000,1463570000,1325606000,187119000,165600000,380162000,-461038000,-314602000,168633000,311017000,587570000,-165777000,-362972000,567128000,984118000,1153973000,1299669000,292399000,499200000,405300000,529800000,368100000,403600000,462400000
link,,https://www.sec.gov/Archives/edgar/data/1140859/000114085920000050/0001140859-20-000050-index.htm,https://www.sec.gov/Archives/edgar/data/1140859/000114085919000040/0001140859-19-000040-index.htm,https://www.sec.gov/Archives/edgar/data/1140859/000114085918000053/0001140859-18-000053-index.htm,https://www.sec.gov/Archives/edgar/data/1140859/000114085917000047/0001140859-17-000047-index.htm,https://www.sec.gov/Archives/edgar/data/1140859/000114085916000022/0001140859-16-000022-index.htm,https://www.sec.gov/Archives/edgar/data/1140859/000104746915008939/0001047469-15-008939-index.htm,https://www.sec.gov/Archives/edgar/data/1140859/000104746914009555/0001047469-14-009555-index.htm,https://www.sec.gov/Archives/edgar/data/1140859/000104746913010867/0001047469-13-010867-index.htm,https://www.sec.gov/Archives/edgar/data/1140859/000104746912010807/0001047469-12-010807-index.htm,https://www.sec.gov/Archives/edgar/data/1140859/000095012311100028/0000950123-11-100028-index.htm,https://www.sec.gov/Archives/edgar/data/1140859/000095012310108165/0000950123-10-108165-index.htm,https://www.sec.gov/Archives/edgar/data/1140859/000095012309066012/0000950123-09-066012-index.htm,https://www.sec.gov/Archives/edgar/data/1140859/000119312508243469/0001193125-08-243469-index.htm,https://www.sec.gov/Archives/edgar/data/1140859/000119312507255013/0001193125-07-255013-index.htm,https://www.sec.gov/Archives/edgar/data/1140859/000119312506249498/0001193125-06-249498-index.htm,https://www.sec.gov/Archives/edgar/data/1140859/000119312505240076/0001193125-05-240076-index.htm,https://www.sec.gov/Archives/edgar/data/1140859/000119312504211073/0001193125-04-211073-index.htm,https://www.sec.gov/Archives/edgar/data/1140859/000119312503097066/0001193125-03-097066-index.htm,https://www.sec.gov/Archives/edgar/data/1140859/000102140802015488/0001021408-02-015488-index.htm,,,,,,,,
finalLink,,https://www.sec.gov/Archives/edgar/data/1140859/000114085920000050/abc-20200930.htm,https://www.sec.gov/Archives/edgar/data/1140859/000114085919000040/a10-kx9302019.htm,https://www.sec.gov/Archives/edgar/data/1140859/000114085918000053/a10-kx9302018.htm,https://www.sec.gov/Archives/edgar/data/1140859/000114085917000047/abc10-kxseptember302017.htm,https://www.sec.gov/Archives/edgar/data/1140859/000114085916000022/abc10-kxseptember302016.htm,https://www.sec.gov/Archives/edgar/data/1140859/000104746915008939/a2226704z10-k.htm,https://www.sec.gov/Archives/edgar/data/1140859/000104746914009555/a2222308z10-k.htm,https://www.sec.gov/Archives/edgar/data/1140859/000104746913010867/a2217371z10-k.htm,https://www.sec.gov/Archives/edgar/data/1140859/000104746912010807/a2211951z10-k.htm,https://www.sec.gov/Archives/edgar/data/1140859/000095012311100028/c24915e10vk.htm,https://www.sec.gov/Archives/edgar/data/1140859/000095012310108165/c07197e10vk.htm,https://www.sec.gov/Archives/edgar/data/1140859/000095012309066012/c92934e10vk.htm,https://www.sec.gov/Archives/edgar/data/1140859/000119312508243469/d10k.htm,https://www.sec.gov/Archives/edgar/data/1140859/000119312507255013/d10k.htm,https://www.sec.gov/Archives/edgar/data/1140859/000119312506249498/d10k.htm,https://www.sec.gov/Archives/edgar/data/1140859/000119312505240076/d10k.htm,https://www.sec.gov/Archives/edgar/data/1140859/000119312504211073/d10k.htm,https://www.sec.gov/Archives/edgar/data/1140859/000119312503097066/d10k.htm,https://www.sec.gov/Archives/edgar/data/1140859/000102140802015488/d10k.htm,,,,,,,,
