,2021,2020,2019,2018,2017,2016
reportedCurrency,USD,USD,USD,USD,USD,USD
cik,0001701605,0001701605,0001701605,0001701605,0001701605,0001701605
fillingDate,2022-02-11,2021-02-25,2020-02-13,2019-02-19,2018-02-23,2016-12-31
acceptedDate,2022-02-11 16:42:53,2021-02-25 16:07:29,2020-02-13 16:18:34,2019-02-19 16:55:51,2018-02-23 17:17:47,2016-12-31
calendarYear,2021,2020,2019,2018,2017,2016
period,FY,FY,FY,FY,FY,FY
cashAndCashEquivalents,3853000000,4132000000,3249000000,3723000000,7023000000,981000000
shortTermInvestments,0.0,0.0,0.0,0.0,0.0,0.0
cashAndShortTermInvestments,3853000000,4132000000,3249000000,3723000000,7023000000,981000000
netReceivables,5651000000,5622000000,6416000000,5969000000,6014000000,2563000000
inventory,3979000000,4421000000,4608000000,4620000000,4590000000,3224000000
otherCurrentAssets,1582000000,2280000000,949000000,659000000,872000000,633000000
totalCurrentAssets,15065000000,16455000000,15222000000,14971000000,18499000000,7401000000
propertyPlantEquipmentNet,4877000000,5358000000,6240000000,6228000000,6959000000,2325000000
goodwill,5959000000,5977000000,20690000000,20717000000,19927000000,6680000000
intangibleAssets,4131000000,4397000000,5381000000,5719000000,6358000000,2449000000
goodwillAndIntangibleAssets,10090000000,10374000000,26071000000,26436000000,26285000000,9129000000
longTermInvestments,0.0,0.0,0.0,0.0,0.0,0.0
taxAssets,0.0,953000000,954000000,1072000000,482000000,326000000
otherNonCurrentAssets,5316000000,4867000000,4882000000,3732000000,4825000000,2540000000
totalNonCurrentAssets,20283000000,21552000000,38147000000,37468000000,38551000000,14320000000
otherAssets,0.0,0.0,0.0,0.0,0.0,0.0
totalAssets,35348000000,38007000000,53369000000,52439000000,57050000000,21721000000
accountPayables,3745000000,3532000000,4268000000,4025000000,3377000000,1898000000
shortTermDebt,40000000,889000000,321000000,942000000,2037000000,239000000
taxPayables,0.0,0.0,0.0,0.0,0.0,0.0
deferredRevenue,3272000000,3454000000,2870000000,0.0,0.0,0.0
otherCurrentLiabilities,2111000000,2352000000,2555000000,4053000000,3483000000,2797000000
totalCurrentLiabilities,9168000000,10227000000,10014000000,9020000000,8897000000,4934000000
longTermDebt,6687000000,6744000000,6301000000,6182000000,6225000000,37000000
deferredRevenueNonCurrent,0.0,0.0,0.0,0.0,0.0,0.0
deferredTaxLiabilitiesNonCurrent,0.0,186000000,51000000,143000000,524000000,880000000
otherNonCurrentLiabilities,2747000000,2608000000,2504000000,2081000000,2231000000,1015000000
totalNonCurrentLiabilities,9434000000,9538000000,8856000000,8406000000,8980000000,1932000000
otherLiabilities,0.0,0.0,0.0,0.0,0.0,0.0
capitalLeaseObligations,0,0.0,0.0,103000000,87000000,1000000.0
totalLiabilities,18602000000,19765000000,18870000000,17426000000,17877000000,6866000000
preferredStock,0,0.0,0.0,0.0,0.0,0.0
commonStock,0.0,0.0,0.0,0.0,0.0,0.0
retainedEarnings,0.0,-9942000000,0.0,25000000,-73000000,0.0
accumulatedOtherComprehensiveIncomeLoss,0.0,-1778000000,-1636000000,-1219000000,-701000000,-1894000000
othertotalStockholdersEquity,0.0,0.0,36135000000,36207000000,39949000000,16749000000
totalStockholdersEquity,16746000000,12893000000,21929000000,17465000000,14709000000,14688000000
totalLiabilitiesAndStockholdersEquity,35348000000,32658000000,40799000000,34891000000,32586000000,21554000000
minorityInterest,0,5349000000,12570000000,17548000000,24464000000,167000000
totalEquity,16746000000,18242000000,34499000000,35013000000,39173000000,14855000000
totalLiabilitiesAndTotalEquity,35348000000,38007000000,53369000000,52439000000,57050000000,21721000000
totalInvestments,0.0,0.0,0.0,0.0,0.0,0.0
totalDebt,6727000000,7633000000,6622000000,7124000000,8262000000,276000000
netDebt,2874000000,3501000000,3373000000,3401000000,1239000000,-705000000
link,https://www.sec.gov/Archives/edgar/data/1701605/000170160522000050/0001701605-22-000050-index.htm,https://www.sec.gov/Archives/edgar/data/1701605/000170160521000026/0001701605-21-000026-index.htm,https://www.sec.gov/Archives/edgar/data/1701605/000170160520000019/0001701605-20-000019-index.htm,https://www.sec.gov/Archives/edgar/data/1701605/000170160519000021/0001701605-19-000021-index.htm,https://www.sec.gov/Archives/edgar/data/1701605/000170160518000029/0001701605-18-000029-index.htm,
finalLink,https://www.sec.gov/Archives/edgar/data/1701605/000170160522000050/bkr-20211231.htm,https://www.sec.gov/Archives/edgar/data/1701605/000170160521000026/bkr-20201231.htm,https://www.sec.gov/Archives/edgar/data/1701605/000170160520000019/fiscalyear2019form10-k.htm,https://www.sec.gov/Archives/edgar/data/1701605/000170160519000021/fiscalyear2018form10-k.htm,https://www.sec.gov/Archives/edgar/data/1701605/000170160518000029/fiscalyear2017form10-k.htm,
