,2021,2020,2019,2018,2017,2016,2015,2014,2013,2012,2011,2010,2009,2008,2007,2006,2005,2004,2003,2002,2001,2000,1999,1998,1997,1996
reportedCurrency,USD,USD,USD,USD,USD,USD,USD,USD,USD,USD,USD,USD,USD,USD,USD,USD,USD,USD,USD,USD,USD,USD,USD,USD,USD,USD
cik,0001013462,0001013462,0001013462,0001013462,0001013462,0001013462,0001013462,0001013462,0001013462,0001013462,0001013462,0001013462,0001013462,0001013462,0001013462,0001013462,0001013462,0001013462,0001013462,0001013462,0001013462,0001013462,0001013462,0001013462,0001013462,0001013462
fillingDate,2022-02-23,2021-02-24,2020-02-27,2019-02-28,2018-02-22,2017-02-23,2016-02-25,2015-02-26,2014-02-27,2013-02-28,2012-02-23,2011-02-25,2010-02-25,2009-02-27,2008-02-28,2007-02-28,2006-03-09,2005-03-10,2004-03-12,2003-03-24,2001-12-31,2000-12-31,1999-12-31,1999-03-24,1998-03-23,1997-03-26
acceptedDate,2022-02-23 16:38:01,2021-02-24 16:18:49,2020-02-27 10:57:42,2019-02-28 12:10:34,2018-02-22 11:13:42,2017-02-23 10:54:13,2016-02-25 11:43:43,2015-02-26 11:32:17,2014-02-27 11:40:46,2013-02-28 12:13:55,2012-02-23 11:30:54,2011-02-25 10:00:45,2010-02-25 15:47:42,2009-02-27 14:47:04,2008-02-28 11:34:01,2007-02-28 14:44:59,2006-03-09 16:38:07,2005-03-10 15:47:35,2004-03-12 14:51:38,2003-03-24 17:15:29,2001-12-31,2000-12-31,1999-12-31,1999-03-24 00:00:00,1998-03-23 00:00:00,1997-03-26 00:00:00
calendarYear,2021,2020,2019,2018,2017,2016,2015,2014,2013,2012,2011,2010,2009,2008,2007,2006,2005,2004,2003,2002,2001,2000,1999,1998,1997,1996
period,FY,FY,FY,FY,FY,FY,FY,FY,FY,FY,FY,FY,FY,FY,FY,FY,FY,FY,FY,FY,FY,FY,FY,FY,FY,FY
cashAndCashEquivalents,667667000,912672000,872094000,777139000,881501000,822479000,784168000,788064000,742486000,576703000,471828000,472479000,335878000,228176000,167224000,104315000,176166000,83547000,78038000,46198000,28545000,6313000.0,57132000,6600000.0,14000000,17100000
shortTermInvestments,361000.0,479000.0,288000.0,225000.0,286000.0,381000.0,446000.0,714000.0,500000.0,452000.0,576000.0,455000.0,7966000.0,5699000.0,4627000.0,171000.0,18066000,54899000,4976000.0,14934000,24903000,41227000,0.0,0.0,0.0,0.0
cashAndShortTermInvestments,668028000,913151000,872382000,777364000,881787000,822860000,784614000,788778000,742986000,577155000,472404000,472934000,343844000,233875000,171851000,104486000,194232000,138446000,83014000,61132000,53448000,47540000,57132000,6600000.0,14000000,17100000
netReceivables,918111000,761346000,637830000,498553000,361477000,322029000,269642000,272335000,298579000,312866000,247898000,224006000,153819000,157285000,115780000,89694000,44199000,18792000,36234000,29612000,28155000,14403000,10518000,8900000.0,8000000.0,7300000.0
inventory,0.0,0.0,0.0,0.0,0.0,0.0,0.0,0.0,0.0,0.0,0.0,0.0,0.0,0.0,0.0,0.0,0.0,0.0,0.0,0.0,0.0,0.0,0.0,0.0,0.0,0.0
otherCurrentAssets,52435000,44740000,45268000,35260000,27002000,24512000,22170000,49380000,26031000,23338000,19731000,17693000,17827000,5993000.0,17538000,20976000,4055000.0,27016000,3311000.0,1747000.0,1799000.0,2964000.0,3265000.0,38200000,14900000,700000.0
totalCurrentAssets,1638574000,1719237000,1555480000,1311177000,1270266000,1169401000,1076426000,1110493000,1067596000,913359000,740033000,714633000,515490000,397153000,305169000,215156000,242486000,184254000,122559000,92491000,83402000,64907000,70915000,53700000,36900000,25100000
propertyPlantEquipmentNet,208795000,234233000,189307000,61655000,57096000,54677000,61924000,64643000,78674000,52253000,45638000,36921000,35131000,36812000,29082000,25530000,6362000.0,5551000.0,5801000.0,4302000.0,4915000.0,5152000.0,3529000.0,3700000.0,4800000.0,4300000.0
goodwill,3409271000,3038306000,2413280000,1572455000,1378553000,1337215000,1332348000,1312182000,1255704000,1251247000,1225375000,1035083000,1038824000,1048003000,453689000,428959000,0.0,0.0,0.0,18615000,16937000,0.0,0.0,0.0,0.0,0.0
intangibleAssets,763119000,694865000,476711000,211272000,157625000,172619000,220553000,259312000,291390000,351173000,383420000,278320000,322313000,373398000,177745000,205381000,53866000,48385000,50027000,5098000.0,6499000.0,18197000,1946000.0,2300000.0,2600000.0,2200000.0
goodwillAndIntangibleAssets,4172390000,3733171000,2889991000,1783727000,1536178000,1509834000,1552901000,1571494000,1547094000,1602420000,1608795000,1313403000,1361137000,1421401000,631434000,634340000,53866000,48385000,50027000,23713000,23436000,18197000,1946000.0,2300000.0,2600000.0,2200000.0
longTermInvestments,0.0,0.0,0.0,0.0,0.0,0.0,0.0,0.0,0.0,0.0,0.0,0.0,0.0,0.0,0.0,0.0,0.0,0.0,0.0,0.0,0.0,0.0,0.0,0.0,0.0,0.0
taxAssets,24879000,28830000,24077000,26630000,42111000,42327000,32896000,21286000,18432000,14992000,7062000.0,5796000.0,2576000.0,456000.0,0.0,0.0,2153000.0,558000.0,0.0,5038000.0,4692000.0,0.0,0.0,0.0,0.0,0.0
otherNonCurrentAssets,279676000,225119000,180032000,82775000,35972000,24287000,5757000.0,6187000.0,10586000,24393000,46942000,56123000,5848000.0,8692000.0,3607000.0,3017000.0,642000.0,898000.0,959000.0,1457000.0,1317000.0,5969000.0,7501000.0,8300000.0,9300000.0,11800000
totalNonCurrentAssets,4685740000,4221353000,3283407000,1954787000,1671357000,1631125000,1653478000,1663610000,1654786000,1694058000,1708437000,1412243000,1404692000,1467361000,664123000,662887000,63023000,55392000,56787000,34510000,34360000,29318000,12976000,14300000,16700000,18300000
otherAssets,0.0,0.0,0.0,0.0,0.0,0.0,0.0,0.0,0.0,0.0,0.0,0.0,0.0,0.0,0.0,0.0,0.0,0.0,0.0,0.0,0.0,0.0,0.0,0.0,0.0,0.0
totalAssets,6324314000,5940590000,4838887000,3265964000,2941623000,2800526000,2729904000,2774103000,2722382000,2607417000,2448470000,2126876000,1920182000,1864514000,969292000,878043000,305509000,239646000,179346000,127001000,117762000,94225000,83891000,68000000,53600000,43400000
accountPayables,10863000,18691000,14298000,7953000.0,6042000.0,7395000.0,4865000.0,3421000.0,7939000.0,4924000.0,6987000.0,2241000.0,2426000.0,3069000.0,3603000.0,3599000.0,1330000.0,1100000.0,988000.0,627000.0,624000.0,459000.0,222000.0,200000.0,200000.0,500000.0
shortTermDebt,0.0,0.0,75000000,0.0,0.0,0.0,0.0,0.0,0.0,53149000,74423000,31962000,26758000,29630000,7716000.0,13927000,0.0,0.0,0.0,0.0,0.0,0.0,0.0,0.0,0.0,0.0
taxPayables,61040000,71272000,46394000,8726000.0,5760000.0,5263000.0,4695000.0,7127000.0,9333000.0,8182000.0,6213000.0,6179000.0,12262000,0.0,0.0,0.0,0.0,0.0,0.0,0.0,0.0,0.0,0.0,0.0,0.0,0.0
deferredRevenue,391528000,372061000,351353000,328584000,440491000,403279000,364644000,332664000,309775000,305793000,259155000,199805000,169275000,166189000,122799000,101226000,49894000,43906000,37874000,26395000,25120000,0.0,0.0,0.0,0.0,0.0
otherCurrentLiabilities,376101000,338073000,254489000,188230000,162020000,128426000,114637000,129014000,122717000,113521000,98186000,77361000,68307000,68776000,61749000,60548000,29308000,19171000,12762000,8586000.0,17625000,24402000,18038000,15400000,13000000,10000000
totalCurrentLiabilities,778492000,728825000,695140000,524767000,608553000,539100000,484146000,465099000,440431000,477387000,438751000,311369000,266766000,267664000,195867000,179300000,80532000,64177000,51624000,35608000,43369000,24861000,18260000,15600000,13200000,10500000
longTermDebt,857954000,919058000,423531000,0.0,0.0,0.0,0.0,0.0,0.0,0.0,53149000,127563000,198668000,249370000,52430000,109393000,0.0,0.0,0.0,0.0,0.0,0.0,0.0,0.0,0.0,0.0
deferredRevenueNonCurrent,0.0,0.0,0.0,0.0,0.0,0.0,0.0,0.0,0.0,0.0,0.0,0.0,0.0,0.0,0.0,0.0,0.0,0.0,0.0,0.0,0.0,0.0,0.0,0.0,0.0,0.0
deferredTaxLiabilitiesNonCurrent,105548000,110321000,78643000,30077000,1461000.0,2259000.0,2091000.0,37390000,66899000,92822000,101618000,75026000,107313000,127527000,62471000,47577000,0.0,0.0,648000.0,0.0,0.0,0.0,0.0,0.0,0.0,0.0
otherNonCurrentLiabilities,98272000,84514000,188194000,61573000,85778000,50762000,49240000,54113000,78806000,96917000,100479000,82989000,34804000,37054000,17314000,6980000.0,0.0,0.0,0.0,0.0,0.0,0.0,0.0,0.0,0.0,-100000.0
totalNonCurrentLiabilities,1061774000,1113893000,690368000,91650000,87239000,53021000,51331000,91503000,145705000,189739000,255246000,285578000,340785000,413951000,132215000,163950000,0.0,0.0,648000.0,0.0,0.0,0.0,0.0,0.0,0.0,-100000.0
otherLiabilities,0.0,0.0,0.0,0.0,0.0,0.0,0.0,0.0,0.0,0.0,0.0,0.0,0.0,0.0,0.0,0.0,0.0,0.0,0.0,0.0,0.0,0.0,0.0,0.0,0.0,0.0
capitalLeaseObligations,104378000,120940000,91768000,0.0,0.0,0.0,0.0,0.0,18136000,0.0,0.0,0.0,0.0,425000.0,0.0,0.0,0.0,0.0,0.0,0.0,0,0,0,0,0,0
totalLiabilities,1840266000,1842718000,1385508000,616417000,695792000,592121000,535477000,556602000,586136000,667126000,693997000,596947000,607551000,681615000,328082000,343250000,80532000,64177000,52272000,35608000,43369000,24861000,18260000,15600000,13200000,10400000
preferredStock,0.0,0.0,0.0,0.0,0.0,0.0,0.0,0.0,0.0,0.0,0.0,0.0,0.0,0.0,0.0,0.0,0.0,0.0,0.0,0.0,0,0,0,0,0,0
commonStock,953000.0,953000.0,946000.0,932000.0,932000.0,932000.0,932000.0,932000.0,932000.0,932000.0,927000.0,916000.0,897000.0,897000.0,783000.0,392000.0,332000.0,332000.0,166000.0,166000.0,166000.0,166000.0,166000.0,0.0,0.0,0.0
retainedEarnings,4259220000,3804593000,3370706000,2919411000,2316916000,2057665000,1792029000,1539508000,1284818000,1039491000,836008000,655333000,502201000,385810000,274139000,193327000,179171000,135268000,100701000,79388000,60429000,46737000,30427000,15700000,4300000.0,-3100000.0
accumulatedOtherComprehensiveIncomeLoss,-56112000,-17775000,-65381000,-62379000,-37844000,-57652000,-52164000,-31754000,-2644000.0,8651000.0,11876000,16962000,8812000.0,-1484000.0,16229000,7718000.0,4271000.0,6701000.0,4440000.0,760000.0,-10338000,-8237000.0,-6891000.0,-5100000.0,-3100000.0,-2200000.0
othertotalStockholdersEquity,279987000,310101000,147108000,-208417000,-34173000,207460000,453630000,708815000,853140000,891217000,905662000,856718000,800721000,797676000,350059000,333356000,41203000,33168000,21767000,11079000,24136000,30698000,41929000,41800000,39200000,38300000
totalStockholdersEquity,4484048000,4097872000,3453379000,2649547000,2245831000,2208405000,2194427000,2217501000,2136246000,1940291000,1754473000,1529929000,1312631000,1182899000,641210000,534793000,224977000,175469000,127074000,91393000,74393000,69364000,65631000,52400000,40400000,33000000
totalLiabilitiesAndStockholdersEquity,6324314000,5940590000,4838887000,3265964000,2941623000,2800526000,2729904000,2774103000,2722382000,2607417000,2448470000,2126876000,1920182000,1864514000,969292000,878043000,305509000,239646000,179346000,127001000,117762000,94225000,83891000,68000000,53600000,43400000
minorityInterest,0,0,0,0,0,0,0,0,0,0,0,0,0,0,0,0,0,0,0,0,0,0,0,0,0,0
totalEquity,4484048000,4097872000,3453379000,2649547000,2245831000,2208405000,2194427000,2217501000,2136246000,1940291000,1754473000,1529929000,1312631000,1182899000,641210000,534793000,224977000,175469000,127074000,91393000,74393000,69364000,65631000,52400000,40400000,33000000
totalLiabilitiesAndTotalEquity,6324314000,5940590000,4838887000,3265964000,2941623000,2800526000,2729904000,2774103000,2722382000,2607417000,2448470000,2126876000,1920182000,1864514000,969292000,878043000,305509000,239646000,179346000,127001000,117762000,94225000,83891000,68000000,53600000,43400000
totalInvestments,0.0,0.0,0.0,0.0,0.0,0.0,0.0,0.0,0.0,0.0,0.0,0.0,0.0,0.0,0.0,0.0,0.0,0.0,0.0,0.0,0.0,0.0,0.0,0.0,0.0,0.0
totalDebt,857954000,919058000,498531000,0.0,0.0,0.0,0.0,0.0,18136000,53149000,127572000,159525000,225426000,279000000,60146000,123320000,0.0,0.0,0.0,0.0,0.0,0.0,0.0,0.0,0.0,0.0
netDebt,190287000,6386000.0,-373563000,-777139000,-881501000,-822479000,-784168000,-788064000,-724350000,-523554000,-344256000,-312954000,-110452000,50824000,-107078000,19005000,-176166000,-83547000,-78038000,-46198000,-28545000,-6313000.0,-57132000,-6600000.0,-14000000,-17100000
link,https://www.sec.gov/Archives/edgar/data/1013462/000101346222000005/0001013462-22-000005-index.htm,https://www.sec.gov/Archives/edgar/data/1013462/000101346221000009/0001013462-21-000009-index.htm,https://www.sec.gov/Archives/edgar/data/1013462/000101346220000004/0001013462-20-000004-index.html,https://www.sec.gov/Archives/edgar/data/1013462/000101346219000003/0001013462-19-000003-index.html,https://www.sec.gov/Archives/edgar/data/1013462/000101346218000004/0001013462-18-000004-index.html,https://www.sec.gov/Archives/edgar/data/1013462/000101346217000003/0001013462-17-000003-index.html,https://www.sec.gov/Archives/edgar/data/1013462/000101346216000017/0001013462-16-000017-index.html,https://www.sec.gov/Archives/edgar/data/1013462/000101346215000004/anss2014123110k.htm,https://www.sec.gov/Archives/edgar/data/1013462/000101346214000004/anss2013123110k.htm,https://www.sec.gov/Archives/edgar/data/1013462/000101346213000003/0001013462-13-000003-index.html,https://www.sec.gov/Archives/edgar/data/1013462/000119312512074501/0001193125-12-074501-index.html,https://www.sec.gov/Archives/edgar/data/1013462/000119312511046536/d10k.htm,https://www.sec.gov/Archives/edgar/data/1013462/000119312510040617/0001193125-10-040617-index.html,https://www.sec.gov/Archives/edgar/data/1013462/000119312509040766/0001193125-09-040766-index.html,https://www.sec.gov/Archives/edgar/data/1013462/000119312508041214/d10k.htm,https://www.sec.gov/Archives/edgar/data/1013462/000119312507042422/d10k.htm,https://www.sec.gov/Archives/edgar/data/1013462/000119312506049706/d10k.htm,https://www.sec.gov/Archives/edgar/data/1013462/000119312505046539/0001193125-05-046539-index.html,https://www.sec.gov/Archives/edgar/data/1013462/000119312504040366/0001193125-04-040366-index.html,https://www.sec.gov/Archives/edgar/data/1013462/000095013203000007/0000950132-03-000007-index.html,,,,https://www.sec.gov/Archives/edgar/data/1013462/000095013299000268/0000950132-99-000268-index.html,https://www.sec.gov/Archives/edgar/data/1013462/000095013298000250/0000950132-98-000250-index.html,https://www.sec.gov/Archives/edgar/data/1013462/000095013297000207/0000950132-97-000207-index.html
finalLink,https://www.sec.gov/Archives/edgar/data/1013462/000101346222000005/anss-20211231.htm,https://www.sec.gov/Archives/edgar/data/1013462/000101346221000009/anss-20201231.htm,https://www.sec.gov/Archives/edgar/data/1013462/000101346220000004/anss2019123110k.htm,https://www.sec.gov/Archives/edgar/data/1013462/000101346219000003/anss2018123110k.htm,https://www.sec.gov/Archives/edgar/data/1013462/000101346218000004/anss2017123110k.htm,https://www.sec.gov/Archives/edgar/data/1013462/000101346217000003/anss2016123110k.htm,https://www.sec.gov/Archives/edgar/data/1013462/000101346216000017/anss2015123110k.htm,https://www.sec.gov/Archives/edgar/data/1013462/000101346215000004/anss2014123110k.htm,https://www.sec.gov/Archives/edgar/data/1013462/000101346214000004/anss2013123110k.htm,https://www.sec.gov/Archives/edgar/data/1013462/000101346213000003/anss2012123110k.htm,https://www.sec.gov/Archives/edgar/data/1013462/000119312512074501/d260706d10k.htm,https://www.sec.gov/Archives/edgar/data/1013462/000119312511046536/d10k.htm,https://www.sec.gov/Archives/edgar/data/1013462/000119312510040617/d10k.htm,https://www.sec.gov/Archives/edgar/data/1013462/000119312509040766/d10k.htm,https://www.sec.gov/Archives/edgar/data/1013462/000119312508041214/d10k.htm,https://www.sec.gov/Archives/edgar/data/1013462/000119312507042422/d10k.htm,https://www.sec.gov/Archives/edgar/data/1013462/000119312506049706/d10k.htm,https://www.sec.gov/Archives/edgar/data/1013462/000119312505046539/d10k.htm,https://www.sec.gov/Archives/edgar/data/1013462/000119312504040366/d10k.htm,https://www.sec.gov/Archives/edgar/data/1013462/000095013203000007/d10k.htm,,,,https://www.sec.gov/Archives/edgar/data/1013462/0000950132-99-000268.txt,https://www.sec.gov/Archives/edgar/data/1013462/0000950132-98-000250.txt,https://www.sec.gov/Archives/edgar/data/1013462/0000950132-97-000207.txt
