,2021,2020,2019,2018,2017,2016,2015,2014,2013,2012,2011,2010,2009,2008,2007,2006,2005,2004,2003,2002,2001,2000,1999,1998,1997,1996
period,FY,FY,FY,FY,FY,FY,FY,FY,FY,FY,FY,FY,FY,FY,FY,FY,FY,FY,FY,FY,FY,FY,FY,FY,FY,FY
currentRatio,2.1048051874649962,2.3589160635269097,2.237649969790258,2.498588897548817,2.0873547579257683,2.1691726952327954,2.223349981204017,2.38764865114739,2.4239801467199174,1.913246485555744,1.686681055997593,2.2951321422492286,1.9323676930343447,1.4837744336182677,1.5580419366202576,1.199977691020636,3.0110515074752895,2.87102856163423,2.37407019990702,2.597478094810155,1.9230786967649705,2.6107960259040266,3.8836254107338446,3.4423076923076925,2.7954545454545454,2.3904761904761904
quickRatio,2.0374506096401763,2.2975295852913935,2.172529274678482,2.431397172459396,2.042983930734053,2.1237043220181784,2.1775580093608125,2.281477706896811,2.3648766776180605,1.864359523824486,1.6417102183242887,2.2383088875257333,1.865541335852395,1.4613844222607448,1.4685015852593852,1.082989403234802,2.9606988526300104,2.4500677812923635,2.3099333643266697,2.5484160862727476,1.8815974544029146,2.491573146695628,3.7048192771084336,0.9935897435897436,1.6666666666666667,2.323809523809524
cashRatio,0.8576414401175606,1.2522512262888896,1.2545587939120177,1.4809220091964623,1.4485196852205149,1.5256520126136153,1.6196932330330107,1.6944005469803203,1.685816847587931,1.2080408557417777,1.0753890019623886,1.5174246633415658,1.2590734951230667,0.8524717556339291,0.8537630126565475,0.5817902955939765,2.1875279392042914,1.3018215248453495,1.511661242832791,1.2974050775106718,0.6581890290299522,0.2539318611479828,3.1288061336254107,0.4230769230769231,1.0606060606060606,1.6285714285714286
daysOfSalesOutstanding,175.7528078396614,165.28387905289784,153.5781902668528,140.6669611853721,120.46482994750058,118.91223766142453,104.39566885493868,106.19662913545743,126.53709100620021,143.09964186271486,130.8596440229142,140.91195651424593,108.61978002843959,120.01744578635653,109.66860434940571,124.17808375056894,102.08202561441696,50.98209441128595,116.48751486325801,118.75905110371274,121.13460087698618,70.59630440329273,60.80346537005654,57.39399293286219,57.82178217821782,56.57112526539278
daysOfInventoryOutstanding,0.0,0.0,0.0,0.0,0.0,0.0,0.0,0.0,0.0,0.0,0.0,0.0,0.0,0.0,0.0,0.0,0.0,0.0,0.0,0.0,0.0,0.0,0.0,0.0,0.0,0.0
operatingCycle,175.7528078396614,165.28387905289784,153.5781902668528,140.6669611853721,120.46482994750058,118.91223766142453,104.39566885493868,106.19662913545743,126.53709100620021,143.09964186271486,130.8596440229142,140.91195651424593,108.61978002843959,120.01744578635653,109.66860434940571,124.17808375056894,102.08202561441696,50.98209441128595,116.48751486325801,118.75905110371274,121.13460087698618,70.59630440329273,60.80346537005654,57.39399293286219,57.82178217821782,56.57112526539278
daysOfPayablesOutstanding,15.369150800049615,30.285420661978836,31.38675551653004,18.62170831061359,14.68614315015583,18.379238730763994,12.059580565855779,8.140671247701876,19.75387205846263,12.882106711774993,21.428193321794076,8.108377362979411,9.106606606606606,12.253976414991138,16.85003907901649,23.157138575986746,23.72330547818013,21.967500136783936,19.517237646804134,19.460459183673468,20.061657711618075,25.438050409960525,17.200169815325832,16.97674418604651,19.210526315789473,42.44186046511628
cashConversionCycle,160.38365703961176,134.998458390919,122.19143475032276,122.04525287475849,105.77868679734475,100.53299893066054,92.3360882890829,98.05595788775555,106.78321894773758,130.21753515093988,109.43145070112013,132.80357915126652,99.51317342183299,107.76346937136539,92.81856527038923,101.0209451745822,78.35872013623683,29.014594274502013,96.97027721645388,99.29859192003927,101.07294316536812,45.15825399333221,43.60329555473071,40.41724874681568,38.61125586242835,14.129264800276502
grossProfitMargin,0.8646971361739956,0.8660177232220125,0.8903134260224344,0.8794985606461169,0.8628952293996804,0.8514262012312019,0.8438127484081196,0.8361297449523034,0.8296774493184405,0.8251718632913042,0.8278773994900563,0.8261414321069358,0.8118807858614585,0.8088928563215627,0.7974593865158042,0.7848315885298134,0.8705168442633324,0.8641509153479661,0.8372572334522393,0.8707848501829449,0.8661770946296383,0.9115581398471806,0.9253868448977652,0.9240282685512368,0.9247524752475248,0.9087048832271762
operatingProfitMargin,0.2691912530189357,0.29522208152396634,0.33976035232061386,0.36839883862230177,0.35674777448071215,0.3806325970064696,0.3751555285424708,0.37119893677599114,0.37371177112602466,0.3687297780250571,0.38406158661014766,0.37789451188826617,0.35496677210598104,0.35483412391630204,0.32897960242902374,0.1371415566681839,0.372320230833481,0.3417447728911319,0.26702778878759853,0.29748052433222355,0.2186335989438446,0.26292183114668244,0.2730958678471309,0.2703180212014134,0.21188118811881188,0.07855626326963906
pretaxProfitMargin,0.27028370784307043,0.2937761739894855,0.34473630047523174,0.37652399902290906,0.3612818991097923,0.3847531273236786,0.37842892040651155,0.3719350313721594,0.37443861319462185,0.36784508620106315,0.3830477735885076,0.37294135489697294,0.3357207115702719,0.3484787985090072,0.3224762547360772,0.12540206341981489,0.39934571869700575,0.35603802614855173,0.27017219359668826,0.30089769368537866,0.2355368004149182,0.3109833886150912,0.3146866437542565,0.30212014134275617,0.2297029702970297,0.055201698513800426
netProfitMargin,0.2384346900297108,0.25806683768542976,0.2977092035580371,0.32418315507608014,0.23670486190367496,0.2687358682401501,0.26785488882029546,0.2720985960785068,0.28484662006827205,0.2549854765180735,0.261299097981196,0.2639133042417223,0.22517774746800545,0.23345577090724362,0.21381636995899725,0.053694431800940676,0.27780379154116785,0.2569292175503014,0.1877218478883164,0.20831547834877104,0.16139374793719646,0.21902319148079014,0.23362739352856396,0.19964664310954064,0.14653465346534653,0.027600849256900213
effectiveTaxRate,0.11783550724356462,0.12155286733815862,0.1364146939337866,0.13901064495929868,0.3448194817207236,0.3015368838988733,0.2921923394951859,0.2684243937048133,0.2392701766571883,0.306812878346568,0.3178420134562671,0.2923463681987486,0.3292706118285704,0.33007180951581067,0.3369546848217088,0.5718217839750763,0.304352648508184,0.2783657961211666,0.30517702288583165,0.3076866897936827,0.31478330497447704,0.2957077467829692,0.2575871961346822,0.3391812865497076,0.3620689655172414,0.38461538461538464
returnOnAssets,0.07188558316364431,0.07303769490909152,0.09326421551071558,0.12840772280404805,0.08813195980586228,0.09485218134021967,0.09250178760864851,0.09180985709614964,0.0901148332599907,0.0780400680059998,0.0737909796730203,0.0719985556280667,0.06061456674419404,0.05989281925477631,0.08500224906426547,0.016122217249041334,0.14370444078570516,0.14424192350383483,0.11883733119222062,0.14928228911583374,0.11626840576756509,0.17309631201910322,0.17583531010477882,0.1661764705882353,0.13805970149253732,0.029953917050691243
returnOnEquity,0.10138763010565453,0.10588105240964091,0.13068215217617296,0.15828177420517545,0.11543655778195243,0.1202840964406438,0.11507377552317757,0.11485451415805449,0.11484023843695904,0.10487241346787672,0.10297964118000107,0.10009091925180842,0.08867000703167913,0.09440450959887531,0.12849456496311662,0.02647005476885449,0.1951443925379039,0.19699776028814206,0.16772117034169068,0.20744477148140447,0.18404957455674592,0.23513638198489129,0.22475659368286327,0.21564885496183206,0.18316831683168316,0.03939393939393939
returnOnCapitalEmployed,0.09255093293654214,0.09523760184889381,0.12429330265578473,0.17385616575532514,0.16747375775266066,0.16637378362148486,0.15748758325696713,0.15047613603094667,0.14104728804430947,0.1381450026525448,0.13213737840961845,0.12077507825637687,0.1109684435133082,0.10629113567335692,0.16390600252125287,0.05174434663388399,0.2615378460909337,0.26202919034131383,0.23736709415762358,0.2962371297582966,0.24932453322221176,0.282264575284009,0.2627264554859746,0.2919847328244275,0.26485148514851486,0.11246200607902736
netIncomePerEBT,0.8821644927564354,0.8784471326618414,0.8635853060662134,0.8609893550407013,0.6551805182792764,0.6984631161011267,0.7078076605048141,0.7315756062951867,0.7607298233428117,0.693187121653432,0.6821579865437328,0.7076536318012514,0.6707293881714296,0.6699281904841893,0.6630453151782912,0.4281782160249236,0.695647351491816,0.7216342038788335,0.6948229771141684,0.6923133102063174,0.685216695025523,0.7042922532170308,0.7424128038653178,0.6608187134502924,0.6379310344827587,0.5
ebtPerEbit,1.004058284999542,0.9951023056032364,1.0146454644299472,1.0220553366318768,1.01270960873037,1.0108254793457403,1.0087254261632723,1.0019830191394445,1.0019449268788274,0.9976007041559475,0.9973602852850025,0.9868927522483901,0.9457806700567374,0.982089306019525,0.9802317601306313,0.9143987166721983,1.0725866757307954,1.0418243507764584,1.0117755714615562,1.011487035532245,1.077312917834807,1.1827978957045815,1.152293684393667,1.1176470588235294,1.0841121495327102,0.7027027027027027
ebitPerRevenue,0.2691912530189357,0.29522208152396634,0.33976035232061386,0.36839883862230177,0.35674777448071215,0.3806325970064696,0.3751555285424708,0.37119893677599114,0.37371177112602466,0.3687297780250571,0.38406158661014766,0.37789451188826617,0.35496677210598104,0.35483412391630204,0.32897960242902374,0.1371415566681839,0.372320230833481,0.3417447728911319,0.26702778878759853,0.29748052433222355,0.2186335989438446,0.26292183114668244,0.2730958678471309,0.2703180212014134,0.21188118811881188,0.07855626326963906
debtRatio,0.2909827057922804,0.3101910752972348,0.2863278270395651,0.1887396799229875,0.23653336950384193,0.21143206669032888,0.1961523189093829,0.20064215351773168,0.21530262836001707,0.2558570416623041,0.28344108769966553,0.28066845457845213,0.31640282014934,0.36557247625922895,0.3384759185054658,0.3909261847084938,0.26359943569583877,0.2677991704430702,0.2914589675822154,0.28037574507287344,0.36827669367028415,0.2638471743167949,0.2176633965502855,0.22941176470588234,0.2462686567164179,0.23963133640552994
debtEquityRatio,0.41040283244068754,0.4496768078651554,0.4012035748175917,0.23264995865330942,0.3098149415517018,0.2681215628473944,0.24401677522196,0.2510041709113096,0.27437664014350405,0.34382780727220813,0.39555866633456316,0.3901795442795058,0.4628498031815491,0.5762241746759444,0.5116607663635938,0.6418371220266533,0.3579565911182032,0.36574551630202484,0.4113508664242882,0.3896140842296456,0.5829715161372709,0.358413586298368,0.2782221815910164,0.29770992366412213,0.32673267326732675,0.3151515151515151
longTermDebtToCapitalization,0.16060533110994718,0.18319131421008467,0.10924447562620747,,,,,,,,0.029402718046140176,0.07696145743086542,0.13145512568988665,0.17410835534386349,0.0755867597024393,0.16981586063652424,,,,,,,,,,
totalDebtToCapitalization,,,0.12614938093225808,,,,,,,,0.06778371399196087,0.09442399733878519,0.14656543938228558,0.1908476577383253,0.0857567340979474,0.187384233406725,,,,,,,,,,
interestCoverage,41.37613865376864,45.17255187477248,148.81248194163535,,,1702.4524886877828,1088.2430769230768,446.02053915275997,275.33190761334475,110.57985719654265,79.69957983193277,48.85650623885918,17.640323045860974,,,12.0,,,,,,,,,,
cashFlowToDebtRatio,0.640456248237085,0.5955119263419719,1.0028182801069543,,,,,,,,2.41166556924717,1.0461307005171603,0.7704923123330938,0.7050465949820789,2.1136567685299106,0.7273516055789815,,,,,,,,,,
companyEquityMultiplier,1.4104028324406874,1.4496768078651554,1.4012035748175917,1.2326499586533095,1.3098149415517018,1.2681215628473943,1.24401677522196,1.2510041709113096,1.2743766401435042,1.343827807272208,1.3955586663345632,1.3901795442795057,1.4628498031815491,1.5762241746759444,1.511660766363594,1.6418371220266532,1.3579565911182032,1.365745516302025,1.4113508664242882,1.3896140842296456,1.582971516137271,1.358413586298368,1.2782221815910164,1.297709923664122,1.3267326732673268,1.3151515151515152
receivablesTurnover,2.0767804764347666,2.2083218405297984,2.376639543452017,2.594781297073731,3.0299299817139125,3.069490635936515,3.496313630665846,3.4370205812693926,2.8845297224520143,2.550670254997347,2.7892479971601225,2.590269903484728,3.3603456009985764,3.041224528721747,3.328208671618587,2.9393270452873104,3.575556008054481,7.159376330353342,3.133383010432191,3.0734499527218695,3.0131770555851536,5.17024231062973,6.0029473283894275,6.359550561797753,6.3125,6.4520547945205475
payablesTurnover,23.748872318880604,12.0520036381146,11.62910896628899,19.600779580032693,24.853359814630917,19.859364435429345,30.26639260020555,44.836597486115174,18.477390099508753,28.33387489845654,17.03363389151281,45.01517179830433,40.080791426215995,29.786249592701207,21.661670829864,15.761878299527647,15.385714285714286,16.615454545454547,18.701417004048583,18.75598086124402,18.193910256410255,14.348583877995642,21.22072072072072,21.5,19.0,8.6
inventoryTurnover,,,,,,,,,,,,,,,,,,,,,,,,,,
fixedAssetTurnover,9.131995497976485,7.1778827065358,8.007585562076416,20.98185062038764,19.182604735883423,18.07825959727125,15.224355661778954,14.479850873257739,10.947199837303302,15.272194897900599,15.150729655111968,15.715609003006419,14.71307392331559,12.99410518309247,13.25012034935699,10.326674500587544,24.840616158440742,24.236894253287694,19.57162558179624,21.155509065550905,17.260630722278737,14.453998447204969,17.89147067157835,15.297297297297296,10.520833333333334,10.953488372093023
assetTurnover,0.30148961610698016,0.2830185217293232,0.3132728662603611,0.3960962215137705,0.3723284730912153,0.35295690880927366,0.34534291315738574,0.33741393163844313,0.3163626559388065,0.30605691379629724,0.2824004378244373,0.27281139097906976,0.26918542096530435,0.25654889156101807,0.39754790094213094,0.30025864336940217,0.5172875430838372,0.5614072423491316,0.6330500819644709,0.7166164045952395,0.7204021670827602,0.7903104271690103,0.7526313907332134,0.8323529411764706,0.9421641791044776,1.0852534562211982
operatingCashFlowPerShare,6.4012348555452006,6.375931966449208,5.93332463000985,5.792778631226704,5.064691485856827,4.0907861098054505,4.103605363941894,4.185071741231929,3.592398398981562,3.2218587376649177,3.339785062961355,1.8402805346036788,1.962898085572859,2.370689966857487,1.6342040312628547,1.2355831414648681,1.0681438785473558,0.8296882571474722,0.6485826982216873,0.3787505137690095,0.40603957674866015,0.3614591242723361,0.28016925333007453,0.24296037876900076,0.20168974717316732,0.22370252535295287
freeCashFlowPerShare,6.133084808946878,5.963886300093197,5.399969142762197,5.533623902921177,4.8393773238574855,3.9481353250713656,3.9233371668471766,3.9024188905905484,3.281170771703833,2.962989354580985,3.1002822405557966,1.6830311852145914,1.8689736229460028,2.1701596866526063,1.4946138420403126,1.127545207325388,0.997558978235535,0.7781456953642384,0.6024368231046932,0.35114399232771615,0.3704823416242957,0.30493862313338393,0.2533147989734816,0.22894343384001994,0.1683394740185491,0.1822761317690727
cashPerShare,7.782246039142591,10.637826188257224,10.353576472542992,9.25730889690734,10.375429472396103,9.433546952205166,8.76066591485133,8.567434585682166,8.015729682493445,6.231294940726825,5.128137212331741,5.215186802523047,3.885857649797708,2.8186200662850256,2.209108905800082,1.43930276507685,3.0588679958423888,2.236246163786141,1.387451530953336,1.0469242361967392,0.9180981173560533,0.7520248038471273,0.8727239398753514,0.10279092947919262,0.22233515436412146,0.2833565321137403
payoutRatio,0.0,0.0,0.0,0.0,0.0,0.0,0.0,0.0,0.0,0.0,0.0,0.0,0.0,0.0,0.0,0.0,0.0,0.0,0.0,0.0,0.0,0.0,0.0,0.0,0.0,0.0
operatingCashFlowSalesRatio,0.28818255481285876,0.32552844619362314,0.3297965818145356,0.3760230853192088,0.3930043369093814,0.36099103154891676,0.38984018083209493,0.41164354218548516,0.38662308710493926,0.37394519923109504,0.44495110991555414,0.2876140053357599,0.3360302581812202,0.411231365203339,0.3299112472102559,0.34022530723714156,0.4291743653344808,0.3817926400523268,0.3417976835337121,0.24300359297227808,0.27863171295204864,0.30684732834678446,0.29048607041606617,0.2756183745583039,0.2514851485148515,0.28662420382165604
freeCashFlowOperatingCashFlowRatio,0.9581096378043321,0.9353748332754745,0.9101084938872176,0.9552624491969155,0.9555127567733332,0.9651287598752336,0.9560707765228299,0.9324616474655275,0.9133649465588334,0.9196521622572592,0.9282879532992482,0.9145514249418758,0.952150107375827,0.9154126929255546,0.9145821534201749,0.9125611781887911,0.9339181717655731,0.9378771950317331,0.9288512085759933,0.927111593416531,0.91242913952111,0.8436323851203501,0.9041491739817894,0.9423076923076923,0.8346456692913385,0.8148148148148148
cashFlowCoverageRatios,,,1.0028182801069543,,,,,,,,2.41166556924717,1.0461307005171603,0.7704923123330938,0.7050465949820789,2.1136567685299106,0.7273516055789815,,,,,,,,,,
shortTermCoverageRatios,,,6.665813333333333,,,,,,,5.614687011985174,4.133950526047055,5.221325323822039,6.491105463786531,6.638812014849814,16.475894245723172,6.440511237165219,,,,,,,,,,
capitalExpenditureCoverageRatio,-23.871839430011295,-15.473847893695222,-11.12452158433467,-22.35258707839353,-22.47835396104235,-28.676926786144822,-22.763889749148344,-14.806402028974368,-11.542671935662785,-12.445885640405388,-13.944658477994833,-11.702945301542776,-20.898688485140177,-11.822104693791694,-11.707155355005066,-11.436567639933699,-15.132753235162873,-16.097148229395174,-14.055052517203912,-13.719602977667494,-11.419323671497585,-6.3951861181080325,-10.43287827076223,-17.333333333333332,-6.0476190476190474,-5.4
dividendPaidAndCapexCoverageRatio,,,,,,,,,,,,,,,,,,,,,,,,,,
dividendPayoutRatio,,,,,,,,,,,,,,,,,,,,,,,,,,
priceBookValueRatio,6.178920653837782,7.423150447549363,6.835136694780678,5.165698019270841,6.118385241402403,3.6922485783545134,3.599292557520483,3.349285842877185,3.418237828091428,3.5195856383738313,3.1745003245305004,3.0733224996924693,2.821831915051526,1.7438163215752147,4.288683963780977,3.3304758748151153,6.213561415175773,5.505847471633166,4.468307285518674,2.9565610057663063,4.497687416826852,2.420816273571305,2.555979643765903,2.8336068702290076,3.3120544554455447,4.2860795454545455
priceToBookRatio,6.178920653837782,7.423150447549363,6.835136694780678,5.165698019270841,6.118385241402403,3.6922485783545134,3.599292557520483,3.349285842877185,3.418237828091428,3.5195856383738313,3.1745003245305004,3.0733224996924693,2.821831915051526,1.7438163215752147,4.288683963780977,3.3304758748151153,6.213561415175773,5.505847471633166,4.468307285518674,2.9565610057663063,4.497687416826852,2.420816273571305,2.555979643765903,2.8336068702290076,3.3120544554455447,4.2860795454545455
priceToSalesRatio,14.531053041487585,18.092651310744028,15.571239589551894,10.580070197385508,12.545865551320702,8.249133982165276,8.378000143327045,7.93469880041794,8.478504618011984,8.557476570536004,8.054932623924541,8.103539281657808,7.166050569248479,4.312336194571214,7.136417305278456,6.755860963890154,8.845506128363159,7.180858710113796,5.0011510107015456,2.968970563997759,3.9440386156820217,2.254925000335719,2.656860260694658,2.6233392226148413,2.6496435643564356,3.0029856687898087
priceEarningsRatio,60.94353568969726,70.10839313185231,52.30352103144285,32.6360886792608,53.002145585104785,30.696066126884155,31.278130409439218,29.16111628201343,29.765157880335227,33.56064308991906,30.82648461535907,30.705307960661393,31.82397306051155,18.47174810805849,33.37638416856006,125.82051317603842,31.8408401818099,27.948782075389822,26.64128372354901,14.252280183553985,24.437369266725096,10.2953709380748,11.372212053420107,13.139911504424779,18.082027027027028,108.80048076923077
priceToFreeCashFlowsRatio,52.627675966447846,59.41930767433684,51.87807700262201,29.454478269467906,33.40925540212357,23.67700073662249,22.478313295431132,20.671793639199073,24.009722285527808,24.88365436953337,19.501449967716862,30.8075087707831,22.397320372032553,11.455378676923846,23.651592809914938,21.759659693112127,22.06886959098874,20.054085106382978,15.752689138576779,13.178354467420991,15.51355990356083,8.710769310577373,10.11587167581258,10.100748299319728,12.623301886792452,12.858238636363636
priceToOperatingCashFlowsRatio,50.423083558697094,55.57932500922695,47.21467852662141,28.13675705150924,31.922969731027464,22.851354358501457,21.490858447286293,19.27565475287498,21.92963871221354,22.88430654580366,18.102961076899575,28.17505104522902,21.32561099716159,10.486399043124836,21.63132468390913,19.857020686533552,20.61051834134906,18.808269088502122,14.631904344688968,12.217805208898536,14.155024113715204,7.348687089715536,9.146257019791724,9.518012820512821,10.535984251968504,10.477083333333333
priceCashFlowRatio,50.423083558697094,55.57932500922695,47.21467852662141,28.13675705150924,31.922969731027464,22.851354358501457,21.490858447286293,19.27565475287498,21.92963871221354,22.88430654580366,18.102961076899575,28.17505104522902,21.32561099716159,10.486399043124836,21.63132468390913,19.857020686533552,20.61051834134906,18.808269088502122,14.631904344688968,12.217805208898536,14.155024113715204,7.348687089715536,9.146257019791724,9.518012820512821,10.535984251968504,10.477083333333333
priceEarningsToGrowthRatio,-0.6094353568969726,-12.121967328604123,7.053907295862156,0.5130931467615742,10.381842159333848,3.763604629470145,17.328084246829388,6.43974651227796,1.4551854963719453,2.7407858523433872,1.9295095925909935,1.0954326083262986,-14.320787877230185,0.6751742411911035,0.07524155968634927,-1.7538616988175053,1.3716054232164276,0.4839911042323602,2.8861390700511453,0.37214287145946506,-2.7967211494140916,0.7127564495590245,0.42496160831201435,0.257323266961652,0.031643547297297306,15.13272214530866
priceSalesRatio,14.531053041487585,18.092651310744028,15.571239589551894,10.580070197385508,12.545865551320702,8.249133982165276,8.378000143327045,7.93469880041794,8.478504618011984,8.557476570536004,8.054932623924541,8.103539281657808,7.166050569248479,4.312336194571214,7.136417305278456,6.755860963890154,8.845506128363159,7.180858710113796,5.0011510107015456,2.968970563997759,3.9440386156820217,2.254925000335719,2.656860260694658,2.6233392226148413,2.6496435643564356,3.0029856687898087
dividendYield,,,,,,,,,,,,,,,,,,,,,,,,,,
enterpriseValueMultiple,43.9579591759556,49.78329104341097,38.39673551390122,23.629279733984333,27.75169463214005,16.287772945797037,16.363549473553228,15.409316421950507,16.222492605108332,16.522459811508526,15.637879088060572,15.580002054013375,14.483435362838348,9.74971669023083,16.19285986579418,28.331841045689913,17.15496653236541,15.905108219647138,12.966421688022875,7.02008712002507,11.083600478035708,5.878451129460551,4.887963413017542,7.165707070707071,7.582721518987341,8.756382042253522
priceFairValue,6.178920653837782,7.423150447549363,6.835136694780678,5.165698019270841,6.118385241402403,3.6922485783545134,3.599292557520483,3.349285842877185,3.418237828091428,3.5195856383738313,3.1745003245305004,3.0733224996924693,2.821831915051526,1.7438163215752147,4.288683963780977,3.3304758748151153,6.213561415175773,5.505847471633166,4.468307285518674,2.9565610057663063,4.497687416826852,2.420816273571305,2.555979643765903,2.8336068702290076,3.3120544554455447,4.2860795454545455
