,2021,2020,2019,2018,2017,2016,2015,2014,2013,2012,2011,2010,2009,2008,2007,2006,2005,2004,2003,2002,2001,2000,1999,1998,1997,1996
period,FY,FY,FY,FY,FY,FY,FY,FY,FY,FY,FY,FY,FY,FY,FY,FY,FY,FY,FY,FY,FY,FY,FY,FY,FY,FY
revenueGrowth,0.13407387273039803,0.10911397381871532,0.17180721624939319,0.18113307464049302,0.10803113919056315,0.048487779938117405,0.007192146330050287,0.08680421707730535,0.07924883899861908,0.15412416533974307,0.1916685624470043,0.12256304593865174,0.08058301748341658,0.24134271033373125,0.4616143225610681,0.6682274924700701,0.17464824326031858,0.1850002201964152,0.24748656755776774,0.07278749587439294,0.13924288611062619,0.17941367459098181,0.11553003533568905,0.12079207920792079,0.07218683651804671,0.0
grossProfitGrowth,0.13234452790561752,0.07884743768426497,0.18621649200923576,0.20385975456201869,0.12295673148329679,0.057947950175171306,0.016447002753518562,0.09525615476763583,0.08514173077682376,0.15035244176194676,0.19417261039267186,0.14228081086813027,0.08457452994766428,0.259140299323447,0.48513143205115195,0.5040233185290718,0.1833015086614715,0.2230638136716531,0.19945489646818337,0.07849434563096226,0.08252677479707135,0.1617888683507907,0.11717017208413003,0.11991434689507495,0.0911214953271028,0.0
ebitgrowth,0.03407836311034822,-0.03627679403541473,0.08071359327197875,0.2197078274400606,0.038501815320990215,0.06379513626763252,0.017927759389840266,0.07949655598810675,0.09383081905706994,0.10805131816281881,0.21111607712935768,0.1950707718133608,0.08098697350513459,0.33889988877406935,2.506167717667884,-0.38552005438477227,0.27974248553656095,0.5165748589900057,0.11978281746324887,0.4596722018546474,-0.052658460595536034,0.13547526532505944,0.1269934640522876,0.42990654205607476,1.8918918918918919,0.0
operatingIncomeGrowth,0.03407836311034822,-0.03627679403541473,0.08071359327197875,0.2197078274400606,0.038501815320990215,0.06379513626763252,0.017927759389840266,0.07949655598810675,0.09383081905706994,0.10805131816281881,0.21111607712935768,0.1950707718133608,0.08098697350513459,0.33889988877406935,2.506167717667884,-0.38552005438477227,0.27974248553656095,0.5165748589900057,0.11978281746324887,0.4596722018546474,-0.052658460595536034,0.13547526532505944,0.1269934640522876,0.42990654205607476,1.8918918918918919,0.0
netIncomeGrowth,0.047800464176156465,-0.038573438659856636,0.07611326378539493,0.6176408191289523,-0.024036651658660722,0.05193627460686438,-0.008516235423455967,0.03816538742168616,0.20563880029289916,0.1262377196623772,0.17986443068725022,0.31566873727350053,0.042267016503837164,0.3553621710845713,4.820288217010455,-0.6775618978201945,0.27008418433766307,0.6218739736311172,0.12416266680732106,0.3846771837569384,-0.16051502145922747,0.105687749983052,0.3053982300884956,0.527027027027027,4.6923076923076925,0.0
epsgrowth,-1.0,-0.05783582089552248,0.07414829659318639,0.636065573770492,0.0,0.08156028368794326,0.018050541516245425,0.04528301886792457,0.20454545454545442,0.12244897959183684,0.15976331360946747,0.2803030303030302,-0.02222222222222224,0.27358490566037735,4.435897435897436,-0.717391304347826,0.23214285714285693,0.5774647887323946,0.09230769230769222,0.38297872340425543,-0.0873786407766991,0.14444444444444446,0.267605633802817,0.5106382978723404,5.7142857142857135,0.0
epsdilutedGrowth,-1.0,-0.05333333333333338,0.07581967213114757,0.6375838926174496,-0.0033444816053512477,0.0833333333333335,0.022222222222222077,0.046511627906976785,0.20560747663551399,0.12041884816753938,0.16463414634146342,0.2913385826771653,-0.015503875968992262,0.2647058823529412,4.513513513513513,-0.7153846153846154,0.23809523809523808,0.5671641791044776,0.09836065573770501,0.37078651685393255,-0.10999999999999999,0.13636363636363635,0.29411764705882343,0.5111111111111112,5.428571428571428,0.0
weightedAverageSharesGrowth,-1.0,0.018763574217591,0.003405856644397604,-0.011942862521767779,-0.025668657640409508,-0.026060450419267314,-0.027219307678103988,-0.006732045182380166,0.0007449633996242794,0.005449413808076422,0.015835207974945965,0.02484008769748887,0.06641759566134378,0.06662638831756479,0.07159084184348448,0.1432623389713062,0.02565013729607495,0.03473057895440567,0.02466091245376079,0.003023223855984609,-0.07909390027841053,-0.0343394842967127,0.019561425367555445,0.01969254224367933,0.04341486047590641,0.0
weightedAverageSharesDilutedGrowth,-1.0,0.01586267093395403,0.00013967618404665184,-0.010834273608584521,-0.023772325191920782,-0.02768245502830539,-0.02857931503068136,-0.009932835114937092,0.0019483118141415843,0.00607113719922442,0.012573893078994518,0.015514517622705235,0.057820855614973264,0.06942749738090837,0.062004240948715934,0.13377062804226522,0.021650797501364547,0.0345714644246455,0.022059766576888545,0.010104935872522347,-0.051078738705513556,-0.02516627718856732,0.006513479283517279,0.003814021067925899,0.09484987074965202,0.0
dividendsperShareGrowth,0.0,0.0,0.0,0.0,0.0,0.0,0.0,0.0,0.0,0.0,0.0,0.0,0.0,0.0,0.0,0.0,0.0,0.0,0.0,0.0,0.0,0.0,0.0,0.0,0.0,0.0
operatingCashFlowGrowth,0.003968500484186293,0.09476012929654996,0.027750767314164013,0.13009771442112453,0.20629324574653823,-0.029102940496241052,-0.046155403353689395,0.1571371511458543,0.1158386810314495,-0.03005255784776101,0.8435619951583135,-0.03917922263355768,-0.11702116843239727,0.5473223837392235,0.41730492658617346,0.3224769627718393,0.32042596269906165,0.3236612894913158,0.7546572617109785,-0.06438785007191809,0.03448577680525164,0.24584264762008615,0.1757051282051282,0.2283464566929134,-0.05925925925925926,0.0
freeCashFlowGrowth,0.02837051216939485,0.12515274859559206,-0.020829612094474634,0.12980167230341683,0.19427441460695039,-0.019904490320964887,-0.02200487636521526,0.1813306590823154,0.10821023327673282,-0.03907590389288441,0.8712522276968235,-0.07712029411409015,-0.08158539226629792,0.548727519803215,0.42044371686172943,0.29223434317919894,0.3148521017125065,0.3365237897073103,0.7579496683573936,-0.049332344213649855,0.11884629351040099,0.16245552674425617,0.1280952380952381,0.3867924528301887,-0.03636363636363636,0.0
tenYRevenueGrowthPerShare,0.0,2.061122621703171,2.079871483220098,1.6722918901862291,1.6016357799216956,2.1203621485166324,3.2294413471764454,3.6783661557338014,3.8966658183364045,4.527872241160523,4.150725459888106,4.431717275481955,5.056534629864703,5.539751428385876,5.176432181679707,3.6531530096748144,2.188878385858183,1.7843855154441366,1.4312981443583437,0.9970204408072652,0.8671525240067955,0.5093112886038687,0.2357685422084467,0.12945586080905833,0.027574819117505374,0.0
fiveYRevenueGrowthPerShare,0.0,0.8606973542164172,0.7695806468794599,0.6579663579667815,0.49574348481732927,0.5097468655483803,0.6451480488036061,0.7404527387046477,0.6117889710761975,0.7393595936267278,1.0668114766267347,1.5708575895356067,1.6880167738514582,2.038031594835199,2.178107771052903,1.4921118922247614,1.1128036409294564,1.2531610251772152,1.152627852687171,0.9434306910345782,0.8671525240067955,0.5093112886038687,0.2357685422084467,0.12945586080905833,0.027574819117505374,0.0
threeYRevenueGrowthPerShare,0.0,0.5198442209464618,0.5876018644693524,0.4635023862251637,0.26757612947617326,0.21958942592133843,0.22174467882514823,0.3544886710012938,0.4521875450297823,0.47495634676481585,0.3020201139660337,0.29170947844014417,0.6084738573653588,1.3162879499517317,1.2794064064324424,0.9138553700096919,0.5968180999535124,0.49124695473137625,0.6108659378061924,0.6160149515040918,0.6531434195837508,0.4688091421898454,0.2357685422084467,0.12945586080905833,0.027574819117505374,0.0
tenYOperatingCFGrowthPerShare,0.0,2.4646521802298604,2.022736979377229,1.44349902864162,2.0991794102618955,2.3108141188747076,2.841809559890636,4.044149661248077,4.53884401916881,7.506546184198311,7.225269787010671,4.091254891707052,6.006115275826926,8.757516755896509,7.102563735477121,4.523331216379398,3.7748405024130243,2.7088908846174555,1.8993087905394361,0.6930989633283099,0.8150871390835661,0.6158026097471807,0.2524188222195065,0.08608688429271538,-0.09840201019212584,0.0
fiveYOperatingCFGrowthPerShare,0.0,0.5537390662547855,0.41773546473621526,0.6125100804156202,0.5719781338171036,0.22486508343689351,1.2298803289932334,1.1320881465990849,0.5153387617966486,0.9715155978260437,1.703003101031155,0.7228770126983324,1.3658260420865105,2.6551853346651852,3.314724262683153,2.043011598422826,1.9550889902078619,1.9613822619214938,1.6694998645780832,0.877886799291889,0.8150871390835661,0.6158026097471807,0.2524188222195065,0.08608688429271538,-0.09840201019212584,0.0
threeYOperatingCFGrowthPerShare,0.0,0.25889839178833035,0.45041184524116495,0.41163150875263543,0.2101803264108372,0.13873397531999243,0.27367637692148894,0.25309613113877055,0.9520928094559333,0.6413785113681229,0.40878187770308494,0.1261020652247293,0.5886410389556703,1.2194481609364793,0.9696603117915222,0.9050510364409111,1.8201780320192258,1.043367948984569,0.7943459015659601,0.35186323719396095,0.6712172528126904,0.7921541840299576,0.2524188222195065,0.08608688429271538,-0.09840201019212584,0.0
tenYNetIncomeGrowthPerShare,0.0,1.9933096287814258,3.0719213893941495,2.710818596936701,1.8801341923825479,14.617135763984875,3.0779736501617405,3.9545819469408765,6.430135190160652,5.7663101595525905,7.339108136588218,5.544980210486142,4.837486798174472,6.6472245537226,8.012354942354943,8.052199974421589,31.096204653326453,24.919129704409627,15.536004967755868,14.072372031995952,9.918024333780828,10.976956661409966,9.460163049098037,7.169751193237364,4.455459671823539,0.0
fiveYNetIncomeGrowthPerShare,0.0,0.7927030722012828,0.9361380492466789,0.8869269532032519,0.38850949415510017,0.5527154049540058,0.6697185803926264,1.1031152148362926,0.9665936673580321,1.0742632329893376,9.05795119579398,1.442311954870158,1.355830014441954,2.778175081862472,2.26203061016575,-0.17089395501586296,1.6798297397819915,1.4778896450036307,1.0240524560214026,1.7628051417632182,9.918024333780828,10.976956661409966,9.460163049098037,7.169751193237364,4.455459671823539,0.0
threeYNetIncomeGrowthPerShare,0.0,0.6570060653580498,0.7587666645825543,0.7712681038506283,0.10269379189844652,0.15061018871462337,0.28340754768557164,0.41046972083392685,0.5673734793154118,0.6702025451099284,0.4573067952467672,0.5943555521069935,5.745439106338772,0.9465205496268627,0.8969209034750973,-0.45257636339171475,1.1294726924993588,1.3739761803071597,0.3806516492653986,0.44093088809888303,0.3363961858248986,1.195407423368699,9.460163049098037,7.169751193237364,4.455459671823539,0.0
tenYShareholdersEquityGrowthPerShare,0.0,1.8296197056192298,1.7628661773436483,1.2132555160778655,2.205930575170459,2.4367505866356014,5.915508656323756,7.498068655518903,9.851518482128673,12.384222012308678,13.904007113784974,14.375650242403164,13.79658897464207,16.468606379646218,11.847063889081216,12.471895705851459,5.479284003218426,4.183087478891646,2.8839365131458994,1.8622563302569466,1.3368920571664145,1.00657805848922,0.8333923933209648,0.4924200892553745,0.17330361164689706,0.0
fiveYShareholdersEquityGrowthPerShare,0.0,0.9483477564246179,0.701641664803373,0.3690467036216775,0.26144043596795435,0.3293367950411294,0.4523175835980226,0.623647466144349,0.6166398927245632,1.5414839129605187,1.5853121642730648,3.761705521178799,4.233937066214958,5.712390638734234,4.266302078110616,4.764877185721077,2.2290216549545883,1.827047552817169,1.6024418601090689,1.439484803289207,1.3368920571664145,1.00657805848922,0.8333923933209648,0.4924200892553745,0.17330361164689706,0.0
threeYShareholdersEquityGrowthPerShare,0.0,0.8065467999762099,0.6188259496525896,0.2877446515709257,0.09713389039914297,0.09853548665252405,0.1696326671889349,0.2646404611215538,0.36607041652654937,0.41216232679329934,0.335956619812901,1.0467992960391983,1.0136701074239103,3.0236697572337827,1.9082099272885027,2.4686189283098074,1.263698025479352,1.2179404748272242,0.9356020049726687,0.5611804328872126,0.565840659738358,0.7101950753161876,0.8333923933209648,0.4924200892553745,0.17330361164689706,0.0
tenYDividendperShareGrowthPerShare,0.0,0.0,0.0,0.0,0.0,0.0,0.0,0.0,0.0,0.0,0.0,0.0,0.0,0.0,0.0,0.0,0.0,0.0,0.0,0.0,0.0,0.0,0.0,0.0,0.0,0.0
fiveYDividendperShareGrowthPerShare,0.0,0.0,0.0,0.0,0.0,0.0,0.0,0.0,0.0,0.0,0.0,0.0,0.0,0.0,0.0,0.0,0.0,0.0,0.0,0.0,0.0,0.0,0.0,0.0,0.0,0.0
threeYDividendperShareGrowthPerShare,0.0,0.0,0.0,0.0,0.0,0.0,0.0,0.0,0.0,0.0,0.0,0.0,0.0,0.0,0.0,0.0,0.0,0.0,0.0,0.0,0.0,0.0,0.0,0.0,0.0,0.0
receivablesGrowth,0.20590506812933934,0.1936503457034006,0.2793624750026577,0.3792108488230233,0.1224982843160088,0.19428353149731867,-0.009888556373584005,-0.08789633564316311,-0.045664917248918066,0.26207553106519615,0.1066578573788202,0.4562960362503982,-0.022036430683154782,0.35848160304024873,0.29083327758824445,1.0293219303604153,1.3520114942528736,-0.481371087928465,0.2236255572065379,0.05174924524951163,0.9548010831076859,0.36936679977181974,0.18179775280898877,0.1125,0.0958904109589041,0.0
inventoryGrowth,0.0,0.0,0.0,0.0,0.0,0.0,0.0,0.0,0.0,0.0,0.0,0.0,0.0,0.0,0.0,0.0,0.0,0.0,0.0,0.0,0.0,0.0,0.0,0.0,0.0,0.0
assetGrowth,0.06459358413894917,0.22767694306562644,0.48161063624706213,0.11025920044818796,0.05038232103540549,0.025869774175209092,-0.01593271771091412,0.018998435928536114,0.044091528129179186,0.06491686645129408,0.15120486572795028,0.10764292134808055,0.02985657388466914,0.9235833990170145,0.10392315638300174,1.8740331708722164,0.2748345476244127,0.3362216051654344,0.41216210895977196,0.07845484961192914,0.24979570177765986,0.12318365498086803,0.23369117647058824,0.26865671641791045,0.2350230414746544,0.0
bookValueperShareGrowth,0.0,0.16477150262716858,0.2989606181461362,0.194022459189225,0.043738437273548335,0.03329798300918515,0.01728436944090824,0.04507182046040573,0.10017299445717984,0.09991710230993714,0.1288913655430567,0.13729339053994344,0.040561347797144015,0.7295576952355324,0.1188853290758709,1.0792259915076468,0.2500819308193439,0.33449335779525086,0.356949226415803,0.2248132392249062,0.16461557390191528,0.09446186522818006,0.22846938775509776,0.2719811602391246,0.1733036116468969,0.0
debtGrowth,-0.06648546664084312,0.8435322978912043,0.0,0.0,0.0,0.0,0.0,-1.0,-0.6587706259760296,-0.5833803655974665,-0.20030089327691583,-0.2923398365760826,-0.19202150537634408,3.6387124663319255,-0.5122770029192345,0.0,0.0,0.0,0.0,0.0,0.0,0.0,0.0,0.0,0.0,0.0
rdexpenseGrowth,0.13928823680041422,0.19168035947822004,0.27548096252384496,0.15317688141812907,0.10733889334928151,0.08447500755193063,0.020614069555860502,0.09232760385369687,0.1418327954881322,0.22203998894314936,0.21957523317226654,0.11438088559406932,0.11540073190490824,0.2675767072112746,0.14320123061976278,0.6099452554744526,0.1676876831170808,0.10461499663752521,0.2135679673552665,0.16053986858462085,0.16487381050889532,0.07621521335807051,0.16163793103448276,0.05454545454545454,0.12244897959183673,0.0
sgaexpensesGrowth,0.0,-1.0,0.26021567774070314,0.22129695251594614,0.25647923121162086,0.06274373725862864,0.02933321427411761,0.12548251083793574,0.06691263195859205,0.13762149514573874,0.16287331717130035,0.12991024594941136,0.017622157806163677,0.17182993362754978,0.32458774927791395,1.0076469908744368,0.08690739252711932,0.08023653230618999,0.2173826899580623,-0.07592078361966373,0.11212542844537958,0.1811367644700978,0.09903083700440529,0.09134615384615384,0.19540229885057472,0.0
