,2021,2020,2019,2018,2017,2016,2015,2014,2013,2012,2011,2010,2009,2008,2007,2006,2005,2004,2003,2002,2001,2000,1999,1998,1997,1996,1995,1994,1993,1992,1991,1990
reportedCurrency,USD,USD,USD,USD,USD,USD,USD,USD,USD,USD,USD,USD,USD,USD,USD,USD,USD,USD,USD,USD,USD,USD,USD,USD,USD,USD,USD,USD,USD,USD,USD,USD
cik,0000313616,0000313616,0000313616,0000313616,0000313616,0000313616,0000313616,0000313616,0000313616,0000313616,0000313616,0000313616,0000313616,0000313616,0000313616,0000313616,0000313616,0000313616,0000313616,0000313616,0000313616,0000313616,0000313616,0000313616,0000313616,0000313616,0000313616,0000313616,0000313616,0000313616,0000313616,0000313616
fillingDate,2022-02-23,2021-02-25,2020-02-21,2019-02-21,2018-02-21,2017-02-22,2016-02-24,2015-02-25,2014-02-21,2013-02-22,2012-02-24,2011-02-24,2010-02-24,2009-02-25,2008-02-21,2007-03-01,2006-03-15,2005-03-07,2004-03-10,2002-12-31,2001-12-31,2000-12-31,1999-12-31,1999-03-19,1998-03-17,1997-03-28,1996-03-21,1995-03-23,1993-12-31,1992-12-31,1991-12-31,1990-12-31
acceptedDate,2022-02-23 16:49:10,2021-02-24 19:13:25,2020-02-21 07:32:05,2019-02-20 19:10:11,2018-02-20 18:34:14,2017-02-21 18:11:24,2016-02-23 18:11:12,2015-02-24 18:01:50,2014-02-21 08:57:03,2013-02-22 08:11:26,2012-02-24 07:39:45,2011-02-24 07:23:21,2010-02-24 16:48:02,2009-02-25 16:49:18,2008-02-20 18:51:10,2007-03-01 08:27:43,2006-03-15 17:09:04,2005-03-07 16:40:19,2004-03-09 18:34:23,2002-12-31,2001-12-31,2000-12-31,1999-12-31,1999-03-19 00:00:00,1998-03-17 00:00:00,1997-03-28 00:00:00,1996-03-21 00:00:00,1995-03-23 00:00:00,1993-12-31,1992-12-31,1991-12-31,1990-12-31
calendarYear,2021,2020,2019,2018,2017,2016,2015,2014,2013,2012,2011,2010,2009,2008,2007,2006,2005,2004,2003,2002,2001,2000,1999,1998,1997,1996,1995,1994,1993,1992,1991,1990
period,FY,FY,FY,FY,FY,FY,FY,FY,FY,FY,FY,FY,FY,FY,FY,FY,FY,FY,FY,FY,FY,FY,FY,FY,FY,FY,FY,FY,FY,FY,FY,FY
netIncome,6433000000,3646000000,3008200000,2650900000,2492100000,2553700000,3357400000,2598400000,2695000000,2392200000,2172264000,1793000000,1151704000,1317631000,1369904000,1122029000,897800000,746000000,536834000,290391000,297665000,324213000,261600000,182900000,154800000,207800000,108400000,81700000,17700000,31600000,13300000,35700000
depreciationAndAmortization,2168000000,1775000000,1189500000,1307700000,1238300000,1128100000,1051300000,938500000,895000000,839800000,634934000,397082000,341587000,339287000,268492000,217190000,176972000,156128000,133436000,129565000,178390000,149721000,126400000,108700000,76100000,68600000,58500000,44600000,40900000,37100000,33200000,25600000
deferredIncomeTax,0.0,0.0,0.0,0.0,0.0,0.0,0.0,0.0,0.0,0.0,0.0,0.0,0.0,0.0,29870000,24154000,0.0,0.0,0.0,0.0,0.0,0.0,0.0,0.0,0.0,0.0,0.0,0.0,0.0,0.0,0.0,0.0
stockBasedCompensation,218000000,187000000,158800000,151400000,139400000,129800000,139000000,121100000,117700000,109900000,95603000,88122000,87350000,86000000,0.0,0.0,0.0,0.0,0.0,0.0,0.0,0.0,0.0,0.0,0.0,0.0,0.0,0.0,0.0,0.0,0.0,0.0
changeInWorkingCapital,-658000000,-14264500000,18412200000,194600000,2266600000,-1875200000,-2368600000,-551400000,1204600000,1281371000,-324430000,-34909000,1017646000,292108000,214568000,258913000,-39971000,-845744000,440194000,264633000,401555000,-37534000,295100000,104100000,22000000,9700000.0,69900000,-49900000,24800000,-24600000,-13900000,8700000.0
accountsReceivables,-611000000,-264000000,-156400000,-58300000,-161400000,-183100000,-52100000,-142200000,-48700000,-79700000,-135279000,-262123000,106132000,71403000,0.0,0.0,0.0,0.0,0.0,0.0,0.0,0.0,0.0,0.0,0.0,0.0,0.0,0.0,0.0,0.0,0.0,0.0
inventory,-502000000,-123000000,-21900000,-143300000,-27400000,9400000.0,119700000,50600000,62900000,69800000,162019000,-166454000,211595000,33119000,38094000,3368000.0,-22478000,65528000,21061000,77544000,66833000,-38451000,11100000,12500000,14700000,38900000,-15600000,-1300000.0,5300000.0,9200000.0,15000000,-500000.0
accountsPayables,549000000,227000000,18100000,225800000,-54400000,78100000,103900000,118400000,182600000,57000000,36602000,224711000,-89853000,3713000.0,0.0,0.0,0.0,0.0,0.0,0.0,0.0,0.0,0.0,0.0,0.0,0.0,0.0,0.0,0.0,0.0,0.0,0.0
otherWorkingCapital,-229000000,6400000000,20664500000,2252300000,2057700000,-208900000,1666300000,4034900000,4586300000,3381700000,2100329000,2424759000,2459668000,1442022000,1149914000,935346000,676433000,716404000,1562148000,1121954000,857321000,455766000,493300000,198200000,94100000,72100000,62400000,-7500000.0,42400000,17600000,42200000,56100000
otherNonCashItems,197000000,14864500000,-18817100000,-282600000,-2658600000,1585400000,1622700000,651800000,-1327000000,-1208271000,47896000,-158944000,-797453000,-175997000,-237059000,-75035000,169000000,976832000,-248920000,25758000,-269139000,75845000,-264000000,-64400000,25500000,-69000000,-62600000,68000000,52400000,28800000,9200000.0,0.0
netCashProvidedByOperatingActivities,8358000000,6208000000,3951600000,4022000000,3477800000,3521800000,3801800000,3758400000,3585300000,3415000000,2626267000,2084351000,1800834000,1859029000,1645775000,1547251000,1203801000,1033216000,861544000,710347000,608471000,512245000,419100000,331300000,278400000,217100000,174200000,144400000,135800000,72900000,41800000,70000000
investmentsInPropertyPlantAndEquipment,-1294000000,-791000000,-635500000,-655700000,-619600000,-589600000,-633000000,-597500000,-551500000,-458300000,-334471000,-217328000,-188547000,-193783000,-162071000,-137706000,-121206000,-115906000,-80343000,-65430000,-80585000,-88503000,-153700000,-616000000,-62800000,-51300000,-59200000,-54500000,-40300000,-33900000,-41800000,-33000000
acquisitionsNet,-10935000000,-20145000000,-331300000,-2173300000,-385800000,-4880100000,-14305000000,-3130900000,-249800000,-1796800000,-6196067000,-2073110000,-703511000,-423208000,-3576562000,-2656035000,-885083000,-1591719000,-312283000,-1158129000,-406988000,-706794000,0.0,0.0,0.0,0.0,0.0,0.0,0.0,0.0,0.0,0.0
purchasesOfInvestments,-934000000,-342000000,-241000000,-148900000,0.0,0.0,-87100000,0.0,0.0,0.0,0.0,0.0,-66768000,0.0,-23219000,0.0,0.0,0.0,0.0,0.0,0.0,0.0,0.0,0.0,0.0,0.0,0.0,0.0,0.0,0.0,0.0,0.0
salesMaturitiesOfInvestments,126000000,13000000,0.0,22200000,137900000,264800000,43000000,253800000,251200000,0.0,0.0,0.0,0.0,48504000,301278000,98485000,0.0,43100000,0.0,0.0,0.0,0.0,0.0,0.0,0.0,0.0,0.0,0.0,0.0,0.0,0.0,0.0
otherInvestingActivites,50000000,26000000,-30300000,6300000.0,24100000,-38100000,31100000,30300000,-2400000.0,367500000,683284000,1559000.0,15885000,1088000.0,14815000,-74114000,40883000,30894000,24574000,79028000,0.0,0.0,0.0,16300000,-147200000,-91400000,-207900000,-144200000,-54000000,-22500000,0.0,0.0
netCashUsedForInvestingActivites,-12987000000,-21239000000,-1238100000,-2949400000,-843400000,-5243000000,-14951000000,-3444300000,-552500000,-1887600000,-5847254000,-2288879000,-942941000,-567399000,-3445759000,-2769370000,-965406000,-1633631000,-368052000,-1144531000,-487573000,-795297000,-153700000,-599700000,-210000000,-142700000,-267100000,-198700000,-94300000,-56400000,-41800000,-33000000
debtRepayment,-1282000000,-5959000000,-1571000000,-507800000,-668400000,-2668700000,-35500000,-414700000,-967800000,-61500000,-1602379000,-9388000.0,-469899000,-1164911000,0.0,0.0,0.0,0.0,0.0,0.0,0.0,0.0,0.0,0.0,0.0,0.0,0.0,0.0,0.0,0.0,0.0,0.0
commonStockIssued,86000000,1882000000,2216700000,96000000,68800000,164500000,249000000,132900000,177400000,212000000,1112551000,178406000,174233000,82430000,733028000,98415000,59931000,45957000,50497000,512105000,28169000,26580000,87900000,29600000,2500000.0,9500000.0,3600000.0,1000000.0,1300000.0,2900000.0,2100000.0,2300000.0
commonStockRepurchased,0.0,0.0,0.0,0.0,0.0,0.0,0.0,0.0,0.0,-648400000,0.0,0.0,0.0,-74165000,-117486000,0.0,-257696000,0.0,0.0,0.0,-17299000,-82174000,0.0,0.0,-19800000,-12100000,0.0,0.0,0.0,0.0,0.0,-15200000
dividendsPaid,-742000000,-615000000,-750700000,-433400000,-378300000,-885100000,-354100000,-227700000,-52100000,-86400000,-61323000,-52214000,-41717000,-38259000,-34275000,-24589000,-21553000,-17731000,-15326000,-13516000,-11676000,-10015000,-9900000.0,-10500000,-5900000.0,-5100000.0,-4700000.0,-3400000.0,-2600000.0,0.0,0.0,0.0
otherFinancingActivites,3233000000,5698000000,16470900000,47800000,-2120600000,5432000000,9190800000,291300000,-763300000,195900000,2639785000,0.0,744615000,72652000,1130903000,1145015000,-292242000,-66281000,-145509000,17708000,410516000,266090000,-129800000,219200000,-38100000,-48400000,98300000,51700000,-35100000,-17800000,-2600000.0,-26600000
netCashUsedProvidedByFinancingActivities,1295000000,1006000000,16365900000,-797400000,-3098500000,2042700000,9050200000,-218200000,-1605800000,-388400000,2088634000,116804000,407232000,-1122253000,1712170000,1218841000,-511560000,-38055000,-110338000,516297000,409710000,200481000,-51800000,238300000,-61300000,-56100000,97200000,49300000,-36400000,-14900000,-500000.0,-39500000
effectOfForexChangesOnCash,-115000000,148000000,45100000,-117700000,130700000,-148600000,-115800000,-205500000,9500000.0,2700000.0,36374000,-1216000.0,63941000,-15631000,9112000.0,5537000.0,-20399000,17429000,36539000,21791000,-973000.0,-786000.0,-1100000.0,1200000.0,-200000.0,100000.0,100000.0,300000.0,0.0,100000.0,-200000.0,-1600000.0
netChangeInCash,-3449000000,-13877000000,19124500000,157500000,-333400000,172900000,-2214800000,-109600000,1436500000,1141700000,-1095979000,-88940000,1329066000,153746000,-78702000,2259000.0,-293564000,-621041000,419693000,103904000,529635000,-83357000,212500000,238300000,-61300000,-56100000,97200000,49300000,-36400000,-14900000,-500000.0,-39500000
cashAtEndOfPeriod,2586000000,6035000000,19912300000,787800000,630300000,963700000,790800000,3005600000,3115200000,1678700000,537001000,1632980000,1721920000,392854000,239108000,317810000,315551000,609115000,1230156000,810463000,706559000,176924000,260300000,0.0,0.0,0.0,0.0,0.0,0.0,0.0,0.0,0.0
cashAtBeginningOfPeriod,6035000000,19912000000,787800000,630300000,963700000,790800000,3005600000,3115200000,1678700000,537000000,1632980000,1721920000,392854000,239108000,317810000,315551000,609115000,1230156000,810463000,706559000,176924000,260281000,47800000,70800000,26400000,7900000.0,3600000.0,6900000.0,1700000.0,0.0,600000.0,4800000.0
operatingCashFlow,8358000000,6208000000,3951600000,4022000000,3477800000,3521800000,3801800000,3758400000,3585300000,3415000000,2626267000,2084351000,1800834000,1859029000,1645775000,1547251000,1203801000,1033216000,861544000,710347000,608471000,512245000,419100000,331300000,278400000,217100000,174200000,144400000,135800000,72900000,41800000,70000000
capitalExpenditure,-1294000000,-791000000,-635500000,-655700000,-619600000,-589600000,-633000000,-597500000,-551500000,-458300000,-334471000,-217328000,-188547000,-193783000,-162071000,-137706000,-121206000,-115906000,-80343000,-65430000,-80585000,-88503000,-153700000,-616000000,-62800000,-51300000,-59200000,-54500000,-40300000,-33900000,-41800000,-33000000
freeCashFlow,7064000000,5417000000,3316100000,3366300000,2858200000,2932200000,3168800000,3160900000,3033800000,2956700000,2291796000,1867023000,1612287000,1665246000,1483704000,1409545000,1082595000,917310000,781201000,644917000,527886000,423742000,265400000,-284700000,215600000,165800000,115000000,89900000,95500000,39000000,0.0,37000000
link,https://www.sec.gov/Archives/edgar/data/313616/000031361622000061/0000313616-22-000061-index.htm,https://www.sec.gov/Archives/edgar/data/313616/000031361621000045/0000313616-21-000045-index.htm,https://www.sec.gov/Archives/edgar/data/313616/000031361620000041/0000313616-20-000041-index.html,https://www.sec.gov/Archives/edgar/data/313616/000031361619000035/0000313616-19-000035-index.html,https://www.sec.gov/Archives/edgar/data/313616/000031361618000038/0000313616-18-000038-index.html,https://www.sec.gov/Archives/edgar/data/313616/000031361617000066/0000313616-17-000066-index.html,https://www.sec.gov/Archives/edgar/data/313616/000031361616000145/0000313616-16-000145-index.html,https://www.sec.gov/Archives/edgar/data/313616/000031361615000038/dhr-20141231x10xk.htm,https://www.sec.gov/Archives/edgar/data/313616/000031361614000023/dhr-20131231x10xk.htm,https://www.sec.gov/Archives/edgar/data/313616/000031361613000026/0000313616-13-000026-index.html,https://www.sec.gov/Archives/edgar/data/313616/000119312512076756/0001193125-12-076756-index.html,https://www.sec.gov/Archives/edgar/data/313616/000119312511044412/d10k.htm,https://www.sec.gov/Archives/edgar/data/313616/000119312510038977/0001193125-10-038977-index.html,https://www.sec.gov/Archives/edgar/data/313616/000119312509037468/0001193125-09-037468-index.html,https://www.sec.gov/Archives/edgar/data/313616/000119312508034637/d10k.htm,https://www.sec.gov/Archives/edgar/data/313616/000119312507043522/d10k.htm,https://www.sec.gov/Archives/edgar/data/313616/000119312506055148/d10k.htm,https://www.sec.gov/Archives/edgar/data/313616/000119312505043666/d10k.htm,https://www.sec.gov/Archives/edgar/data/313616/000110465904006799/a04-3138_110k.htm,,,,,https://www.sec.gov/Archives/edgar/data/313616/000031361699000002/0000313616-99-000002-index.html,https://www.sec.gov/Archives/edgar/data/313616/000031361698000004/0000313616-98-000004-index.html,https://www.sec.gov/Archives/edgar/data/313616/000031361697000017/0000313616-97-000017-index.html,https://www.sec.gov/Archives/edgar/data/313616/000031361696000001/0000313616-96-000001-index.html,https://www.sec.gov/Archives/edgar/data/313616/000031361695000001/0000313616-95-000001-index.html,,,,
finalLink,https://www.sec.gov/Archives/edgar/data/313616/000031361622000061/dhr-20211231.htm,https://www.sec.gov/Archives/edgar/data/313616/000031361621000045/dhr-20201231.htm,https://www.sec.gov/Archives/edgar/data/313616/000031361620000041/dhr-20191231x10xk.htm,https://www.sec.gov/Archives/edgar/data/313616/000031361619000035/dhr-20181231x10xk.htm,https://www.sec.gov/Archives/edgar/data/313616/000031361618000038/dhr-20171231x10xk.htm,https://www.sec.gov/Archives/edgar/data/313616/000031361617000066/dhr-20161231x10xk.htm,https://www.sec.gov/Archives/edgar/data/313616/000031361616000145/dhr-20151231x10xk.htm,https://www.sec.gov/Archives/edgar/data/313616/000031361615000038/dhr-20141231x10xk.htm,https://www.sec.gov/Archives/edgar/data/313616/000031361614000023/dhr-20131231x10xk.htm,https://www.sec.gov/Archives/edgar/data/313616/000031361613000026/dhr-20121231x10xk.htm,https://www.sec.gov/Archives/edgar/data/313616/000119312512076756/d257309d10k.htm,https://www.sec.gov/Archives/edgar/data/313616/000119312511044412/d10k.htm,https://www.sec.gov/Archives/edgar/data/313616/000119312510038977/d10k.htm,https://www.sec.gov/Archives/edgar/data/313616/000119312509037468/d10k.htm,https://www.sec.gov/Archives/edgar/data/313616/000119312508034637/d10k.htm,https://www.sec.gov/Archives/edgar/data/313616/000119312507043522/d10k.htm,https://www.sec.gov/Archives/edgar/data/313616/000119312506055148/d10k.htm,https://www.sec.gov/Archives/edgar/data/313616/000119312505043666/d10k.htm,https://www.sec.gov/Archives/edgar/data/313616/000110465904006799/a04-3138_110k.htm,,,,,https://www.sec.gov/Archives/edgar/data/313616/0000313616-99-000002.txt,https://www.sec.gov/Archives/edgar/data/313616/0000313616-98-000004.txt,https://www.sec.gov/Archives/edgar/data/313616/0000313616-97-000017.txt,https://www.sec.gov/Archives/edgar/data/313616/0000313616-96-000001.txt,https://www.sec.gov/Archives/edgar/data/313616/0000313616-95-000001.txt,,,,
