,2021,2020,2019,2018,2017,2016,2015,2014,2013,2012,2011,2010,2009,2008,2007,2006,2005,2004,2003,2002,2001,2000,1999,1998,1997,1996,1995,1994
period,FY,FY,FY,FY,FY,FY,FY,FY,FY,FY,FY,FY,FY,FY,FY,FY,FY,FY,FY,FY,FY,FY,FY,FY,FY,FY,FY,FY
revenueGrowth,0.14008499408146236,0.00383746298893564,0.09981361270004499,0.07022974274315587,0.051193058568329716,0.04566762437622864,0.07476027953843653,0.08004212743549237,0.03541029291491231,0.015597120531594167,0.05941400775673826,0.020996938639691202,0.05913864805808134,0.05644500707424231,0.05420575420967932,0.041791044776119404,0.04054974044762148,0.07767791636096845,0.10537787014040245,0.09892497075697655,0.07696460707858428,0.0007804526625442757,-0.10834537765644238,-0.0073330145066156545,-0.05474910844341755,0.1251200904210229,0.5895616241466044,0.08583690987124463
grossProfitGrowth,0.14148364377722175,1.2370562321845038,0.10081013235965312,0.07937680891680522,0.03697318007662835,0.04924623115577889,0.06493043168034249,0.11531115709056183,-0.5396395076201641,-0.0011344091923738426,0.06239794728248192,0.02136277001270648,0.06020038730319104,0.057472287762097674,0.0618293547624675,0.040631610015249155,0,0,0,0,0,0,0,0,0,0,0,-1
ebitgrowth,0.3326907188102451,0.006095871432529786,0.08672086720867209,0.09658246656760773,-0.022749273959341725,0.03906119027661358,0.07187780772686433,0.16131051752921535,-0.0049833887043189366,0.11018902720147533,0.041536614645858345,0.09576427255985268,0.2950596252129472,-0.07061431285623812,0.02599090318388564,0.05991735537190083,0.07396449704142012,-0.03324991061851984,0.36505612493899464,-0.07910112359550561,0.8222768222768223,-0.347407803313736,0.026330224904004388,0.5567890691716482,-0.6287254280279011,0.34098639455782315,0.5596816976127321,0.08959537572254335
operatingIncomeGrowth,0.3326907188102451,0.006095871432529786,0.08672086720867209,0.09658246656760773,-0.022749273959341725,0.03906119027661358,0.07187780772686433,0.16131051752921535,-0.0049833887043189366,0.11018902720147533,0.041536614645858345,0.09576427255985268,0.2950596252129472,-0.07061431285623812,0.02599090318388564,0.05991735537190083,0.07396449704142012,-0.03324991061851984,0.36505612493899464,-0.07910112359550561,0.8222768222768223,-0.347407803313736,0.026330224904004388,0.5567890691716482,-0.6287254280279011,0.34098639455782315,0.5596816976127321,0.08959537572254335
netIncomeGrowth,0.8529568460309004,0.07104136947218259,-0.07446527594401901,0.7089350180505415,-0.23321799307958477,0.357444809769845,0.13546666666666668,0.20501285347043702,-0.030529595015576325,-0.3488843813387424,1.0422535211267605,0.14516129032258066,0.5661218424962853,-0.2299771167048055,-0.15637065637065636,-0.27247191011235955,0.14285714285714285,-0.06456456456456457,0.5990396158463386,-0.05981941309255079,3.045662100456621,-0.6666666666666666,0.7335092348284961,2.2426229508196722,-1.2026578073089702,0.5660770031217481,0.5253968253968254,0.24260355029585798
epsgrowth,1.0588830185117155,0.06794906494863112,-0.062297184103389754,0.7448007605961161,-0.1884402028126368,0.4607647842353431,0.1973720917507399,0.2598249098967128,-0.022598793611731192,-0.29953810444874274,0.8268551236749115,0.14495261999953069,0.5661220307925089,-0.22997721997869824,-0.2019248628310366,-0.2097898461538462,0.24045801526717553,-0.015037593984962419,0.6319018404907978,-0.03550295857988169,3.3333333333333326,-0.6517857142857143,0.898305084745763,2.282608695652174,-1.207207207207207,0.03738317757009349,0.18888888888888894,0.7142857142857143
epsdilutedGrowth,0.9359560841720037,0.08540218470705059,-0.05534709193245777,0.7915966386554621,-0.18493150684931503,0.4629258517034067,0.19951923076923078,0.2344213649851632,-0.03438395415472782,-0.2977867203219315,0.8007246376811594,0.14523486858429877,0.5661219216752533,-0.2299769867389774,-0.20872667750516122,-0.20828652037617554,0.23643410852713173,-0.011494252873563144,0.641509433962264,-0.036363636363636265,3.23076923076923,-0.6486486486486487,0.8813559322033901,2.282608695652174,-1.207207207207207,0.03738317757009349,0.18888888888888894,0.7475728155339806
weightedAverageSharesGrowth,-0.10001838399932121,0.0028955909014624507,-0.01297655960188419,-0.02055576312028052,-0.055174950659301836,-0.0707300294654118,-0.05170117145276838,-0.043507565900219286,-0.00811416601346299,-0.07009687185932284,0.11768802881638932,0,0,0,0.057080104512169126,-0.08029975901636728,-0.07770322616139222,-0.05028310827310324,-0.020137378082775412,-0.02521153826327379,-0.06638566994543643,-0.04273504218137351,-0.08681209878161092,-0.03117532663521652,-0.021895306880507934,0.510730665858431,0.28204,-0.2751479292085361
weightedAverageSharesDilutedGrowth,-0.043226961190902344,-0.013270117682194896,-0.01991821065400517,-0.045451492527288896,-0.05969417785985131,-0.0723423501538476,-0.05247228834334032,-0.02502852268717269,0.005463612558037279,-0.0736778218464622,0.13398056920477333,0,0,0,0.06616691654172914,-0.07981426023755847,-0.07694598632919704,-0.053687409956469666,-0.02587241701422085,-0.024340900562960444,-0.04375259516951841,-0.05128205067556492,-0.07858518080871474,-0.03117532663521652,-0.021895306880507934,0.005102801321319803,0.30537634238362815,0.0496383958483402
dividendsperShareGrowth,3.531682981117631,-0.7226213568934212,0.14421137682045643,0,0,0,-1,-0.5425996229528354,-0.994875829507964,108.20318904595814,-0.9934846545964128,0,0,0,-1,-0.1529090319595502,0.4057106658460159,4.372721225675966,-0.004962554758656095,-0.02298704820105446,0.02241945503307317,0,0,0,-1,-0.28511413423495985,0.0833428667505607,0.24163265342857138
operatingCashFlowGrowth,-0.02957105719237435,0.21441725861615366,0.12438988315337968,0.24603759675635828,-0.04015566955598797,0.19412758766370933,0.06429856115107914,0.20869565217391303,-0.118562874251497,0.06153063818967709,0.27487844408427875,0.12304331998543866,0.528658875904285,0.28724928366762176,-0.24336043360433604,-0.41595441595441596,0.03607740242702526,0.40766389658356417,-0.21236363636363637,0.9462137296532201,-0.08661926308985132,0.2649223221586263,-0.3616910229645094,0.29197572488199597,-0.4341854254101488,0.16282165039929014,0.7325134511913912,0.0023112480739599386
freeCashFlowGrowth,-0.15866812568391434,0.8574332171893148,0.08030112923462986,0.32227291580257156,-0.16660905634289666,0.22636710470538363,0.03829225352112676,0.3080023028209557,-0.2490272373540856,0.026175687666370896,0.2806818181818182,0.23076923076923078,6.258883248730965,5.104166666666667,-1.4,-1.0127632418634334,0.020182291666666668,3.682926829268293,-0.6821705426356589,23,-0.8903061224489796,7.125,-1.0968229954614221,9.836065573770492,-0.95004095004095,0.6795048143053645,1.2300613496932515,-0.2943722943722944
tenYRevenueGrowthPerShare,1.819961185689965,1.1100106674397507,1.1522931001081238,1.0457973187673,0.9779358352924006,0.7729586087436646,0.7847654811461865,0.7766706169319102,0.7854289991436499,0.9294670595680079,0.9916420100062351,1.4238184597963062,1.4818887001957524,1.2880525902354416,1.219103176341057,1.1504124439380508,0.4138367938934768,0.5537563540595599,0.3692668585630541,0.21378711332943268,0.07667557345906967,-0.06663623150268055,-0.10722034377974173,-0.08565989556422206,-0.10762091822361883,-0.07660476628612266,0.23986897768135507,0
fiveYRevenueGrowthPerShare,0.7176365759109505,0.5257361870744357,0.7275799815198266,0.7506756669557978,0.67247326629159,0.6417682443647283,0.38294594132007065,0.24584281082874015,0.16857585752858562,0.18264122671336874,0.07990796802730185,0.29055332375650555,0.4260792786130548,0.527867435940054,0.6314897671292191,0.8442701313190821,0.8781234492048147,0.7403581535870388,0.49754653866790943,0.3601698405046122,0.16599645974855406,-0.24720774106085192,-0.10722034377974173,-0.08565989556422206,-0.10762091822361883,-0.07660476628612266,0.23986897768135507,0
threeYRevenueGrowthPerShare,0.4128722419876537,0.21869941493752693,0.35462788338183715,0.3679812515500783,0.4188916657414928,0.44004912870072965,0.3359073530506596,0.2873412899301896,0.08063655384141348,0.05694722704204912,0.024996464166535805,0.14241566758507715,0.115879230094351,0.19343480129932178,0.2745120878806545,0.45017794656567806,0.4442173269121019,0.44310541853174745,0.46702379584277437,0.3595595563503504,0.17754385729746142,0.045927439983637484,-0.03315544241059576,-0.26255102684667514,-0.10762091822361883,-0.07660476628612266,0.23986897768135507,0
tenYOperatingCFGrowthPerShare,2.5540177843736482,2.759565648353951,2.486759341769809,3.6788927760867924,3.7342841466286285,2.3356929260776207,0.6484572142350031,0.6499885504851582,0.9353090139053463,0.7505770697059498,2.0617276958306823,1.6260483817036246,2.0898536501694776,0.4128567498543599,0.4636749328059968,0.18291155360886507,0.4337647329827231,0.7247709198219322,0.16366135473801696,0.44765823255433657,-0.2749200562450082,-0.2588577812415483,-0.4391201243356331,-0.19758497072633832,-0.39828631167969264,0.040162287949109775,0.3513723840062644,0
fiveYOperatingCFGrowthPerShare,0.9223506563985095,1.2909274524227312,1.1233294769969768,1.355392820871521,0.6452866232586261,0.8487874584921143,0.6410670902642884,0.6421188419147885,0.9864596404584232,1.877482913738147,0.8042598194593111,0.0045032430511567755,0.00479241110295848,-0.025749642988604906,-0.39162903058500886,0.6969439006562818,1.6142756629904544,2.075116428056768,0.45019885257053566,1.4058921388268495,-0.3029165235507303,-0.45156329407792895,-0.4391201243356331,-0.19758497072633832,-0.39828631167969264,0.040162287949109775,0.3513723840062644,0
threeYOperatingCFGrowthPerShare,0.4874136881481556,0.7549029440918423,0.47227961568553695,0.6607706656253172,0.46513112606784085,0.8224789067847993,0.260327268756614,0.28191696972183383,0.15710469170301017,0.4623102102579006,0.9581919908021889,1.209885386819484,0.4084920173348592,-0.4148809310330863,-0.48937378744094284,0.057369468388203,0.3384029612405382,1.3787320759278112,0.570091846457434,1.5810486262135421,-0.0963779125481646,0.23171906031814088,-0.4607765709615804,-0.4062221199941718,-0.39828631167969264,0.040162287949109775,0.3513723840062644,0
tenYNetIncomeGrowthPerShare,3.4027766671098005,2.9073655530577205,3.189866435204189,5.997783062820988,2.0882914035027844,2.0369772339578773,0.6446168061321386,0.7019892242504862,0.3306576063146976,1.2217105883545187,2.060328029001744,6.257733611183998,1.2068913306957603,1.6749853795041019,-5.455659154392012,0.1567677694266278,0.5158938152347092,0.4555555558125557,0.4777777768902236,-0.09444444482493004,-0.06111111105812639,-0.7833333335114155,-0.3777777779293084,-0.672222222040604,-1.255555555656102,0.23340961623504702,0.18981999422547288,0
fiveYNetIncomeGrowthPerShare,1.9195356972566724,1.071392507841983,1.322421548396552,2.120225215626601,0.7478854874435371,0.5080400185710517,0.8863472462437793,0.8040938511343729,1.242717297384477,0.7668728447535365,1.0138571898347732,-0.12814737084754174,-0.056596072770652005,-0.4066761745376692,0.2574252838576102,0.5196350786188708,7.324495870637398,1.3392857152684394,3.5084745710652947,-4.543478257986553,-0.2387858205550487,-0.81789962553989,-0.3777777779293084,-0.672222222040604,-1.255555555656102,0.23340961623504702,0.18981999422547288,0
threeYNetIncomeGrowthPerShare,1.0618043016721068,0.7472763893563265,0.32779674259294117,1.0684576170922433,0.4194822557296433,1.2035331774876796,0.4743893453058896,-0.137809143331055,0.25049605728231406,0.4651298541884166,2.2770363595489416,0.3810068649885581,-0.037561568861401974,-0.5138717320467238,-0.2177086979141838,-0.034517562198016764,0.9917505449351433,0.5502958581744051,5.820512822022318,0.4553571426000732,1.864406778235527,-1.8478260859261075,-0.49552669779727365,-0.7245148177453793,-1.255555555656102,0.23340961623504702,0.18981999422547288,0
tenYShareholdersEquityGrowthPerShare,-0.8237249803670412,-1.0602557184526848,-0.6062836443516276,-0.3997256748186958,-0.2133279872542366,-0.30107262049713956,-2.718902434777972,-3.025944985528688,-2.517206877571826,-2.953472774832176,-2.7058468765959347,-4.1554771000935204,-2.937543416027358,-2.8509847587962374,-3.0263983588805665,-3.023644335651331,-0.3663324440375428,-0.385728421750581,-0.17807310200425128,-0.2603880191546625,-0.32670294219471435,-0.4124805422014481,-0.2790461696327031,-0.13875779515723924,-0.19160084419262188,-0.07640958044344448,0.15981702457163433,0
fiveYShareholdersEquityGrowthPerShare,-0.8450142125111971,-1.0884266919896532,-0.5580691866117699,-0.2326386535302562,-0.10806526844094305,0.13736248006414015,-0.31857997741524363,-0.10909956101545248,-0.2177422957999197,-0.11801616765085449,-0.38548405477254244,-3.5225299782912853,-3.27404196571939,-2.9395230873734746,-3.2148623400829717,-3.7759196321008894,0.25091758165386874,-0.14797376423331793,-0.04564953578208576,-0.0850906071188809,-0.2710003876734056,-0.4934378049713956,-0.2790461696327031,-0.13875779515723924,-0.19160084419262188,-0.07640958044344448,0.15981702457163433,0
threeYShareholdersEquityGrowthPerShare,-0.7884273050582505,-1.0866844464496521,-0.5789858482970555,-0.2425120346777709,0.03551479119599988,0.047532878319326316,-0.12563880051667337,0.0835309175472717,-0.3273475803645963,0.03431400236983027,-0.2795254997140692,0.13171379768457012,-0.2526134269967679,-3.1690881206923636,-3.6667988242544993,-3.273947385777278,-0.006318937013485338,-0.08766632628437318,0.3989781735493946,0.025879813230945813,-0.21822565821862938,-0.2732309854878875,-0.2194009215541135,-0.25743269274664154,-0.19160084419262188,-0.07640958044344448,0.15981702457163433,0
tenYDividendperShareGrowthPerShare,30.40558607227741,-0.9548471855344763,0,0,0,-1,-1,-0.9602150753395973,-0.5326778902877392,89.7469801942779,-0.1881100198535508,126.40569526691745,0,0,0,5.254969864335801,4.278759561259317,3.0681960057120587,-0.24280530576007686,-0.23902894523103357,-0.22112490590036443,-0.23820395800817332,-1,-1,-1,-0.22553349678264492,0.0833428667505607,0
fiveYDividendperShareGrowthPerShare,0,0,96.61553787584855,38.021971581987735,-1,-1,-1,0,0,0,-0.869461944822069,15.971871892764009,-1,-1,-1,5.2195654672485805,6.506873494681345,0,0,0,0.0056924229310963605,-0.2968098416738549,-1,-1,-1,-0.22553349678264492,0.0833428667505607,0
threeYDividendperShareGrowthPerShare,0.438264634265998,0,0,0,-1,-1,-1,-0.7440498368718684,-0.9963541706509955,0,0,0,-1,-1,-1,5.397647362577977,6.515011878760383,4.223168691014333,-0.0060401308201505745,0,0,0,-1,-1,-1,-0.22553349678264492,0.0833428667505607,0
receivablesGrowth,0.14806410438235712,-0.044579945799457996,0.08705258506407423,0.044300876788186436,0.11585993820803296,-0.010697911360163017,0.03424657534246575,0.09331797235023041,0.11472602739726027,0.030664019413192148,0.18293319415448853,0.03791982665222102,-0.02328042328042328,-0.029525032092426188,0.05128205128205128,0.11194477791116447,0.08076548816088226,-0.0038772213247172858,0.11011477761836441,0.10943095901313171,0.0436046511627907,0.17406143344709898,-0.08641425389755011,-0.26489849377865093,0.010254713860403573,0.08819294456443484,0.5901545506582713,0
inventoryGrowth,-0.01925925925925926,0.09518658734451055,0.06755196304849885,0.1010807374443738,0.046573519627411845,0.04447533009034051,0.12509773260359655,0.08481764206955046,0.0856353591160221,0.030360531309297913,0.1750278706800446,0.11845386533665836,0.08819538670284939,0.038028169014084505,0.061285500747384154,0.08603896103896104,0.06759098786828423,0.10961538461538461,0.12554112554112554,0.09219858156028368,0.06818181818181818,0.033942558746736295,-0.1175115207373272,-0.03982300884955752,0.024943310657596373,0.08620689655172414,0.4245614035087719,0
assetGrowth,0.06847757422615287,0.05397487682542501,0.149233555232484,0.07143442734949307,0.0839800936074412,0.030967505497190326,0.04952081797493509,0.08213381429711075,0.02692787177203918,0.04375790021562941,0.12770417575046117,-0.011561891343085657,-0.006136738056013179,0.010613943808532778,0.014783526927138331,0.06524184476940383,0.035406475658047984,0.019085600341831647,0.1238994717464383,0.05702199661590524,0.009221311475409836,0.04045010364228605,-0.13093828812599723,-0.11694391418961912,0.0343174125611132,0.06937462296400564,0.612124159170111,0
bookValueperShareGrowth,-2.812391333466585,-1.2031155641242797,-0.42526924482774425,-0.25743660099923416,-0.013496302625440113,0.034054624013474415,0.015112342727415228,-0.002047033640267927,-0.13688891289568847,0.25795335929699265,-0.29887397984131564,0,0,0,0,0,0,0,0,0,0,0,0,0,0,0,0,0
debtGrowth,0.11102371732817037,-0.01974971828479924,0.027451936260321136,-0.007169217738520177,0.05360785313615502,0.02912621359223301,0.028436498566368696,0.044720890893713,-0.01914967162115451,0.069421854206713,-0.04155890168290523,0.09953252824308531,-0.0488717625699359,-0.011681558517650506,-0.038721486905097156,1.711980906921241,-0.0052231718898385565,0.20937176984035832,0.25406884632003457,-0.05665760869565217,0.09004739336492891,0.04779639975170701,-0.04575744113727232,-0.28220663265306123,0.3474649097679748,-0.05392953929539295,0.8778625954198473,0
rdexpenseGrowth,0,0,0,0,0,0,0,0,0,0,0,0,0,0,0,0,0,0,0,0,0,0,0,0,0,0,0,0
sgaexpensesGrowth,0.1216804892351512,0,0,0,0,0,0,0,-1,0.12269345238095238,0.07657801986542775,0.04398728884428834,0.04527972027972028,0.06776180698151951,0.02930156595254107,0.04844883158742949,0,0,0,-1,0.09640006025003765,-0.016298710920136315,-0.13596210472410702,0.023587996330756127,-0.02690640142820709,0.10435149978876214,0,0
