,2021,2020,2019,2018,2017,2016,2015,2014,2013,2012
period,FY,FY,FY,FY,FY,FY,FY,FY,FY,FY
revenueGrowth,0.2920531299486152,0.22887212073073868,0.022164488105869937,0.18695191288426327,0.1229911801309453,0.009449421018134148,0.0016961208075723588,0.01521968560795423,0.062249232947840454,0.10641075858467162
grossProfitGrowth,0.37496186311400387,0.22133896410383802,0.06975817167153867,0.14970974641002138,0.11402314499659633,-0.04501869006988461,0.0278984296692282,0.05276116778051354,0.01790189760114572,0.1125273849830711
ebitgrowth,1.0993914807302232,0.4399415845198978,0.010328292143120619,0.15755764304013664,0.07529843893480258,-0.16198537899191998,0.07887090078870901,0.17857142857142858,0.03232323232323232,0.06394411606663085
operatingIncomeGrowth,1.0993914807302232,0.4399415845198978,0.010328292143120619,0.15755764304013664,0.07529843893480258,-0.16198537899191998,0.07887090078870901,0.17857142857142858,0.03232323232323232,0.06394411606663085
netIncomeGrowth,1.6506570004531038,0.671969696969697,0.5789473684210527,-0.23861566484517305,-0.015246636771300448,-0.47455230914231855,12.098765432098766,1.3468950749464668,-0.9139344262295082,0.5481481481481482
epsgrowth,1.7155172413793105,0.2608695652173912,0.43750000000000006,-0.2727272727272727,-0.011235955056179785,-0.4971751412429378,11.816242596266635,1.345265,-0.9232988421740972,0.5481474078483686
epsdilutedGrowth,1.7280701754385965,0.26666666666666655,0.4285714285714286,-0.27586206896551724,-0.02247191011235957,-0.49142857142857144,11.671426295743847,1.345265,-0.9232988421740972,0.5481474078483686
weightedAverageSharesGrowth,0.12149532710280374,0.038834951456310676,0.09908536585365854,0.0496,0.0016025641025641025,0.04098020431004842,0.022042675204901697,-0.00017019069600272284,0,0
weightedAverageSharesDilutedGrowth,0.11621799080761655,0.04315068493150685,0.0960960960960961,0.05130228887134965,0.006354249404289118,0.03792250618301731,0.03408851917074796,-0.00017019069600272284,0,0
dividendsperShareGrowth,-0.4581031307550645,0,0,0,0,0,0,0,0,0
operatingCashFlowGrowth,-0.01657960481489893,0.7775534921275736,-0.33858477970627504,0.25041736227045075,0.9285254346426272,-0.0960419091967404,-0.03645541222658441,0.29484386347131447,0.5665529010238908,-0.11835506519558676
freeCashFlowGrowth,-8.92156862745098,-1.8614864864864864,-0.8505050505050505,0.2398246712586099,9.171974522292993,-0.4902597402597403,-0.4490161001788909,2.6776315789473686,1.9325153374233128,-2.314516129032258
tenYRevenueGrowthPerShare,0.6473734270022029,0.4299114777499731,0.2087848650125684,0.2997494738470114,0.14934483271088048,0.025107544786787526,0.05712741935660797,0.07859989997828297,0.06224923294784055,0
fiveYRevenueGrowthPerShare,0.6070249754574196,0.35263871844346834,0.1206981059769305,0.22358240752980876,0.14934483271088048,0.025107544786787526,0.05712741935660797,0.07859989997828297,0.06224923294784055,0
threeYRevenueGrowthPerShare,0.2674545827099208,0.24411006780040018,0.1791785858565542,0.22951070045848285,0.06558959697105658,-0.03496513530820011,0.05712741935660797,0.07859989997828297,0.06224923294784055,0
tenYOperatingCFGrowthPerShare,2.440065748483125,2.9230604538398564,1.2927086775020158,2.809834546125378,2.197974100705347,0.6609057892947259,0.9126661572810291,1.0287866913130064,0.5665529010238909,0
fiveYOperatingCFGrowthPerShare,1.0711986017845647,1.0510952415327537,0.13008858315124414,1.4319858867423438,2.197974100705347,0.6609057892947259,0.9126661572810291,1.0287866913130064,0.5665529010238909,0
threeYOperatingCFGrowthPerShare,-0.09705639265051812,0.22673302856786234,0.38039658376744756,0.9918972956270053,0.5762988363432415,0.060229621488790096,0.9126661572810291,1.0287866913130064,0.5665529010238909,0
tenYNetIncomeGrowthPerShare,-17.74301867315574,-8.083986045848016,-5.401450763966259,-4.063794411360456,-5.223568132,-5.2958336865213855,-9.510605159150348,-1.664047440925658,0.9139344262295084,0
fiveYNetIncomeGrowthPerShare,2.897501601537476,-0.16762839852445427,5.628217342168799,-2.6007833755288035,-5.223568132,-5.2958336865213855,-9.510605159150348,-1.664047440925658,0.9139344262295084,0
threeYNetIncomeGrowthPerShare,4.464798359535202,0.6772515144661613,0.02458593259237605,-0.6400027549079331,5.3603409511111115,-3.244504110302394,-9.510605159150348,-1.664047440925658,0.9139344262295084,0
tenYShareholdersEquityGrowthPerShare,-9.510723354956754,-8.828291818419236,-4.901204136193632,-3.7708758640797675,-2.936287135888224,-2.704572498736501,-2.7691244355236235,0.0586346893069497,0.1710863986313089,0
fiveYShareholdersEquityGrowthPerShare,3.992878484936985,3.4249526269768737,-4.6851278118872255,-3.366072962095872,-2.936287135888224,-2.704572498736501,-2.7691244355236235,0.0586346893069497,0.1710863986313089,0
threeYShareholdersEquityGrowthPerShare,2.0714921102332533,3.0429395379049513,1.2886701146975936,0.5662413612299956,-2.829041836099138,-2.4555480285047264,-2.7691244355236235,0.0586346893069497,0.1710863986313089,0
tenYDividendperShareGrowthPerShare,0,0,0,0,0,0,0,0,0,0
fiveYDividendperShareGrowthPerShare,0,0,0,0,0,0,0,0,0,0
threeYDividendperShareGrowthPerShare,0,0,0,0,0,0,0,0,0,0
receivablesGrowth,0.3532934131736527,0.2534115720524017,0.2894597923631885,0.1626432078559738,0.17839922854387658,0.11385606874328678,-0.07753282140203122,0.1276536312849162,0.05823233816139521,0
inventoryGrowth,0.7094263476506197,0.3075763286845081,0.20481380563124432,0.11947127605490594,0.18780193236714976,0.14681440443213298,-0.019687712152070606,0.07754206291148501,0.04831288343558282,0
assetGrowth,0.17173535652285732,0.257519404915912,0.3647900068416058,0.31172741221086764,0.11749862508492123,-0.017263305144019837,0.01786292149375445,0.010926459042135567,-0.026186683657215673,0
bookValueperShareGrowth,0.08717502519921491,1.0066347581742379,0.40793176149349475,0.4310252920255527,0.13593709702783546,-0.03648807030807749,0,0,0,0
debtGrowth,0.07919151756129887,0.019835771973101747,0.08745820012494028,0.3085060345242102,0.11781779091642032,-0.014513480586895493,-0.30351213753412526,0.007058998365284589,0.0030184460592509784,0
rdexpenseGrowth,0,0,0,0,0,0,0,0,0,0
sgaexpensesGrowth,0,-1,0.10678772157371379,0.14903129657228018,0.12426696453504607,0.06166617254669434,0.007467144563918757,-0.017028772753963594,0.0038314176245210726,0.13137712570856952
