,2021,2020,2019
period,FY,FY,FY
currentRatio,2.914390406395736,3.9275970619097587,3.7838785046728973
quickRatio,2.6365756162558296,3.4275970619097587,3.037967289719626
cashRatio,1.960692871419054,2.43704092339979,1.889018691588785
daysOfSalesOutstanding,57.36966457510265,56.01235471023328,63.03933620159804
daysOfInventoryOutstanding,,,
operatingCycle,,,
daysOfPayablesOutstanding,,,
cashConversionCycle,,,
grossProfitMargin,0.0,0.0,0.0
operatingProfitMargin,0.0,0.0,0.0
pretaxProfitMargin,0.2260438453791928,0.11899536698366252,0.19527614364737905
netProfitMargin,0.1665504686652723,0.08119970738844184,0.14004741417156905
effectiveTaxRate,0.2457162440027416,0.27459016393442626,0.2612410071942446
returnOnAssets,0.0937799877867923,0.04593103448275862,0.0817571377313035
returnOnEquity,0.19329317630135756,0.09896968496136319,0.16034985422740525
returnOnCapitalEmployed,0.0,0.0,0.0
netIncomePerEBT,0.7368060315284441,0.6823770491803278,0.7171762589928058
ebtPerEbit,,,
ebitPerRevenue,0.0,0.0,0.0
debtRatio,0.5147430864520631,0.5351264367816092,0.48956891691014404
debtEquityRatio,1.0609547783871258,1.153061224489796,0.960189001709058
longTermDebtToCapitalization,0.40626668090103557,0.454142331819165,0.4042999161576237
totalDebtToCapitalization,0.4317752234993614,0.45771999570215965,
interestCoverage,0.0,0.0,0.0
cashFlowToDebtRatio,0.31223379081874114,0.2775821596244131,0.3738705376981188
companyEquityMultiplier,2.0611345859929875,2.154745393302952,1.9612948627726954
receivablesTurnover,6.362247412518482,6.516419491525424,5.790035587188612
payablesTurnover,,,
inventoryTurnover,0.0,0.0,0.0
fixedAssetTurnover,5.929719797887,6.039764359351988,8.674028941355674
assetTurnover,0.5630724941114892,0.5656551724137932,0.5837818442770003
operatingCashFlowPerShare,4.435294117647059,3.8392857142857144,4.064412238325282
freeCashFlowPerShare,3.6218487394957983,3.2564935064935066,3.685990338164251
cashPerShare,9.892436974789916,7.540584415584416,5.207729468599034
payoutRatio,0.15348837209302327,0.3353353353353353,4.1931034482758625
operatingCashFlowSalesRatio,0.20443101711983888,0.19222953751117614,0.22161735007463343
freeCashFlowOperatingCashFlowRatio,0.8165971959075408,0.8482029598308668,0.9068938193343898
cashFlowCoverageRatios,0.31223379081874114,0.2775821596244131,
shortTermCoverageRatios,3.1379310344827585,19.385245901639344,
capitalExpenditureCoverageRatio,-5.452479338842975,-6.587743732590529,-10.740425531914894
dividendPaidAndCapexCoverageRatio,-17.136363636363637,-98.54166666666667,0.39113590578025725
dividendPayoutRatio,0.15348837209302327,0.3353353353353353,4.1931034482758625
priceBookValueRatio,1.9075519194461923,1.5757004160887655,2.3611360209108274
priceToBookRatio,1.9075519194461923,1.5757004160887655,2.3611360209108274
priceToSalesRatio,1.6436362227903012,1.292783873851906,2.062184564053034
priceEarningsRatio,9.868697674418604,15.921041041041041,14.724902821316615
priceToFreeCashFlowsRatio,9.84580046403712,7.92877367896311,10.260471821756225
priceToOperatingCashFlowsRatio,8.040053050397876,6.725209302325581,9.305158478605387
priceCashFlowRatio,8.040053050397876,6.725209302325581,9.305158478605387
priceEarningsToGrowthRatio,0.07914500115127791,-0.43070605763658404,-0.7294490320713766
priceSalesRatio,1.6436362227903012,1.292783873851906,2.062184564053034
dividendYield,0.015553052404360513,0.02106240003219089,0.28476272469558744
enterpriseValueMultiple,6.677063447501403,9.753510848126233,10.421929756850636
priceFairValue,1.9075519194461923,1.5757004160887655,2.3611360209108274
