,2021,2020,2019,2018,2017,2016
reportedCurrency,USD,USD,USD,USD,USD,USD
cik,0001754301,0001754301,0001754301,0001754301,0001754301,0001754301
fillingDate,2021-08-10,2020-08-10,2019-08-09,2018-06-30,2017-06-30,2016-06-30
acceptedDate,2021-08-10 16:21:39,2020-08-10,2019-08-09 16:47:13,2018-06-30,2017-06-30,2016-06-30
calendarYear,2021,2020,2019,2018,2017,2016
period,FY,FY,FY,FY,FY,FY
revenue,12909000000,12303000000,11389000000,10153000000,9921000000,8894000000
costOfRevenue,0.0,0.0,0.0,0.0,0.0,0.0
grossProfit,0.0,0.0,0.0,0.0,0.0,0.0
grossProfitRatio,0.0,0.0,0.0,0.0,0.0,0.0
researchAndDevelopmentExpenses,0.0,0.0,0.0,0.0,0.0,0.0
generalAndAdministrativeExpenses,1807000000,1741000000,1419000000,1262000000,1117000000,1191000000
sellingAndMarketingExpenses,0.0,0.0,0.0,0.0,0.0,0.0
sellingGeneralAndAdministrativeExpenses,1807000000,1741000000,1419000000,1262000000,1117000000,1191000000
otherExpenses,8337000000,8065000000,7539000000,6676000000,6269000000,5729000000
operatingExpenses,10144000000,9806000000,8958000000,7938000000,7386000000,6920000000
costAndExpenses,10144000000,9806000000,8958000000,7938000000,7386000000,6920000000
interestIncome,4000000.0,35000000,41000000,0.0,0.0,0.0
interestExpense,395000000,369000000,203000000,43000000,23000000,18000000
depreciationAndAmortization,300000000,258000000,212000000,171000000,169000000,170000000
ebitda,3562000000,2028000000,2591000000,2343000000,2396000000,1996000000
ebitdaratio,0.2759315206445116,0.16483784442818825,0.22750021951005356,0.23076923076923078,0.24150791250881967,0.2244209579491792
operatingIncome,0.0,0.0,0.0,0.0,0.0,0.0
operatingIncomeRatio,0.0,0.0,0.0,0.0,0.0,0.0
totalOtherIncomeExpensesNet,153000000,-1033000000,-207000000,-45000000,-294000000,-131000000
incomeBeforeTax,2918000000,1464000000,2224000000,2170000000,2241000000,1843000000
incomeBeforeTaxRatio,0.2260438453791928,0.11899536698366252,0.19527614364737905,0.21372993203979118,0.22588448745086182,0.20721834944906678
incomeTaxExpense,717000000,402000000,581000000,-58000000,832000000,736000000
netIncome,2150000000,999000000,1595000000,2187000000,1372000000,1072000000
netIncomeRatio,0.1665504686652723,0.08119970738844184,0.14004741417156905,0.2154043139958633,0.13829251083560126,0.12053069485046099
eps,3.61,1.62,2.57,3.22,2.212903,1.729032
epsdiluted,3.61,1.62,2.57,3.22,2.212903,1.729032
weightedAverageShsOut,595000000,616000000,621000000,620000000,620000000,620000000
weightedAverageShsOutDil,595000000,616000000,621000000,620000000,620000000,620000000
link,https://www.sec.gov/Archives/edgar/data/1754301/000156459021043103/0001564590-21-043103-index.htm,https://www.sec.gov/Archives/edgar/data/1754301/000156459020038975/0001564590-20-038975-index.htm,https://www.sec.gov/Archives/edgar/data/1754301/000156459019031285/fox-10k_20190630.htm,,,
finalLink,https://www.sec.gov/Archives/edgar/data/1754301/000156459021043103/fox-10k_20210630.htm,https://www.sec.gov/ix?doc=/Archives/edgar/data/1754301/000156459020038975/fox-10k_20200630.htm,https://www.sec.gov/Archives/edgar/data/1754301/000156459019031285/fox-10k_20190630.htm,,,
