,2021,2020,2019
period,FY,FY,FY
revenuePerShare,21.695798319327732,19.9724025974026,18.33977455716586
netIncomePerShare,3.6134453781512605,1.6217532467532467,2.5684380032206118
operatingCashFlowPerShare,4.435294117647059,3.8392857142857144,4.064412238325282
freeCashFlowPerShare,3.6218487394957983,3.2564935064935066,3.685990338164251
cashPerShare,9.892436974789916,7.540584415584416,5.207729468599034
bookValuePerShare,18.694117647058825,16.386363636363637,16.017713365539453
tangibleBookValuePerShare,7.623529411764705,5.688311688311688,7.111111111111111
shareholdersEquityPerShare,18.694117647058825,16.386363636363637,16.017713365539453
interestDebtPerShare,14.86890756302521,14.430194805194805,11.198067632850242
marketCap,21217699999.999996,15905120000,23486220000
enterpriseValue,23783699999.999996,19780120000,27003220000
peRatio,9.868697674418604,15.921041041041041,14.724902821316615
priceToSalesRatio,1.6436362227903012,1.292783873851906,2.062184564053034
pocfratio,8.040053050397876,6.725209302325581,9.305158478605387
pfcfRatio,9.84580046403712,7.92877367896311,10.260471821756225
pbRatio,1.9075519194461923,1.5757004160887655,2.3611360209108274
ptbRatio,1.9075519194461923,1.5757004160887655,2.3611360209108274
evToSales,1.842412270508947,1.6077477038120784,2.370991307401879
enterpriseValueOverEBITDA,6.677063447501403,9.753510848126233,10.421929756850636
evToOperatingCashFlow,9.012391057218641,8.36368710359408,10.698581616481775
evToFreeCashFlow,11.036519721577724,9.860478564307078,11.796950633464395
earningsYield,0.10133049293750031,0.06280996308107074,0.06791216296194108
freeCashFlowYield,0.10156614524665729,0.1261229088494774,0.09746140502813991
debtToEquity,0.6842578441068057,0.8319793936992272,0.6786970946013874
debtToAssets,0.5147430864520631,0.5351264367816092,0.48956891691014404
netDebtToEBITDA,0.7203818079730488,1.910749506903353,1.357390968737939
currentRatio,2.914390406395736,3.9275970619097587,3.7838785046728973
interestCoverage,0,0,0
incomeQuality,1.2274418604651163,2.3673673673673674,1.5824451410658307
dividendYield,0.015553052404360513,0.02106240003219089,0.28476272469558744
payoutRatio,0.15348837209302327,0.3353353353353353,4.1931034482758625
salesGeneralAndAdministrativeToRevenue,0.13997985901309165,0.14151020076404128,0.12459390640091317
researchAndDdevelopementToRevenue,0,0,0
intangiblesToTotalAssets,0.28740294861729043,0.30377011494252876,0.28407401712030345
capexToOperatingCashFlow,-0.18340280409245927,-0.1517970401691332,-0.09310618066561015
capexToRevenue,-0.037493221783252,-0.0291798748272779,-0.020633945034682587
capexToDepreciation,-1.6133333333333333,-1.3914728682170543,-1.1084905660377358
stockBasedCompensationToRevenue,0.01138740413664885,0.011135495407624157,0.003160944771270524
grahamNumber,38.98562418037659,24.45259423188921,30.42468297265874
roic,0,0,0
returnOnTangibleAssets,0.13160310950602927,0.06597107574456845,0.11419775184363141
grahamNetNet,-6.7710084033613445,-8.36038961038961,-6.88768115942029
workingCapital,5747000000,5580000000,4766000000
tangibleAssetValue,4536000000,3504000000,4416000000
netCurrentAssetValue,-3052000000,-4153000000,-3073000000
investedCapital,0.7598669423716623,0.8440657816524668,0.6786970946013874
averageReceivables,1958500000,1888000000,1927500000
averagePayables,,,
averageInventory,792500000,856000000,992500000
daysSalesOutstanding,57.36966457510265,56.01235471023328,63.03933620159804
daysPayablesOutstanding,,,
daysOfInventoryOnHand,,,
receivablesTurnover,6.362247412518482,6.516419491525424,5.790035587188612
payablesTurnover,,,
inventoryTurnover,0,0,0
roe,0.19329317630135756,0.09896968496136319,0.16034985422740525
capexPerShare,-0.8134453781512605,-0.5827922077922078,-0.3784219001610306
