,2022,2021,2019,2018,2017,2016,2015,2013,2012,2011,2010,2009,2007,2006,2005,2004,2002,2001,2000,1999,1998,1996,1995,1994,1993,1992,1991,1990,1989,1988,1987
period,FY,FY,FY,FY,FY,FY,FY,FY,FY,FY,FY,FY,FY,FY,FY,FY,FY,FY,FY,FY,FY,FY,FY,FY,FY,FY,FY,FY,FY,FY,FY
currentRatio,1.7666030013642564,1.8556377446009578,1.7390818734932503,1.3414896287917042,1.5255153347301829,1.797916118939339,1.32922759532579,1.0634906810660163,1.1428571428571428,1.2607885304659499,2.137974365418447,1.6917759659695144,1.9472947167409294,2.3937237730341177,1.948816029143898,1.747665490765719,1.481930064465716,1.3439881456392888,1.1382827324478177,1.7679170478804513,2.2659970238095237,2.1204663212435233,1.0324108029357322,1.1671896474136778,1.9251101321585904,2.6058700209643604,1.9991876523151908,2.8605851979345953,2.675675675675676,2.792929292929293,4.114754098360656
quickRatio,1.4688007413318231,1.5899928213572152,1.5169224454223806,1.1854109131120396,1.3744874672710687,1.633452481507793,1.0467787100770876,0.9122975091447483,1.008872093978477,1.09247311827957,1.9399346569489822,1.543424317617866,1.787778485041375,2.1835431490603905,1.7797814207650273,1.5918240298817181,1.3862082437976166,1.1287044877222692,0.8700189753320683,1.4864287892650199,1.8943452380952381,1.8734887737478412,0.9237477984503086,1.0672760000486494,1.4387665198237884,2.2683438155136266,1.6701868399675062,2.1755593803786577,2.0098280098280097,2.702020202020202,4.049180327868853
cashRatio,1.1212026049576567,1.165189104527063,1.048809398103187,0.7522024536589081,1.0711225751014168,1.1498749783239823,0.6691314494171594,0.46707890611391745,0.5967304690708946,0.7991397849462366,1.4302588590098015,1.0072669266217653,1.3531508593252706,1.7046159459952563,0.8169398907103825,0.7978833782942519,0.7253369798788826,0.43670618120237087,0.2642314990512334,0.5584019518145776,0.7700892857142857,1.2284110535405872,0.42343097486865544,0.45615475365174346,0.5409691629955947,0.8522012578616353,0.7140536149471974,1.0567986230636832,1.0049140049140048,1.8585858585858586,2.5737704918032787
daysOfSalesOutstanding,41.235769234373095,46.05023275265376,49.17375366976855,52.43398103480694,35.771665108963724,35.35035435825699,28.280520604301767,26.898157660434215,26.91269601930036,74.83279914529915,85.8773164438189,104.973522048912,73.72321981424149,58.640070085585286,117.07432150313151,113.68959356855738,88.63196968525249,65.93680089485458,82.79520717095033,83.31880601924183,81.69559995632711,73.04922454484154,58.90323621762962,66.88757364731327,100.90477482365708,113.49021864211737,109.50930410400203,102.52808988764045,104.54131652661064,90.84202682563338,137.44769874476987
daysOfInventoryOutstanding,137.58091047080512,90.74998854329651,76.4677857161629,39.72656687807008,51.06063861156746,86.88559170989672,92.0127756966733,91.52347652347652,69.141810570382,91.01662404092072,52.20449172576832,49.65393794749403,52.75058275058275,59.788639365918094,33.093763821318,28.478762696214222,14.016000000000002,18.71794871794872,22.362992610837438,0,0,19.26058631921824,25.69376984467519,19.818882323718118,45.82599118942731,38.5043352601156,46.36807817589576,5.995893223819302,0,0,0
operatingCycle,178.81667970517822,136.80022129595028,125.64153938593145,92.16054791287702,86.83230372053119,122.23594606815371,120.29329630097507,118.42163418391073,96.05450658968236,165.84942318621987,138.08180816958722,154.62745999640603,126.47380256482424,118.42870945150338,150.16808532444952,142.1683562647716,102.64796968525249,84.6547496128033,105.15819978178777,83.31880601924183,81.69559995632711,92.30981086405978,84.59700606230481,86.70645597103139,146.7307660130844,151.99455390223298,155.8773822798978,108.52398311145976,104.54131652661064,90.84202682563338,137.44769874476987
daysOfPayablesOutstanding,0,0,434.27212350341836,7.735973750420294,7.41869918699187,364.34026831283313,40.72977479370245,45.57942057942058,12.223966509680796,13.535805626598465,15.531914893617023,57.842482100238655,28.92773892773893,35.3588727432849,448.7708093763821,409.5920129270545,434.20254000000006,266.4006339814032,0,0,0,0,55.10237707028233,48.31069582589026,108.5352422907489,97.57947976878611,96.8973941368078,37.474332648870636,53.358050847457626,0,0
cashConversionCycle,178.81667970517822,136.80022129595028,-308.63058411748693,84.42457416245672,79.41360453353931,-242.10432224467942,79.56352150727263,72.84221360449015,83.83054008000157,152.3136175596214,122.54989327597019,96.78497789616738,97.54606363708531,83.06983670821847,-298.60272405193257,-267.4236566622829,-331.5545703147476,-181.7458843685999,105.15819978178777,83.31880601924183,81.69559995632711,92.30981086405978,29.494628992022484,38.39576014514113,38.19552372233551,54.415074133446865,58.97998814309,71.04965046258911,51.18326567915302,90.84202682563338,137.44769874476987
grossProfitMargin,0.8972620709687696,0.8861310429682011,0.8859928802530819,0.8789783266963577,0.8778249663412646,0.8599058452221414,0.8584973926772309,0.862886103691528,0.8559258142340169,0.832905982905983,0.8015482054890922,0.7982861544386675,0.8671826625386997,0.8469573421389581,0.8111899791231733,0.8065207682000893,0.8066661511097363,0.7518875838926175,0.7029177718832891,0.7691801661047611,0.800087345780107,0.7929871881321645,0.787516091740242,0.7795078681433419,0.8768312533912099,0.8407364787111623,0.8434871271985726,0.5790838375108038,0.6694677871148459,0.65424739195231,0.6276150627615062
operatingProfitMargin,0.26071800027039294,0.24061804970831838,0.21050036403419226,0.18531567963285692,0.16672653872916143,0.16769373670385426,0.13071023927657863,0.129447983014862,0.15958383594692402,-0.030946581196581197,-0.14495777621393385,-1.514796841902561,0.1968513931888545,0.15135251701597144,0.08448601252609603,-0.00890040196516302,0.13514422705127213,0.1681005313199105,-0.011661940912832708,0.08649617630129101,0.25549404956873023,0.12307349966284559,0.21490906571264984,0.1369327292389156,-0.006239826370048833,0.15120828538550057,-0.035432067295437165,0.22687986171132238,0.2850140056022409,0.2965722801788376,0.18828451882845187
pretaxProfitMargin,0.2571526956968708,0.23584558597423452,0.20500967547667934,0.17604589662781767,0.16214143668246328,0.1572160360403762,0.11449069283182325,0.10889665091432094,0.14196320868516285,-0.06709401709401709,-0.180037532254281,-1.5421721548238012,0.22544891640866874,0.16301637576656108,0.07215031315240084,-0.02733363108530594,0.12218699249864666,0.169253355704698,-0.01042714716912101,0.0926732998931009,0.2834370564472104,0.12204989885367498,0.24633947098745848,0.11388065406272141,0,0.1574223245109321,-0.029314300280397654,0.24330164217804667,0.2969187675070028,0.28315946348733234,0.200836820083682
netProfitMargin,0.23289764825094605,0.220152067303517,0.42330649196449627,0.161727521980597,0.10504253146628569,0.14829818147208346,0.1005090668036323,0.1124580508184371,0.3316495778045838,0.13514957264957264,-0.17581515364766595,-1.7850953206239168,0.18346749226006193,0.09609811981939484,0.06221294363256785,-0.01572130415364002,0.055602814940839844,0.09878355704697987,-0.012896734656544407,0.026313625524216757,0.18506387160170323,0.03910991233985165,0.1773647108592351,0.08541223850542566,-0.03472599023331525,0.12750287686996548,-0.055314810094315575,0.16421780466724287,0.19467787114845939,0.19523099850968703,0.13389121338912133
effectiveTaxRate,0.09432157567003065,0.06654149835321486,-1.064812263032186,0.08133319163633465,0.35215492340801025,0.05672356836425059,0.12212019756687771,-0.033,-1.336574614976102,3.0144267515923566,0.023674267100977198,-0.15752825123306488,0.18626476242790443,0.4121703183133526,0.13846064814814815,-2.8110130718954247,0.5444113924050633,0.4167699297810822,-0.23684210526315788,0.7160603371783496,0.30007704160246534,0.6784530386740332,0.2799988156657809,0.24998465096289627,,0.19005847953216373,-0.8869565217391304,0.325044404973357,0.3443396226415094,0.3105263157894737,0.3333333333333333
returnOnAssets,0.15866565411979439,0.14950041574016304,0.2945822814973676,0.1400670162768861,0.08438409832663142,0.10761687731692186,0.04950778238485323,0.06761096928271432,0.19234805421950152,0.0730327348305525,-0.10626683680703247,-1.1044260439625901,0.07653957429220913,0.04141977460206808,0.02491805471937922,-0.0062457858689094715,0.029487757864085633,0.08167630057803468,-0.009659519079262862,0.02275960170697013,0.16554351010840904,0.040446304044630406,0.2600558771237986,0.1015045090957435,-0.03772472737989979,0.14977020816436876,-0.06191155492154066,0.16260162601626016,0.1749528005034613,0.1753681392235609,0.093841642228739
returnOnEquity,0.25393561805029785,0.23691926813203915,0.4702942706574844,0.2683768485122256,0.20632893989296422,0.18342725716964062,0.11915199306525172,0.14202862196772784,0.48067519622016,0.45724984999313223,-1.383185848873797,-18.182174799937236,0.14244740311124743,0.0839173514130305,0.0438243027818138,-0.011193927802981783,0.04333139477070219,0.12601444751627575,-0.014298752662001825,0.037317784256559766,0.2331178654930546,0.06783625730994151,0.6651031125211969,0.20815276349942918,-0.06210577389616691,0.22240064231232437,-0.10844577711144428,0.24005053695514844,0.26808100289296044,0.2553606237816764,0.12749003984063745
returnOnCapitalEmployed,0.2281323918603228,0.20467872784107177,0.18317557063118242,0.2251607117690115,0.1823746450518939,0.157765165752086,0.11376161940912707,0.14761558887847548,0.19787977937739554,-0.027997293640054127,-0.1220410783055199,-1.4116357110812023,0.10302848624299187,0.07758731474764224,0.041450344149459195,-0.00426541095890411,0.09071584302325582,0.19119831424936387,-0.012282053752047009,0.09756794360448938,0.30990199973513444,0.18800782859497323,0.6788857656329201,0.29884133749732966,-0.010186005314437556,0.23934426229508196,-0.06112576956904134,0.2989749430523918,0.344331641285956,0.36247723132969034,0.16071428571428573
netIncomePerEBT,0.9056784243299694,0.9334585016467851,2.0648122630321857,0.9186668083636653,0.6478450765919898,0.9432764316357494,0.8778798024331222,1.0327044025157233,2.3361656930430166,-2.0143312101910826,0.9765472312703583,1.1575201348567148,0.8137874210381764,0.5894997933030178,0.8622685185185185,0.5751633986928104,0.4550632911392405,0.5836431226765799,1.236842105263158,0.2839396628216504,0.6529275808936826,0.32044198895027626,0.7200011843342191,0.7500153490371038,,0.8099415204678363,1.8869565217391304,0.6749555950266429,0.6556603773584906,0.6894736842105263,0.6666666666666666
ebtPerEbit,0.9863250540053832,0.9801658115845044,0.9739160139570066,0.9499784204801002,0.9724992668734855,0.9375188312370809,0.8759121968215868,0.8412386842815346,0.889583884500548,2.1680591037768417,1.2419998219935109,1.0180719368855147,1.1452746803390843,1.0770641875044524,0.8539912228679872,3.0710558008831796,0.9041229149380562,1.0068579461096023,0.8941176470588236,1.0714149903030763,1.109368523163837,0.9916830120864791,1.1462497878839302,0.8316540150457841,0,1.0410958904109588,0.8273381294964028,1.0723809523809524,1.0417690417690417,0.9547738693467337,1.0666666666666667
ebitPerRevenue,0.26071800027039294,0.24061804970831838,0.21050036403419226,0.18531567963285692,0.16672653872916143,0.16769373670385426,0.13071023927657863,0.129447983014862,0.15958383594692402,-0.030946581196581197,-0.14495777621393385,-1.514796841902561,0.1968513931888545,0.15135251701597144,0.08448601252609603,-0.00890040196516302,0.13514422705127213,0.1681005313199105,-0.011661940912832708,0.08649617630129101,0.25549404956873023,0.12307349966284559,0.21490906571264984,0.1369327292389156,-0.006239826370048833,0.15120828538550057,-0.035432067295437165,0.22687986171132238,0.2850140056022409,0.2965722801788376,0.18828451882845187
debtRatio,0.3751736942693601,0.3689816074526961,0.37362136883884756,0.4780957558248341,0.5910215097775099,0.4132994246466128,0.5844989151147386,0.5239644239479535,0.59982509838216,0.8403094509554876,0.9231532681128598,0.9392386966104724,0.4626730729489564,0.5064191936795631,0.4314335407050639,0.442031299904184,0.3194848870114424,0.35184971098265894,0.32438172227169965,0.39011379800853485,0.2898720578181463,0.40376569037656906,0.6089991578328231,0.5123556978573486,0.3925729442970822,0.32657474993241414,0.42910128388017116,0.32263585793752675,0.3473882945248584,0.3132530120481928,0.26392961876832843
debtEquityRatio,0.6004447809390022,0.5847398614851558,0.5964784720485198,0.9160602948926615,1.445116366525745,0.7044469393909666,1.4067325847684493,1.100678571583031,1.4989548401337018,5.261084242411099,12.015908021370636,15.462694178565824,0.8610784465492922,1.026016144380215,0.7587780960840486,0.7922247995110289,0.46947366517909606,0.5428520467314724,0.48017442450055775,0.6396501457725947,0.408196946774859,0.6771929824561403,1.5575392483999781,1.0506750424563935,0.6462882096069869,0.48494580489763145,0.751624187906047,0.476310802274163,0.532304725168756,0.45614035087719296,0.35856573705179284
longTermDebtToCapitalization,0.14230183289394951,0.1559754845319151,0.14129493371140583,0.21135624095606761,0.3944542355367474,0.1996553454891029,0.2072676474959132,,,0.5949749214556975,0.8009214270362417,0.8306651964235894,0.19379349210446553,0.3006143579574522,0.19811601107562843,0.21085324543849795,0.030782620377861045,0.0013359458496615604,0.024725546434576202,0.13723714659422478,0.002195690956497873,0.04533273782938812,0.010949028518871688,0.011775865649609061,0.01903855306996668,0.023520188161505293,0.020078354554358472,0.04753309265944645,0.08311229000884174,0.041121495327102804,0.04198473282442748
totalDebtToCapitalization,,,,0.2568455065836377,0.4244043452379913,,0.341363299846055,,,0.6651942607634889,,,0.2598817769817015,0.30858232381532097,,0.21100689543042872,0.03169266824384021,0.0025769504810989534,,,,,0.02086178731153424,0.1393634546103347,0.03736571695469407,0.04449558879938627,0.05030849549121975,0.08338158656629995,0.12193056731583404,0.08064516129032258,0.09057971014492754
interestCoverage,45.88274440518257,31.112439153694154,26.119071644803228,17.122995807943298,12.622934850374065,10.081946946416588,6.056211717124351,5.029323328277587,6.092683207644925,1.0649264705882353,-4.280652535328346,-135.46306182193905,25.69217714562793,18.188532555879494,16.32333010648596,-3.554762754191937,62.34570103460578,36.431969696969695,-7.083333333333333,12.522380952380953,8.15355400696864,-228.1475,,,,,,,,,
cashFlowToDebtRatio,2.4212364391292014,1.9641943178882983,2.1085547325435887,1.3581029034945686,0.6454071944379319,1.1016988650928667,0.45823706007885123,,,0.36230346870235675,0.05880045871559633,0.14051579368252698,0.550994338602244,0.5554008438818565,0.8869571428571429,0.4066727231217062,6.4482866559870375,86.61132205730065,5.08888,1.8040395894428152,123.974375,8.636059113300492,63.25288831835687,5.4169764994738685,11.3375,3.663793103448276,7.169811320754717,3.611111111111111,2.6597222222222223,5,1.88
companyEquityMultiplier,1.6004447809390023,1.5847398614851558,1.59647847204852,1.9160602948926615,2.445116366525745,1.7044469393909667,2.406732584768449,2.100674246716345,2.4989865282007404,6.260889052751812,13.016157160916464,16.46300800251059,1.8610947921844787,2.026021440706742,1.7587369188868038,1.7922368838649072,1.4694706518693068,1.5428520467314724,1.4802758340939053,1.6396501457725947,1.408196946774859,1.6771929824561405,2.557539248399978,2.0506750424563935,1.6462882096069869,1.4849458048976314,1.751624187906047,1.476310802274163,1.532304725168756,1.456140350877193,1.3585657370517927
receivablesTurnover,8.851538525337977,7.926127148162263,7.422658893425045,6.961134607683216,10.203606650352368,10.325214743278657,12.906410214544623,13.569702602230484,13.56237218813906,4.877540385617509,4.25024925224327,3.47706729159692,4.950950337216431,6.2244127516778525,3.1176776881020567,3.210496128477201,4.118152866242038,5.535603715170279,4.408467741935484,4.380763688760807,4.4678048780487805,4.9966307277628035,6.196603504965934,5.456917931043254,3.617271835132483,3.2161361954108068,3.3330501274426507,3.56,3.491442542787286,4.017964071856287,2.6555555555555554
payablesTurnover,,,0.8404868289850682,47.18216630196937,49.2,1.0018107569888497,8.961503024476224,8.008,29.859375,26.96551724137931,23.5,6.3102409638554215,12.617647058823529,10.322727272727272,0.8133327577772023,0.8911306580214102,0.8406215219284531,1.370116859502218,,,,,6.624033651659845,7.555262737581856,3.362962962962963,3.7405405405405405,3.766871165644172,9.74,6.840579710144928,,
inventoryTurnover,2.6529843330078378,4.022039075254095,4.77325185477223,9.187806263759676,7.1483633954650845,4.200926676297523,3.9668404440188674,3.9880478087649402,5.279005524861878,4.01025641025641,6.991735537190083,7.350877192982456,6.919354838709677,6.104838709677419,11.029268292682927,12.816568047337277,26.041666666666668,19.5,16.321608040201006,,,18.950617283950617,14.205778373765696,18.416780221919407,7.964912280701754,9.479452054794521,7.871794871794871,60.875,,,
fixedAssetTurnover,6.8532204983544895,6.036035448243899,6.210344020967682,8.463056644104025,7.730629978276611,7.445749981408492,6.870271867612293,6.116883116883117,5.427168576104746,3.2830585759382673,2.737078651685393,2.950568181818182,4.75699558173785,4.184715172024816,3.0673668032786887,2.7724120851906884,2.976064441887227,3.4285714285714284,3.3090193704600486,4.629234868671489,4.639817629179332,4.608452454940957,4.419055139682361,3.5151395988989385,5.993495934959349,6.427514792899408,7.055755395683454,5.888040712468193,6.375,5.455284552845528,4.596153846153846
assetTurnover,0.6812677384738249,0.6790779553936749,0.6959077809798271,0.8660679058304647,0.8033326800936366,0.7256790086612108,0.4925703119060705,0.6012105739932472,0.579973764757324,0.5403845043588708,0.6044236495108465,0.6186930362780724,0.41718330233519324,0.4310154525386313,0.40052846344237075,0.397281663650236,0.5303285075667473,0.8268208092485549,0.7489895183941906,0.8649359886201992,0.8945209493114562,1.0341701534170153,1.4662210755677945,1.1884070816068777,1.086354258768052,1.1746417950797512,1.1192582025677604,0.9901583226358579,0.8986784140969163,0.8982597054886211,0.7008797653958945
operatingCashFlowPerShare,4.025381712881713,3.305916822539163,2.6701898338084975,2.2093055540333686,1.7300448001999287,1.3131123749210118,1.1177805462521484,1.3232911920977983,1.1682755407998402,0.7636231867386027,0.09945225035107183,0.27636509478104615,1.482521964966569,1.507821617016402,1.3729581908243897,0.6409476974744559,1.3475968753607572,1.0206395242414752,0.5256303788263778,1.1608491567401815,1.017747562852745,1.9140954252647668,3.1807633341402406,0.7866302862256355,0.49601562461248777,0.20939781018076684,0.4295652172045369,0.3694736835299169,0.2893165475951555,0.22328244223675778,0.10281249935742189
freeCashFlowPerShare,3.780847812097812,2.9595401274257656,2.397150479982726,1.9846198247171472,1.5172493632785367,1.1575387649383024,0.9772824326184317,1.1615574018344397,1.035304034694006,0.6198736900228923,-0.06379421371546501,-0.1155695709786374,1.1738336004125913,1.2356042870336563,1.1452669831348037,0.3302922854337054,0.8561742409666372,0.3929482303458768,0.06931998000305738,0.6210071942446043,0.54351462288353,1.2361939076318376,2.723440651980957,0.7092294274377416,0.39046874969494627,0.054689781011917925,0.2622608694511909,0.2117368417152216,0.24248201508627917,0.1329770989321135,-0.019687499876953125
cashPerShare,3.9814408564408565,3.391805003507131,2.580927320038501,1.9482700042743004,2.5452026299444683,2.469234561728781,4.714207567346276,3.383418047776066,4.178882648930231,2.1860752261424072,2.216213699948018,2.2495016180211778,3.971560663830101,3.4307724249518534,2.1855466446514917,1.568251160071066,1.5222996113441336,1.117804742127978,0.490834046034284,0.9897393560561387,1.5608004104669062,3.117152527568512,1.5596062293230049,0.49343811502606005,0.3357812497376709,0.400565693357561,0.4968260867405104,0.4362631570910942,0.3089568354214585,0.3651908388583416,0.3434374978535156
payoutRatio,0,0,0,0,0,0,0,0,0,0,0,0,0,0,0,0,0,0,0,0,0,0,0,0,0,0.010830324909747292,-0.10599078341013825,0,0,0.015267175572519083,0
operatingCashFlowSalesRatio,0.3684297533936318,0.33729361349380205,0.3122861218866088,0.28285536818610846,0.24227084268298207,0.22219728557403806,0.20033878750003162,0.25176700226011917,0.23823431845597104,0.21275961538461538,0.030069200093830635,0.0676737916425958,0.2491876160990712,0.2838574027899454,0.3110830897703549,0.15274765520321573,0.2708220555254814,0.17541456935123043,0.11636513308332572,0.2023443795740482,0.21657276995305164,0.23642886041807148,0.3593901002519976,0.359934929335869,0.24606619641888225,0.09781357882623705,0.1937292888095845,0.2247191011235955,0.26820728291316526,0.3353204172876304,0.19665271966527198
freeCashFlowOperatingCashFlowRatio,0.9392519968972477,0.8952252238314462,0.8977453399122807,0.898300292186371,0.8770000424862981,0.8815230037017451,0.8743061738685661,0.8777791379333796,0.8861813831908201,0.8117533631611455,-0.6414557085462418,-0.41817716188145576,0.7917815912016261,0.819463173288764,0.8341601301399649,0.5153186238676967,0.6353340948029698,0.38500197279535137,0.1318797063400984,0.5349594222805613,0.5340367717118961,0.6458371360773935,0.8562223485002233,0.901604527383157,0.7872105843439912,0.2611764705882353,0.6105263157894737,0.573076923076923,0.8381201044386423,0.5955555555555555,-0.19148936170212766
cashFlowCoverageRatios,,,,1.3581029034945686,0.6454071944379319,,0.45823706007885123,,,0.36230346870235675,,,0.550994338602244,0.5554008438818565,,0.4066727231217062,6.4482866559870375,86.61132205730065,,,,,63.25288831835687,5.4169764994738685,11.3375,3.663793103448276,7.169811320754717,3.611111111111111,2.6597222222222223,5,1.88
shortTermCoverageRatios,,,,6.04751,5.538117647058823,,0.9247384663896829,1.1316982014986485,0.7069043043683488,1.3901003783383825,,,1.7468064327104629,15.04342857142857,,440.7242268041237,217.65071472964576,179.6084466714388,,,,,131.66065464261857,5.847266394063305,22.675,7.589285714285714,11.692307692307692,8,7.66,9.782608695652174,3.357142857142857
capitalExpenditureCoverageRatio,-16.46144644966433,-9.544281902270786,-9.779505395080758,-9.832869941303676,-8.130084109082745,-8.440457061239064,-7.955840241145441,-8.1819092345701,-8.785908913974309,-5.312179897567222,-0.6092153414761656,-0.7051305202752864,-4.802649322751954,-5.5390360970478,-6.029913077259263,-2.063211109904562,-2.742236073481277,-1.6260214761099339,-1.1519140922096267,-2.1503499864549562,-2.146092093305059,-2.823559728776434,-6.955183852071423,-10.163069228744407,-4.699481865284974,-1.3535031847133758,-2.5675675675675675,-2.3423423423423424,-6.17741935483871,-2.4725274725274726,-0.8392857142857143
dividendPaidAndCapexCoverageRatio,,,,,,,,,,,,,,,,,,,,,,,,,,-1.37987012987013,-2.7838827838827838,,,-2.5280898876404496,
dividendPayoutRatio,,,,,,,,,,,,,,,,,,,,,,,,,,0.01083032490974729,-0.10599078341013826,,,0.015267175572519085,
priceBookValueRatio,15.182719060085562,14.756829496470543,9.435861332050024,9.870722965908906,12.256993334020756,4.089681254836987,3.8032738340729493,3.364005864519226,4.17316925470759,8.182173979049644,14.057852232567154,9.078688608190806,1.9105649532274458,3.0001986122447537,2.12756827473426,2.7913339282227536,1.5645714922814071,5.1259393739409616,5.062380209917858,7.864087099125365,7.672964516572686,4.070666666666667,5.719924375034188,5.4206324809193305,2.1687336261484718,4.006053794388197,5.62431476813943,5.3097400720164245,5.531787649967214,6.056564716224171,2.529584534876494
priceToBookRatio,15.182719060085562,14.756829496470543,9.435861332050024,9.870722965908906,12.256993334020756,4.089681254836987,3.8032738340729493,3.364005864519226,4.17316925470759,8.182173979049644,14.057852232567154,9.078688608190806,1.9105649532274458,3.0001986122447537,2.12756827473426,2.7913339282227536,1.5645714922814071,5.1259393739409616,5.062380209917858,7.864087099125365,7.672964516572686,4.070666666666667,5.719924375034188,5.4206324809193305,2.1687336261484718,4.006053794388197,5.62431476813943,5.3097400720164245,5.531787649967214,6.056564716224171,2.529584534876494
priceToSalesRatio,13.924866429916698,13.71246224972688,8.493110820911014,5.94823128106259,6.2400631178488055,3.306445848077453,3.2082006689724794,2.6636148209026778,2.879345205066345,2.4184093589743587,1.786877339901478,0.8913303678028115,2.4607437770897835,3.4356833344565,3.0202941461377875,3.920287003126395,2.0076570257520685,4.018257704138702,4.5660048705753224,5.545148168324973,6.091289987989955,2.3468779501011463,1.5253465422360317,2.224271955494882,1.212631579894737,2.2966812432269275,2.86878762453403,3.6323762031123596,4.017131507714286,4.630428762180328,2.6565929634058576
priceEarningsRatio,59.78963950255404,62.28632062229025,20.06373864359102,36.779338533216496,59.405109823077794,22.295929830399693,31.9195150348022,23.685408038976856,8.68189015685383,17.89431747035573,-10.163386390927284,-0.49931807982740023,13.412423894701316,35.75182678821879,48.54768107382551,-249.3614375,36.10711126564673,40.677394338287336,-354.0434840425532,210.732958984375,32.91452802359882,60.00724137931035,8.600056543641411,26.041607086010153,-34.92000002728125,18.012779786680504,-51.862920972566826,22.11925930000526,20.634761845381295,23.717692362007636,19.8414286954375
priceToFreeCashFlowsRatio,40.23965194081292,45.41245876497113,30.294301758028688,23.410025145053456,29.368936365023654,16.880644166626674,18.316097171664644,12.052783597168677,13.638505720856486,14.00285274195045,-92.64163089084828,-31.49617991290147,12.47195513474327,14.77010090650721,11.639207447955384,49.80437244666364,11.668185658939118,59.49893190617171,297.533265287877,51.227264828544946,52.66647629117067,15.369757028165655,4.956965003140592,6.854058520332227,6.260168072117647,89.90162163802702,24.254857437601295,28.205766892624162,17.87060371656075,23.186699249425374,-70.54730202822222
priceToOperatingCashFlowsRatio,37.795173439858736,40.654378562607604,27.196568229166665,21.029232427891813,25.756558439903134,14.880676150185087,16.01387683836298,10.5796819956203,12.086189864364513,11.366862807128546,59.425502983968485,13.170983126084854,9.875064481982317,12.103553758641647,9.708962799512511,25.66512067180894,7.413196173615078,22.907206163092383,39.238599652575815,27.404507997691727,28.1258349759779,9.926359861275897,4.2442642164224536,6.179650192880639,4.9280705661433295,23.48018823957882,14.808228751377632,16.16407410385,14.977712253305485,13.80896755299111,13.50905783519149
priceCashFlowRatio,37.795173439858736,40.654378562607604,27.196568229166665,21.029232427891813,25.756558439903134,14.880676150185087,16.01387683836298,10.5796819956203,12.086189864364513,11.366862807128546,59.425502983968485,13.170983126084854,9.875064481982317,12.103553758641647,9.708962799512511,25.66512067180894,7.413196173615078,22.907206163092383,39.238599652575815,27.404507997691727,28.1258349759779,9.926359861275897,4.2442642164224536,6.179650192880639,4.9280705661433295,23.48018823957882,14.808228751377632,16.16407410385,14.977712253305485,13.80896755299111,13.50905783519149
priceEarningsToGrowthRatio,3.398568982250441,-1.6080742707093987,0.10748921466036858,0.5341375194714887,22.972564256201053,0.3978228604138559,-4.514331412064876,-0.3675908337289565,0.0183718232311753,0.09841874608695653,-0.11044215029302483,0.0006035249900537337,0.11208419140426894,0.23289406564415827,0.10344941763106912,2.002206380261232,-0.7082817035656396,0.23357006309487147,2.484016229397662,-2.562041704942424,0.08456966896110314,-0.6671153854606028,0.011604919096355765,0.07102247254305037,0.2773058825695864,0.058541534306711634,0.3500747165648261,0.7741740755001837,0.3353148799874461,0.2767064108900891,0.2645523826058333
priceSalesRatio,13.924866429916698,13.71246224972688,8.493110820911014,5.94823128106259,6.2400631178488055,3.306445848077453,3.2082006689724794,2.6636148209026778,2.879345205066345,2.4184093589743587,1.786877339901478,0.8913303678028115,2.4607437770897835,3.4356833344565,3.0202941461377875,3.920287003126395,2.0076570257520685,4.018257704138702,4.5660048705753224,5.545148168324973,6.091289987989955,2.3468779501011463,1.5253465422360317,2.224271955494882,1.212631579894737,2.2966812432269275,2.86878762453403,3.6323762031123596,4.017131507714286,4.630428762180328,2.6565929634058576
dividendYield,,,,,,,,,,,,,,,,,,,,,,,,,,0.0006012578312735351,0.0020436716911144026,,,0.0006437040897357674,
enterpriseValueMultiple,44.72864007544888,45.19640004533412,31.366800150688725,24.36940152436083,26.665974741032013,12.93126248575127,14.605771306427377,12.473358612409358,11.33881671589009,-1350.023435068821,-44.10721124258478,-0.5868778590799074,7.180604643275453,12.25159357740393,11.83188219234092,14.557394917618572,5.651672233753159,11.569114086229273,31.79352105692954,29.96123145530034,16.14972936583548,10.413356662104388,4.167365114070541,9.74948256537908,12.614615395807693,8.756679247000942,36.776329301919304,10.386542583772252,9.599059285992984,10.74910308657529,6.617443661236843
priceFairValue,15.182719060085562,14.756829496470543,9.435861332050024,9.870722965908906,12.256993334020756,4.089681254836987,3.8032738340729493,3.364005864519226,4.17316925470759,8.182173979049644,14.057852232567154,9.078688608190806,1.9105649532274458,3.0001986122447537,2.12756827473426,2.7913339282227536,1.5645714922814071,5.1259393739409616,5.062380209917858,7.864087099125365,7.672964516572686,4.070666666666667,5.719924375034188,5.4206324809193305,2.1687336261484718,4.006053794388197,5.62431476813943,5.3097400720164245,5.531787649967214,6.056564716224171,2.529584534876494
