,2021,2020,2019,2018,2017,2016,2015,2014,2013,2012,2011,2010,2009,2008,2007,2006,2005,2004,2003,2002,2001,2000,1999,1998,1997
reportedCurrency,USD,USD,USD,USD,USD,USD,USD,USD,USD,USD,USD,USD,USD,USD,USD,USD,USD,USD,USD,USD,USD,USD,USD,USD,USD
cik,0001001250,0001001250,0001001250,0001001250,0001001250,0001001250,0001001250,0001001250,0001001250,0001001250,0001001250,0001001250,0001001250,0001001250,0001001250,0001001250,0001001250,0001001250,0001001250,0001001250,0001001250,0001001250,0001001250,0001001250,0001001250
fillingDate,2021-08-27,2020-08-28,2019-08-23,2018-08-24,2017-08-25,2016-08-24,2015-08-20,2014-08-20,2013-08-23,2012-08-17,2011-08-22,2010-08-20,2009-08-19,2008-08-21,2007-08-28,2006-08-25,2005-09-02,2004-09-03,2003-09-15,2002-09-17,2001-09-17,2000-09-18,1999-09-13,1998-09-11,1997-06-30
acceptedDate,2021-08-27 10:19:09,2020-08-28 16:07:12,2019-08-23 13:01:04,2018-08-24 13:53:14,2017-08-25 11:13:53,2016-08-24 14:10:00,2015-08-20 15:37:29,2014-08-20 16:11:42,2013-08-23 14:23:47,2012-08-17 16:24:54,2011-08-22 12:55:47,2010-08-20 06:02:45,2009-08-19 17:20:46,2008-08-21 17:07:40,2007-08-28 17:16:17,2006-08-25 17:25:57,2005-09-02 14:09:49,2004-09-03 15:27:35,2003-09-15 17:16:19,2002-09-17 17:26:38,2001-09-17 00:00:00,2000-09-18 00:00:00,1999-09-13 00:00:00,1998-09-11 00:00:00,1997-06-30
calendarYear,2021,2020,2019,2018,2017,2016,2015,2014,2013,2012,2011,2010,2009,2008,2007,2006,2005,2004,2003,2002,2001,2000,1999,1998,1997
period,FY,FY,FY,FY,FY,FY,FY,FY,FY,FY,FY,FY,FY,FY,FY,FY,FY,FY,FY,FY,FY,FY,FY,FY,FY
cashAndCashEquivalents,4958000000,5022000000,2987000000,2181000000,1136000000,914100000,1021400000,1629100000,1495700000,1347700000,1253000000,1120700000,864500000,401700000,253700000,368600000,553300000,611600000,364100000,546900000,346700000,320300000,347500000,277500000,255600000
shortTermInvestments,0,0,0,534000000,605000000,469300000,503700000,0,0,0,0,0,0,0,0,0,0,0,0,0,0,0,0,0,0
cashAndShortTermInvestments,4958000000,5022000000,2987000000,2715000000,1741000000,1383400000,1525100000,1629100000,1495700000,1347700000,1253000000,1120700000,864500000,401700000,253700000,368600000,553300000,611600000,364100000,546900000,346700000,320300000,347500000,277500000,255600000
netReceivables,1702000000,1194000000,1831000000,1487000000,1395000000,1258300000,1174500000,1379300000,1171700000,1060300000,945600000,746200000,853300000,1038800000,860500000,771200000,776600000,664900000,634200000,624800000,580600000,550200000,533700000,497800000,471700000
inventory,2505000000,2062000000,2006000000,1618000000,1479000000,1263400000,1215800000,1294000000,1113900000,983600000,995600000,826600000,795000000,987200000,855800000,766300000,768300000,653500000,599000000,544500000,630300000,546300000,513000000,513200000,440600000
otherCurrentAssets,603000000,614000000,388000000,348000000,349000000,320000000,553100000,522800000,515900000,463500000,492300000,427500000,399700000,359500000,269400000,270800000,204400000,269200000,247600000,211400000,181300000,201700000,176000000,166100000,143200000
totalCurrentAssets,9768000000,8892000000,7212000000,6168000000,4964000000,4225100000,4468500000,4825200000,4297200000,3855100000,3686500000,3121000000,2912500000,2787200000,2239400000,2176900000,2302600000,2199200000,1844900000,1927600000,1738900000,1618500000,1570200000,1454600000,1311100000
propertyPlantEquipmentNet,4470000000,4337000000,2068000000,1823000000,1671000000,1583300000,1490200000,1502600000,1350700000,1231800000,1143100000,1023600000,1026700000,1043100000,880800000,758000000,694200000,647000000,607700000,580700000,528700000,480300000,383600000,335800000,265000000
goodwill,2616000000,1401000000,1868000000,1926000000,1916000000,1227800000,1144800000,893200000,881500000,882600000,877300000,752500000,759900000,900800000,651300000,635800000,0,0,0,0,699700000,0,0,0,0
intangibleAssets,4095000000,2338000000,1203000000,1276000000,1327000000,344500000,326600000,157300000,169600000,190100000,227500000,109500000,150100000,0,113400000,77000000,792400000,744200000,760700000,694000000,21000000,739200000,608500000,563300000,161300000
goodwillAndIntangibleAssets,6711000000,3739000000,3071000000,3202000000,3243000000,1572300000,1471400000,1050500000,1051100000,1072700000,1104800000,862000000,910000000,900800000,764700000,712800000,792400000,744200000,760700000,694000000,720700000,739200000,608500000,563300000,161300000
longTermInvestments,0,0,177000000,843000000,1026000000,1107700000,420300000,14000000,0,0,0,12200000,12700000,24000000,22000000,13000000,12000000,0,0,0,0,0,0,0,0
taxAssets,0,0,0,0,0,0,0,0,0,0,0,0,0,0,0,0,0,0,38700000,72700000,70100000,0,0,0,0
otherNonCurrentAssets,1022000000,813000000,628000000,531000000,664000000,734900000,388800000,476500000,446200000,433400000,339500000,316800000,314700000,256100000,218800000,123400000,84600000,117700000,97900000,141500000,160400000,205300000,184400000,159100000,135700000
totalNonCurrentAssets,12203000000,8889000000,5944000000,6399000000,6604000000,4998200000,3770700000,3043600000,2848000000,2737900000,2587400000,2214600000,2264100000,2224000000,1886300000,1607200000,1583200000,1508900000,1505000000,1488900000,1479900000,1424800000,1176500000,1058200000,562000000
otherAssets,0,0,0,0,0,0,0,0,0,0,0,0,0,0,0,0,0,0,0,0,0,0,0,0,0
totalAssets,21971000000,17781000000,13156000000,12567000000,11568000000,9223300000,8239200000,7868800000,7145200000,6593000000,6273900000,5335600000,5176600000,5011200000,4125700000,3784100000,3885800000,3708100000,3349900000,3416500000,3218800000,3043300000,2746700000,2512800000,1873100000
accountPayables,1692000000,1177000000,1490000000,1182000000,835000000,716700000,635400000,524500000,481700000,493800000,446700000,425200000,329800000,361700000,314700000,264500000,249400000,267300000,229900000,216400000,239800000,236500000,223100000,209100000,165800000
shortTermDebt,411000000,1597000000,516000000,183000000,189000000,331500000,29800000,18400000,18300000,219000000,138000000,23400000,33800000,118700000,60400000,89700000,263600000,73800000,7800000,6600000,5800000,7000000,6600000,11500000,31100000
taxPayables,359000000,0,0,190000000,190000000,163300000,238900000,274800000,217000000,230200000,187400000,0,0,0,0,0,0,0,0,0,0,0,0,0,0
deferredRevenue,322000000,222000000,314000000,0,0,0,0,0,0,0,0,0,0,0,0,0,0,0,0,0,0,0,0,0,0
otherCurrentLiabilities,2873000000,2183000000,2285000000,1945000000,1799000000,1632300000,1470400000,1513800000,1434600000,1413000000,1358600000,1123600000,1095600000,1218800000,1125600000,1084000000,984700000,980900000,815900000,736600000,611100000,658300000,632500000,616800000,562600000
totalCurrentLiabilities,5298000000,5179000000,4605000000,3310000000,2823000000,2680500000,2135600000,2056700000,1934600000,2125800000,1943300000,1572200000,1459200000,1699200000,1500700000,1438200000,1497700000,1322000000,1053600000,959600000,856700000,901800000,862200000,837400000,759500000
longTermDebt,7688000000,7192000000,2896000000,3361000000,3383000000,1910000000,1607500000,1324700000,1326000000,1069100000,1080100000,1205000000,1387600000,1078200000,1028100000,431800000,451100000,461500000,283600000,403900000,410900000,418400000,422500000,425000000,0
deferredRevenueNonCurrent,0,0,0,0,0,0,0,0,0,0,0,0,0,0,0,0,0,0,0,0,0,0,0,0,0
deferredTaxLiabilitiesNonCurrent,0,0,0,0,0,0,0,0,0,0,0,0,0,0,0,0,0,0,0,0,0,0,0,0,0
otherNonCurrentLiabilities,2894000000,1448000000,1244000000,1186000000,960000000,1045500000,841800000,618000000,582700000,650600000,603500000,593000000,665800000,554000000,376600000,266400000,228400000,175600000,576800000,591100000,599100000,202800000,177500000,194000000,205900000
totalNonCurrentLiabilities,10582000000,8640000000,4140000000,4547000000,4343000000,2955500000,2449300000,1942700000,1908700000,1719700000,1683600000,1798000000,2053400000,1632200000,1404700000,698200000,679500000,637100000,860400000,995000000,1010000000,621200000,600000000,619000000,205900000
otherLiabilities,0,0,0,0,0,0,0,0,0,0,0,0,0,0,0,0,0,0,0,0,0,0,0,0,0
capitalLeaseObligations,2530000000,2653000000,0,0,0,0,0,0,0,0,0,0,0,0,0,0,0,0,0,0,0,0,0,0,0
totalLiabilities,15880000000,13819000000,8745000000,7857000000,7166000000,5636000000,4584900000,3999400000,3843300000,3845500000,3626900000,3370200000,3512600000,3331400000,2905400000,2136400000,2177200000,1959100000,1914000000,1954600000,1866700000,1523000000,1462200000,1456400000,965400000
preferredStock,0,0,0,0,0,0,0,0,0,0,0,0,0,0,0,0,0,0,0,0,0,0,0,0,0
commonStock,6000000,6000000,6000000,6000000,6000000,5700000,5700000,5600000,5600000,5500000,2700000,2700000,2600000,2600000,2600000,2500000,2500000,2400000,2400000,2400000,2400000,2400000,2400000,0,0
retainedEarnings,12244000000,10134000000,9984000000,9040000000,8452000000,7693300000,7004100000,6265800000,5364100000,4764900000,4116500000,3564000000,3195000000,3085100000,2731500000,2361900000,2203200000,1887200000,1613600000,1363700000,1242700000,1008600000,766200000,559600000,386400000
accumulatedOtherComprehensiveIncomeLoss,-470000000,-665000000,-563000000,-434000000,-484000000,-544800000,-381500000,-100300000,-157500000,-212900000,17700000,-196700000,-117100000,110800000,54700000,64700000,9400000,10500000,-53100000,-721300000,-571600000,-493900000,-416200000,-364900000,-338000000
othertotalStockholdersEquity,0,-5540000000,-5041000000,-3924000000,-3590000000,-3582300000,-2985100000,-2316200000,-1925300000,-1824300000,-1507500000,-1421600000,-1440500000,-1545300000,-1589800000,-806800000,-522300000,-166600000,-139300000,817100000,678600000,1003200000,932100000,861700000,859300000
totalStockholdersEquity,6057000000,3935000000,4386000000,4688000000,4384000000,3571900000,3643200000,3854900000,3286900000,2733200000,2629400000,1948400000,1640000000,1653200000,1199000000,1622300000,1692800000,1733500000,1423600000,1461900000,1352100000,1520300000,1284500000,1056400000,907700000
totalLiabilitiesAndStockholdersEquity,21937000000,17754000000,13131000000,12545000000,11550000000,9207900000,8228100000,7854300000,7130200000,6578700000,6256300000,5318600000,5152600000,4984600000,4104400000,3758700000,3870000000,3692600000,3337600000,3416500000,3218800000,3043300000,2746700000,2512800000,1873100000
minorityInterest,34000000,27000000,25000000,22000000,18000000,15400000,11100000,14500000,15000000,14300000,17600000,17000000,24000000,26600000,21300000,25400000,15800000,15500000,12300000,0,0,0,0,0,0
totalEquity,6091000000,3962000000,4411000000,4710000000,4402000000,3587300000,3654300000,3869400000,3301900000,2747500000,2647000000,1965400000,1664000000,1679800000,1220300000,1647700000,1708600000,1749000000,1435900000,1461900000,1352100000,1520300000,1284500000,1056400000,907700000
totalLiabilitiesAndTotalEquity,21971000000,17781000000,13156000000,12567000000,11568000000,9223300000,8239200000,7868800000,7145200000,6593000000,6273900000,5335600000,5176600000,5011200000,4125700000,3784100000,3885800000,3708100000,3349900000,3416500000,3218800000,3043300000,2746700000,2512800000,1873100000
totalInvestments,0,0,0,1377000000,1631000000,1577000000,924000000,0,0,0,0,0,0,0,0,0,0,0,0,0,0,0,0,0,0
totalDebt,8099000000,8789000000,3412000000,3544000000,3572000000,2241500000,1637300000,1343100000,1344300000,1288100000,1218100000,1228400000,1421400000,1196900000,1088500000,521500000,714700000,535300000,291400000,410500000,416700000,425400000,429100000,436500000,31100000
netDebt,3141000000,3767000000,425000000,1363000000,2436000000,1327400000,615900000,-286000000,-151400000,-59600000,-34900000,107700000,556900000,795200000,834800000,152900000,161400000,-76300000,-72700000,-136400000,70000000,105100000,81600000,159000000,-224500000
link,https://www.sec.gov/Archives/edgar/data/1001250/000100125021000127/0001001250-21-000127-index.htm,https://www.sec.gov/Archives/edgar/data/1001250/000100125020000065/0001001250-20-000065-index.htm,https://www.sec.gov/Archives/edgar/data/1001250/000110465919047085/0001104659-19-047085-index.html,https://www.sec.gov/Archives/edgar/data/1001250/000110465918053494/0001104659-18-053494-index.html,https://www.sec.gov/Archives/edgar/data/1001250/000110465917053604/0001104659-17-053604-index.html,https://www.sec.gov/Archives/edgar/data/1001250/000110465916141179/a16-11315_110k.htm,https://www.sec.gov/Archives/edgar/data/1001250/000110465915061122/0001104659-15-061122-index.html,https://www.sec.gov/Archives/edgar/data/1001250/000110465914062259/0001104659-14-062259-index.html,https://www.sec.gov/Archives/edgar/data/1001250/000110465913065820/0001104659-13-065820-index.html,https://www.sec.gov/Archives/edgar/data/1001250/000110465912058698/0001104659-12-058698-index.html,https://www.sec.gov/Archives/edgar/data/1001250/000110465911048120/0001104659-11-048120-index.html,https://www.sec.gov/Archives/edgar/data/1001250/000110465910045250/0001104659-10-045250-index.html,https://www.sec.gov/Archives/edgar/data/1001250/000110465909050626/0001104659-09-050626-index.html,https://www.sec.gov/Archives/edgar/data/1001250/000110465908054348/0001104659-08-054348-index.html,https://www.sec.gov/Archives/edgar/data/1001250/000110465907065600/0001104659-07-065600-index.html,https://www.sec.gov/Archives/edgar/data/1001250/000110465906057258/a06-18435_110k.htm,https://www.sec.gov/Archives/edgar/data/1001250/000110465905042689/a05-15349_110k.htm,https://www.sec.gov/Archives/edgar/data/1001250/000110465904026881/0001104659-04-026881-index.html,https://www.sec.gov/Archives/edgar/data/1001250/000093041303002786/0000930413-03-002786-index.html,https://www.sec.gov/Archives/edgar/data/1001250/000093041302002851/0000930413-02-002851-index.html,https://www.sec.gov/Archives/edgar/data/1001250/000093041301501188/0000930413-01-501188-index.html,https://www.sec.gov/Archives/edgar/data/1001250/000088981200003866/0000889812-00-003866-index.html,https://www.sec.gov/Archives/edgar/data/1001250/000088981299002680/0000889812-99-002680-index.html,https://www.sec.gov/Archives/edgar/data/1001250/000088981298002176/0000889812-98-002176-index.html,
finalLink,https://www.sec.gov/Archives/edgar/data/1001250/000100125021000127/el-20210630.htm,https://www.sec.gov/Archives/edgar/data/1001250/000100125020000065/el-20200630.htm,https://www.sec.gov/Archives/edgar/data/1001250/000110465919047085/a19-11548_110k.htm,https://www.sec.gov/Archives/edgar/data/1001250/000110465918053494/a18-14745_110k.htm,https://www.sec.gov/Archives/edgar/data/1001250/000110465917053604/a17-15494_110k.htm,https://www.sec.gov/Archives/edgar/data/1001250/000110465916141179/a16-11315_110k.htm,https://www.sec.gov/Archives/edgar/data/1001250/000110465915061122/a15-12311_110k.htm,https://www.sec.gov/Archives/edgar/data/1001250/000110465914062259/a14-14862_110k.htm,https://www.sec.gov/Archives/edgar/data/1001250/000110465913065820/a13-12592_110k.htm,https://www.sec.gov/Archives/edgar/data/1001250/000110465912058698/a12-12514_110k.htm,https://www.sec.gov/Archives/edgar/data/1001250/000110465911048120/a11-17991_110k.htm,https://www.sec.gov/Archives/edgar/data/1001250/000110465910045250/a10-15930_110k.htm,https://www.sec.gov/Archives/edgar/data/1001250/000110465909050626/a09-23484_110k.htm,https://www.sec.gov/Archives/edgar/data/1001250/000110465908054348/a08-22004_110k.htm,https://www.sec.gov/Archives/edgar/data/1001250/000110465907065600/a07-22032_210k.htm,https://www.sec.gov/Archives/edgar/data/1001250/000110465906057258/a06-18435_110k.htm,https://www.sec.gov/Archives/edgar/data/1001250/000110465905042689/a05-15349_110k.htm,https://www.sec.gov/Archives/edgar/data/1001250/000110465904026881/a04-10115_110k.htm,https://www.sec.gov/Archives/edgar/data/1001250/000093041303002786/c29284_10k.txt,https://www.sec.gov/Archives/edgar/data/1001250/000093041302002851/c25612_10k-.txt,https://www.sec.gov/Archives/edgar/data/1001250/000093041301501188/c21673.txt,https://www.sec.gov/Archives/edgar/data/1001250/000088981200003866/0000889812-00-003866-0001.txt,https://www.sec.gov/Archives/edgar/data/1001250/0000889812-99-002680.txt,https://www.sec.gov/Archives/edgar/data/1001250/0000889812-98-002176.txt,
