,2021,2020,2019,2018,2017,2016,2015,2014,2013,2012,2011,2010,2009,2008,2007,2006,2005,2004,2003,2002,2001,2000,1999,1998,1997,1996,1995,1994
reportedCurrency,USD,USD,USD,USD,USD,USD,USD,USD,USD,USD,USD,USD,USD,USD,USD,USD,USD,USD,USD,USD,USD,USD,USD,USD,USD,USD,USD,USD
cik,0000900075,0000900075,0000900075,0000900075,0000900075,0000900075,0000900075,0000900075,0000900075,0000900075,0000900075,0000900075,0000900075,0000900075,0000900075,0000900075,0000900075,0000900075,0000900075,0000900075,0000900075,0000900075,0000900075,0000900075,0000900075,0000900075,0000900075,0000900075
fillingDate,2021-09-27,2020-09-28,2019-09-30,2018-10-01,2017-09-28,2016-09-28,2015-09-25,2014-09-29,2013-09-30,2012-10-01,2011-09-28,2010-09-23,2009-09-29,2008-09-29,2007-10-01,2006-10-31,2005-10-14,2004-10-14,2003-10-17,2002-10-29,2001-10-03,2000-07-31,1999-07-31,1998-07-31,1997-07-31,1996-07-31,1995-07-31,1994-07-31
acceptedDate,2021-09-27 16:53:05,2020-09-28 16:48:27,2019-09-30 16:54:57,2018-10-01 16:48:26,2017-09-27 20:34:54,2016-09-28 17:29:23,2015-09-25 17:28:10,2014-09-29 17:23:28,2013-09-30 17:09:08,2012-10-01 14:44:35,2011-09-27 21:14:34,2010-09-23 13:20:46,2009-09-29 17:29:31,2008-09-29 17:06:24,2007-10-01 17:12:12,2006-10-31 17:19:28,2005-10-14 16:33:50,2004-10-14 14:37:40,2003-10-17 17:25:35,2002-10-29 15:05:07,2001-10-03 00:00:00,2000-07-31,1999-07-31,1998-07-31,1997-07-31,1996-07-31,1995-07-31,1994-07-31
calendarYear,2021,2020,2019,2018,2017,2016,2015,2014,2013,2012,2011,2010,2009,2008,2007,2006,2005,2004,2003,2002,2001,2000,1999,1998,1997,1996,1995,1994
period,FY,FY,FY,FY,FY,FY,FY,FY,FY,FY,FY,FY,FY,FY,FY,FY,FY,FY,FY,FY,FY,FY,FY,FY,FY,FY,FY,FY
netIncome,936495000,699907000,591693000,417867000,394227000,270360000,219783000,178687000,180025000,182119000,166375000,151627000,141103000,156932000,136338000,96947000,102116000,79220300,57222200,57389200,42685000,29429100,22000000,15200000,12000000,11200000,6900000.0,600000.0
depreciationAndAmortization,123084000,104257000,85334000,79040000,57441000,49643000,48893000,53726000,56728000,48167000,45694000,43242000,41354000,42804000,37089000,31456000,31296000,30808300,25545000,16308200,14350000,11479000,9800000.0,7800000.0,7500000.0,6000000.0,3400000.0,1700000.0
deferredIncomeTax,-7951000.0,23082000,23167000,16717000,19901000,5740000.0,4365000.0,-10838000,-3605000.0,-17579000,-2099000.0,-4512000.0,-2393000.0,5690000.0,-8948000.0,-4120000.0,-5620000.0,-122200.0,7205900.0,2811500.0,772000.0,1312800.0,-700000.0,-100000.0,400000.0,-300000.0,0.0,-100000.0
stockBasedCompensation,40922000,23322000,23445000,23221000,20840000,20864000,18154000,22099000,19557000,21791000,19007000,17955000,9413000.0,0.0,0.0,0.0,0.0,0.0,0.0,0.0,0.0,0.0,0.0,0.0,0.0,0.0,0.0,0.0
changeInWorkingCapital,-95818000,202552000,-26697000,146752000,64585000,-300933000,353449000,100114000,-67015000,59666000,-254949000,117842000,127848000,-163349000,-80167000,32000000,66129300,58305200,-7363500.0,109534800,15368900,-10657700,9900000.0,5900000.0,8300000.0,40600000,0.0,-400000.0
accountsReceivables,-127513000,15993000,-60808000,-40335000,-38542000,-54213000,-20417000,-12870000,-31171000,-16202000,-12865000,2436000.0,982000.0,0.0,0.0,0.0,0.0,0.0,0.0,0.0,0.0,0.0,0.0,0.0,0.0,0.0,0.0,0.0
inventory,-24602000,1348000.0,-4719000.0,-3959000.0,1294000.0,-2509000.0,-1731000.0,4012000.0,-1777000.0,-218000.0,-2666000.0,-256000.0,-54000.0,1489000.0,1361000.0,0.0,0.0,0.0,0.0,0.0,0.0,0.0,0.0,0.0,1200000.0,1800000.0,-3200000.0,0.0
accountsPayables,44613000,41648000,11126000,53320000,4269000.0,48347000,-3926000.0,5425000.0,14749000,0.0,0.0,0.0,0.0,0.0,0.0,0.0,0.0,0.0,0.0,0.0,0.0,0.0,0.0,0.0,0.0,0.0,0.0,0.0
otherWorkingCapital,-11125000,607715000,405163000,431860000,285108000,220523000,521456000,168007000,67893000,134908000,75242000,330191000,212349000,84501000,247850000,328017000,296017000,229887700,171582500,178946000,69411200,54042300,64700000,54800000,48900000,40600000,0.0,0.0
otherNonCashItems,-5841000.0,-135235000,-50296000,-148528000,-64936000,286824000,-379568000,-81194000,13636000,-64491000,268904000,-126747000,-113986000,151986000,97741000,-14339000,-57930300,-53010300,-3529700.0,-104052500,-16277500,-5368000.0,-10300000,-6900000.0,-3600000.0,-46200000,-5100000.0,2900000.0
netCashProvidedByOperatingActivities,990891000,917885000,646646000,535069000,492058000,332498000,265076000,262594000,199326000,229673000,242932000,199407000,203339000,194063000,182053000,141944000,135991000,115201300,79079900,81991200,56898400,26195200,30700000,21900000,24600000,11300000,5200000.0,4700000.0
investmentsInPropertyPlantAndEquipment,-462996000,-591972000,-373883000,-287910000,-172178000,-173917000,-79153000,-81510000,-130265000,-57396000,-70170000,-75840000,-78912000,-113364000,-196861000,-117687000,-66258000,-64551400,-70721300,-85937000,-45932400,-37022400,-20700000,-12200000,-7800000.0,-8600000.0,-9900000.0,-2400000.0
acquisitionsNet,-5000000.0,-11702000,-745000.0,-6991000.0,-164378000,0.0,-4500000.0,-14300000,-84022000,-2564000.0,-34912000,-21362000,0.0,-38229000,0.0,-2325000.0,-4543000.0,-4733000.0,-6604000.0,-8561100.0,-5099000.0,0.0,0.0,0.0,0.0,0.0,0.0,0.0
purchasesOfInvestments,0.0,0.0,0.0,0.0,0.0,-21119000,0.0,0.0,0.0,0.0,0.0,0.0,0.0,-154360000,-921750000,-726012000,-755420000,0.0,0.0,0.0,0.0,0.0,0.0,-13100000,0.0,0.0,0.0,0.0
salesMaturitiesOfInvestments,0.0,0.0,0.0,0.0,0.0,21498000,0.0,0.0,0.0,0.0,0.0,0.0,0.0,266131000,967850000,568395000,928020000,0.0,0.0,0.0,0.0,0.0,13100000,0.0,0.0,0.0,0.0,0.0
otherInvestingActivites,2530000.0,2466000.0,18361000,6425000.0,765000.0,662000.0,1738000.0,3707000.0,6266000.0,11873000,20602000,1177000.0,19008000,7222000.0,15200000,9714000.0,5649000.0,19948300,808700.0,1388400.0,1367800.0,-17707100,-2600000.0,-9300000.0,-3300000.0,-3800000.0,-33300000,-10700000
netCashUsedForInvestingActivites,-465466000,-601208000,-356267000,-288476000,-335791000,-172876000,-81915000,-92103000,-208021000,-48087000,-84480000,-96025000,-59904000,-32600000,-135561000,-267915000,107448000,-49336100,-76516600,-93109700,-49663600,-54729500,-10200000,-34600000,-11100000,-12400000,-43200000,-13100000
debtRepayment,-1118000.0,-1065000.0,0.0,-231000000,-7000000.0,-337500000,-350000000,-75000000,-96660000,-56250000,-25000000,0.0,-17502000,0.0,0.0,0.0,0.0,0.0,0.0,0.0,0.0,0.0,0.0,0.0,0.0,0.0,0.0,0.0
commonStockIssued,0.0,0.0,0.0,0.0,0.0,0.0,0.0,0.0,0.0,1957000.0,1957000.0,2044000.0,1942000.0,14386000,12407000,7061000.0,3235000.0,6427600.0,2269900.0,128866200,3687900.0,2917000.0,1400000.0,2100000.0,2400000.0,900000.0,34300000,32200000
commonStockRepurchased,0.0,0.0,-364997000,0.0,0.0,-457894000,-237306000,-572000.0,-15009000,-203285000,-739638000,-12706000,-9769000.0,-269251000,-89579000,-8873000.0,0.0,-10723100,-20447300,0.0,0.0,0.0,0.0,0.0,0.0,0.0,0.0,0.0
dividendsPaid,0.0,0.0,0.0,0.0,0.0,0.0,0.0,0.0,0.0,0.0,0.0,0.0,0.0,0.0,0.0,0.0,0.0,0.0,0.0,0.0,0.0,0.0,0.0,0.0,0.0,0.0,0.0,0.0
otherFinancingActivites,42040000,-26349000,-5307000.0,48962000,-99975000,346898000,707668000,-1251000.0,45778000,142705000,408606000,11928000,7689000.0,25188000,1787000.0,2317000.0,0.0,-91200.0,-329500.0,-302900.0,-7842400.0,734400.0,-600000.0,-1300000.0,-1200000.0,-500000.0,-400000.0,-7700000.0
netCashUsedProvidedByFinancingActivities,40922000,-27414000,-370304000,-182038000,-106975000,-448496000,120362000,-76823000,-65891000,-114873000,-354075000,1266000.0,-17640000,-229677000,-75385000,505000.0,3235000.0,-4386700.0,-18506900,128563300,-4154500.0,3651400.0,800000.0,800000.0,1200000.0,400000.0,33900000,24500000
effectOfForexChangesOnCash,4195000.0,2136000.0,-8276000.0,-135000.0,4959000.0,-11289000,-6179000.0,1369000.0,-1895000.0,-610000.0,1444000.0,849000.0,-2058000.0,-453000.0,668000.0,-492000.0,154000.0,95200.0,0.0,0.0,0.0,0.0,0.0,0.0,0.0,0.0,0.0,0.0
netChangeInCash,570542000,291399000,-88201000,64420000,54251000,-300163000,297344000,95037000,-76481000,66103000,-194179000,105497000,123737000,-68667000,-28225000,-125958000,246828000,61573700,-15943600,117444800,3080300.0,-24882900,21300000,800000.0,1200000.0,400000.0,33900000,24500000
cashAtEndOfPeriod,1048260000,477718000,186319000,274520000,210100000,155849000,456012000,158668000,63631000,140112000,74009000,268188000,162691000,38954000,98365000,126590000,252548000,178320100,116746400,132690000,15245200,12164900,37000000,0.0,0.0,0.0,0.0,0.0
cashAtBeginningOfPeriod,477718000,186319000,274520000,210100000,155849000,456012000,158668000,63631000,140112000,74009000,268188000,162691000,38954000,107621000,126590000,252548000,5720000.0,116746400,132690000,15245200,12164900,37047800,15700000,27700000,13000000,13800000,17900000,1800000.0
operatingCashFlow,990891000,917885000,646646000,535069000,492058000,332498000,265076000,262594000,199326000,229673000,242932000,199407000,203339000,194063000,182053000,141944000,135991000,115201300,79079900,81991200,56898400,26195200,30700000,21900000,24600000,11300000,5200000.0,4700000.0
capitalExpenditure,-462996000,-591972000,-373883000,-287910000,-172178000,-173917000,-79153000,-81510000,-130265000,-54832000,-70170000,-75840000,-78912000,-113364000,-196861000,-117687000,-66258000,-64551400,-70721300,-85937000,-45932400,-37022400,-20700000,-12200000,-7800000.0,-8600000.0,-9900000.0,-2400000.0
freeCashFlow,527895000,325913000,272763000,247159000,319880000,158581000,185923000,181084000,69061000,174841000,172762000,123567000,124427000,80699000,-14808000,24257000,69733000,50649900,8358600.0,-3945800.0,10966000,-10827200,10000000,9700000.0,16800000,2700000.0,-4700000.0,2300000.0
link,https://www.sec.gov/Archives/edgar/data/900075/000090007521000022/0000900075-21-000022-index.htm,https://www.sec.gov/Archives/edgar/data/900075/000090007520000021/0000900075-20-000021-index.htm,https://www.sec.gov/Archives/edgar/data/900075/000090007519000022/0000900075-19-000022-index.htm,https://www.sec.gov/Archives/edgar/data/900075/000090007518000048/0000900075-18-000048-index.htm,https://www.sec.gov/Archives/edgar/data/900075/000090007517000044/0000900075-17-000044-index.htm,https://www.sec.gov/Archives/edgar/data/900075/000090007516000081/0000900075-16-000081-index.htm,https://www.sec.gov/Archives/edgar/data/900075/000162828015007286/0001628280-15-007286-index.htm,https://www.sec.gov/Archives/edgar/data/900075/000114544314001196/0001145443-14-001196-index.htm,https://www.sec.gov/Archives/edgar/data/900075/000114544313001938/0001145443-13-001938-index.htm,https://www.sec.gov/Archives/edgar/data/900075/000114544312001120/0001145443-12-001120-index.htm,https://www.sec.gov/Archives/edgar/data/900075/000114544311000951/0001145443-11-000951-index.htm,https://www.sec.gov/Archives/edgar/data/900075/000104746910008242/0001047469-10-008242-index.htm,https://www.sec.gov/Archives/edgar/data/900075/000104746909008622/0001047469-09-008622-index.htm,https://www.sec.gov/Archives/edgar/data/900075/000104746908010447/0001047469-08-010447-index.htm,https://www.sec.gov/Archives/edgar/data/900075/000110465907072450/0001104659-07-072450-index.htm,https://www.sec.gov/Archives/edgar/data/900075/000110465906069980/0001104659-06-069980-index.htm,https://www.sec.gov/Archives/edgar/data/900075/000110465905048573/0001104659-05-048573-index.htm,https://www.sec.gov/Archives/edgar/data/900075/000095013404015006/0000950134-04-015006-index.htm,https://www.sec.gov/Archives/edgar/data/900075/000104746903033615/0001047469-03-033615-index.htm,https://www.sec.gov/Archives/edgar/data/900075/000091205702040105/0000912057-02-040105-index.htm,https://www.sec.gov/Archives/edgar/data/900075/000091205701534314/0000912057-01-534314-index.htm,,,,,,,
finalLink,https://www.sec.gov/Archives/edgar/data/900075/000090007521000022/cprt-20210731.htm,https://www.sec.gov/Archives/edgar/data/900075/000090007520000021/cprt-20200731.htm,https://www.sec.gov/Archives/edgar/data/900075/000090007519000022/cprt07312019-10k.htm,https://www.sec.gov/Archives/edgar/data/900075/000090007518000048/cprt07312018-10k.htm,https://www.sec.gov/Archives/edgar/data/900075/000090007517000044/cprt07312017-10k.htm,https://www.sec.gov/Archives/edgar/data/900075/000090007516000081/cprt07312016-10k.htm,https://www.sec.gov/Archives/edgar/data/900075/000162828015007286/cprt07312015-10k.htm,https://www.sec.gov/Archives/edgar/data/900075/000114544314001196/d31671.htm,https://www.sec.gov/Archives/edgar/data/900075/000114544313001938/d30512.htm,https://www.sec.gov/Archives/edgar/data/900075/000114544312001120/d29549.htm,https://www.sec.gov/Archives/edgar/data/900075/000114544311000951/d27786.htm,https://www.sec.gov/Archives/edgar/data/900075/000104746910008242/a2200235z10-k.htm,https://www.sec.gov/Archives/edgar/data/900075/000104746909008622/a2194735z10-k.htm,https://www.sec.gov/Archives/edgar/data/900075/000104746908010447/a2188134z10-k.htm,https://www.sec.gov/Archives/edgar/data/900075/000110465907072450/a07-24987_110k.htm,https://www.sec.gov/Archives/edgar/data/900075/000110465906069980/a06-21244_210k.htm,https://www.sec.gov/Archives/edgar/data/900075/000110465905048573/a05-17564_110k.htm,https://www.sec.gov/Archives/edgar/data/900075/000095013404015006/f02285e10vk.htm,https://www.sec.gov/Archives/edgar/data/900075/000104746903033615/a2120542z10-k.htm,https://www.sec.gov/Archives/edgar/data/900075/000091205702040105/a2091466z10-k.htm,https://www.sec.gov/Archives/edgar/data/900075/000091205701534314/a2059632z10-k405.htm,,,,,,,
