,2021,2020,2019,2018,2017,2016,2015,2014,2013,2012,2011,2010,2009,2008,2007,2006,2005,2004,2003,2002,2001,2000,1999,1998,1997,1996,1995,1994
period,FY,FY,FY,FY,FY,FY,FY,FY,FY,FY,FY,FY,FY,FY,FY,FY,FY,FY,FY,FY,FY,FY,FY,FY,FY,FY,FY,FY
revenuePerShare,11.396775477032998,9.457821974082554,8.859238401832625,7.790118769764402,6.331743088776751,5.542806079197364,4.551038804263228,4.628296722967866,4.1884926988599975,3.6067397752107397,2.882543060714616,2.2957256579338203,2.2238110059015765,2.244680364252048,1.5462598316620886,1.4622089806577259,1.267471329384885,1.1200833810286082,0.950202991873761,0.8917503404059622,0.7708614941795857,0.5876298063603261,0.4427774197255155,0.3609912021828904,0.3969688701726605,0.37266462242150133,0.2281115037298783,0.13006274957216202
netIncomePerShare,3.963966442612126,3.001290726494627,2.5671203397992963,1.8027593585656168,1.7238790306358938,1.1814058362392177,0.8727504487189669,0.7108072844152021,0.7206073075445113,0.7107360287230721,0.5498255099208185,0.450386146260322,0.4222769551216826,0.4488285361277628,0.37599695535625643,0.26818870889213475,0.2831458929482487,0.22139261632430401,0.15650285096644043,0.16171875704482538,0.1296006169578392,0.09099772174067917,0.06869607358223795,0.048047865789666674,0.037716757261060385,0.03531170703147898,0.027090694935217905,0.0034227039361095267
operatingCashFlowPerShare,4.194212112490053,3.9360082675105703,2.8055395268320833,2.308391539002472,2.1516752227945743,1.4529334137367487,1.0526073351652716,1.0445848217482279,0.7978656974510056,0.8963198563846394,0.8028262105249243,0.5923097487078952,0.6085297532829764,0.5550239097606736,0.5020711299378937,0.392665869959722,0.37707404449768195,0.321946738537484,0.21628371163885715,0.23104547462961125,0.1727554818768635,0.08099817937148737,0.09586224813521385,0.06922685926274343,0.07731935238517379,0.03562699012997432,0.020416175893207697,0.026811180832857957
freeCashFlowPerShare,2.234457274435772,1.3975566247287758,1.183410054275909,1.0662919070032313,1.3987738646003691,0.6929594574517361,0.7382935972171483,0.7203424216145689,0.27643861278339954,0.6823329690914768,0.5709328609763513,0.3670379611477455,0.37237092545818024,0.2308006909806434,-0.040837938908561404,0.0671031956800779,0.19335473924713295,0.14154849044454978,0.022860790568836727,-0.01111898879140103,0.0332950770893678,-0.03347878571993984,0.03122548799192634,0.030662124878932023,0.05280346016548453,0.008512643659374396,-0.09697683549273656,-0.03479749001711352
cashPerShare,4.437041802820717,2.0485158789375735,0.808363956631336,1.1843325725971017,0.9187269880972163,0.6810212981655785,1.8108073764633004,0.6311727781181132,0.2547033111310362,0.5467998751170777,0.24458023238906,0.7966137943325611,0.48688305780672037,0.11140918866974786,0.5542961467606535,0.7616158765989466,0.7002617510702956,0.4983413781847775,0.3193016773222358,0.37391115178949835,0.04628762623042404,0.03761508796406238,0.11553430557012745,0.04962838769064255,0.08706284801094771,0.04098680280439524,0.05418138987043581,0.10211066742726754
bookValuePerShare,14.938290469498671,10.675362990025814,7.715687082680735,6.821168024918785,4.801631931994088,3.384179754070423,3.8298521212891337,3.9918650998862306,3.051752433713334,2.189810334061817,1.83469708786633,3.2294718707301135,2.7576373343548366,2.2851439161671165,2.429278220869047,2.240655291461957,1.9669567001619308,1.68311212786507,1.4376252631072253,1.3701255444241052,0.8172031649451357,0.6799231180242222,0.5745489790514446,0.5063992170726711,0.44882941140661853,0.39788727030112914,0.44405182567726736,0.2812321734169994
tangibleBookValuePerShare,13.238453007805225,8.997015462989168,6.030240054839927,5.08631408196106,2.9840873512152033,2.1957866862431503,2.6794359642295533,2.7625921889047125,1.9102728320737798,1.3920309085232594,1.136181575433912,2.6684132359056614,2.2143481331625505,1.7158141902713586,1.9078085183836913,1.9248356791926704,1.6388999800359354,1.3599620151849832,1.117703560754248,1.054273616509013,0.5519018818428579,0.4004108782553629,0.3316146824742577,0.25857338299965354,0.21215675959346464,0.16268607882359956,0.23989006674519042,0.18996006845407873
shareholdersEquityPerShare,14.938290469498671,10.675362990025814,7.715687082680735,6.821168024918785,4.801631931994088,3.384179754070423,3.8298521212891337,3.9918650998862306,3.051752433713334,2.189810334061817,1.83469708786633,3.2294718707301135,2.7576373343548366,2.2851439161671165,2.429278220869047,2.240655291461957,1.9669567001619308,1.68311212786507,1.4376252631072253,1.3701255444241052,0.8172031649451357,0.6799231180242222,0.5745489790514446,0.5063992170726711,0.44882941140661853,0.39788727030112914,0.44405182567726736,0.2812321734169994
interestDebtPerShare,2.278566953930549,2.308822394319088,1.8267205810255587,1.8131091102837444,2.872134717472867,2.9019427912220443,2.636430420763378,1.2398025347473607,1.5971844178301524,1.7774781454886044,1.255251226057185,0.0006415968633042238,0.000819995929947209,0.050056056376698854,0.0,0.0,0.0,4.5273249210792246e-05,0.0002937392514407992,0.0011530970179535966,0.0021620850260203185,0.02645136992400855,0.024668135513621806,0.02655276793639474,0.030487712119357142,0.03562699012997432,0.012956419316843345,0.014831717056474614
marketCap,34126600691.244,24271664626.404,17376565479.511,14925151038.207,7290509451.314,5851592220,4405731111.828,4327609990,3968454240,3392617600,3209787070,2798486250,2978094050,3847002120,2624346450,2517763920,2071922760,1932266880.0000002,918646380.0000001,1248256632,1331704070.214,912944907.8016,576285309.1248,257035350,245248973.446344,216406145.225088,226835820,110474060
enterpriseValue,33596409691.244,24312138626.404,17591475479.511,15050529038.207,7713447451.314,6336235220,4595525111.828,4471842990,4293571240,3696625600,3511534070,2530298250,2815403050,3825550120,2525981450,2391173920,1819374760,1753962980.0000002,802007380.0000001,1115975832,1317170970.214,909334507.8016,547185309.1248,249735350,227248973.446344,214706145.225088,216235820,95874060
peRatio,36.440771911482706,34.678413884136035,29.36753600179654,35.71746761100302,18.493176396629355,21.643705503772747,20.04582297915671,24.218941445096732,22.043906346340787,18.628575821303656,19.29248426746807,18.45638474677993,21.105816672926867,24.51381566538373,19.24882607930291,25.97051914963846,20.28989345450272,24.391057342625565,16.054020642338116,21.750723690171668,31.198408579454135,31.021842591231128,26.194786778399997,16.910220394736843,20.437414453861997,19.32197725224,32.87475652173913,184.1234333333333
priceToSalesRatio,12.674637426270126,11.004648034739114,8.509760724398703,8.26559913950418,5.034948284068645,4.613186828954101,3.8441775059380716,3.7195108763383242,3.7925337686092893,3.670905256597392,3.679910334928449,3.6208594747690133,4.007759641600792,4.9015887407498,4.68064930084897,4.763341008114331,4.532646906331285,4.821069655583148,2.644171846949728,3.9444896633273907,5.245213349647523,4.803903698290328,4.064071291430183,2.2507473730297725,1.9417970977541092,1.8308472523273096,3.9042309810671254,4.84535350877193
pocfratio,34.44031754375002,26.44303439581647,26.871836336281365,27.893881047504156,14.816361996581703,17.598879451906477,16.62063374967179,16.48023180270684,19.909365762620027,14.771512541744132,13.212697668483361,14.034042185078759,14.645956014340582,19.82347031634057,14.415288130379613,17.737726990926,15.235734423601562,16.77296072179741,11.616686161717455,15.224275678365483,23.4049475945545,34.85161051649157,18.771508440547233,11.736773972602741,9.969470465298535,19.150986303105135,43.62227307692307,23.50511914893617
pfcfRatio,64.64656928223226,74.47283362861867,63.70572797450901,60.38684020491667,22.791388806158558,36.89970563938933,23.696536264087822,23.898356508581653,57.463028916465156,19.404016220451723,18.57924236811336,22.64752118284008,23.93446800131804,47.67100112764718,-177.2249088330632,103.7953547429608,29.712227496307342,38.14947077881694,109.90433565429619,-316.3507101221552,121.43936441856648,-84.31957549519728,57.628530912479995,26.498489690721648,14.59815318133,80.15042415744,-9.183636437246964,-18.110501639344264
pbRatio,9.669780976273099,9.749551570025659,9.771002658885244,9.439732134551347,6.63940915328769,7.555745219870464,4.568061754329866,4.3125204808375495,5.205205974283874,6.046185733100227,5.781608348403738,2.5739502719745704,3.231933325302591,4.814795217998588,2.979279992643603,3.1084656468758105,2.9207557032277527,3.208342397751947,1.7476737954434551,2.5672829868145297,4.947769628708493,4.151817941127034,3.1319853756782607,1.6044653558052435,1.7174297860388237,1.7147872046361967,2.00562175066313,2.2408531440162274
ptbRatio,9.669780976273099,9.749551570025659,9.771002658885244,9.439732134551347,6.63940915328769,7.555745219870464,4.568061754329866,4.3125204808375495,5.205205974283874,6.046185733100227,5.781608348403738,2.5739502719745704,3.231933325302591,4.814795217998588,2.979279992643603,3.1084656468758105,2.9207557032277527,3.208342397751947,1.7476737954434551,2.5672829868145297,4.947769628708493,4.151817941127034,3.1319853756782607,1.6044653558052435,1.7174297860388237,1.7147872046361967,2.00562175066313,2.2408531440162274
evToSales,12.477724210316689,11.02299873838527,8.61500779865149,8.335033900081132,5.3270363708598385,4.995262103561121,4.009780400677441,3.8434768098366208,4.103238422532412,3.999850247405569,4.025852878660378,3.273860785452833,3.7888187979253973,4.874256059772083,4.505210547906114,4.523846219334772,3.980159654875949,4.376195538731271,2.3084457538948913,3.526482472433749,5.187971495517339,4.784905822554242,3.858852673658674,2.1868244308231173,1.7992792830272684,1.8164648496200337,3.7217869191049915,4.205002631578948
enterpriseValueOverEBITDA,26.554711073030887,26.27413325293356,21.715324103359485,22.742530419077973,14.79695877371347,13.506813311902864,11.515211401708417,13.447978943189918,12.486139234064334,10.950888127880935,11.195744510583486,8.94246836046976,10.392123971548482,13.080860990104426,9.92488094770343,12.567597403621265,9.265270083772567,10.887093246135436,6.6994679735799485,10.148390063092343,15.42468554722421,15.295014680530839,12.159673536106666,7.637166666666666,8.416628646160888,8.872154761367273,14.512471140939597,30.927116129032257
evToOperatingCashFlow,33.90525263751916,26.487129244299666,27.204182009184315,28.128202228510716,15.675890751322,19.056461151646026,17.336632180310552,17.02949416209053,21.540447508102304,16.09516834804265,14.454802455007986,12.689114474416645,13.845858640005115,19.712928894225072,13.874978440344295,16.845896409851772,13.378640939473936,15.225201278110578,10.14173487826869,13.610922050171238,23.149525649473446,34.7137837390667,17.823625704390878,11.403440639269407,9.237763148225365,19.000543825229027,41.58381153846154,20.398736170212764
evToFreeCashFlow,63.642219932456264,74.59702014465209,64.49362809292683,60.89411689724833,24.11356587255846,39.955828377926736,24.71735671126219,24.694854266528242,62.17070763527896,21.14278458713917,20.325847524339842,20.477135885794752,22.626946321939773,47.405173793975145,-170.58221569421934,98.57665498618955,26.09058494543473,34.62914990947663,95.94996530519467,-282.82625373815193,120.11407716706182,-83.98611901522092,54.71853091248,25.745912371134022,13.526724609901429,79.52079452781037,-8.754486639676113,-15.717059016393442
earningsYield,0.02744178971919346,0.02883638229075579,0.03405120538334662,0.027997505615206125,0.054073998893033014,0.04620280939535462,0.04988570442030652,0.04128999619025281,0.04536401054734097,0.05368096893678792,0.05183365636774155,0.05418179203131693,0.04738030351996439,0.04079332298366397,0.051951220083766,0.03850519869233809,0.049285621052784806,0.040998632652648886,0.06228969192694146,0.045975481746929746,0.032052916976622804,0.032235351496582854,0.038175535019990756,0.05913583481805129,0.04892986841645387,0.0517545376927752,0.030418476235367062,0.0054311392194692585
freeCashFlowYield,0.015468724962561072,0.013427715198629377,0.01569717561975175,0.016559899418591872,0.043876220466643336,0.02710048719013438,0.04220026036106818,0.04184388159248149,0.01740249372259361,0.05153572274104809,0.05382350798740055,0.044154942694465626,0.04178074899951531,0.020977113472451115,-0.0056425476903020945,0.00963434252406,0.03365617741464455,0.026212683415657363,0.00909882211694994,-0.0031610486969157157,0.008234562201373917,-0.011859642249467428,0.017352515918177616,0.037737999850993256,0.06850181578303542,0.012476540336651163,-0.10888932797298063,-0.05521658206460413
debtToEquity,0.14042753586435003,0.1978778204277458,0.22497485072096474,0.25219609904250145,0.5016847803319655,0.7286934312601362,0.6139524129464656,0.22244865216607093,0.3887849045318671,0.6575277526790313,0.5860994430554856,0.0,0.0,0.0,0.0,0.0,0.0,1.4777589801669802e-05,3.081960164713649e-05,0.00017420205381547745,0.001520328260123261,0.0032388862815293435,0.041304347826086954,0.04868913857677903,0.0546218487394958,0.0832012678288431,0.1945181255526083,0.2697768762677485
debtToAssets,0.22641596284903828,0.279499869908525,0.3019433454871749,0.3148587900149846,0.44585147750240733,0.5305815179837801,0.46417237793007815,0.33402154493882413,0.42869100421811923,0.5142121748887076,0.4880546200974516,0.11521534620430139,0.12908210715743948,0.1644460061051172,0.12381632555622751,0.09470719399131557,0.10604414715044712,0.10513725308982708,0.10468550183239528,0.09262073768735737,0.14995924325413482,0.1617612245605916,0.15866483767718337,0.1608171817705605,0.1853964632059327,0.2017710309930424,0.16272189349112426,0.2124600638977636
netDebtToEBITDA,-0.4190646842299536,0.0437402601893819,0.2652898734099087,0.18945599663936147,0.8113358118192316,1.0331028278840537,0.47557525627501046,0.43374562820084867,0.9454731044270023,0.9005936652012655,0.9620531230770702,-0.9478181888864935,-0.6005197163706966,-0.07335170659317362,-0.3864877607952536,-0.6653351903923476,-1.2861151427189164,-1.1067572164206156,-0.9743292449134214,-1.2029267281282,-0.1701893699418107,-0.06072696079255883,-0.6466666666666666,-0.22324159021406728,-0.6666666666666666,-0.07024793388429752,-0.7114093959731543,-4.709677419354839
currentRatio,4.043908880818752,2.706853647302019,2.436727847831946,2.5576218368583548,1.9435881821461312,1.7910202558979564,3.446702889370607,1.6877527795516694,1.2845962633981531,1.719950903220642,1.451562181172206,4.079450496157577,3.050017377201112,1.658866918254686,3.3250032832404646,4.936219744878979,4.695085568773327,4.636128826127118,4.16668112365896,4.803606652156169,2.688516534574947,2.446056159391205,3.630081300813008,3.712871287128713,3.1830357142857144,3.431137724550898,3.1578947368421053,4.369230769230769
interestCoverage,56.12811774583889,40.34102817597627,36.1673397274104,28.68936567164179,19.399428066781613,17.218927391341186,19.005628828431103,31.35652372262774,27.56326093308659,25.24936072656732,65.05394801373222,1106.8055555555557,822.3540145985402,,,,,,,,,,,,,,114.0,-5.285714285714286
incomeQuality,1.0580846667627697,1.3114385196890443,1.092874176304266,1.2804768024275666,1.248159055569507,1.2298342950140553,1.20608054308113,1.4695752908717479,1.107212887099014,1.2611149852568924,1.4601472577009766,1.3151153818251367,1.4410678724052643,1.2366056635995208,1.3353063709310684,1.4641402003156363,1.331730580907987,1.4541891409146392,1.3819793716424744,1.4286869306420023,1.332983483659365,0.8901121678882467,1.3954545454545455,1.4407894736842106,2.05,1.0089285714285714,0.7536231884057971,7.833333333333333
dividendYield,,,,,,,,,,,,,,,,,,,,,,,,,,,,
payoutRatio,0.0,0.0,0.0,0.0,0.0,0.0,0.0,0.0,0.0,0.0,0.0,0.0,0.0,0.0,0.0,0.0,0.0,0.0,0.0,0.0,0.0,0.0,0.0,0.0,0.0,0.0,0.0,0.0
salesGeneralAndAdministrativeToRevenue,0.07675548957831556,0.08691715523741342,0.08906504887223385,0.09796228045157128,0.10453452082589482,0.10888573367947785,0.12126127431006065,0.1414151745310871,0.13181560150842997,0.12388348295969123,0.12336542672594658,0.14093279801883607,0.11699247189408436,0.10746284630909425,0.11349967896126133,0.1115952256177505,0.10277372454392915,0.09098337484652429,0.08261885867692735,0.07348767189604362,0.0762914875532417,0.0823490349253824,0.08533145275035262,0.0989492119089317,0.08392715756136183,0.0922165820642978,0.0,0.0
researchAndDdevelopementToRevenue,0.0,0.0,0.0,0.0,0.0,0.0,0.0,0.0,0.0,0.0,0.0,0.0,0.0,0.0,0.0,0.0,0.0,0.0,0.0,0.0,0.0,0.0,0.0,0.0,0.0,0.0,0.0,0.0
intangiblesToTotalAssets,0.08802661380846677,0.11327480036963923,0.15248642162460055,0.17425460350531136,0.2099272585486716,0.16484161908571845,0.1609526254033441,0.20508440381098006,0.2136928139104266,0.17697949727548037,0.19491053413940518,0.1537143191961016,0.17158176690308044,0.20817320211200663,0.18808189037782092,0.12760071755494828,0.14909744835720984,0.17180970460003528,0.19923866514143065,0.2091760791687786,0.27596185762331166,0.344594839288621,0.3557384545038866,0.4106862231534835,0.4295493439817456,0.47185325743200507,0.5480769230769231,0.4680511182108626
capexToOperatingCashFlow,-0.46725220029246406,-0.6449304651454159,-0.5781880658041649,-0.5380801354591651,-0.34991403452438535,-0.5230617928528893,-0.29860492839789343,-0.31040313183088725,-0.6535273872951848,-0.23873942518275984,-0.2888462615052772,-0.3803276715461343,-0.3880809879068944,-0.5841608137563574,-1.0813389507451128,-0.8291086625711548,-0.48722341919685863,-0.5603356906562686,-0.8943018390260989,-1.0481246767945829,-0.8072705032127441,-1.4133276325433668,-0.6742671009771987,-0.5570776255707762,-0.3170731707317073,-0.7610619469026548,-0.17391304347826086,-0.4351851851851852
capexToRevenue,-0.1719569576503123,-0.2683970632707996,-0.1831003297327025,-0.1594455320527553,-0.11890901883381066,-0.13710996658123425,-0.06906417445917777,-0.07005652825252323,-0.12449038882400949,-0.05932972729663024,-0.08044748843789482,-0.09812661490349718,-0.10619554773228257,-0.14444070699039815,-0.3511111507455233,-0.22265126160913104,-0.14494947616662035,-0.16105787403726032,-0.2035595790838318,-0.27156083092804745,-0.18091499684508294,-0.194811365680167,-0.1459802538787024,-0.10683012259194395,-0.06175771971496437,-0.0727580372250423,-1.9431438127090301,-2.111111111111111
capexToDepreciation,-3.7616262064931267,-5.678007232128298,-4.381407176506434,-3.642586032388664,-2.997475670688184,-3.5033539471828856,-1.6189025013805658,-1.5171425380635075,-2.296308701170498,-1.1383727448252954,-1.535650194773931,-1.753850423199667,-1.908207186729216,-2.648444070647603,-5.307800156380598,-3.7413212105798577,-2.117139570552147,-2.09526004355969,-2.768498727735369,-5.2695576458468745,-3.200864111498258,-3.2252286784563116,-2.1122448979591835,-1.564102564102564,-1.04,-1.4333333333333333,-0.11371237458193979,-0.1574074074074074
stockBasedCompensationToRevenue,0.015198452299730623,0.010574074972467597,0.011481632571107032,0.012859868360935818,0.0143924540446318,0.01644843426893789,0.01584009479276734,0.01899373350328194,0.018690043635904915,0.023578459431005065,0.021790870924028313,0.02323132081477178,0.012667511795468064,0.0,0.0,0.0,0.0,0.0,0.0,0.0,0.0,0.0,0.0,0.0,0.0,0.0,0.0,0.0
grahamNumber,36.50116228217149,26.84952567064062,21.110653424828403,16.633724811316164,13.647059518772432,9.4845673874817,8.672160402177967,7.99015349080003,7.034208544846246,5.917641824322962,4.7641550554576595,5.7207046141249585,5.11868642132215,4.803837057137489,4.533379239827677,3.6770457051842613,3.5399228103593643,2.8955385414448074,2.249962261171806,2.232809329273706,1.5436890143509279,1.179876150588705,0.94236846625094,0.7399030587872641,0.6171618702877559,0.5622515195263043,0.5202572750660117,0.1471663191956214
roic,0.27442532343969445,0.2633242525450783,0.316238916355088,0.28779201769860946,0.2745258720217479,0.29646902308252804,0.21703765882333664,0.2177660551912049,0.2582227567290373,0.295916732890281,0.28904675259585316,0.21315313644582504,0.2360788644326354,0.28734110713228944,0.22603261002601413,0.2114467839659244,0.219870005901177,0.20460088629073242,0.17029678371873128,0.1840001620290621,0.2472255884997073,0.20544907115781538,0.17207624935600205,0.13825424721734036,0.12295618051013735,0.12588401697312587,0.095,0.0659536541889483
returnOnTangibleAssets,0.22508906868870557,0.22843909347239943,0.2740410533823652,0.21928702735295616,0.2516899484141172,0.1962171801074274,0.1455280434631467,0.1491815706029979,0.17156479674300876,0.19157454480809305,0.19056362161939278,0.14580556693457034,0.16098588351532755,0.20725796439957633,0.16702827663346226,0.12420503753811464,0.15123479188110453,0.1421269298833566,0.12171639468714113,0.13542819291341276,0.18618956309028,0.17117037469602225,0.15613910574875797,0.1351111111111111,0.12,0.1341317365269461,0.11292962356792144,0.018018018018018018
grahamNetNet,1.7493269898244248,-0.8373716777729179,-1.225018330592783,-0.7270592727131535,-1.8804015112424897,-2.18730172255578,-0.8292505201963245,-0.7619865465857287,-1.4369456097092352,-1.34105330939744,-1.1739877592565666,0.6508413532941246,0.3425338472772544,-0.0502519676932229,0.4532182491092211,0.738882756827336,0.656848921940507,0.47169366945833074,0.30622070812492613,0.369468191768037,0.049925536953709944,0.028178926224966358,0.09500354721543589,0.03034602049873685,0.05916816295328847,0.013714814784547637,0.044660384766391836,0.056902452937820876
workingCapital,1281580000,607715000,405163000,431860000,285108000,220523000,521456000,168007000,67893000,134908000,75242000,330191000,212349000,84501000,247850000,328017000,296017000,229887700,171582500,178946000,69411200,54042300,64700000,54800000,48900000,40600000,32800000,21900000
tangibleAssetValue,3127611000,2098122000,1389904000,1178972000,682419000,502497000,674757000,694477000,477232000,356694000,343804000,898348000,739920000,599931000,691779000,695805000,591066000,486631400,408666400,374130500,181773300,129494800,106200000,81800000,67500000,51600000,39100000,20000000
netCurrentAssetValue,669669000,-1986000.0,-82069000,-17483000,-296640000,-376058000,-100906000,-91014000,-265628000,-271656000,-287396000,295837000,179360000,55502000,229974000,326615000,291979000,222351100,164305300,176361800,63036700,48980600,54600000,44300000,38800000,25400000,26000000,15100000
investedCapital,0.1467949827737213,0.20814969656752558,0.22561475859222518,0.25292407369810493,0.5765026874523025,0.8270218062743396,0.6696009389671361,0.30184484488773783,0.5098996459868232,0.7914926833441154,0.6768280821078873,0.0,0.0,0.021904990763408076,0.0,0.0,0.0,2.689853424573604e-05,0.0002043225442532382,0.00084159953271893,0.0026457129863972978,0.038903471911461346,0.042934782608695654,0.052434456928838954,0.06792717086834733,0.089540412044374,,
averageReceivables,438793500,376947000,381869000,371930000,347605500,330984000,299367500,288110000,284538500,259112500,252475500,248483000,245810500,253846500,245025000,239485000,234135000,229289850,226258900,220509450,220927150,214728300,207223500,204873500,204123500,203473500,205345500,196945500
averagePayables,148078000,132919000,123433000,133318000,102039500,104936000,95218000,97566000,101740000,92712500,93737000,94106000,107846000,110901000,109000500,96781500,94942000,88499350,85614100,82406200,75658550,76451750,74759500,72309500,72359500,71659500,60123500,
averageInventory,32524000,20080000,20510500,18407000,15121500,15234000,14346500,13669500,15408000,14287000,14048000,12528000,12373500,12707000,13039500,,,,,,,,,,10190000,10790000,12120500,10520500
daysSalesOutstanding,67.86735504516045,62.38062906723528,69.1389265297947,74.16714616809594,80.22643943532408,82.01564666770204,70.6344152540968,62.51425239086918,67.01871966941454,55.796334307518684,53.564544864636815,56.68019832341156,56.327578921303434,60.804499724787476,73.62951237782693,70.45107469006057,72.9207894800169,74.34184272659203,79.39409325401795,73.90050522063429,93.31293271794728,100.85125258955506,96.52679830747532,104.8336252189142,90.45526524148852,92.63959390862944,150.14629948364887,113.66228070175438
daysPayablesOutstanding,44.153417764669264,40.504428605897075,36.36770678943526,46.77978374990056,31.831980518485743,38.80270852357421,31.678904426266367,32.67696383447784,41.17705415499533,37.24372540445999,39.87691022947786,47.4997822940325,70.12674608074796,70.13200702999855,105.66567312468952,74.2729923529392,82.09412373209936,77.07105068773873,69.07847499183629,62.267640175980524,44.16439387711481,62.50652328717116,70.04624277456648,59.72727272727273,48.17673378076063,45.461077844311376,60.83333333333333,0.0
daysOfInventoryOnHand,12.163240503327355,6.11898168362998,6.683599812874088,5.8542511518418445,4.546211607776428,5.238035374097032,4.74382189306522,3.8127413960824046,6.265172735760971,6.0249914978380215,5.859285352387398,4.274662555750379,3.9539647464614154,4.208725239899781,7.450322901142573,0.0,0.0,0.0,0.0,0.0,0.0,0.0,0.0,0.0,1.2248322147651007,6.55688622754491,31.865079365079364,2.4829931972789114
receivablesTurnover,5.378137983381272,5.851175364175866,5.279225731725919,4.921316497371311,4.549622326119197,4.4503703235901915,5.167452702580843,5.838668560216386,5.446239525321397,6.5416483812058495,6.814208930970907,6.439638723868721,6.479951863543611,6.002845211325777,4.957251354959639,5.1809003852072575,5.0054312714212195,4.909751851892685,4.597319334981236,4.939073135024871,3.9115692687879484,3.6191915383091855,3.7813333333333334,3.481707317073171,4.035143769968051,3.94,2.430962343096234,3.211267605633803
payablesTurnover,8.266630727102312,9.011360302138897,10.03637656103276,7.802515760898016,11.466455874086565,9.406559848219043,11.52186310134395,11.169948403066883,8.86416008843412,9.800308536167295,9.153166529190726,7.684245745392726,5.20486148864968,5.204471046206812,3.45429115441574,4.91430314623046,4.446116036162556,4.735889763315086,5.283845655873785,5.8617927220051795,8.264576233415408,5.839390527658936,5.210843373493976,6.111111111111111,7.576271186440678,8.028846153846153,6.0,
inventoryTurnover,30.008450453655932,59.650448207171316,54.61128885917578,62.34785466714474,80.28662796418381,69.68261455525607,76.94218042493904,95.73164347706296,58.2585692995529,60.58099835177772,62.29428642714571,85.38685691318328,92.31240625669595,86.72459692538433,48.991165194199034,,,,,,,,,,298.0,55.666666666666664,11.454545454545455,147.0
roe,0.26535609618154365,0.2811417962366982,0.3327144183389274,0.264288953443143,0.3590194032052718,0.3490966562335368,0.22788097845020655,0.17806395422416962,0.2361290187184959,0.32456510852460363,0.29968190038402515,0.13946123833507781,0.15312998190912455,0.19641149642801717,0.15477723058898857,0.11969208736126029,0.143951258777043,0.1315376513893508,0.10886206230696133,0.11803207209949466,0.15859044912844916,0.13383531068204887,0.11956521739130435,0.09488139825218476,0.08403361344537816,0.08874801901743265,0.0610079575596817,0.012170385395537525
capexPerShare,-1.959754838054281,-2.5384516427817942,-1.6221294725561741,-1.2420996319992408,-0.7529013581942051,-0.7599739562850126,-0.31431373794812334,-0.324242400133659,-0.521427084667606,-0.21398688729316265,-0.23189334954857302,-0.2252717875601497,-0.2361588278247962,-0.3242232187800302,-0.5429090688464551,-0.32556267427964414,-0.18371930525054903,-0.18039824809293425,-0.19342292107002043,-0.24216446342101228,-0.13946040478749566,-0.11447696509142721,-0.06463676014328752,-0.03856473438381141,-0.024515892219689247,-0.027114346470599928,-0.11739301138594425,-0.06160867084997148
