,2021,2020,2019,2018,2017,2016,2015,2014,2013,2012,2011,2010,2009,2008,2007,2006,2005,2004,2003,2002,2001,2000,1999,1998,1997,1996,1995
period,FY,FY,FY,FY,FY,FY,FY,FY,FY,FY,FY,FY,FY,FY,FY,FY,FY,FY,FY,FY,FY,FY,FY,FY,FY,FY,FY
revenueGrowth,0.036037469351534145,0.09298437358109243,0.010469848099997202,0.07370885818559908,0.05645091042235388,0.07837667868714128,0.03812808199310278,0.0714255356450319,0.09957755213906216,0.062273437605039623,0.15576521720420852,0.12204111358341616,0.0035628430599262935,0.11209139271504741,0.12809246797983806,0.10514254576262963,0.14643945958088636,0.155175013036698,0.02009292663434655,0.14817291326548335,0.5333688415446072,0.22113821138211381,0.626984126984127,0.3728813559322034,0.22189349112426035,0.46637744034707157,0.20052083333333334
grossProfitGrowth,0.009037137508840363,0.09360910077009693,-0.050229199002656266,0.08312271374960585,0.05350820575047978,0.0842412298872454,0.03321256620821435,0.08729077217227962,0.12569796804568947,0.06109171770998713,0.15708738989337043,0.1527092608859749,-0.02553979547333407,0.07361851714667095,0.11593428661672782,0.15282984940436053,0.1833831618593665,0.2259221578755152,-0.04890212132489766,0.06347750944939544,0.33460986539189536,0.22270182992465015,0.4769475357710652,0.3793859649122807,0.2127659574468085,0.48616600790513836,0.4134078212290503
ebitgrowth,0.04753209835350619,0.09600760182558993,-0.11490204373943914,0.06708421493492013,0.01670910996269967,0.13777547071870133,0.01880134231199459,0.17492948517588225,0.12407983575676762,0.09207783022138806,0.18690501665267512,0.15433287308564408,0.10396666130599859,-0.0979918513566356,0.13775411353573913,0.1703885982077619,0.20507863894905168,0.27869446493509853,-0.10819887819403089,0.010566829951014696,0.6808468927661243,0.03468559837728195,0.45857988165680474,0.39669421487603307,0.2604166666666667,0.6271186440677966,0.3409090909090909
operatingIncomeGrowth,0.04753209835350619,0.09600760182558993,-0.11490204373943914,0.06708421493492013,0.01670910996269967,0.13777547071870133,0.01880134231199459,0.17492948517588225,0.12407983575676762,0.09207783022138806,0.18690501665267512,0.15433287308564408,0.10396666130599859,-0.0979918513566356,0.13775411353573913,0.1703885982077619,0.20507863894905168,0.27869446493509853,-0.10819887819403089,0.010566829951014696,0.6808468927661243,0.03468559837728195,0.45857988165680474,0.39669421487603307,0.2604166666666667,0.6271186440677966,0.3409090909090909
netIncomeGrowth,0.04989078700769884,0.09115250933299004,-0.2781686401529231,0.5324276932215319,-0.012351979169596612,0.1782303842894409,0.05014020364330602,0.1386453055563418,0.1397628142259846,0.12739414130980353,0.16629337405616357,0.14323679463056002,-0.010746291569918059,-0.004384749859095729,0.164118190007006,0.19101733751870836,0.21160234293508787,0.26151385711682895,-0.1343730833260317,0.025776994841005915,0.6353401140572638,0.07312302839116719,0.4744186046511628,0.40522875816993464,0.5773195876288659,0.2125,0.2698412698412698
epsgrowth,0.08716654298349631,0.0962565966656275,-0.27645721429638276,0.537440548995125,0.0038790085776462696,0.21052694033618624,0.07329567817493537,0.17453374877613426,0.15033225034873654,0.13170754690312192,0.15335792427525918,0.12209999999999997,0.04237288135593224,0.017241379310344845,0.18367346938775503,0.1807228915662651,0.18571428571428572,0.2499999999999998,-0.12499999999999993,0,0.5421686746987953,0.0440251572327043,0.39473684210526333,0.4249999999999998,0.5584456063522244,0.16666363636363637,0.22222222222222227
epsdilutedGrowth,0.06735751295336793,0.09659090909090905,-0.2742268041237113,0.5445859872611464,0.006410256410256416,0.20463320463320475,0.09745762711864407,0.15686274509803913,0.14606741573033707,0.11949685534591191,0.1521739130434784,0.13114754098360648,0.05172413793103453,0.017543859649122823,0.18749999999999994,0.18518518518518506,0.19117647058823528,0.23636363636363636,-0.11290322580645154,0.016393442622950834,0.5249999999999999,0.06666666666666672,0.3761467889908256,0.36250000000000004,0.5584456063522244,0.16666363636363637,0.22222222222222227
weightedAverageSharesGrowth,-0.03428690666251162,-0.004656081821867511,-0.002365354946625504,-0.0032603711603491087,-0.01616824016289429,-0.026679766392618112,-0.02157411608034608,-0.030555542878918034,-0.009188356994330736,-0.003811287179419603,0.024406751915731537,0.002187403409496184,-0.047037498583890336,-0.02090843547224225,-0.014527130427178523,0.006524298335368738,0.017531486146095718,0.016604830082170577,-0.016234493259886247,0.028583273832830457,0.06198175280679011,0.024123246492985972,0.05888594164456233,-0.01164010067114094,0.018476983872690377,0.036102581127064486,0.03277142857142857
weightedAverageSharesDilutedGrowth,-0.01658564483843294,-0.005339573609836193,-0.003067603273828704,-0.008561753242604307,-0.01854917601023403,-0.022879621573265032,-0.04444002060986463,-0.014119304078781791,-0.007652915096176979,0.006921453043708976,0.015296143170026118,0.006495343628433337,-0.054313170274910255,-0.025317280945757997,-0.01871261475471014,0.008484053420503667,0.012399438269521766,0.02900190433516299,-0.03352929076401745,0.011199421965317919,0.0711320621965806,0.009828533535430088,0.0683669854764435,-0.0030486450560311532,0.05849773042828153,0.036102581127064486,0.03277142857142857
dividendsperShareGrowth,0.08734405574900385,0.07808377528451106,0.1333594234982021,0.14892568142754822,0.10813509696029566,0.1310530805466648,0.09605236221177416,0.5247652081510772,0.27593905843553335,0.11290374575923984,0.10211830409645649,0.1297816204290416,0.1437390697125213,0.16255954941943881,0.19701162123330412,0.18166674760152196,0.13288349870884444,0.0731488131877791,0.0745582756759371,0.1768976872665783,0.24104156512529998,0.24830781549917158,0.1962257849031397,0.2647214854111406,0.17822986577181196,0.15818647869272665,0.15270054684113957
operatingCashFlowGrowth,-0.09480894439525828,0.18417732088846003,0.04606664693236797,0.15341904500702447,-0.02134664051972524,-0.023205543219454772,0.09404406147650142,0.10507028404717085,0.16867888867888867,0.1016857395099362,0.0980072977347758,0.058619087265475246,0.1413638598681775,0.03876106905714302,0.02838206305551293,0.5648857076887555,-0.04019182866615252,0.14108698071029022,0.09917612657186378,0.23508005822416303,0.46158477842003853,0.3393548387096774,0.5,0.32620320855614976,0.272108843537415,0.5154639175257731,0.4264705882352941
freeCashFlowGrowth,-0.08627057671865522,0.2791466773191164,-0.007150429788499821,0.2538348251855252,0.04279146763465201,-0.1222597149096893,-0.006535009913388292,0.08794701986754967,0.14570010188818314,0.018901890189018902,0.3065590210890096,-0.07808197310132897,0.19167723525681674,0.05748436740373171,0.10502672211776257,1.1494156762029903,-0.21107934912357856,0.20348562463376368,0.30844380688563516,1.6881191410145602,-0.12577739029351934,11.753125,-1.0941176470588236,1.0238095238095237,-0.13402061855670103,1.255813953488372,-0.022727272727272728
tenYRevenueGrowthPerShare,1.1220691422587128,1.231666917509713,1.2753511007385734,1.365730917117685,1.49446667060113,1.6591892666170218,1.635290818015096,1.798393684285195,1.8771689747789042,1.6883063002367193,1.8141800755145145,2.6015071001627805,2.8356329561821503,4.596318374619798,5.843891782285634,6.172742483634089,8.24558123600219,7.205989367107974,6.2216316420097995,5.964455812111309,5.239062668106304,3.321054744710091,2.6239080655888785,1.3585388700610483,0.6979509774126861,0.41528210339169064,0
fiveYRevenueGrowthPerShare,0.380235708126161,0.4254127908315247,0.3772820001662499,0.502830831502224,0.5482462954066514,0.5374686582624946,0.5656285195868449,0.6520589831740476,0.5741831133134988,0.6111562339930876,0.7295892519995772,0.6832159002255052,0.6938824296144268,0.8277219152241762,0.6685571787001837,0.6270799973236666,1.1396584357837143,1.2644032957206148,2.0619091055399372,3.1016825012955604,3.408352690360837,3.321054744710091,2.6239080655888785,1.3585388700610483,0.6979509774126861,0.41528210339169064,0
threeYRevenueGrowthPerShare,0.19321846326057593,0.1981120406215463,0.17161555891399125,0.2815868113335332,0.2623105871910869,0.2992023643122472,0.3013581331007287,0.30788190156084344,0.3351395380572983,0.34695077347302977,0.33022706621453257,0.33920099344903537,0.3692601189567137,0.42761542826322047,0.41611111362358155,0.4057008959403829,0.3275382148198808,0.3152599683052514,0.6712659451608762,0.9218080828934045,1.6453083929648409,1.544864252379332,1.560555282161957,1.3585388700610483,0.6979509774126861,0.41528210339169064,0
tenYOperatingCFGrowthPerShare,1.245838262377101,1.568142610683694,1.2801653672127036,1.6045147281183612,1.3878870529403584,1.5050450956337662,2.8808465796754623,2.273830426491921,2.2237087155009556,2.053707192313344,2.3156366580252348,3.2573670541867954,4.27100880048943,5.2342973537935285,6.884789704718285,8.437421384714089,7.878463860700033,8.412418852735724,7.385610063214815,6.505142928178556,5.250335297898657,3.5414690501004755,2.4725853769394464,1.451381224534442,0.8269047191759495,0.46265818185421675,0
fiveYOperatingCFGrowthPerShare,0.34597497283085304,0.4410939173610388,0.35442696895074854,0.4724302424958502,0.5008366754097653,0.6685587085275861,0.7820785860969632,0.6834908189838458,0.7688544101780778,0.5910372474662551,0.5013227181225973,1.1777078799735405,0.9446678232958844,0.8224839178123268,0.9193184805550011,1.2084769770029427,0.9549761900289964,1.7104931430170722,2.420769474485709,3.1081195146093084,3.273271346265664,3.5414690501004755,2.4725853769394464,1.451381224534442,0.8269047191759495,0.46265818185421675,0
threeYOperatingCFGrowthPerShare,0.16929350949557836,0.4435665076556989,0.20698334742205066,0.1552098421050665,0.11625230196991354,0.27914943478801396,0.5034117707264424,0.48691854308615184,0.39814754047317463,0.25210193275884923,0.3560380629329029,0.3422439078535782,0.3260212432167797,0.72131572770171,0.5303993316312128,0.6461201391310629,0.1829839812064407,0.5059062280866996,0.8464532006508538,1.1612551207576627,1.5497198213573244,1.485881722473719,1.3741605660300193,1.451381224534442,0.8269047191759495,0.46265818185421675,0
tenYNetIncomeGrowthPerShare,1.6440461345850896,1.7689071942383519,1.8812660697153059,3.1338148094088525,1.7341414687579344,2.2173034542632264,2.1449328629504523,2.489026550688485,2.6861975221867933,1.8196446677108309,1.4846986386935483,2.36069717734629,2.0870198188619367,3.1407514470664797,4.789523799788527,6.590299596076064,6.506614095454996,5.304226994122587,4.080330728040424,4.773681521227999,4.789476924361425,2.759657577721791,2.587988163827655,1.5767921087533154,0.8123725225461408,0.17025092117910917,0
fiveYNetIncomeGrowthPerShare,0.3309205868232559,0.4819399446155277,0.45090062484601334,1.3552606290866331,0.7622360788999096,0.9866295260306275,0.8684341455933379,0.9858465978819878,0.7551411331543127,0.5515182678956071,0.6194783235158793,0.6831917091473142,0.7569466616453252,1.1002285528811098,0.8173454519070792,0.5342586576270315,0.9966217508573526,0.7570367309677117,0.9715718279261392,2.185703518124822,3.9472098842939807,2.759657577721791,2.587988163827655,1.5767921087533154,0.8123725225461408,0.17025092117910917,0
threeYNetIncomeGrowthPerShare,-0.13767194225255833,0.2194802700787795,0.116718855618197,0.868332171938253,0.3042930438607249,0.5260169118106882,0.45013442497966255,0.5290548593441384,0.4821525831363063,0.4697950716165511,0.34820056619190914,0.20416877232018218,0.2469599629777699,0.42139392240371304,0.664402925710961,0.7484206383074584,0.3001434297779592,0.08891132592569022,0.35127484964173555,0.6091696119389235,1.2467768760602294,1.0744397362855487,2.0659990083259303,1.5767921087533154,0.8123725225461408,0.17025092117910917,0
tenYShareholdersEquityGrowthPerShare,0.749984131203354,1.2720015821261565,1.49216132414038,1.4092303201973113,1.0084189514679591,1.0133461995101603,1.1553346500370727,1.5336606378974484,2.026097762173734,1.9952546546230217,1.9242903129605862,3.709301931918839,4.193394789249578,5.9899027180828135,8.589559798528796,11.59262297232303,12.943739008672894,11.151518267230214,9.186324384550126,8.349164864267872,7.537319864163183,3.6319348807282625,2.514513348731361,1.3888904374409927,0.6961252986008417,0.22362074302564913,0
fiveYShareholdersEquityGrowthPerShare,0.40829831262179156,0.6490493553594665,0.4774530824179788,0.30510431944071165,0.16655264938898057,0.24262318254536225,0.37776445243562556,0.6867955766566501,0.8460059355483253,0.7216702156734486,0.6202387238471325,0.5643709243817772,0.5020555383002282,0.6392676230885909,0.7397377426613597,0.8048515134961615,2.010348670204226,2.457525142596646,3.264040001542237,4.5120720574005535,5.977096386134266,3.6319348807282625,2.514513348731361,1.3888904374409927,0.6961252986008417,0.22362074302564913,0
threeYShareholdersEquityGrowthPerShare,0.08600160168300355,0.5171086897256743,0.4662607070838718,0.33860279499764395,0.061040413357919265,0.006424113821016337,0.07321661153358554,0.23320974991361415,0.413127915835167,0.5342284609644711,0.4951152641357853,0.34110375091832956,0.18455029114804872,0.19753473236158142,0.33852368231165125,0.5126746504761223,0.49144219950225726,0.42334110242703105,1.1991510344697607,1.6601591562150853,2.573759486981102,1.7308919244051206,1.8722243953146933,1.3888904374409927,0.6961252986008417,0.22362074302564913,0
tenYDividendperShareGrowthPerShare,3.5402169035697835,3.6019069378602055,3.822584289377023,3.8667509656534356,3.9245028649169997,4.319466168224392,4.557507772264723,4.744259185245357,3.042881418289987,2.404795594960989,2.600577387392401,3.0544342468457475,3.4797878335487784,3.685367370315824,4.09710215123337,4.017125879935289,3.9174332508169116,3.3406345457598654,3.044764800946896,2.7641186080881366,2.1983397102517443,1.5771414915735145,1.064508016032064,0.7258514588859414,0.3646098993288589,0.15818647869272665,0
fiveYDividendperShareGrowthPerShare,0.6914992205585347,0.7594940571382858,0.7888198132979577,1.4065889058823873,1.6726365614855578,1.6841377450180552,1.6154717142636665,1.6959586725987035,1.022261032516901,0.8425636077431213,0.9818156419497053,1.1248586792036204,1.1306925968966426,0.9991887067409031,0.8478578327786358,0.8168074321232839,0.9080959531696087,1.1025031203814182,1.3436343725420277,1.7583843631351361,1.761506690927517,1.5771414915735145,1.064508016032064,0.7258514588859414,0.3646098993288589,0.15818647869272665,0
threeYDividendperShareGrowthPerShare,0.32857830008558575,0.4038222039152244,0.4429534046554749,0.4400170498282022,0.3737477668079801,0.8902413661924635,1.1323780735646927,1.1651625663724383,0.5650050794621007,0.3857354416458651,0.42413013788039255,0.5022308269947512,0.5916241910580571,0.64440424486348,0.6024283961565,0.43661439960120174,0.306396998290807,0.3571524412640362,0.5694771956340283,0.8232521156893757,0.8531952409834347,0.8885554713042912,0.7825350701402806,0.7258514588859414,0.3646098993288589,0.15818647869272665,0
receivablesGrowth,0.04599746580702866,-0.017996505000045748,0.0465877861864469,0.05467955752748622,0.10201477227619928,0.08631820746352865,0.06967039977928942,-0.02271559169229473,0.046692624161636116,0.00959372468013498,0.04288035656251451,0.1021619547140847,-0.08657284280686338,0.022485925387828447,0.1605535372583821,-0.141133373348196,0.2357584783926816,0.12535193539625442,0.14851899475770555,0.12228673896336778,0.5126973055361802,0.47182509505703424,0.42934782608695654,0.6211453744493393,0.41875,-0.041916167664670656,0
inventoryGrowth,0,0,0,0,0,0,0,0,0,0,0,0,0,0,0,0,0,0,0,0,0,0,0,0,0,0,0
assetGrowth,-0.03801481918274604,0.11151673655009156,0.06561274114118743,0.07405032622731404,0.0514637193254575,-0.011608554932805614,0.13085270382418926,-0.0029849830126660753,0.0059666858496367995,0.07550486552968295,-0.037304062408496395,0.488670410202722,0.029044781615679638,0.021718334100506335,0.1029427183640945,0.11289524204909888,0.24561744393479945,0.19147609716082578,0.12842543948064558,0.12241613775365313,0.34894201481241555,0.8379049799656554,0.5151777970511708,0.4043848964677223,0.35927152317880795,0.028960817717206135,0
bookValueperShareGrowth,-0.11844677379719766,0.08951928857259193,0.13069898764096732,0.23150100133862478,0.053002552330534566,0.032256281468112116,-0.0238535759867957,-0.001200004035063355,0.10076316079652803,0.12166851919689811,0.1445191353157704,0.19509504493592758,0.09307301162802742,0.026622456601701403,0.05558588025651842,0.10505472516745545,0.1474894496332926,0.19292473010782304,0.08954377556030163,0.09509366089380744,0.8431433264927236,0.3179448820133949,0.47119068068109343,0.40843983602604267,0.38615278326095565,0.22362074302565085,0.2396637779699116
debtGrowth,309.19504643962847,0,0,-1,249,-0.9962047175361026,4.768060420315236,-0.4026806145799281,-0.8838375016138954,-0.14517856795060735,-0.5932584269662922,4.96736578370968,-0.0957008706556279,-0.004623916712763996,0.40329611273660954,0.11646666666666666,0,0,0,-1,-0.9955598156266299,117.23833333333333,0,0,0,0,0
rdexpenseGrowth,-0.008555478779503219,0.14121480005810455,0.06683639583794554,0.06592097034913219,0.04331929980057611,0.13621931603608645,0.07111823575238209,0.056105819436093794,0.03820881792496222,-0.03973499487341273,0.24744195198740654,0.1845877718468101,-0.009809352351936482,0.20477170346476836,0.12825500407855933,0.15218334297281666,0.16853932584269662,0.48968034231059654,0.2687210601947948,0.1522399043326281,0.3551483420593368,0.5729411764705883,0.6451612903225806,0.55,0.1111111111111111,0.6363636363636364,0.1
sgaexpensesGrowth,-1,0.06446305874256712,0.021147870389687393,1.6170026292725679,0.030912107118523567,0.17436075839276396,0.0783688475390156,-0.19980787704130643,0.32931622737883837,-0.02796687418785516,0.007601813491753303,0.17149332661798036,-0.561836073467013,0.08759355021710197,0.07564307172361998,0.12545399315873582,0.1560200311459892,0.08849483987835076,-0.030218540484785974,1.2798353909465021,-0.30365366902057106,0.27725490196078434,0.46411483253588515,0.3660130718954248,0.17692307692307693,0.2621359223300971,0
