,2021,2020,2019,2018,2017,2016,2015,2014,2013,2012,2011,2010,2009,2008,2007,2006,2005,2004,2003,2002,2001,2000,1999,1998,1997
reportedCurrency,USD,USD,USD,USD,USD,USD,USD,USD,USD,USD,USD,USD,USD,USD,USD,USD,USD,USD,USD,USD,USD,USD,USD,USD,USD
cik,0001065088,0001065088,0001065088,0001065088,0001065088,0001065088,0001065088,0001065088,0001065088,0001065088,0001065088,0001065088,0001065088,0001065088,0001065088,0001065088,0001065088,0001065088,0001065088,0001065088,0001065088,0001065088,0001065088,0001065088,0001065088
fillingDate,2022-02-24,2021-02-04,2020-01-31,2019-01-30,2018-02-05,2017-02-06,2016-02-01,2015-02-06,2014-01-31,2013-02-01,2012-01-31,2011-01-28,2010-02-17,2009-02-20,2008-02-29,2007-02-28,2006-02-24,2005-02-28,2004-03-08,2003-03-31,2002-03-25,2001-03-28,2000-03-30,1998-12-31,1997-12-31
acceptedDate,2022-02-24 16:21:30,2021-02-04 16:15:53,2020-01-31 16:53:51,2019-01-30 17:31:09,2018-02-05 08:57:23,2017-02-06 17:09:13,2016-02-01 17:30:13,2015-02-05 19:54:38,2014-01-31 16:06:53,2013-01-31 20:09:24,2012-01-30 20:50:48,2011-01-28 17:31:10,2010-02-17 17:20:56,2009-02-19 18:24:04,2008-02-28 20:39:58,2007-02-28 06:02:45,2006-02-23 20:30:17,2005-02-28 06:02:53,2004-03-05 19:41:45,2003-03-31 08:17:45,2002-03-25 00:00:00,2001-03-28 00:00:00,2000-03-30 00:00:00,1998-12-31,1997-12-31
calendarYear,2021,2020,2019,2018,2017,2016,2015,2014,2013,2012,2011,2010,2009,2008,2007,2006,2005,2004,2003,2002,2001,2000,1999,1998,1997
period,FY,FY,FY,FY,FY,FY,FY,FY,FY,FY,FY,FY,FY,FY,FY,FY,FY,FY,FY,FY,FY,FY,FY,FY,FY
netIncome,13608000000,5667000000,1786000000,2530000000,-1016000000,7266000000,1725000000,46000000,2856000000,2609000000,3229387000,1800961000,2389097000,1779474000,348251000,1125639000,1082043000,778223000,441771000,249891000,90448000,48292000,10800000,2400000.0,900000.0
depreciationAndAmortization,502000000,609000000,681000000,696000000,676000000,682000000,687000000,1490000000,1400000000,1200000000,939953000,762465000,810946000,719814000,601707000,544552000,409937000,259522000,159003000,76576000,89732000,45191000,25400000,5400000.0,100000.0
deferredIncomeTax,-680000000,408000000,117000000,-153000000,1729000000,-4556000000,-32000000,2808000000,-31000000,-35000000,16958000,349595000,-178813000,-206636000,-123371000,-227850000,91690000,28652000,69770000,8134000.0,-11408000,0.0,0.0,1400000.0,0.0
stockBasedCompensation,477000000,431000000,505000000,538000000,483000000,416000000,379000000,675000000,609000000,488000000,457188000,381492000,394807000,353323000,0.0,0.0,0.0,0.0,0.0,0.0,0.0,0.0,0.0,0.0,0.0
changeInWorkingCapital,-134000000,9272000000,2548000000,-2032000000,-1532000000,-824000000,-613000000,-3359000000,-1644000000,170000000,4546750000,-621574000,1730584000,2236737000,-1441423000,1570735000,753889000,-127977000,327673000,416372000,378568000,165644000,167022000,295600000,-500000.0
accountsReceivables,195000000,8000000.0,-124000000,-98000000,-195000000,-48000000,-105000000,16000000,-123000000,-207000000,-291822000,-111614000,-97494000,-66853000,0.0,0.0,0.0,0.0,0.0,0.0,0.0,0.0,0.0,0.0,0.0
inventory,0.0,0.0,0.0,0.0,0.0,0.0,0.0,0.0,0.0,0.0,0.0,0.0,0.0,0.0,0.0,0.0,0.0,0.0,0.0,0.0,0.0,0.0,0.0,0.0,0.0
accountsPayables,9000000.0,101000000,4000000.0,-47000000,19000000,-28000000,226000000,87000000,7000000.0,-16000000,29424000,-9263000.0,-27235000,14946000,0.0,0.0,0.0,0.0,0.0,0.0,0.0,0.0,0.0,0.0,0.0
otherWorkingCapital,171000000,12460000000,3188000000,640000000,2672000000,4204000000,5028000000,5641000000,9000000000,10644000000,10474000000,5927250000,6548824000,4818240000,2581503000,4022926000,2452191000,1698302000,1826279000,1498606000,1082234000,703666000,538022000,371000000,75400000
otherNonCashItems,-11116000000,-13968000000,-2523000000,1079000000,2806000000,-158000000,1887000000,4017000000,1805000000,-594000000,-5916562000,72821000,-2238535000,-2000717000,3255945000,-765285000,-327668000,346895000,-124098000,-271070000,-295228000,-158979000,-136622000,-298500000,300000.0
netCashProvidedByOperatingActivities,2657000000,2419000000,3114000000,2658000000,3146000000,2826000000,4033000000,5677000000,4995000000,3838000000,3273674000,2745760000,2908086000,2881995000,2641109000,2247791000,2009891000,1285315000,874119000,479903000,252112000,100148000,66600000,6300000.0,800000.0
investmentsInPropertyPlantAndEquipment,-444000000,-494000000,-554000000,-651000000,-666000000,-626000000,-668000000,-1271000000,-1250000000,-1257000000,-963498000,-723912000,-567094000,-565890000,-453967000,-515448000,-338281000,-292838000,-365384000,-138670000,-57420000,-49753000,-86400000,-8900000.0,-700000.0
acquisitionsNet,0.0,0.0,-253000000,727000000,-548000000,-212000000,-24000000,-59000000,-869000000,1000000.0,-3223055000,-90568000,570888000,-1360293000,-863565000,-45505000,-2732230000,-1036476000,-216367000,-59411000,-111730000,0.0,0.0,0.0,0.0
purchasesOfInvestments,-22271000000,-32887000000,-46977000000,-28115000000,-14599000000,-11212000000,-6744000000,-8834000000,-7505000000,-3128000000,-2290183000,-2643514000,-1142098000,-108128000,-270676000,-583263000,-1324353000,-1754808000,-2035053000,-723307000,-602485000,-398998000,-140700000,-40400000,0.0
salesMaturitiesOfInvestments,18969000000,33129000000,50548000000,30901000000,14520000000,10063000000,6781000000,8524000000,3943000000,1421000000,3865210000,1436207000,103572000,136200000,888757000,1380227000,1928539000,1079548000,1297262000,727455000,738989000,248547000,0.0,0.0,0.0
otherInvestingActivites,7409000000,4046000000,23000000,32000000,-3000000.0,-21000000,-18000000,-1033000000,-331000000,-800000000,-695336000,-260683000,-114651000,-159235000,6305000.0,-7158000.0,13594000,-8646000.0,0.0,36174000,2827000.0,-5850000.0,-375800000,0.0,0.0
netCashUsedForInvestingActivites,3663000000,3794000000,2787000000,2894000000,-1296000000,-2008000000,-673000000,-2673000000,-6012000000,-3763000000,-3306862000,-2282470000,-1149383000,-2057346000,-693146000,228853000,-2452731000,-2013220000,-1319542000,-157759000,-29819000,-206054000,-602900000,-49300000,-700000.0
debtRepayment,-1156000000,-1771000000,-1550000000,-750000000,-1452000000,-20000000,-850000000,0.0,-400000000,-550000000,-199271000,0.0,-1561709000,-433981000,0.0,0.0,0.0,0.0,0.0,0.0,0.0,0.0,0.0,0.0,0.0
commonStockIssued,93000000,90000000,106000000,109000000,120000000,102000000,221000000,300000000,437000000,483000000,242210000,235527000,102526000,135141000,506955000,313482000,599845000,650638000,700817000,252181000,123710000,83293000,710400000,71300000,3000000.0
commonStockRepurchased,-7055000000,-5137000000,-4973000000,-4502000000,-2746000000,-2943000000,-2149000000,-4658000000,-1343000000,-898000000,-1063986000,-711068000,0.0,-2179712000,-1485397000,-1666540000,0.0,0.0,0.0,0.0,0.0,-38000.0,0.0,0.0,0.0
dividendsPaid,-466000000,-447000000,-473000000,0.0,0.0,0.0,0.0,0.0,0.0,0.0,0.0,0.0,0.0,0.0,0.0,0.0,0.0,0.0,0.0,-50000.0,-319000.0,-157000.0,-3900000.0,0.0,0.0
otherFinancingActivites,2052000000,1573000000,-201000000,-255000000,2294000000,2117000000,-1776000000,3336000000,-48000000,2916000000,182551000,1709947000,513527000,804701000,285050000,92371000,-128239000,-2969000.0,-11951000,-64000.0,-21886000,2880000.0,12200000,-300000.0,500000.0
netCashUsedProvidedByFinancingActivities,-6532000000,-5692000000,-7091000000,-5398000000,-1784000000,-744000000,-4554000000,-1022000000,-1354000000,1951000000,-838496000,1234406000,-945656000,-1673851000,-693392000,-1260687000,471606000,647669000,688866000,252067000,101505000,85978000,718700000,71000000,3500000.0
effectOfForexChangesOnCash,24000000,77000000,-33000000,-75000000,238000000,-90000000,-364000000,-148000000,48000000,100000000,-14626000,-120103000,-2157000.0,-183061000,303828000,133255000,-45231000,28768000,28757000,11133000,-1702000.0,0.0,0.0,0.0,0.0
netChangeInCash,-188000000,598000000,-1223000000,79000000,304000000,-16000000,-4496000000,1834000000,-2323000000,2126000000,-886310000,1577593000,810890000,-1032263000,1558399000,1349212000,-16465000,-51468000,272200000,585344000,322096000,-19928000,182400000,0.0,3600000.0
cashAtEndOfPeriod,1406000000,1594000000,996000000,2219000000,2120000000,1816000000,1832000000,6328000000,4494000000,6817000000,4691101000,5577411000,3999818000,3188928000,4221191000,2662792000,1313580000,1330045000,1381513000,1109313000,523969000,201873000,219700000,0.0,3700000.0
cashAtBeginningOfPeriod,1594000000,996000000,2219000000,2140000000,1816000000,1832000000,6328000000,4494000000,6817000000,4691000000,5577411000,3999818000,3188928000,4221191000,2662792000,1313580000,1330045000,1381513000,1109313000,523969000,201873000,221801000,37300000,3700000.0,100000.0
operatingCashFlow,2657000000,2419000000,3114000000,2658000000,3146000000,2826000000,4033000000,5677000000,4995000000,3838000000,3273674000,2745760000,2908086000,2881995000,2641109000,2247791000,2009891000,1285315000,874119000,479903000,252112000,100148000,66600000,6300000.0,800000.0
capitalExpenditure,-444000000,-494000000,-554000000,-651000000,-666000000,-626000000,-668000000,-1271000000,-1250000000,-1257000000,-963498000,-723912000,-567094000,-565890000,-453967000,-515448000,-338281000,-292838000,-365384000,-138670000,-57420000,-49753000,-86400000,-8900000.0,-700000.0
freeCashFlow,2213000000,1925000000,2560000000,2007000000,2480000000,2200000000,3365000000,4406000000,3745000000,2581000000,2310176000,2021848000,2340992000,2316105000,2187142000,1732343000,1671610000,992477000,508735000,341233000,194692000,50395000,-19800000,-2600000.0,100000.0
link,https://www.sec.gov/Archives/edgar/data/1065088/000106508822000006/0001065088-22-000006-index.htm,https://www.sec.gov/Archives/edgar/data/1065088/000106508821000006/0001065088-21-000006-index.htm,https://www.sec.gov/Archives/edgar/data/1065088/000106508820000006/0001065088-20-000006-index.html,https://www.sec.gov/Archives/edgar/data/1065088/000106508819000006/0001065088-19-000006-index.html,https://www.sec.gov/Archives/edgar/data/1065088/000106508818000009/0001065088-18-000009-index.html,https://www.sec.gov/Archives/edgar/data/1065088/000106508817000007/0001065088-17-000007-index.html,https://www.sec.gov/Archives/edgar/data/1065088/000106508816000265/0001065088-16-000265-index.html,https://www.sec.gov/Archives/edgar/data/1065088/000106508815000054/ebay201410-k.htm,https://www.sec.gov/Archives/edgar/data/1065088/000106508814000010/ebay201310-k.htm,https://www.sec.gov/Archives/edgar/data/1065088/000106508813000004/0001065088-13-000004-index.html,https://www.sec.gov/Archives/edgar/data/1065088/000106508812000006/0001065088-12-000006-index.html,https://www.sec.gov/Archives/edgar/data/1065088/000106508811000003/ebay10k20101231.htm,https://www.sec.gov/Archives/edgar/data/1065088/000119312510033324/0001193125-10-033324-index.html,https://www.sec.gov/Archives/edgar/data/1065088/000095013409003306/0000950134-09-003306-index.html,https://www.sec.gov/Archives/edgar/data/1065088/000095013408003741/f36571e10vk.htm,https://www.sec.gov/Archives/edgar/data/1065088/000095013407004291/f27529e10vk.htm,https://www.sec.gov/Archives/edgar/data/1065088/000095013406003678/f17187e10vk.htm,https://www.sec.gov/Archives/edgar/data/1065088/000095013405003827/0000950134-05-003827-index.html,https://www.sec.gov/Archives/edgar/data/1065088/000089161804000676/0000891618-04-000676-index.html,https://www.sec.gov/Archives/edgar/data/1065088/000089161803001538/0000891618-03-001538-index.html,https://www.sec.gov/Archives/edgar/data/1065088/000089161802001364/0000891618-02-001364-index.html,https://www.sec.gov/Archives/edgar/data/1065088/000109581101001836/0001095811-01-001836-index.html,https://www.sec.gov/Archives/edgar/data/1065088/000101287000001759/0001012870-00-001759-index.html,,
finalLink,https://www.sec.gov/Archives/edgar/data/1065088/000106508822000006/ebay-20211231.htm,https://www.sec.gov/Archives/edgar/data/1065088/000106508821000006/ebay-20201231.htm,https://www.sec.gov/Archives/edgar/data/1065088/000106508820000006/ebay201910-k.htm,https://www.sec.gov/Archives/edgar/data/1065088/000106508819000006/ebay201810-k.htm,https://www.sec.gov/Archives/edgar/data/1065088/000106508818000009/ebay201710-k.htm,https://www.sec.gov/Archives/edgar/data/1065088/000106508817000007/ebay201610-k.htm,https://www.sec.gov/Archives/edgar/data/1065088/000106508816000265/ebay201510-k.htm,https://www.sec.gov/Archives/edgar/data/1065088/000106508815000054/ebay201410-k.htm,https://www.sec.gov/Archives/edgar/data/1065088/000106508814000010/ebay201310-k.htm,https://www.sec.gov/Archives/edgar/data/1065088/000106508813000004/ebay2012_10k.htm,https://www.sec.gov/Archives/edgar/data/1065088/000106508812000006/ebay2011q4_10k.htm,https://www.sec.gov/Archives/edgar/data/1065088/000106508811000003/ebay10k20101231.htm,https://www.sec.gov/Archives/edgar/data/1065088/000119312510033324/d10k.htm,https://www.sec.gov/Archives/edgar/data/1065088/000095013409003306/f50770e10vk.htm,https://www.sec.gov/Archives/edgar/data/1065088/000095013408003741/f36571e10vk.htm,https://www.sec.gov/Archives/edgar/data/1065088/000095013407004291/f27529e10vk.htm,https://www.sec.gov/Archives/edgar/data/1065088/000095013406003678/f17187e10vk.htm,https://www.sec.gov/Archives/edgar/data/1065088/000095013405003827/f05426e10vk.htm,https://www.sec.gov/Archives/edgar/data/1065088/000089161804000676/f96707ore10vk.htm,https://www.sec.gov/Archives/edgar/data/1065088/000089161803001538/f88540e10vk.htm,https://www.sec.gov/Archives/edgar/data/1065088/000089161802001364/f79949e10-k.htm,https://www.sec.gov/Archives/edgar/data/1065088/000109581101001836/f70837e10-k.txt,https://www.sec.gov/Archives/edgar/data/1065088/0001012870-00-001759.txt,,
