,2021,2020,2019,2018,2017,2016,2015,2014,2013,2012,2011,2010
reportedCurrency,USD,USD,USD,USD,USD,USD,USD,USD,USD,USD,USD,USD
cik,0001478242,0001478242,0001478242,0001478242,0001478242,0001478242,0001478242,0001478242,0001478242,0001478242,0001478242,0001478242
fillingDate,2022-02-16,2021-02-12,2020-02-18,2019-02-19,2018-02-16,2017-02-16,2016-02-11,2015-02-12,2014-02-13,2012-12-31,2011-12-31,2010-12-31
acceptedDate,2022-02-16 16:22:34,2021-02-12 16:16:25,2020-02-18 07:33:23,2019-02-19 07:08:47,2018-02-16 16:41:29,2017-02-16 16:17:46,2016-02-11 09:44:13,2015-02-12 10:51:32,2014-02-13 11:01:39,2012-12-31,2011-12-31,2010-12-31
calendarYear,2021,2020,2019,2018,2017,2016,2015,2014,2013,2012,2011,2010
period,FY,FY,FY,FY,FY,FY,FY,FY,FY,FY,FY,FY
revenue,13874000000,11359000000,11088000000,10412000000,9739000000,6878000000,5737619000,5459998000,5099545000,4865513000,4327748000,3924020000
costOfRevenue,9233000000,7500000000,7300000000,6746000000,6301000000,4750000000,4136786000,3978282000,3762631000,3632582000,3185787000,2804837000
grossProfit,4641000000,3859000000,3788000000,3666000000,3438000000,2128000000,1600833000,1481716000,1336914000,1232931000,1141961000,1119183000
grossProfitRatio,0.334510595358224,0.33973061008891625,0.3416305916305916,0.35209373799462157,0.35301365643289867,0.30939226519337015,0.27900650078020167,0.27137665618192536,0.2621633890866734,0.2534020564737983,0.2638695691153921,0.2852133781173389
researchAndDevelopmentExpenses,0.0,0.0,0.0,0.0,0.0,0.0,0.0,0.0,0.0,0.0,0.0,0.0
generalAndAdministrativeExpenses,0.0,0.0,1734000000,1716000000,1605000000,1011000000,920985000,882338000,860510000,0.0,0.0,0.0
sellingAndMarketingExpenses,0.0,0.0,0.0,0.0,0.0,0.0,0.0,0.0,0.0,0.0,0.0,0.0
sellingGeneralAndAdministrativeExpenses,1964000000,0.0,1734000000,1716000000,1605000000,1011000000,920985000,882338000,860510000,0.0,0.0,0.0
otherExpenses,1264000000,3076000000,1202000000,1141000000,1011000000,289000000,0.0,0.0,0.0,817755000,762299000,698406000
operatingExpenses,3228000000,3076000000,2936000000,2857000000,2616000000,1300000000,920985000,882338000,860510000,817755000,762299000,698406000
costAndExpenses,12461000000,10576000000,10236000000,9603000000,8917000000,6050000000,5057771000,4860620000,4623141000,4450337000,3948086000,3503243000
interestIncome,6000000.0,6000000.0,9000000.0,8000000.0,7000000.0,4000000.0,4317000.0,3410000.0,3937000.0,3067000.0,3939000.0,3799000.0
interestExpense,375000000,416000000,447000000,414000000,346000000,144000000,101792000,100589000,123508000,134371000,109065000,141430000
depreciationAndAmortization,1264000000,1287000000,1202000000,1141000000,1011000000,289000000,127742000,121013000,107504000,98288000,92004000,84217000
ebitda,2768000000,2054000000,1956000000,1873000000,1679000000,893000000,775728000,728041000,553568000,503569000,457946000,463825000
ebitdaratio,0.19950987458555572,0.18082577691698212,0.1764069264069264,0.17988859008835958,0.17239963035219222,0.1298342541436464,0.13520033309984508,0.13334089133365984,0.10855242967754966,0.10349761679806425,0.10581623514123281,0.11820148725031983
operatingIncome,1393000000,731000000,777000000,741000000,719000000,642000000,646612000,590390000,462333000,396435000,345251000,395005000
operatingIncomeRatio,0.10040363269424823,0.06435425653666696,0.07007575757575757,0.07116788321167883,0.07382688161002156,0.09334108752544344,0.11269692184162106,0.10813007623812317,0.09066161785021996,0.08147856145898695,0.07977613299110761,0.10066335033970265
totalOtherIncomeExpensesNet,-265000000,-358000000,-425000000,-413000000,-388000000,-163000000,-107617000,-88201000,-139217000,-129007000,-160576000,-153278000
incomeBeforeTax,1128000000,373000000,352000000,328000000,331000000,479000000,538995000,502189000,323116000,267428000,184675000,241727000
incomeBeforeTaxRatio,0.08130315698428715,0.03283739765824456,0.031746031746031744,0.031502112946600075,0.03398706232672759,0.0696423378889212,0.09394053526384377,0.09197604101686484,0.06336173129171328,0.0549639883810813,0.042672309016144196,0.061601877666270816
incomeTaxExpense,163000000,72000000,116000000,59000000,-987000000,345000000,158989000,150056000,95965000,93364000,15105000,77582000
netIncome,966000000,279000000,191000000,259000000,1309000000,115000000,387205000,356383000,226591000,177546000,241772000,160596000
netIncomeRatio,0.06962663975782038,0.024562021304692313,0.017225829725829724,0.024875144064540913,0.13440805010781395,0.016719976737423668,0.06748531054432161,0.06527163563063576,0.04443357201475818,0.036490705091117834,0.05586554485150244,0.040926396909292
eps,5.049660219550445,1.46,0.98,1.27,6.01,0.77,3.15,2.78,1.83,1.42,1.926961,1.279976
epsdiluted,5.049660219550445,1.43,0.96,1.24,5.88,0.76,3.08,2.72,1.77,1.39,1.895448,1.259043
weightedAverageShsOut,191300000,191300000,195100000,203700000,217800000,149100000,123038000,127994000,124147000,125468000,125468000,125468000
weightedAverageShsOutDil,191300000,195000000,199600000,208200000,222600000,152000000,125630000,131083000,127862000,127554000,127554000,127554000
link,https://www.sec.gov/Archives/edgar/data/1478242/000147824222000041/0001478242-22-000041-index.htm,https://www.sec.gov/Archives/edgar/data/1478242/000147824221000020/0001478242-21-000020-index.htm,https://www.sec.gov/Archives/edgar/data/1478242/000156459020004901/0001564590-20-004901-index.htm,https://www.sec.gov/Archives/edgar/data/1478242/000156459019003180/0001564590-19-003180-index.htm,https://www.sec.gov/Archives/edgar/data/1478242/000156459018002340/0001564590-18-002340-index.htm,https://www.sec.gov/Archives/edgar/data/1478242/000119312517046709/0001193125-17-046709-index.htm,https://www.sec.gov/Archives/edgar/data/1478242/000156459016012629/0001564590-16-012629-index.htm,https://www.sec.gov/Archives/edgar/data/1478242/000119312515045845/0001193125-15-045845-index.htm,https://www.sec.gov/Archives/edgar/data/1478242/000119312514050071/0001193125-14-050071-index.htm,,,
finalLink,https://www.sec.gov/Archives/edgar/data/1478242/000147824222000041/iqv-20211231.htm,https://www.sec.gov/Archives/edgar/data/1478242/000147824221000020/iqv-20201231.htm,https://www.sec.gov/Archives/edgar/data/1478242/000156459020004901/iqv-10k_20191231.htm,https://www.sec.gov/Archives/edgar/data/1478242/000156459019003180/iqv-10k_20181231.htm,https://www.sec.gov/Archives/edgar/data/1478242/000156459018002340/iqv-10k_20171231.htm,https://www.sec.gov/Archives/edgar/data/1478242/000119312517046709/d321341d10k.htm,https://www.sec.gov/Archives/edgar/data/1478242/000156459016012629/q-10k_20151231.htm,https://www.sec.gov/Archives/edgar/data/1478242/000119312515045845/d831296d10k.htm,https://www.sec.gov/Archives/edgar/data/1478242/000119312514050071/d635141d10k.htm,,,
