,2021,2020,2019,2018,2017,2016,2015,2014,2013,2012,2011,2010,2009,2008,2007,2006,2005,2004,2003,2002,2001,2000,1999,1998,1997,1996,1995,1994,1993,1992,1991,1990
reportedCurrency,USD,USD,USD,USD,USD,USD,USD,USD,USD,USD,USD,USD,USD,USD,USD,USD,USD,USD,USD,USD,USD,USD,USD,USD,USD,USD,USD,USD,USD,USD,USD,USD
cik,0001048911,0001048911,0001048911,0001048911,0001048911,0001048911,0001048911,0001048911,0001048911,0001048911,0001048911,0001048911,0001048911,0001048911,0001048911,0001048911,0001048911,0001048911,0001048911,0001048911,0001048911,0001048911,0001048911,0001048911,0001048911,0001048911,0001048911,0001048911,0001048911,0001048911,0001048911,0001048911
fillingDate,2021-07-19,2020-07-20,2019-07-16,2018-07-16,2017-07-17,2016-07-18,2015-07-14,2014-07-14,2013-07-15,2012-07-16,2011-07-12,2010-07-15,2009-07-15,2008-07-16,2007-07-13,2006-07-14,2005-07-14,2004-07-16,2003-07-17,2002-07-19,2001-05-31,2000-05-31,1999-08-16,1998-08-14,1997-05-31,1996-05-31,1995-05-31,1994-05-31,1993-05-31,1992-05-31,1991-05-31,1990-05-31
acceptedDate,2021-07-19 16:18:04,2020-07-20 16:16:44,2019-07-16 16:18:24,2018-07-16 16:19:05,2017-07-17 08:46:15,2016-07-18 16:29:51,2015-07-14 17:22:58,2014-07-14 17:06:58,2013-07-15 17:29:55,2012-07-16 17:07:39,2011-07-12 17:20:39,2010-07-15 15:33:17,2009-07-15 15:08:15,2008-07-16 16:15:58,2007-07-12 20:37:01,2006-07-14 10:14:10,2005-07-14 17:00:17,2004-07-16 12:51:04,2003-07-17 17:10:08,2002-07-19 16:51:46,2001-05-31,2000-05-31,1999-08-16 00:00:00,1998-08-14 00:00:00,1997-05-31,1996-05-31,1995-05-31,1994-05-31,1993-05-31,1992-05-31,1991-05-31,1990-05-31
calendarYear,2021,2020,2019,2018,2017,2016,2015,2014,2013,2012,2011,2010,2009,2008,2007,2006,2005,2004,2003,2002,2001,2000,1999,1998,1997,1996,1995,1994,1993,1992,1991,1990
period,FY,FY,FY,FY,FY,FY,FY,FY,FY,FY,FY,FY,FY,FY,FY,FY,FY,FY,FY,FY,FY,FY,FY,FY,FY,FY,FY,FY,FY,FY,FY,FY
netIncome,5231000000,1286000000,540000000,4572000000,2997000000,1820000000,1050000000,2097000000,1561000000,2032000000,1452000000,1184000000,98000000,1125000000,2016000000,1806000000,1449000000,838000000,830000000,710000000,584371000,688336000,631333000,503030000,361200000,307800000,297600000,204400000,53900000,-113800000,5900000.0,115800000
depreciationAndAmortization,3793000000,3615000000,3353000000,3095000000,2995000000,2631000000,2611000000,2587000000,2386000000,2113000000,1973000000,1958000000,1975000000,1946000000,1742000000,1548000000,1462000000,1375000000,1351000000,1364000000,1275774000,1154863000,1035118000,963731000,-777400000,-719600000,-652300000,-599400000,-579900000,-577200000,-534500000,-479200000
deferredIncomeTax,2887000000,0.0,-233000000,-231000000,909000000,31000000,-572000000,581000000,521000000,1126000000,669000000,331000000,299000000,124000000,37000000,187000000,63000000,-8000000.0,329000000,14000000,-16024000,-7363000.0,-34000000,45500000,45700000,26500000,26000000,3800000.0,19900000,-75200000,64600000,101100000
stockBasedCompensation,200000000,168000000,174000000,167000000,154000000,144000000,133000000,117000000,109000000,105000000,98000000,101000000,99000000,101000000,0.0,0.0,0.0,0.0,0.0,0.0,0.0,0.0,0.0,0.0,0.0,0.0,0.0,0.0,0.0,0.0,0.0,0.0
changeInWorkingCapital,881000000,1966000000,359000000,-996000000,729000000,-1003000000,613000000,-1153000000,1842000000,279000000,764000000,47000000,716000000,675000000,210000000,456000000,297000000,-368000000,-117000000,523455000,-194173000,37447000,279978000,76293000,0.0,0.0,0.0,0.0,0.0,0.0,0.0,-211200000
accountsReceivables,0.0,0.0,0.0,0.0,0.0,0.0,0.0,0.0,0.0,0.0,0.0,0.0,0.0,0.0,-323000000,-319000000,-235000000,-307000000,-197000000,-88000000,61702000,-404511000,-294100000,-254300000,-334400000,-191300000,-167300000,-173900000,-41500000,-700000.0,20400000,-279600000
inventory,0.0,0.0,0.0,0.0,0.0,0.0,0.0,0.0,0.0,0.0,0.0,0.0,0.0,0.0,0.0,0.0,0.0,0.0,0.0,0.0,0.0,0.0,0.0,0.0,0.0,0.0,0.0,0.0,0.0,0.0,-21900000,-51400000
accountsPayables,71000000,-1787000000,-571000000,141000000,103000000,467000000,659000000,-235000000,10000000,144000000,370000000,710000000,-628000000,190000000,66000000,346000000,365000000,841000000,272000000,81000000,102390000,107543000,555600000,453700000,598000000,100500000,258400000,110500000,34900000,33600000,110800000,119800000
otherWorkingCapital,6920000000,6039000000,4073000000,3714000000,4710000000,3981000000,4984000000,4371000000,5524000000,3682000000,3403000000,2639000000,2592000000,1876000000,1201000000,991000000,535000000,238000000,606000000,723000000,199545000,393718000,356271000,76293000,0.0,0.0,0.0,0.0,0.0,0.0,0.0,0.0
otherNonCashItems,-2857000000,-1938000000,1420000000,-1933000000,-2854000000,2085000000,1531000000,35000000,-1731000000,-820000000,-915000000,-483000000,-434000000,-487000000,-442000000,-321000000,-154000000,1183000000,-522000000,-383455000,393858000,-248041000,-140309000,117819000,1378000000,1331900000,1359400000,1158500000,1231200000,1287000000,1251400000,989800000
netCashProvidedByOperatingActivities,10135000000,5097000000,5613000000,4674000000,4930000000,5708000000,5366000000,4264000000,4688000000,4835000000,4041000000,3138000000,2753000000,3484000000,3563000000,3676000000,3117000000,3020000000,1871000000,2228000000,2043806000,1625242000,1772120000,1706373000,1007500000,946600000,1030700000,767300000,725100000,520800000,787400000,516300000
investmentsInPropertyPlantAndEquipment,0.0,0.0,0.0,0.0,0.0,0.0,0.0,0.0,0.0,0.0,0.0,0.0,0.0,0.0,-2882000000,-2518000000,-2236000000,-1271000000,-1511000000,-1615000000,-1893384000,-1627418000,-1769946000,-1880173000,-1470600000,-1412200000,-1060800000,-1087700000,-1023700000,-915900000,-1027700000,-1164100000
acquisitionsNet,-228000000,0.0,-66000000,-56000000,0.0,-4618000000,-1429000000,-36000000,-483000000,-116000000,-96000000,0.0,-3000000.0,-4000000.0,-1242000000,64000000,-110000000,-2392000000,0.0,-35000000,-476992000,-257095000,0.0,0.0,0.0,0.0,0.0,0.0,0.0,0.0,0.0,0.0
purchasesOfInvestments,0.0,0.0,0.0,0.0,0.0,0.0,0.0,0.0,0.0,0.0,0.0,0.0,0.0,0.0,0.0,0.0,0.0,0.0,0.0,0.0,0.0,0.0,0.0,0.0,0.0,0.0,0.0,0.0,0.0,0.0,0.0,0.0
salesMaturitiesOfInvestments,0.0,0.0,0.0,0.0,0.0,0.0,0.0,0.0,0.0,0.0,0.0,0.0,0.0,0.0,0.0,0.0,0.0,0.0,0.0,0.0,0.0,0.0,0.0,0.0,0.0,0.0,0.0,0.0,0.0,0.0,0.0,0.0
otherInvestingActivites,-5782000000,-5846000000,-5407000000,-5621000000,-4981000000,-4828000000,-4323000000,-3515000000,-3320000000,-3933000000,-3323000000,-2781000000,-2380000000,-2893000000,0.0,0.0,-2000000.0,1000000.0,21000000,38000000,257661000,176396000,321189000,490943000,279200000,424000000,285700000,694200000,224400000,413900000,256700000,568000000
netCashUsedForInvestingActivites,-6010000000,-5846000000,-5473000000,-5677000000,-4981000000,-9446000000,-5752000000,-3551000000,-3803000000,-4049000000,-3419000000,-2781000000,-2383000000,-2897000000,-4124000000,-2454000000,-2348000000,-3662000000,-1490000000,-1612000000,-2112715000,-1708117000,-1448757000,-1389230000,-1191400000,-988200000,-775100000,-393500000,-799300000,-502000000,-771000000,-596100000
debtRepayment,-6318000000,-2548000000,-1436000000,-38000000,-82000000,-41000000,-5000000.0,-254000000,-417000000,-29000000,-262000000,-653000000,-501000000,-639000000,-906000000,-369000000,-791000000,-319000000,-10000000,-320000000,-650280000,-115090000,-269367000,-533502000,-9700000.0,-264000000,-349500000,-198200000,-737300000,-507300000,-916400000,-1044200000
commonStockIssued,740000000,64000000,101000000,327000000,337000000,183000000,320000000,557000000,280000000,128000000,108000000,94000000,41000000,108000000,115000000,144000000,99000000,115000000,81000000,88000000,28654000,15523000,49932000,33925000,31000000,36600000,13100000,53800000,24500000,19300000,31200000,44900000
commonStockRepurchased,0.0,-3000000.0,-1480000000,-1017000000,-509000000,-2722000000,-1254000000,-4857000000,-246000000,-197000000,0.0,0.0,0.0,0.0,0.0,0.0,0.0,-179000000,-186000000,-177000000,0.0,-606506000,0.0,0.0,0.0,-12400000,0.0,0.0,-500000.0,-3100000.0,-23600000,-17700000
dividendsPaid,-686000000,-679000000,-683000000,-535000000,-426000000,-277000000,-227000000,-187000000,-177000000,-164000000,-151000000,-138000000,-137000000,-124000000,-110000000,-97000000,-84000000,-66000000,-60000000,0.0,0.0,0.0,0.0,-7793000.0,0.0,0.0,0.0,0.0,0.0,0.0,0.0,0.0
otherFinancingActivites,4174000000,6547000000,2459000000,1490000000,1208000000,6468000000,2515000000,2022000000,1744000000,18000000,18000000,5000000.0,997000000,38000000,1094000000,-2000000.0,0.0,1599000000,1000000.0,3000000.0,743878000,531584000,-8170000.0,260166000,191200000,17300000,45400000,8100000.0,864800000,432700000,911600000,1038000000
netCashUsedProvidedByFinancingActivities,-2090000000,3381000000,-1039000000,227000000,528000000,3611000000,1349000000,-2719000000,1184000000,-244000000,-287000000,-692000000,400000000,-617000000,193000000,-324000000,-776000000,1150000000,-174000000,-406000000,122252000,-174489000,-227605000,-247204000,212500000,-222500000,-291000000,-136300000,151500000,-58400000,2800000.0,21000000
effectOfForexChangesOnCash,171000000,-70000000,-47000000,72000000,-42000000,-102000000,-108000000,-3000000.0,5000000.0,-27000000,41000000,-5000000.0,-17000000,0.0,0.0,0.0,0.0,0.0,0.0,0.0,0.0,0.0,0.0,0.0,0.0,0.0,0.0,0.0,0.0,0.0,0.0,0.0
netChangeInCash,2206000000,2562000000,-946000000,-704000000,435000000,-229000000,855000000,-2009000000,2074000000,515000000,376000000,-340000000,753000000,-30000000,-368000000,898000000,-7000000.0,508000000,207000000,210000000,53343000,-257364000,95758000,68204000,28600000,-264100000,-35400000,237400000,151500000,-58400000,2800000.0,21000000
cashAtEndOfPeriod,7087000000,4881000000,2319000000,3265000000,3969000000,3534000000,3763000000,2908000000,4917000000,2843000000,2328000000,1952000000,2292000000,1539000000,1569000000,1937000000,1039000000,1046000000,538000000,331000000,121302000,67959000,325323000,229565000,122000000,93400000,357500000,392900000,0.0,0.0,0.0,0.0
cashAtBeginningOfPeriod,4881000000,2319000000,3265000000,3969000000,3534000000,3763000000,2908000000,4917000000,2843000000,2328000000,1952000000,2292000000,1539000000,1569000000,1937000000,1039000000,1046000000,538000000,331000000,121000000,67959000,325323000,229565000,161361000,93400000,357500000,392900000,155500000,78200000,117700000,98500000,157300000
operatingCashFlow,10135000000,5097000000,5613000000,4674000000,4930000000,5708000000,5366000000,4264000000,4688000000,4835000000,4041000000,3138000000,2753000000,3484000000,3563000000,3676000000,3117000000,3020000000,1871000000,2228000000,2043806000,1625242000,1772120000,1706373000,1007500000,946600000,1030700000,767300000,725100000,520800000,787400000,516300000
capitalExpenditure,-5884000000,-5868000000,-5490000000,-5663000000,-5116000000,-4818000000,-4347000000,-3533000000,-3375000000,-4007000000,-3434000000,-2816000000,-2459000000,-2947000000,-2882000000,-2518000000,-2236000000,-1271000000,-1511000000,-1615000000,-1893384000,-1627418000,-1769946000,-1880173000,-1470600000,-1412200000,-1060800000,-1087700000,-1023700000,-915900000,-1027700000,-1164100000
freeCashFlow,4251000000,-771000000,123000000,-989000000,-186000000,890000000,1019000000,731000000,1313000000,828000000,607000000,322000000,294000000,537000000,681000000,1158000000,881000000,1749000000,360000000,613000000,150422000,-2176000.0,2174000.0,-173800000,-463100000,-465600000,-30100000,-320400000,-298600000,-395100000,-240300000,-647800000
link,https://www.sec.gov/Archives/edgar/data/1048911/000156459021037031/0001564590-21-037031-index.htm,https://www.sec.gov/Archives/edgar/data/1048911/000156459020032775/0001564590-20-032775-index.htm,https://www.sec.gov/Archives/edgar/data/1048911/000156459019025065/fdx-10k_20190531.htm,https://www.sec.gov/Archives/edgar/data/1048911/000156459018016877/0001564590-18-016877-index.html,https://www.sec.gov/Archives/edgar/data/1048911/000095012317006152/0000950123-17-006152-index.html,https://www.sec.gov/Archives/edgar/data/1048911/000119312516650267/0001193125-16-650267-index.html,https://www.sec.gov/Archives/edgar/data/1048911/000119312515252494/0001193125-15-252494-index.html,https://www.sec.gov/Archives/edgar/data/1048911/000119312514267851/0001193125-14-267851-index.html,https://www.sec.gov/Archives/edgar/data/1048911/000119312513290858/0001193125-13-290858-index.html,https://www.sec.gov/Archives/edgar/data/1048911/000119312512303558/0001193125-12-303558-index.html,https://www.sec.gov/Archives/edgar/data/1048911/000095012311065246/0000950123-11-065246-index.html,https://www.sec.gov/Archives/edgar/data/1048911/000095012310065730/0000950123-10-065730-index.html,https://www.sec.gov/Archives/edgar/data/1048911/000095012309022417/0000950123-09-022417-index.html,https://www.sec.gov/Archives/edgar/data/1048911/000136231008003669/0001362310-08-003669-index.html,https://www.sec.gov/Archives/edgar/data/1048911/000095014407006556/0000950144-07-006556-index.html,https://www.sec.gov/Archives/edgar/data/1048911/000110465906046980/a06-14845_110k.htm,https://www.sec.gov/Archives/edgar/data/1048911/000110465905032464/a05-11806_110k.htm,https://www.sec.gov/Archives/edgar/data/1048911/000104746904023480/0001047469-04-023480-index.html,https://www.sec.gov/Archives/edgar/data/1048911/000104746903024446/0001047469-03-024446-index.html,https://www.sec.gov/Archives/edgar/data/1048911/000093176302002489/0000931763-02-002489-index.html,,,https://www.sec.gov/Archives/edgar/data/1048911/000104746999032609/0001047469-99-032609-index.html,https://www.sec.gov/Archives/edgar/data/1048911/000089924398001610/0000899243-98-001610-index.html,,,,,,,,
finalLink,https://www.sec.gov/Archives/edgar/data/1048911/000156459021037031/fdx-10k_20210531.htm,https://www.sec.gov/Archives/edgar/data/1048911/000156459020032775/fdx-10k_20200531.htm,https://www.sec.gov/Archives/edgar/data/1048911/000156459019025065/fdx-10k_20190531.htm,https://www.sec.gov/Archives/edgar/data/1048911/000156459018016877/fdx-10k_20180531.htm,https://www.sec.gov/Archives/edgar/data/1048911/000095012317006152/fdx-10k_20170531.htm,https://www.sec.gov/Archives/edgar/data/1048911/000119312516650267/d207174d10k.htm,https://www.sec.gov/Archives/edgar/data/1048911/000119312515252494/d48165d10k.htm,https://www.sec.gov/Archives/edgar/data/1048911/000119312514267851/d752614d10k.htm,https://www.sec.gov/Archives/edgar/data/1048911/000119312513290858/d563720d10k.htm,https://www.sec.gov/Archives/edgar/data/1048911/000119312512303558/d375407d10k.htm,https://www.sec.gov/Archives/edgar/data/1048911/000095012311065246/c19556e10vk.htm,https://www.sec.gov/Archives/edgar/data/1048911/000095012310065730/c03116e10vk.htm,https://www.sec.gov/Archives/edgar/data/1048911/000095012309022417/c87681e10vk.htm,https://www.sec.gov/Archives/edgar/data/1048911/000136231008003669/c73820e10vk.htm,https://www.sec.gov/Archives/edgar/data/1048911/000095014407006556/g08210e10vk.htm,https://www.sec.gov/Archives/edgar/data/1048911/000110465906046980/a06-14845_110k.htm,https://www.sec.gov/Archives/edgar/data/1048911/000110465905032464/a05-11806_110k.htm,https://www.sec.gov/Archives/edgar/data/1048911/000104746904023480/a2140026z10-k.htm,https://www.sec.gov/Archives/edgar/data/1048911/000104746903024446/a2114486z10-k.htm,https://www.sec.gov/Archives/edgar/data/1048911/000093176302002489/d10k.htm,,,https://www.sec.gov/Archives/edgar/data/1048911/0001047469-99-032609.txt,https://www.sec.gov/Archives/edgar/data/1048911/0000899243-98-001610.txt,,,,,,,,
