,2021,2020,2019,2018,2017,2016,2015,2014,2013,2012,2011,2010,2009,2008,2007,2006,2005,2004,2003,2002,2001,2000,1999,1998,1997,1996,1995,1994
reportedCurrency,USD,USD,USD,USD,USD,USD,USD,USD,USD,USD,USD,USD,USD,USD,USD,USD,USD,USD,USD,USD,USD,USD,USD,USD,USD,USD,USD,USD
cik,0001047862,0001047862,0001047862,0001047862,0001047862,0001047862,0001047862,0001047862,0001047862,0001047862,0001047862,0001047862,0001047862,0001047862,0001047862,0001047862,0001047862,0001047862,0001047862,0001047862,0001047862,0001047862,0001047862,0001047862,0001047862,0001047862,0001047862,0001047862
fillingDate,2022-02-17,2021-02-18,2020-02-20,2019-02-21,2018-02-15,2017-02-16,2016-02-18,2015-02-19,2014-02-21,2013-02-21,2012-02-21,2011-02-22,2010-02-22,2009-02-23,2008-02-22,2007-02-21,2006-02-22,2005-02-25,2004-02-24,2003-02-27,2002-03-27,2001-04-02,1999-12-31,1998-12-31,1997-12-31,1996-12-31,1995-12-31,1994-12-31
acceptedDate,2022-02-17 17:05:00,2021-02-18 16:43:35,2020-02-20 17:06:22,2019-02-21 17:08:02,2018-02-15 17:11:37,2017-02-16 16:47:46,2016-02-18 16:52:57,2015-02-19 17:03:05,2014-02-20 17:55:32,2013-02-21 16:12:45,2012-02-21 12:18:05,2011-02-22 16:07:08,2010-02-22 13:23:02,2009-02-23 14:19:56,2008-02-22 13:52:18,2007-02-21 17:13:36,2006-02-22 17:08:47,2005-02-25 17:12:18,2004-02-24 16:59:50,2003-02-27 17:14:50,2002-03-27 00:00:00,2001-04-02 00:00:00,1999-12-31,1998-12-31,1997-12-31,1996-12-31,1995-12-31,1994-12-31
calendarYear,2021,2020,2019,2018,2017,2016,2015,2014,2013,2012,2011,2010,2009,2008,2007,2006,2005,2004,2003,2002,2001,2000,1999,1998,1997,1996,1995,1994
period,FY,FY,FY,FY,FY,FY,FY,FY,FY,FY,FY,FY,FY,FY,FY,FY,FY,FY,FY,FY,FY,FY,FY,FY,FY,FY,FY,FY
netIncome,1346000000,1101000000,1343000000,1382000000,1525000000,1245000000,1193000000,1092000000,1062000000,1141000000,1062000000,1003000000,879000000,1196000000,929000000,737000000,719000000,537000000,539000000,658494000,695835000,596428000,714200000,729700000,712800000,694100000,723900000,734300000
depreciationAndAmortization,2032000000,1920000000,1684000000,1438000000,1341000000,1216000000,1130000000,1071000000,1024000000,955000000,884000000,840000000,791000000,0.0,0.0,0.0,0.0,0.0,0.0,0.0,0.0,0.0,0.0,0.0,502800000,496400000,455800000,422400000
deferredIncomeTax,133000000,85000000,308000000,408000000,485000000,783000000,653000000,518000000,40000000,584000000,491000000,659000000,436000000,470000000,335000000,338000000,-79000000,362000000,418000000,301183000,5629000.0,177736000,41800000,86400000,22600000,40600000,69000000,64100000
stockBasedCompensation,0.0,0.0,0.0,0.0,0.0,0.0,0.0,0.0,0.0,0.0,0.0,0.0,0.0,0.0,0.0,0.0,0.0,0.0,0.0,0.0,0.0,0.0,0.0,0.0,0.0,0.0,0.0,0.0
changeInWorkingCapital,-609000000,-38000000,328000000,-978000000,-928000000,447000000,-957000000,912000000,-345000000,-1145000000,-490000000,850000000,177000000,1404000000,-1310000000,190000000,339000000,-190000000,280903000,180567000,-459278000,65508000,-338800000,15100000,-43300000,53100000,-26600000,-28700000
accountsReceivables,-411000000,-543000000,23000000,-140000000,-6000000.0,-69000000,96000000,44000000,-29000000,-99000000,50000000,-126000000,51000000,0.0,0.0,0.0,0.0,0.0,0.0,0.0,0.0,0.0,0.0,0.0,0.0,0.0,0.0,0.0
inventory,-82000000,-4000000.0,6000000.0,-20000000,5000000.0,13000000,22000000,-10000000,-33000000,26000000,-8000000.0,7000000.0,161000000,-111000000,45000000,-41000000,-100000000,-24000000,-87000000,25248000,-20086000,-19980000,56600000,14800000,31800000,-26500000,43300000,17300000
accountsPayables,44000000,170000000,10000000,-46000000,95000000,29000000,-79000000,-9000000.0,-118000000,111000000,-195000000,-22000000,-18000000,0.0,0.0,0.0,0.0,0.0,0.0,0.0,0.0,0.0,0.0,0.0,0.0,0.0,0.0,0.0
otherWorkingCapital,47000000,-2053000000,-2015000000,-2343000000,-1365000000,-437000000,-884000000,73000000,-839000000,-494000000,651000000,1141000000,291000000,114000000,-1290000000,20000000,-170000000,-509000000,-319000000,-599903000,-780470000,-321192000,-386700000,-47900000,-63000000,-19700000,-72800000,-46200000
otherNonCashItems,-169000000,-870000000,-529000000,445000000,944000000,-232000000,1258000000,-762000000,771000000,1064000000,1190000000,-971000000,183000000,-2441000000,1601000000,89000000,-186000000,611000000,81097000,365077000,1107785000,120489000,788200000,534600000,43600000,-176900000,54400000,57800000
netCashProvidedByOperatingActivities,2733000000,2198000000,3134000000,2695000000,3367000000,3459000000,3277000000,2831000000,2552000000,2599000000,3137000000,2381000000,2466000000,629000000,1555000000,1354000000,793000000,1320000000,1319000000,1505321000,1349971000,960161000,1205400000,1365800000,1238500000,1107300000,1276500000,1249900000
investmentsInPropertyPlantAndEquipment,0.0,-3909000000,-3486000000,-3497000000,-3443000000,-3680000000,-3054000000,-2419000000,-2538000000,-2069000000,-1967000000,-2029000000,-2193000000,-2326000000,-1934000000,-1853000000,-1636000000,-1397000000,-1397000000,-1216097000,-1103823000,-958927000,-678200000,-618800000,-654200000,-675200000,-692800000,-757500000
acquisitionsNet,153000000,-27000000,-215000000,-1755000000,-90000000,-1478000000,-299000000,-175000000,-175000000,-337000000,0.0,-12000000,0.0,-32000000,0.0,39000000,0.0,0.0,0.0,0.0,0.0,-98090000,-509100000,0.0,0.0,0.0,0.0,0.0
purchasesOfInvestments,0.0,0.0,0.0,0.0,0.0,0.0,0.0,0.0,0.0,0.0,-20000000,0.0,0.0,0.0,0.0,0.0,0.0,0.0,0.0,0.0,0.0,0.0,0.0,0.0,0.0,0.0,0.0,0.0
salesMaturitiesOfInvestments,0.0,0.0,0.0,0.0,0.0,0.0,0.0,0.0,0.0,0.0,4000000.0,0.0,0.0,0.0,0.0,0.0,0.0,0.0,0.0,0.0,0.0,0.0,0.0,0.0,0.0,0.0,0.0,0.0
otherInvestingActivites,-3637000000,-288000000,-81000000,-219000000,-170000000,182000000,-304000000,-165000000,54000000,-117000000,-167000000,-134000000,-167000000,1287000000,-152000000,-104000000,359000000,-143000000,-130000000,-412016000,379396000,-118603000,1002700000,-26000000,-31600000,-66800000,-28200000,-53700000
netCashUsedForInvestingActivites,-3484000000,-4224000000,-3782000000,-5471000000,-3703000000,-4976000000,-3657000000,-2759000000,-2659000000,-2523000000,-2150000000,-2175000000,-2360000000,-1071000000,-2086000000,-1918000000,-1277000000,-1540000000,-1527000000,-1628113000,-724427000,-1175620000,-184600000,-644800000,-685800000,-742000000,-721000000,-811200000
debtRepayment,-1960000000,-518000000,-1195000000,-1938000000,-911000000,-1210000000,-500000000,-1131000000,-709000000,-305000000,-4000000.0,-1011000000,-662000000,0.0,0.0,0.0,0.0,0.0,0.0,0.0,0.0,0.0,0.0,0.0,0.0,0.0,0.0,0.0
commonStockIssued,775000000,640000000,825000000,705000000,343000000,702000000,0.0,0.0,0.0,0.0,118000000,439000000,257000000,51000000,685000000,510000000,78000000,578000000,431000000,25098000,0.0,0.0,0.0,0.0,0.0,0.0,0.0,14700000
commonStockRepurchased,0.0,0.0,0.0,0.0,0.0,0.0,0.0,0.0,0.0,-239000000,-87000000,0.0,0.0,0.0,0.0,0.0,0.0,0.0,0.0,-37050000,0.0,-68531000,-1117400000,-888900000,0.0,-317000000,0.0,0.0
dividendsPaid,-1030000000,-975000000,-924000000,-842000000,-803000000,-763000000,-733000000,-739000000,-721000000,-712000000,-704000000,-640000000,-612000000,-618000000,-582000000,-533000000,-518000000,-490000000,-455000000,-443624000,-480555000,-462503000,-477100000,-493200000,-512100000,-511500000,-514800000,-505100000
otherFinancingActivites,2676000000,3098000000,2153000000,5013000000,1728000000,2616000000,1862000000,1823000000,1817000000,926000000,0.0,1084000000,1097000000,873000000,544000000,600000000,979000000,109000000,167000000,351472000,101362000,356271000,956400000,580000000,35900000,227700000,56400000,260300000
netCashUsedProvidedByFinancingActivities,461000000,2245000000,859000000,2938000000,357000000,1345000000,629000000,-47000000,387000000,-330000000,-677000000,-128000000,80000000,306000000,647000000,577000000,539000000,197000000,143000000,-104104000,-379193000,-174763000,-638100000,-802100000,-476200000,-600800000,-458400000,-230100000
effectOfForexChangesOnCash,0.0,0.0,0.0,0.0,0.0,0.0,0.0,0.0,0.0,0.0,0.0,0.0,0.0,0.0,0.0,0.0,0.0,0.0,0.0,0.0,0.0,0.0,0.0,0.0,0.0,0.0,0.0,0.0
netChangeInCash,-290000000,219000000,211000000,162000000,21000000,-172000000,249000000,25000000,280000000,-254000000,310000000,78000000,186000000,-136000000,116000000,13000000,55000000,-23000000,-65000000,-226896000,246351000,-390222000,382800000,-81200000,76600000,-235400000,97100000,208400000
cashAtEndOfPeriod,1146000000,1436000000,1217000000,1006000000,797000000,772000000,948000000,699000000,674000000,394000000,648000000,338000000,260000000,74000000,210000000,94000000,81000000,26000000,67000000,132437000,341179000,94828000,485100000,102300000,183500000,106900000,342300000,245200000
cashAtBeginningOfPeriod,1436000000,1217000000,1006000000,844000000,776000000,944000000,699000000,674000000,394000000,648000000,338000000,260000000,74000000,210000000,94000000,81000000,26000000,49000000,132000000,359333000,94828000,485050000,102300000,183500000,106900000,342300000,245200000,36800000
operatingCashFlow,2733000000,2198000000,3134000000,2695000000,3367000000,3459000000,3277000000,2831000000,2552000000,2599000000,3137000000,2381000000,2466000000,629000000,1555000000,1354000000,793000000,1320000000,1319000000,1505321000,1349971000,960161000,1205400000,1365800000,1238500000,1107300000,1276500000,1249900000
capitalExpenditure,-3953000000,-3909000000,-3486000000,-3497000000,-3443000000,-3680000000,-3054000000,-2419000000,-2538000000,-2069000000,-1967000000,-2029000000,-2193000000,-2326000000,-1934000000,-1853000000,-1636000000,-1397000000,-1397000000,-1216097000,-1103823000,-958927000,-678200000,-618800000,-654200000,-675200000,-692800000,-757500000
freeCashFlow,-1220000000,-1711000000,-352000000,-802000000,-76000000,-221000000,223000000,412000000,14000000,530000000,1170000000,352000000,273000000,-1697000000,-379000000,-499000000,-843000000,-77000000,-78000000,289224000,246148000,1234000.0,527200000,747000000,584300000,432100000,583700000,492400000
link,https://www.sec.gov/Archives/edgar/data/1047862/000104786222000039/0001047862-22-000039-index.htm,https://www.sec.gov/Archives/edgar/data/1047862/000104786221000049/0001047862-21-000049-index.htm,https://www.sec.gov/Archives/edgar/data/1047862/000104786220000041/0001047862-20-000041-index.html,https://www.sec.gov/Archives/edgar/data/1047862/000104786219000035/0001047862-19-000035-index.html,https://www.sec.gov/Archives/edgar/data/1047862/000104786218000037/0001047862-18-000037-index.html,https://www.sec.gov/Archives/edgar/data/1047862/000104786217000029/0001047862-17-000029-index.html,https://www.sec.gov/Archives/edgar/data/1047862/000104786216000225/0001047862-16-000225-index.html,https://www.sec.gov/Archives/edgar/data/1047862/000119312515054350/d821872d10k.htm,https://www.sec.gov/Archives/edgar/data/1047862/000119312514061037/d629773d10k.htm,https://www.sec.gov/Archives/edgar/data/1047862/000119312513069310/0001193125-13-069310-index.html,https://www.sec.gov/Archives/edgar/data/1047862/000119312512069828/0001193125-12-069828-index.html,https://www.sec.gov/Archives/edgar/data/1047862/000119312511042145/d10k.htm,https://www.sec.gov/Archives/edgar/data/1047862/000119312510036116/0001193125-10-036116-index.html,https://www.sec.gov/Archives/edgar/data/1047862/000119312509034924/0001193125-09-034924-index.html,https://www.sec.gov/Archives/edgar/data/1047862/000119312508036146/d10k.htm,https://www.sec.gov/Archives/edgar/data/1047862/000119312507036143/d10k.htm,https://www.sec.gov/Archives/edgar/data/1047862/000119312506036760/d10k.htm,https://www.sec.gov/Archives/edgar/data/1047862/000119312505037439/0001193125-05-037439-index.html,https://www.sec.gov/Archives/edgar/data/1047862/000104746904005477/0001047469-04-005477-index.html,https://www.sec.gov/Archives/edgar/data/1047862/000104746903007134/0001047469-03-007134-index.html,https://www.sec.gov/Archives/edgar/data/1047862/000091205702011931/0000912057-02-011931-index.html,https://www.sec.gov/Archives/edgar/data/1047862/000104786201000008/0001047862-01-000008-index.html,,,,,,
finalLink,https://www.sec.gov/Archives/edgar/data/1047862/000104786222000039/ed-20211231.htm,https://www.sec.gov/Archives/edgar/data/1047862/000104786221000049/ed-20201231.htm,https://www.sec.gov/Archives/edgar/data/23632/000104786220000041/ed-20191231x10k.htm,https://www.sec.gov/Archives/edgar/data/23632/000104786219000035/ed-20181231x10k.htm,https://www.sec.gov/Archives/edgar/data/23632/000104786218000037/ed-20171231x10k.htm,https://www.sec.gov/Archives/edgar/data/23632/000104786217000029/ed-20161231x10k.htm,https://www.sec.gov/Archives/edgar/data/23632/000104786216000225/ed-20151231x10k.htm,https://www.sec.gov/Archives/edgar/data/1047862/000119312515054350/d821872d10k.htm,https://www.sec.gov/Archives/edgar/data/1047862/000119312514061037/d629773d10k.htm,https://www.sec.gov/Archives/edgar/data/23632/000119312513069310/d446447d10k.htm,https://www.sec.gov/Archives/edgar/data/23632/000119312512069828/d263151d10k.htm,https://www.sec.gov/Archives/edgar/data/1047862/000119312511042145/d10k.htm,https://www.sec.gov/Archives/edgar/data/23632/000119312510036116/d10k.htm,https://www.sec.gov/Archives/edgar/data/23632/000119312509034924/d10k.htm,https://www.sec.gov/Archives/edgar/data/1047862/000119312508036146/d10k.htm,https://www.sec.gov/Archives/edgar/data/1047862/000119312507036143/d10k.htm,https://www.sec.gov/Archives/edgar/data/1047862/000119312506036760/d10k.htm,https://www.sec.gov/Archives/edgar/data/23632/000119312505037439/d10k.htm,https://www.sec.gov/Archives/edgar/data/1047862/000104746904005477/a2129103z10-k.htm,https://www.sec.gov/Archives/edgar/data/23632/000104746903007134/a2103728z10-k.htm,https://www.sec.gov/Archives/edgar/data/23632/000091205702011931/a2073863z10-k.htm,https://www.sec.gov/Archives/edgar/data/23632/000104786201000008/0001047862-01-000008-0001.txt,,,,,,
