,2021,2020,2019,2018,2017,2016,2015,2014,2013,2012,2011,2010,2009,2008,2007,2006,2005,2004,2003,2002,2001,2000,1999,1998,1997,1996,1995,1994,1993,1992,1991
reportedCurrency,USD,USD,USD,USD,USD,USD,USD,USD,USD,USD,USD,USD,USD,USD,USD,USD,USD,USD,USD,USD,USD,USD,USD,USD,USD,USD,USD,USD,USD,USD,USD
cik,0000885725,0000885725,0000885725,0000885725,0000885725,0000885725,0000885725,0000885725,0000885725,0000885725,0000885725,0000885725,0000885725,0000885725,0000885725,0000885725,0000885725,0000885725,0000885725,0000885725,0000885725,0000885725,0000885725,0000885725,0000885725,0000885725,0000885725,0000885725,0000885725,0000885725,0000885725
fillingDate,2022-02-23,2021-02-23,2020-02-25,2019-02-19,2018-02-20,2017-02-23,2016-02-24,2015-02-25,2014-02-26,2013-02-22,2012-02-17,2011-02-17,2010-02-26,2009-02-27,2008-02-28,2007-03-01,2006-03-01,2004-12-31,2003-12-31,2002-12-31,2001-12-31,2000-12-31,1999-12-31,1998-12-31,1997-12-31,1996-12-31,1995-12-31,1994-12-31,1993-12-31,1992-12-31,1991-12-31
acceptedDate,2022-02-23 16:34:25,2021-02-23,2020-02-25 16:58:01,2019-02-19 17:21:15,2018-02-20 06:20:01,2017-02-23 16:07:23,2016-02-24 16:10:02,2015-02-25 16:11:03,2014-02-26 16:47:07,2013-02-22 16:02:54,2012-02-17 16:40:03,2011-02-17 14:39:34,2010-02-25 19:40:11,2009-02-27 16:05:41,2008-02-27 20:47:35,2007-03-01 17:03:47,2006-03-01 15:32:35,2004-12-31,2003-12-31,2002-12-31,2001-12-31,2000-12-31,1999-12-31,1998-12-31,1997-12-31,1996-12-31,1995-12-31,1994-12-31,1993-12-31,1992-12-31,1991-12-31
calendarYear,2021,2020,2019,2018,2017,2016,2015,2014,2013,2012,2011,2010,2009,2008,2007,2006,2005,2004,2003,2002,2001,2000,1999,1998,1997,1996,1995,1994,1993,1992,1991
period,FY,FY,FY,FY,FY,FY,FY,FY,FY,FY,FY,FY,FY,FY,FY,FY,FY,FY,FY,FY,FY,FY,FY,FY,FY,FY,FY,FY,FY,FY,FY
netIncome,1041000000,-82000000,4700000000,1671000000,104000000,347000000,-239000000,-119000000,-121000000,-4068000000,441000000,-1065000000,-1025000000,-2036000000,-495000000,-3577000000,628000000,1062000000,472000000,373000000,-54000000,373000000,371000000,-264400000,139300000,167100000,8000000.0,79700000,69700000,56600000,41800000
depreciationAndAmortization,1093000000,1123000000,1011000000,894000000,844000000,815000000,769000000,725000000,689000000,683000000,717000000,816000000,834000000,864000000,939000000,781000000,314000000,275000000,196000000,161000000,232000000,181000000,178000000,128600000,86700000,61400000,40000000,9100000.0,6400000.0,4600000.0,3400000.0
deferredIncomeTax,-124000000,-82000000,-4301000000,-87000000,245000000,-305000000,-532000000,-397000000,-223000000,-166000000,46000000,-110000000,-64000000,-334000000,-386000000,-420000000,4000000.0,30000000,-31000000,142000000,8000000.0,2000000.0,-29000000,-151400000,-52200000,-12400000,-22000000,0.0,0.0,0.0,0.0
stockBasedCompensation,194000000,170000000,157000000,140000000,127000000,116000000,107000000,103000000,105000000,108000000,128000000,150000000,144000000,138000000,0.0,0.0,0.0,0.0,0.0,0.0,0.0,0.0,0.0,0.0,0.0,0.0,0.0,0.0,0.0,0.0,0.0
changeInWorkingCapital,-351000000,3180000000,1090000000,575000000,-1484000000,-1389000000,281000000,-427000000,-63000000,-48000000,292000000,-33000000,-1180000000,-452000000,400000000,1119000000,468000000,197000000,202000000,10000000,102000000,173000000,353100000,-609100000,-29100000,19100000,75900000,31100000,-34900000,130500000,-15300000
accountsReceivables,-279000000,335000000,-130000000,-110000000,-30000000,-216000000,-17000000,53000000,-101000000,37000000,42000000,52000000,1000000.0,96000000,0.0,0.0,0.0,0.0,0.0,0.0,0.0,0.0,0.0,0.0,0.0,0.0,0.0,0.0,0.0,0.0,0.0
inventory,-346000000,-65000000,-290000000,-83000000,-107000000,40000000,3000000.0,-81000000,-7000000.0,66000000,-54000000,-5000000.0,-92000000,-120000000,-30000000,-53000000,-77000000,-57000000,-21000000,63000000,53000000,15000000,68000000,-25700000,-175100000,-87900000,-45000000,-11400000,-1400000.0,-4800000.0,-10500000
accountsPayables,408000000,0.0,0.0,0.0,0.0,0.0,0.0,0.0,0.0,0.0,0.0,0.0,0.0,0.0,0.0,0.0,0.0,0.0,0.0,0.0,0.0,0.0,0.0,0.0,0.0,0.0,0.0,0.0,0.0,0.0,0.0
otherWorkingCapital,0.0,3013000000,-167000000,-1257000000,-1832000000,-348000000,1041000000,760000000,1187000000,1250000000,1298000000,1006000000,1039000000,2219000000,2671000000,2271000000,1152000000,684000000,487000000,285000000,275000000,173000000,0.0,-353100000,256000000,285100000,266000000,190100000,159000000,193900000,63400000
otherNonCashItems,17000000,-2801000000,-821000000,-2883000000,1590000000,1388000000,214000000,1384000000,695000000,4751000000,-616000000,567000000,2126000000,3036000000,476000000,3942000000,-511000000,240000000,-52000000,50000000,202000000,10000000,-146100000,1154800000,-64200000,-100900000,-76900000,-52100000,24600000,-149200000,-300000.0
netCashProvidedByOperatingActivities,1870000000,1508000000,1836000000,310000000,1426000000,972000000,600000000,1269000000,1082000000,1260000000,1008000000,325000000,835000000,1216000000,934000000,1845000000,903000000,1804000000,787000000,736000000,490000000,739000000,727000000,258500000,80500000,134300000,25000000,67800000,65800000,42500000,29600000
investmentsInPropertyPlantAndEquipment,-554000000,-376000000,-461000000,-316000000,-319000000,-376000000,-247000000,-259000000,-245000000,-226000000,-304000000,-272000000,-312000000,-362000000,-363000000,-341000000,-341000000,-274000000,-188000000,-112000000,-121000000,-76000000,-80000000,-2234000000,-238200000,-135300000,-69000000,-35800000,-35800000,-10400000,-7300000.0
acquisitionsNet,-1432000000,12000000,-4292000000,-1448000000,-560000000,-408000000,-1734000000,-474000000,-244000000,-356000000,1063000000,-211000000,-527000000,535000000,-261000000,-9083000000,-211000000,-804000000,-13000000,-187000000,-704000000,0.0,-128000000,0.0,0.0,0.0,0.0,0.0,0.0,0.0,0.0
purchasesOfInvestments,0.0,-146000000,-348000000,-172000000,-131000000,-132000000,-266000000,-26000000,-44000000,-22000000,-11000000,0.0,0.0,0.0,-2000000.0,-98000000,-108000000,-683000000,-235000000,0.0,0.0,0.0,0.0,0.0,-7800000.0,-22200000,-35000000,-29200000,-400000.0,-41800000,0.0
salesMaturitiesOfInvestments,294000000,0.0,0.0,0.0,0.0,0.0,61000000,14000000,5000000.0,9000000.0,5000000.0,4000000.0,91000000,0.0,243000000,192000000,246000000,495000000,67000000,31000000,20000000,15000000,5000000.0,11600000,33900000,40800000,97000000,43200000,0.0,0.0,0.0
otherInvestingActivites,95000000,99000000,60000000,15000000,0.0,29000000,0.0,0.0,53000000,16000000,16000000,-1000000.0,-45000000,151000000,-91000000,18000000,-137000000,-356000000,-502000000,-200000000,5000000.0,-46000000,18000000,-2400000.0,-38900000,-281500000,-157000000,-21700000,-12800000,1700000.0,-3500000.0
netCashUsedForInvestingActivites,-1597000000,-411000000,-5041000000,-1921000000,-1010000000,-887000000,-2186000000,-745000000,-475000000,-579000000,769000000,-480000000,-793000000,324000000,-474000000,-9312000000,-551000000,-1622000000,-871000000,-468000000,-800000000,-107000000,-185000000,-2224800000,-251000000,-398200000,-164000000,-43500000,-49000000,-50500000,-10800000
debtRepayment,0.0,-6843000000,-4560000000,-1171000000,-3216000000,-820000000,-1715000000,-810000000,-1790000000,-390000000,-1815000000,-1700000000,-2825000000,-1425000000,0.0,0.0,0.0,0.0,0.0,0.0,0.0,0.0,0.0,0.0,0.0,0.0,0.0,0.0,0.0,0.0,0.0
commonStockIssued,0.0,975000000,123000000,101000000,85000000,111000000,114000000,60000000,74000000,21000000,21000000,31000000,33000000,71000000,132000000,1545000000,94000000,225000000,260000000,107000000,42000000,29000000,704000000,99800000,96200000,71600000,32000000,16000000,400000.0,121900000,0.0
commonStockRepurchased,0.0,-535000000,0.0,0.0,0.0,0.0,0.0,-125000000,-500000000,-600000000,-492000000,0.0,0.0,0.0,-60000000,0.0,-734000000,-360000000,-570000000,0.0,0.0,-222000000,-127000000,0.0,-186700000,-49800000,0.0,0.0,-57400000,0.0,0.0
dividendsPaid,-55000000,-28000000,0.0,0.0,0.0,0.0,0.0,0.0,0.0,0.0,0.0,0.0,0.0,0.0,0.0,0.0,0.0,0.0,0.0,0.0,0.0,0.0,0.0,0.0,0.0,0.0,0.0,0.0,0.0,-20000000,0.0
otherFinancingActivites,-40000000,6724000000,7410000000,2502000000,3241000000,503000000,2923000000,725000000,1620000000,225000000,565000000,1173000000,1972000000,4000000.0,-752000000,6894000000,-314000000,574000000,797000000,-282000000,395000000,-445000000,-1121000000,1877600000,252400000,185900000,-26000000,-10900000,6000000.0,-4000000.0,-13200000
netCashUsedProvidedByFinancingActivities,-95000000,293000000,2973000000,1432000000,110000000,-206000000,1322000000,-150000000,-596000000,-744000000,-1721000000,-496000000,-820000000,-1350000000,-680000000,8439000000,-954000000,439000000,487000000,-175000000,437000000,-638000000,-544000000,1977400000,161900000,207700000,6000000.0,5100000.0,-51000000,97900000,-13200000
effectOfForexChangesOnCash,-6000000.0,-2000000.0,10000000,-8000000.0,4000000.0,-2000000.0,-4000000.0,-4000000.0,-1000000.0,3000000.0,-2000000.0,0.0,1000000.0,-1000000.0,4000000.0,7000000.0,-5000000.0,4000000.0,8000000.0,4000000.0,-1000000.0,-4000000.0,-4000000.0,1300000.0,-5600000.0,-2600000.0,-5000000.0,-100000.0,-300000.0,-500000.0,0.0
netChangeInCash,173000000,1388000000,-222000000,-188000000,530000000,-123000000,-268000000,370000000,10000000,-60000000,54000000,-651000000,-777000000,189000000,-216000000,979000000,-607000000,625000000,411000000,97000000,126000000,-10000000,-6000000.0,0.0,0.0,0.0,-139000000,0.0,0.0,0.0,0.0
cashAtEndOfPeriod,2168000000,1995000000,607000000,829000000,1017000000,196000000,319000000,587000000,217000000,207000000,267000000,213000000,864000000,1641000000,1452000000,1668000000,689000000,1296000000,671000000,277000000,180000000,54000000,64000000,0.0,0.0,0.0,115000000,0.0,0.0,0.0,0.0
cashAtBeginningOfPeriod,1995000000,607000000,829000000,1017000000,487000000,319000000,587000000,217000000,207000000,267000000,213000000,864000000,1641000000,1452000000,1668000000,689000000,1296000000,671000000,260000000,180000000,54000000,64000000,70000000,58000000,72200000,117300000,254000000,60800000,95400000,5900000.0,300000.0
operatingCashFlow,1870000000,1508000000,1836000000,310000000,1426000000,972000000,600000000,1269000000,1082000000,1260000000,1008000000,325000000,835000000,1216000000,934000000,1845000000,903000000,1804000000,787000000,736000000,490000000,739000000,727000000,258500000,80500000,134300000,25000000,67800000,65800000,42500000,29600000
capitalExpenditure,-554000000,-376000000,-461000000,-316000000,-319000000,-376000000,-247000000,-259000000,-245000000,-226000000,-304000000,-278000000,-362000000,-362000000,-363000000,-341000000,-341000000,-274000000,-188000000,-112000000,-121000000,-76000000,-80000000,-2234000000,-238200000,-135300000,-69000000,-35800000,-35800000,-10400000,-7300000.0
freeCashFlow,1316000000,1132000000,1375000000,-6000000.0,1107000000,596000000,353000000,1010000000,837000000,1034000000,704000000,47000000,473000000,854000000,571000000,1504000000,562000000,1530000000,599000000,624000000,369000000,663000000,647000000,-1975500000,-157700000,-1000000.0,-44000000,32000000,30000000,32100000,22300000
link,https://www.sec.gov/Archives/edgar/data/885725/000088572522000006/0000885725-22-000006-index.htm,https://www.sec.gov/Archives/edgar/data/885725/000088572521000008/0000885725-21-000008-index.htm,https://www.sec.gov/Archives/edgar/data/885725/000088572520000012/0000885725-20-000012-index.html,https://www.sec.gov/Archives/edgar/data/885725/000088572519000011/0000885725-19-000011-index.html,https://www.sec.gov/Archives/edgar/data/885725/000088572518000010/0000885725-18-000010-index.html,https://www.sec.gov/Archives/edgar/data/885725/000088572517000006/0000885725-17-000006-index.html,https://www.sec.gov/Archives/edgar/data/885725/000088572516000028/0000885725-16-000028-index.html,https://www.sec.gov/Archives/edgar/data/885725/000088572515000006/a2014form10-k.htm,https://www.sec.gov/Archives/edgar/data/885725/000088572514000005/a2013form10-k.htm,https://www.sec.gov/Archives/edgar/data/885725/000088572513000007/0000885725-13-000007-index.html,https://www.sec.gov/Archives/edgar/data/885725/000088572512000006/0000885725-12-000006-index.html,https://www.sec.gov/Archives/edgar/data/885725/000095012311015112/b83548e10vk.htm,https://www.sec.gov/Archives/edgar/data/885725/000095012310017254/0000950123-10-017254-index.html,https://www.sec.gov/Archives/edgar/data/885725/000107261309000419/0001072613-09-000419-index.html,https://www.sec.gov/Archives/edgar/data/885725/000107261308000584/form10-k_15759.htm,https://www.sec.gov/Archives/edgar/data/885725/000107261307000570/form10-k_14949.htm,https://www.sec.gov/Archives/edgar/data/885725/000104746906002665/a2167817z10-k.htm,,,,,,,,,,,,,,
finalLink,https://www.sec.gov/Archives/edgar/data/885725/000088572522000006/bsx-20211231.htm,https://www.sec.gov/Archives/edgar/data/885725/000088572521000008/bsx-20201231.htm,https://www.sec.gov/Archives/edgar/data/885725/000088572520000012/a2019form10-k.htm,https://www.sec.gov/Archives/edgar/data/885725/000088572519000011/a2018form10-k.htm,https://www.sec.gov/Archives/edgar/data/885725/000088572518000010/a2017form10-k.htm,https://www.sec.gov/Archives/edgar/data/885725/000088572517000006/a2016form10-k.htm,https://www.sec.gov/Archives/edgar/data/885725/000088572516000028/a2015form10-k.htm,https://www.sec.gov/Archives/edgar/data/885725/000088572515000006/a2014form10-k.htm,https://www.sec.gov/Archives/edgar/data/885725/000088572514000005/a2013form10-k.htm,https://www.sec.gov/Archives/edgar/data/885725/000088572513000007/a2012form10k.htm,https://www.sec.gov/Archives/edgar/data/885725/000088572512000006/a2011form10k.htm,https://www.sec.gov/Archives/edgar/data/885725/000095012311015112/b83548e10vk.htm,https://www.sec.gov/Archives/edgar/data/885725/000095012310017254/b78158e10vk.htm,https://www.sec.gov/Archives/edgar/data/885725/000107261309000419/form10-k_16329.htm,https://www.sec.gov/Archives/edgar/data/885725/000107261308000584/form10-k_15759.htm,https://www.sec.gov/Archives/edgar/data/885725/000107261307000570/form10-k_14949.htm,https://www.sec.gov/Archives/edgar/data/885725/000104746906002665/a2167817z10-k.htm,,,,,,,,,,,,,,
