,2021,2020,2019,2018,2017,2016,2015,2014,2013,2012,2011,2010,2009,2008,2007,2006,2005,2004,2003,2002,2001,2000,1999,1998,1997,1996,1995
period,FY,FY,FY,FY,FY,FY,FY,FY,FY,FY,FY,FY,FY,FY,FY,FY,FY,FY,FY,FY,FY,FY,FY,FY,FY,FY,FY
revenueGrowth,0.1929497274379164,0.17673052799635078,0.02798862870373084,0.014841472845160906,0.0690959966930586,0.1806952995945337,0.09325233951732063,0.05751117670037762,0.06637352464707244,0.10240840902132871,0.053939230976068835,0.01918333790079474,-0.05744691842744227,0.050298426478567554,0.19187738472482702,0.07129000969932105,0.13403519798868635,0.03868124693977477,0.10466059677273956,-0.02607550482879719,-0.42061599862860466,0.10897557398318948,0.09358420727945713,0.18658956152551057,-0.24574867491166077,0.1159581022797289,0.14135021097046413
grossProfitGrowth,0.23132923308648173,0.20353492119442065,0.007201906983821068,-0.08356960260283523,0.059069652965788824,0.14373381375971175,0.11591380285229629,0.04951866016088619,0.13910169746131892,0.11760261898766054,0.08339396144052383,0.04059808838837892,-0.08661077016163886,0.06040329972502292,0.18599847809544515,0.08325482807348092,0.14555510589504925,0.04042105263157895,0.04518116473522077,0.04828540673535291,-0.34677092080890715,0.15008780036968578,0.10832266325224071,0.17585064739536285,-0.1378504672897196,0.1653305097564665,0.27946584091348947
ebitgrowth,0.681939107301212,3.017292784734645,-1.7486607142857142,-0.4567062818336163,0.008191710478053551,0.17870010087908922,0.08727671576308367,0.04417539267015707,0.24989775051124744,0.03821656050955414,0.09534883720930233,0.0549558390578999,-0.14585079631181894,-0.01851090086384204,0.1148819078193075,0.033412322274881515,0.12293773283661522,0.20448717948717948,-0.11187019641332195,0.38416075650118203,-0.44270610322453147,0.09870928829915561,0.13344271260596116,0.12905217659771534,0.0292341912932952,0.11398230088495576,0.3194768799626343
operatingIncomeGrowth,0.681939107301212,3.017292784734645,-1.7486607142857142,-0.4567062818336163,0.008191710478053551,0.17870010087908922,0.08727671576308367,0.04417539267015707,0.24989775051124744,0.03821656050955414,0.09534883720930233,0.0549558390578999,-0.14585079631181894,-0.01851090086384204,0.1148819078193075,0.033412322274881515,0.12293773283661522,0.20448717948717948,-0.11187019641332195,0.38416075650118203,-0.44270610322453147,0.09870928829915561,0.13344271260596116,0.12905217659771534,0.0292341912932952,0.11398230088495576,0.3194768799626343
netIncomeGrowth,0.43087867717746586,2.304162487462387,-2.3302201467645096,-0.4895283500766218,0.2015139116202946,0.13912840829643439,0.16793685356559607,0.04434337691870381,0.292907019478133,0.1683125805066552,-0.12673415823022122,0.14023086789226166,-0.14259530791788858,0.0003667033370003667,-0.006557377049180328,0.11359026369168357,0.05027694929697486,0.42328684050939963,-0.07359550561797752,0.4530612244897959,-0.4627711361184447,0.056146364057434,0.11633919338159256,0.05280348394120849,0.03434684684684685,0.2024373730534868,0.22776392352452202
epsgrowth,0.4275700934579439,2.2969696969696973,-2.3253012048192767,-0.4907975460122699,0.19268292682926833,0.13573407202216062,0.19141914191419146,0.044827586206896516,0.27753303964757703,0.18848167539267022,-0.10747663551401879,0.15675675675675677,-0.1314553990610328,0.02898550724637684,-0.0416666666666668,0.13684210526315801,0.061452513966480375,0.4552845528455285,-0.06106870229007639,0.4555555555555556,-0.47058823529411764,0.08280254777070056,0.14598540145985398,0.07874015748031503,0.04098360655737709,0.24489795918367346,0.20987654320987645
epsdilutedGrowth,0.41981132075471683,2.284848484848485,-2.336032388663967,-0.48861283643892334,0.19554455445544555,0.13802816901408457,0.19528619528619515,0.04577464788732406,0.2792792792792791,0.1808510638297874,-0.10900473933649289,0.1530054644808742,-0.12440191387559799,0.03465346534653457,-0.047169811320754755,0.13978494623655913,0.05681818181818187,0.4545454545454546,-0.06201550387596905,0.46590909090909094,-0.47619047619047616,0.0838709677419354,0.15671641791044771,0.08064516129032265,0.016393442622950834,0.24489795918367346,0.20987654320987645
weightedAverageSharesGrowth,0.0032921810699588477,0.004962779156327543,0.004152823920265781,0.002497918401332223,0.006705783738474434,0.005054759898904802,-0.020627062706270627,0,0.010842368640533779,-0.016406890894175553,-0.023237179487179488,-0.011876484560570071,-0.01405152224824356,-0.029545454545454545,0.03855232100708104,-0.020046260601387818,-0.012185833968012186,-0.02379182156133829,-0.012481644640234948,-0.0043859649122807015,0.017857142857142856,-0.022239682227896723,-0.027864806184006732,-0.019662629218001427,-0.008830522684478896,-0.03857766736919997,0.018498331180017227
weightedAverageSharesDilutedGrowth,0.006514657980456026,0.006557377049180328,0.004942339373970346,-0.0008230452674897119,0.0033030553261767133,0.0016542597187758478,-0.021052631578947368,-0.0016168148746968471,0.009795918367346938,-0.009700889248181084,-0.022134387351778657,-0.0109460516028147,-0.019171779141104295,-0.03478904515173945,0.04404945904173107,-0.02118003025718608,-0.009737827715355805,-0.023408924652523776,-0.012996389891696752,-0.0035971223021582736,0.021938595459357724,-0.025694290237315818,-0.03324030664182877,-0.023102734443707803,-0.008974639792571872,-0.018136435976502545,0.02223140746124031
dividendsperShareGrowth,-0.0006515137413121428,-0.0007196739222883451,0.00010432665070511794,0.0001697472317461595,0.18116565298799225,0.1379345164159095,0.1609098567818028,0.13589503280224935,0.22738986107913114,0.044618025973456564,1.1263330598851515,0.6853047520661159,0.19731185910433913,0.02048897487243888,-0.018148231079265564,0.025508097623295083,0.3632793626317142,0.3597853999150765,0.0037566034044219047,-0.6455040165846074,-0.39410139891294665,0.030101436298076992,0.026689107186435777,0.022018650705787016,0.05347948128442442,0.03183776665079252,0.04424257701205465
operatingCashFlowGrowth,0.41069541323187486,2.0152963671128106,-0.5331746504016661,-0.17622549019607844,0.02538326212616235,0.07236221533486054,0.20431678026614736,0.0881158396609571,0.14104372355430184,0.21433814533887938,0.15910380034032898,-0.15726577437858508,-0.05914099392849112,-0.01155812402756168,0.2019770237777184,0.10805210183540556,0.08722240102993241,0.05752212389380531,0.1822937625754527,-0.025872206977655823,-0.10228212482184647,-0.1248383122882661,0.12314078173642339,-0.012636612021857924,-0.05181347150259067,0.9312070043777361,-0.016605166051660517
freeCashFlowGrowth,0.649457039436083,7.117715617715618,-1.2449329146445904,-0.4140180662428906,-0.03937007874015748,0.04430273535828159,0.12476406191015478,0.0968944099378882,0.12247269346967232,0.28948157027270005,0.3200158227848101,-0.272936439459304,0.04039497307001795,0.008449004224502113,0.028234564070741545,0.005302557704304429,0.08973487423521415,0.053724928366762174,0.18455663979635129,0.13317307692307692,-0.15800722980330564,-0.06249335863377609,2.1246265471617582,-1.907436096049574,0.021360759493670885,0.9719188767550702,-0.0997191011235955
tenYRevenueGrowthPerShare,1.5124502500255128,1.279970388960261,1.0083677706322887,0.8754536848036465,1.0050681223776714,1.1667968298334739,1.0163761987136286,1.0737219777917453,1.0864376608217374,1.2123976176246516,0.9309472998852669,0.01864683647609464,0.12013955522575377,0.3180931427434901,0.47412241328444404,-0.02254108277753529,0.03784074343798262,-0.09597709994232755,-0.1503509366976113,-0.24045082437392729,-0.2235354759614172,0.36408661629789774,0.20268633025845464,0.06912087883404772,-0.11671298535877378,0.1607366132488965,0
fiveYRevenueGrowthPerShare,0.5322834884746795,0.5138837131837417,0.44323744955030664,0.4908510615900613,0.5536223092651518,0.6396771673931865,0.5060406351591012,0.3915712700346495,0.257975215044881,0.29057629413550906,0.32147771093154864,0.3388590929358387,0.49020177582432456,0.6585681783462636,0.7142710800422871,0.4612030788806004,-0.23916800367511817,-0.24833027755175371,-0.20528250815848684,-0.14008791815581415,-0.3310588162931622,0.36408661629789774,0.20268633025845464,0.06912087883404772,-0.11671298535877378,0.1607366132488965,0
threeYRevenueGrowthPerShare,0.42531302788447783,0.2134734189572623,0.10056922283168775,0.2629233024123923,0.39262621268244824,0.38677304604710694,0.24532641376229825,0.2503682095936914,0.27579062826960304,0.24736791941580993,0.06394487616916682,0.0671616094160857,0.18738706023609394,0.35781998159649286,0.4403099584785632,0.3353423221075743,0.3663904546832308,0.1642810097177746,-0.37712968285817633,-0.36845613314416964,-0.2737355154027368,0.5443299784634136,0.03614059945273982,0.06912087883404772,-0.11671298535877378,0.1607366132488965,0
tenYOperatingCFGrowthPerShare,2.2659652556887693,1.7563790676666455,-0.21650124069478907,0.6082517087558373,0.9934488171022927,1.2651095680363615,1.4004465686340524,1.1485355648535565,1.1390179776997442,1.2686933947303505,0.7979456977575428,0.3362767297980994,0.4024032123202342,0.6978921609528186,0.6789417406648453,0.38775788005038664,1.4653223704290899,1.2399100304026651,1.067681083204884,0.7270437240970175,0.7651369596860611,1.0013606860407547,1.2359880326529586,0.935360815705329,0.9215889070671803,1.0086978831594786,0
fiveYOperatingCFGrowthPerShare,0.6415306693199181,0.24564690459673166,-0.4894861083258231,0.194890420594604,0.6414288381818966,0.989585279598736,1.2128093101624184,0.5347256403460614,0.3459407499103856,0.21445948233144582,0.13848327652142353,0.08479594586388538,0.39994765733443316,0.5892363596556257,0.8680684104627765,0.5792464718946705,0.2318231229505061,0.0017540334261328737,0.06836981839550771,-0.10124183286792955,-0.12125313891918921,1.0013606860407547,1.2359880326529586,0.935360815705329,0.9215889070671803,1.0086978831594786,0
threeYOperatingCFGrowthPerShare,0.9612839356230898,0.14619765190026618,-0.6108982829831804,-0.10698180300941793,0.33637418347417414,0.42764276692620556,0.5103813714325094,0.516415245635158,0.6537742259761994,0.24950145675889898,-0.034209492790210065,-0.17105510626293022,0.12490034181514648,0.3329023404875834,0.4403417015341702,0.3481703434043937,0.4274811552429458,0.26897236960073895,0.033137653610718965,-0.22761495192444664,-0.08795458430175514,0.04151344685650053,0.11315297905127254,0.935360815705329,0.9215889070671803,1.0086978831594786,0
tenYNetIncomeGrowthPerShare,2.1953628166595105,1.003097760928032,-2.7811560792983787,0.16925680283707284,1.3670410338286116,0.8971162992379654,0.902089061520085,0.695852861809402,1.3675264736904258,0.736466718520115,1.133613701428069,0.25959505931613885,0.1790740742778119,0.5569654007703071,0.6220591502944524,0.7695814372594467,0.9475964010484065,0.8317676265829802,0.2563781854608331,0.3392600391514728,-0.08236069537983978,0.7385992889987749,0.6095623212289459,0.4016458334379771,0.3051683548540218,0.2506859183967385,0
fiveYNetIncomeGrowthPerShare,0.49003066558003455,0.18413925979631984,-2.0881588953831565,-0.14214887271724538,1.1548033137887972,1.1444946674407064,0.6916065778214117,0.6368529328349679,0.3630066635695828,0.09849517061797916,-0.11535508665916551,0.12442756280230934,0.03604473425248317,0.7369881871964606,0.5807686414708887,1.4118306331187076,0.12021005263955266,0.13805324740975192,-0.10364076609911467,0.02612052626824838,-0.26629116781254936,0.7385992889987749,0.6095623212289459,0.4016458334379771,0.3051683548540218,0.2506859183967385,0
threeYNetIncomeGrowthPerShare,1.4517761636004534,-0.12462612261314414,-1.8050782524411162,-0.31119332668004035,0.6131712050881206,0.4115541340022597,0.5929364018568178,0.5866120532190616,0.358265860331815,0.22541301162683303,-0.10283866878047732,0.03442074976728445,-0.1425080077936275,0.12051658424817084,0.15574718208932098,0.7615640025020529,0.4542331915483441,0.9961738968245333,-0.27736184328917074,-0.1679352694284554,-0.3453130008103678,0.3320881421410426,0.286943666314124,0.4016458334379771,0.3051683548540218,0.2506859183967385,0
tenYShareholdersEquityGrowthPerShare,1.105498120300752,0.9241192554345367,0.6823464907522833,1.519471693967381,1.4935195513172985,2.384788248436046,2.0782061261208704,3.5520276292335113,5.872596378076569,8.936705927639549,6.845940978989409,3.748728269889545,7.082772134550213,2.9526040216278853,3.37570062965083,1.2582929366080302,1.7087486097166464,0.7079331882515666,0.18296664583872452,-0.30505388394010935,-0.23765977827751794,0.22233539464420474,-0.3282342442397965,0.11011954688589101,0.03751463094141232,0.25056416531468695,0
fiveYShareholdersEquityGrowthPerShare,0.3174403734414662,0.3394709310163126,0.17494591662481396,0.35978173333639474,0.6393098171690499,0.5981733691678905,0.4364770529022432,0.4318501532266642,0.8528500804210258,0.5210788864934616,1.1179105557229874,1.1428856937893266,2.179122912391041,2.7092026228667665,5.532669683257919,2.7045667286506605,1.2160436665626493,1.5424534871069524,0.06562094970508744,-0.33018186410603617,-0.3904029534297028,0.22233539464420474,-0.3282342442397965,0.11011954688589101,0.03751463094141232,0.25056416531468695,0
threeYShareholdersEquityGrowthPerShare,0.13916383139493782,-0.013390975540953176,-0.04440056817767053,0.3258553390410807,0.45605856005107026,0.17577554205504217,0.2074602158601066,0.29981605274014245,0.4006371194054488,0.2717899023605524,0.3631411020120069,0.27857402031930334,0.9226132932925329,0.619885643787335,1.6580977845683726,1.3873371504087981,2.8977822123452315,1.2403818394791621,-0.03220781217493879,0.034506612016051846,-0.3132809670264793,0.17813798301339726,-0.46282983761080104,0.11011954688589101,0.03751463094141232,0.25056416531468695,0
tenYDividendperShareGrowthPerShare,1.2700119474313023,3.8299482277976895,7.145797018231035,8.75204197390811,8.950162304359893,7.271138290272897,6.453960813099002,7.753333333333334,9.478657379012237,7.569421886659936,1.9080731554311634,-0.17134456027800052,-0.49350456787867714,-0.5656826255879149,-0.5650315996503495,-0.5332999345928165,-0.530419355730509,-0.655550683784284,-0.7466884728743021,-0.7476365024483564,-0.28810618636564855,0.17493886329681277,0.14060501412292434,0.11095462700355957,0.08701991518095586,0.03183776665079252,0
fiveYDividendperShareGrowthPerShare,0.17986991084478834,0.34348999862626695,0.5607940446650124,0.7727132613251051,1.1754410084619407,0.9239510445740335,2.5950756855178407,4.2190082644628095,4.501195363438782,3.5738598590612947,3.2990378126300723,1.073380775577558,0.6772024280812878,0.9047964463603518,0.8735645933014355,-0.3235525524135696,-0.6003361034872283,-0.6980117464409162,-0.7719875132894277,-0.7678391223314132,-0.31007195448460506,0.17493886329681277,0.14060501412292434,0.11095462700355957,0.08701991518095586,0.03183776665079252,0
threeYDividendperShareGrowthPerShare,-0.0012665351379457528,-0.0004457795872477143,0.18148940056177648,0.3443173215551452,0.5603663613655288,0.5005620885971039,0.6185243235830018,0.45639187574671447,1.726285531778984,2.7434087635012654,3.290590047820084,1.0591787439613527,0.19966925258103882,0.027527225790494842,0.3726818181818183,0.9010534524414614,0.8607312421377267,-0.5161507100936338,-0.7844045038948495,-0.7787459335818367,-0.35920532096395824,0.08088071514423087,0.10541119058393819,0.11095462700355957,0.08701991518095586,0.03183776665079252,0
receivablesGrowth,0.15382175705677134,0.18511557977823717,0.1342997228735877,0.05463129496402878,0.026540503115624278,0.2387078330474557,0.037366548042704624,0.08879560865353568,-0.02302839116719243,0.11462728551336146,0.08301599390708302,0.01507537688442211,0.020915548539857932,-0.14334009465855307,0.20833333333333334,0.13333333333333333,0.058823529411764705,0.08108108108108109,-0.059322033898305086,-0.2464312546957175,-0.40771264050693745,0.15035577169183517,0.10648541489662985,0.30439601034355374,-0.1144913313706248,0.1835075493612079,0
inventoryGrowth,0,0,0,0,0,0,0,0,0,0,0,0,0,0,0,0,0,0,0,0,0,0,0,0,0,0,0
assetGrowth,0.14868182858569676,0.2152990264255911,0.10565900575966002,-0.011087455415157463,0.08544417767106843,0.4779330228432025,-0.03534294638654743,0.029582149386550363,0.00638425217796103,0.28572650059852933,0.02184296365330848,-0.03292494014927475,0.08901021378400761,-0.07480348477539091,0.9679995532223835,-0.02233142233142233,0.17614949910095043,0.0025107834932080087,0.030791691552193245,0.059257697174188106,-0.31263308493228525,0.12492499184693988,0.006014873140857393,0.5536487978931272,-0.09648449493398834,0.2364050488753915,0
bookValueperShareGrowth,0.12758434164113888,0.22266097116532638,-0.17371265373482553,-0.023419760492579267,0.18423215315463246,0.14644008058750865,0.0724835322833393,-0.04372582257573635,0.17733422550820935,0.15451531508086613,0.03044819796290206,0.06902905753376866,0.2374428165910239,-0.03347915101703765,0.6075170027443015,0.042599601592670226,0.5859804284789545,0.44377121219731397,0.7022422580699476,-0.08840423703516379,-0.37632484090474805,0.8195857472087835,-0.3948707977941271,0.06997965501325212,-0.1703627373007802,0.2505641653146887,-0.04127454072427415
debtGrowth,0.2093230403800475,0.29438893159108376,0.2834756213242269,-0.025440964390045482,0.012012573909138537,1.2357764390896921,-0.21682720660507177,0.05832177531206657,-0.16681111688912,0.7081523884721674,0.013605442176870748,-0.1486244783238225,-0.037070450258344954,-0.12109853672601456,1.7531256201627308,-0.09386800935083618,-0.14995414246407826,-0.2055859137826351,-0.10924824229313142,0.22353096876654313,-0.27913007141916735,0.03411404893449092,0.10546406369287818,1.602611410729492,-0.03874488403819918,0.1343237387805633,0
rdexpenseGrowth,0,0,0,0,0,0,0,0,0,0,0,0,0,0,0,0,0,0,0,0,0,0,0,0,0,0,0
sgaexpensesGrowth,0,0,0,0,0,0,0,0,0,0,0,0,0,0,0,0,0,0,0,-1,-0.14110774357427974,0.2010988336402701,0.045906902086677366,0.18351063829787234,-0.28826392644672794,0.22612732095490717,0
