,2021,2020,2019,2018,2017,2016,2015,2014,2013,2012,2011,2010,2009,2008,2007,2006,2005,2004,2003,2002,2001,2000,1999,1998,1997,1996,1995,1994
reportedCurrency,USD,USD,USD,USD,USD,USD,USD,USD,USD,USD,USD,USD,USD,USD,USD,USD,USD,USD,USD,USD,USD,USD,USD,USD,USD,USD,USD,USD
cik,0000715957,0000715957,0000715957,0000715957,0000715957,0000715957,0000715957,0000715957,0000715957,0000715957,0000715957,0000715957,0000715957,0000715957,0000715957,0000715957,0000715957,0000715957,0000715957,0000715957,0000715957,0000715957,0000715957,0000715957,0000715957,0000715957,0000715957,0000715957
fillingDate,2022-02-24,2021-02-25,2020-02-28,2019-02-28,2018-02-27,2017-02-28,2016-02-26,2015-02-27,2014-02-28,2013-02-28,2012-02-28,2011-02-28,2010-02-26,2009-02-26,2008-02-28,2007-02-28,2006-03-02,2005-02-28,2004-03-01,2003-03-20,2002-03-11,2000-12-31,1999-12-31,1999-03-01,1998-03-20,1996-12-31,1995-12-31,1994-12-31
acceptedDate,2022-02-24 12:58:30,2021-02-25 08:17:20,2020-02-28 08:56:19,2019-02-28 17:17:16,2018-02-27 09:13:42,2017-02-28 08:30:57,2016-02-26 12:51:50,2015-02-27 10:12:32,2014-02-27 17:37:14,2013-02-28 12:09:51,2012-02-28 17:20:58,2011-02-28 16:10:25,2010-02-26 16:06:23,2009-02-26 16:36:53,2008-02-28 09:40:33,2007-02-28 16:14:01,2006-03-02 08:40:52,2005-02-28 16:41:07,2004-02-27 19:40:51,2003-03-20 17:04:41,2002-03-11 00:00:00,2000-12-31,1999-12-31,1999-03-01 00:00:00,1998-03-20 00:00:00,1996-12-31,1995-12-31,1994-12-31
calendarYear,2021,2020,2019,2018,2017,2016,2015,2014,2013,2012,2011,2010,2009,2008,2007,2006,2005,2004,2003,2002,2001,2000,1999,1998,1997,1996,1995,1994
period,FY,FY,FY,FY,FY,FY,FY,FY,FY,FY,FY,FY,FY,FY,FY,FY,FY,FY,FY,FY,FY,FY,FY,FY,FY,FY,FY,FY
netIncome,3288000000,-401000000,1358000000,2447000000,2999000000,2123000000,1899000000,1310000000,1697000000,302000000,1408000000,2808000000,1287000000,1834000000,2539000000,1380000000,1033000000,1249000000,318000000,1362000000,544000000,436000000,296000000,535600000,399200000,472100000,425000000,478200000
depreciationAndAmortization,0.0,0.0,0.0,0.0,0.0,0.0,0.0,0.0,0.0,0.0,0.0,0.0,0.0,0.0,0.0,0.0,0.0,0.0,0.0,0.0,0.0,0.0,0.0,0.0,0.0,0.0,0.0,0.0
deferredIncomeTax,487000000,-324000000,216000000,517000000,-3000000.0,513000000,854000000,449000000,732000000,95000000,756000000,682000000,-494000000,269000000,-1285000000,510000000,64000000,554000000,452000000,714000000,241000000,22000000,64000000,22500000,13800000,84100000,26400000,68200000
stockBasedCompensation,0.0,0.0,0.0,0.0,0.0,0.0,0.0,0.0,0.0,0.0,0.0,0.0,0.0,0.0,0.0,0.0,0.0,0.0,0.0,0.0,0.0,0.0,0.0,0.0,0.0,0.0,0.0,0.0
changeInWorkingCapital,-2174000000,-106000000,-1365000000,2816000000,-1435000000,62000000,-2346000000,-529000000,1569000000,-1091000000,-1159000000,-357000000,117000000,957000000,2041000000,1220000000,-3417000000,752000000,-68000000,506000000,-398000000,-919000000,426300000,119400000,-697700000,-357500000,-146600000,-106400000
accountsReceivables,-183000000,-238000000,-71000000,-110000000,-103000000,-286000000,294000000,131000000,-98000000,292000000,365000000,-60000000,458000000,0.0,0.0,0.0,0.0,0.0,0.0,0.0,0.0,0.0,0.0,0.0,0.0,0.0,0.0,0.0
inventory,-74000000,39000000,-90000000,-29000000,15000000,1000000.0,-26000000,-43000000,-29000000,33000000,-185000000,35000000,-10000000,-116000000,52000000,3000000.0,-220000000,-24000000,-234000000,-55000000,-170000000,-62000000,-6000000.0,-24200000,15900000,6000000.0,61100000,-6500000.0
accountsPayables,156000000,35000000,-225000000,67000000,-89000000,97000000,-199000000,-202000000,50000000,-61000000,-413000000,119000000,-156000000,0.0,0.0,0.0,0.0,0.0,0.0,0.0,0.0,0.0,0.0,0.0,0.0,0.0,0.0,0.0
otherWorkingCapital,-2094000000,-3957000000,-3851000000,-2486000000,-5302000000,-3867000000,-3929000000,-1583000000,-1054000000,-2623000000,-1532000000,-373000000,-16000000,-133000000,-1090000000,-3131000000,-4351000000,-934000000,-1686000000,-1618000000,-2124000000,-1726000000,-807000000,-1233300000,-1352700000,-655000000,-297500000,-150900000
otherNonCashItems,2410000000,6058000000,4995000000,-1007000000,2988000000,1429000000,4068000000,2209000000,-565000000,4831000000,1978000000,-1308000000,2876000000,-401000000,-3541000000,895000000,4943000000,284000000,1653000000,-134000000,2027000000,1804000000,468700000,529300000,1546900000,833500000,866500000,551800000
netCashProvidedByOperatingActivities,4037000000,5227000000,5204000000,4773000000,4549000000,4127000000,4475000000,3439000000,3433000000,4137000000,2983000000,1825000000,3786000000,2659000000,-246000000,4005000000,2623000000,2839000000,2355000000,2448000000,2414000000,1343000000,1255000000,1206800000,1262200000,1032200000,1171300000,991800000
investmentsInPropertyPlantAndEquipment,-5960000000,-6020000000,-4980000000,-4254000000,-5504000000,-6085000000,-5575000000,-5345000000,-4104000000,-4145000000,-3652000000,-3422000000,-3837000000,-3554000000,-3972000000,-4052000000,-3358000000,-2750000000,-3438000000,-2828000000,-2168000000,-1738000000,-804000000,-703700000,-773100000,-484000000,-577500000,-660900000
acquisitionsNet,400000000,3050000000,-541000000,-543000000,-547000000,-4421000000,-915000000,66000000,625000000,115000000,0.0,4191000000,-43000000,-21000000,13877000000,-91000000,-877000000,0.0,0.0,-410000000,-2215000000,-2779000000,-324000000,-469500000,-2098600000,-290700000,-128500000,-60400000
purchasesOfInvestments,-3939000000,-4379000000,-1749000000,-1894000000,-1940000000,-1504000000,-1326000000,-1241000000,-1493000000,-1392000000,-1828000000,-2853000000,-1511000000,-1355000000,-1355000000,0.0,-854000000,-490000000,-777000000,0.0,-104000000,-235000000,-53000000,-143400000,-8500000.0,-351300000,0.0,0.0
salesMaturitiesOfInvestments,3985000000,4278000000,1712000000,1804000000,1831000000,1422000000,1340000000,1235000000,1476000000,1356000000,1757000000,2814000000,1478000000,1394000000,1285000000,0.0,0.0,0.0,0.0,54000000,30000000,137000000,35000000,70000000,127700000,0.0,0.0,0.0
otherInvestingActivites,-733000000,155000000,936000000,2529000000,167000000,-115000000,-27000000,104000000,38000000,226000000,402000000,-311000000,218000000,46000000,357000000,649000000,1729000000,1984000000,842000000,-776000000,264000000,2018000000,-396000000,597100000,-127700000,-166700000,-215200000,14100000
netCashUsedForInvestingActivites,-6247000000,-2916000000,-4622000000,-2358000000,-5993000000,-10703000000,-6503000000,-5181000000,-3458000000,-3840000000,-3321000000,419000000,-3695000000,-3490000000,10192000000,-3494000000,-3360000000,-1256000000,-3373000000,-3960000000,-4193000000,-2597000000,-1542000000,-649500000,-2880200000,-1292700000,-921200000,-707200000
debtRepayment,-6140000000,-4020000000,-12229000000,-10096000000,-1822000000,-4064000000,-1292000000,-4393000000,-2388000000,-1675000000,-637000000,-1492000000,-1182000000,0.0,0.0,0.0,0.0,0.0,0.0,0.0,0.0,0.0,0.0,0.0,0.0,0.0,0.0,0.0
commonStockIssued,192000000,159000000,4097000000,2465000000,1320000000,3124000000,786000000,597000000,278000000,265000000,38000000,74000000,456000000,240000000,226000000,479000000,664000000,839000000,990000000,2420000000,994000000,532000000,0.0,354300000,176200000,169700000,311700000,186700000
commonStockRepurchased,0.0,-3080000000,0.0,0.0,0.0,0.0,0.0,-259000000,0.0,0.0,-601000000,-900000000,0.0,0.0,-5768000000,-540000000,-276000000,0.0,0.0,-66000000,0.0,-1641000000,-372000000,-98500000,0.0,0.0,0.0,0.0
dividendsPaid,-2036000000,-2873000000,-2983000000,-2185000000,-1931000000,-1727000000,-1536000000,-1409000000,-1319000000,-1225000000,-1146000000,-1093000000,-1056000000,-916000000,-931000000,-970000000,-923000000,-861000000,-825000000,-723000000,-649000000,-615000000,-493000000,-504200000,-478000000,-460100000,-448700000,-434700000
otherFinancingActivites,10355000000,7481000000,10411000000,7607000000,3736000000,8897000000,4359000000,7208000000,3522000000,2484000000,2724000000,1179000000,1670000000,1291000000,-3328000000,516000000,1057000000,-1298000000,688000000,-314000000,1560000000,3058000000,1006000000,-204900000,2130600000,595000000,-193100000,8100000.0
netCashUsedProvidedByFinancingActivities,2371000000,-2333000000,-704000000,-2209000000,1303000000,6230000000,2317000000,1744000000,93000000,-151000000,378000000,-2232000000,-112000000,615000000,-9801000000,-515000000,522000000,-1320000000,853000000,1317000000,1905000000,1334000000,141000000,-453300000,1828800000,304600000,-330100000,-239900000
effectOfForexChangesOnCash,0.0,0.0,0.0,0.0,0.0,0.0,0.0,0.0,0.0,0.0,0.0,0.0,0.0,0.0,0.0,0.0,0.0,0.0,0.0,0.0,0.0,0.0,0.0,0.0,0.0,0.0,0.0,0.0
netChangeInCash,161000000,-22000000,-122000000,206000000,-141000000,-346000000,289000000,2000000.0,68000000,146000000,40000000,12000000,-21000000,-216000000,145000000,-4000000.0,-215000000,263000000,-165000000,-195000000,126000000,80000000,-146000000,104000000,210800000,44100000,-80000000,44700000
cashAtEndOfPeriod,408000000,247000000,269000000,391000000,120000000,261000000,607000000,318000000,316000000,248000000,102000000,62000000,50000000,71000000,287000000,142000000,146000000,389000000,126000000,291000000,486000000,360000000,280000000,425600000,321600000,110800000,66700000,146700000
cashAtBeginningOfPeriod,247000000,269000000,391000000,185000000,261000000,607000000,318000000,316000000,248000000,102000000,62000000,50000000,71000000,287000000,142000000,146000000,361000000,126000000,291000000,486000000,360000000,280000000,426000000,321600000,110800000,66700000,146700000,102000000
operatingCashFlow,4037000000,5227000000,5204000000,4773000000,4549000000,4127000000,4475000000,3439000000,3433000000,4137000000,2983000000,1825000000,3786000000,2659000000,-246000000,4005000000,2623000000,2839000000,2355000000,2448000000,2414000000,1343000000,1255000000,1206800000,1262200000,1032200000,1171300000,991800000
capitalExpenditure,-5960000000,-6020000000,-4980000000,-4254000000,-5504000000,-6085000000,-5575000000,-5345000000,-4104000000,-4145000000,-3652000000,-3422000000,-3837000000,-3554000000,-3972000000,-4052000000,-3358000000,-2750000000,-3438000000,-2828000000,-2168000000,-1738000000,-804000000,-703700000,-773100000,-484000000,-577500000,-660900000
freeCashFlow,-1923000000,-793000000,224000000,519000000,-955000000,-1958000000,-1100000000,-1906000000,-671000000,-8000000.0,-669000000,-1597000000,-51000000,-895000000,-4218000000,-47000000,-735000000,89000000,-1083000000,-380000000,246000000,-395000000,451000000,503100000,489100000,548200000,593800000,330900000
link,https://www.sec.gov/Archives/edgar/data/715957/000156459022006589/0001564590-22-006589-index.htm,https://www.sec.gov/Archives/edgar/data/715957/000156459021008442/0001564590-21-008442-index.htm,https://www.sec.gov/Archives/edgar/data/103682/000119312520054469/0001193125-20-054469-index.html,https://www.sec.gov/Archives/edgar/data/103682/000119312519057924/0001193125-19-057924-index.html,https://www.sec.gov/Archives/edgar/data/103682/000119312518059578/0001193125-18-059578-index.html,https://www.sec.gov/Archives/edgar/data/103682/000119312517060413/0001193125-17-060413-index.html,https://www.sec.gov/Archives/edgar/data/103682/000119312516480850/0001193125-16-480850-index.html,https://www.sec.gov/Archives/edgar/data/715957/000119312515067777/d856078d10k.htm,https://www.sec.gov/Archives/edgar/data/715957/000119312514073496/d660169d10k.htm,https://www.sec.gov/Archives/edgar/data/103682/000119312513082933/0001193125-13-082933-index.html,https://www.sec.gov/Archives/edgar/data/103682/000119312512085811/0001193125-12-085811-index.html,https://www.sec.gov/Archives/edgar/data/715957/000119312511049905/d10k.htm,https://www.sec.gov/Archives/edgar/data/103682/000119312510042883/0001193125-10-042883-index.html,https://www.sec.gov/Archives/edgar/data/103682/000119312509039125/0001193125-09-039125-index.html,https://www.sec.gov/Archives/edgar/data/715957/000119312508041046/d10k.htm,https://www.sec.gov/Archives/edgar/data/715957/000119312507042607/d10k.htm,https://www.sec.gov/Archives/edgar/data/715957/000119312506043336/d10k.htm,https://www.sec.gov/Archives/edgar/data/103682/000119312505038710/0001193125-05-038710-index.html,https://www.sec.gov/Archives/edgar/data/103682/000119312504031558/0001193125-04-031558-index.html,https://www.sec.gov/Archives/edgar/data/103682/000092838503000726/0000928385-03-000726-index.html,https://www.sec.gov/Archives/edgar/data/715957/000091664102000388/d10k.htm,,,https://www.sec.gov/Archives/edgar/data/103682/000091664199000124/0000916641-99-000124-index.html,https://www.sec.gov/Archives/edgar/data/103682/000091664198000263/0000916641-98-000263-index.html,,,
finalLink,https://www.sec.gov/Archives/edgar/data/715957/000156459022006589/d-10k_20211231.htm,https://www.sec.gov/Archives/edgar/data/715957/000156459021008442/d-10k_20201231.htm,https://www.sec.gov/Archives/edgar/data/103682/000119312520054469/d854390d10k.htm,https://www.sec.gov/Archives/edgar/data/103682/000119312519057924/d662998d10k.htm,https://www.sec.gov/Archives/edgar/data/103682/000119312518059578/d512216d10k.htm,https://www.sec.gov/Archives/edgar/data/103682/000119312517060413/d334692d10k.htm,https://www.sec.gov/Archives/edgar/data/103682/000119312516480850/d126742d10k.htm,https://www.sec.gov/Archives/edgar/data/715957/000119312515067777/d856078d10k.htm,https://www.sec.gov/Archives/edgar/data/715957/000119312514073496/d660169d10k.htm,https://www.sec.gov/Archives/edgar/data/103682/000119312513082933/d431694d10k.htm,https://www.sec.gov/Archives/edgar/data/103682/000119312512085811/d283555d10k.htm,https://www.sec.gov/Archives/edgar/data/715957/000119312511049905/d10k.htm,https://www.sec.gov/Archives/edgar/data/103682/000119312510042883/d10k.htm,https://www.sec.gov/Archives/edgar/data/103682/000119312509039125/d10k.htm,https://www.sec.gov/Archives/edgar/data/715957/000119312508041046/d10k.htm,https://www.sec.gov/Archives/edgar/data/715957/000119312507042607/d10k.htm,https://www.sec.gov/Archives/edgar/data/715957/000119312506043336/d10k.htm,https://www.sec.gov/Archives/edgar/data/103682/000119312505038710/d10k.htm,https://www.sec.gov/Archives/edgar/data/103682/000119312504031558/d10k.htm,https://www.sec.gov/Archives/edgar/data/103682/000092838503000726/d10k.htm,https://www.sec.gov/Archives/edgar/data/715957/000091664102000388/d10k.htm,,,https://www.sec.gov/Archives/edgar/data/103682/0000916641-99-000124.txt,https://www.sec.gov/Archives/edgar/data/103682/0000916641-98-000263.txt,,,
