,2021,2020,2019,2018,2017,2016,2015,2014,2013,2012,2011,2010,2009,2008,2007,2006,2005,2004,2003,2002,2001,2000,1999,1998,1997,1996,1995,1994,1993,1992,1991,1990
period,FY,FY,FY,FY,FY,FY,FY,FY,FY,FY,FY,FY,FY,FY,FY,FY,FY,FY,FY,FY,FY,FY,FY,FY,FY,FY,FY,FY,FY,FY,FY,FY
currentRatio,2.433535762483131,2.4463213213213213,2.8172185430463577,2.4102769971898836,2.1527950310559008,1.7991735537190083,1.3390928725701945,1.3129707112970712,1.2128325508607198,1.2306603773584905,1.5152423788105946,1.642312579415502,2.7464788732394365,3.0215550423402617,3.5058479532163744,3.4660529344073647,4.475845410628019,4.03017640632853,3.3477270020109446,2.5443461329589256,2.407836459564857,2.6585664638789,2.4110922946655378,3.2460099064391854,2.8971742543171115,2.985089463220676,2.6427184466019416,2.3846938775510202,2.257016248153619,2.515873015873016,2.5476190476190474,2.842857142857143
quickRatio,2.323549257759784,2.325825825825826,2.679028697571744,2.2946607788036935,2.0252587991718425,1.6805785123966943,1.2177825773938085,1.1263598326359832,1.0391236306729263,1.044811320754717,1.2853573213393303,1.3989834815756035,2.3204225352112675,2.5573518090839107,3.1500974658869394,3.0276179516685846,4.099033816425121,3.6379038924033544,2.9267511683798233,2.195009956245502,1.914450659655438,2.1640507798659643,1.6583403895004234,2.82883874518437,1.7346938775510203,1.7763419483101393,1.9398058252427184,2.1153061224489798,1.8375184638109305,2.0873015873015874,2.104761904761905,2.3214285714285716
cashRatio,1.7746288798920378,1.4144144144144144,2.078587196467991,1.709353673223605,1.062111801242236,1.0301652892561983,0.7444204463642908,0.7456066945606694,0.6739697443922796,0.6099056603773585,0.7891054472763618,0.8087674714104193,1.4269366197183098,1.195535026943803,1.3362573099415205,1.429228998849252,1.5338164251207729,3.342798160755303,1.6641004351207618,1.7593105244800014,1.3719303817943334,0.9282440388689116,1.0254022015241322,2.0616400660429277,0.9858712715855573,1.0497017892644136,1.3922330097087379,1.329591836734694,1.447562776957164,1.5634920634920635,1.2809523809523808,1.5714285714285714
daysOfSalesOutstanding,33.783087582163795,30.389199927758714,45.93838383838384,27.28640776699029,27.045407636738908,19.34599636032757,29.26467331118494,33.386013986013985,29.992099025546484,32.24475018102824,34.06937865700752,20.577449370552817,10.052231718898385,30.474761255115958,30.22969912649628,24.613690274483226,34.52860338766379,26.15679806948671,12.06984285187113,40.31523330482555,48.154870439009194,60.16978389604024,44.65790981258695,55.980855979755745,55.73143405889885,50.1626245534875,41.73119805392256,53.8077445652174,32.292225201072384,41.27355796687607,55.83112290008842,49.008951406649615
daysOfInventoryOutstanding,0.0,0.0,0.0,0.0,0.0,8.895864106351551,9.195241427571728,15.174461766889385,11.044668587896252,13.476220275344179,18.749166110740493,19.560557341907824,37.23789374706159,33.97229916897507,18.67161716171617,18.852667231160034,18.905597326649957,18.248510811913505,8.56360260327628,10.747377140727405,9.827747204646963,12.502220328072099,13.836520561854798,15.761180876845119,19.845147969717825,20.6790842064416,17.91765637371338,15.19527896995708,28.636363636363637,37.34323432343234,32.483818770226534,48.727959697733
operatingCycle,33.783087582163795,30.389199927758714,45.93838383838384,27.28640776699029,27.045407636738908,28.24186046667912,38.459914738756666,48.56047575290337,41.036767613442734,45.72097045637241,52.81854476774801,40.13800671246064,47.290125465959974,64.44706042409103,48.90131628821245,43.46635750564326,53.43420071431375,44.40530888140022,20.63344545514741,51.06261044555295,57.982617643656155,72.67200422411233,58.49443037444175,71.74203685660086,75.57658202861667,70.8417087599291,59.64885442763594,69.00302353517448,60.928588837436024,78.61679229030841,88.31494167031495,97.73691110438261
daysOfPayablesOutstanding,23.453815261044177,18.1300219138057,31.198940998487142,13.719655442443226,24.464560862865948,23.991875923190545,17.36878936319104,32.24573125463994,35.763688760806915,49.108260325406754,55.51701134089393,17.80010718113612,26.08368594264222,46.30747922437673,54.20792079207921,50.37679932260796,40.86048454469507,37.75488916088671,36.176372713697404,40.026070719690544,45.77489726627004,53.141235217681555,39.471145709934,45.192773738708965,52.25051617343427,52.4058983313931,49.418052256532064,56.2381974248927,76.81818181818181,58.624862486248624,49.021035598705495,53.32493702770781
cashConversionCycle,10.329272321119618,12.259178013953015,14.7394428398967,13.566752324547064,2.5808467738729597,4.249984543488576,21.091125375565625,16.31474449826343,5.27307885263582,-3.3872898690343405,-2.6984665731459216,22.337899531324517,21.206439523317755,18.139581199714307,-5.306604503866758,-6.910441816964699,12.573716169618677,6.650419720513504,-15.542927258549994,11.036539725862404,12.207720377386117,19.530769006430774,19.02328466450775,26.549263117891897,23.3260658551824,18.43581042853601,10.230802171103875,12.764826110281781,-15.889592980745789,19.991929804059787,39.293906071609456,44.4119740766748
grossProfitMargin,0.7345887368982057,0.7527541990247426,0.7329292929292929,0.7520388349514563,0.7320949432404541,0.6919927206551411,0.6834994462901439,0.6232167832167832,0.6344482486173295,0.6142891624426744,0.5823349122318194,0.48932676518883417,0.495014245014245,0.5075034106412005,0.6078938854739566,0.5997966790918333,0.6174496644295302,0.6270215048927326,0.5678096109810317,0.5317314856422225,0.5594147350811822,0.5274177453554937,0.5164088714297406,0.5006051270766861,0.5348911651728553,0.5155104342921601,0.48793837421447395,0.4723731884057971,0.46179624664879354,0.480868075385494,0.4535809018567639,0.4936061381074169
operatingProfitMargin,0.18582341446082787,0.26097164529528627,0.2012121212121212,0.2784466019417476,0.25263157894736843,0.20427661510464057,0.20996677740863787,0.009230769230769232,0.03186726362918093,0.008447984552256819,-0.08693229311786013,-0.18773946360153257,-0.196343779677113,-0.13287858117326057,0.012617275962471692,0.11013215859030837,0.21380632790028764,0.2622793434604572,0.18379619408889697,0.07853015785582791,-0.02292718674585354,0.11290405496858827,0.12226859808494966,0.10540213444823412,0.10771446862996159,0.10077082158300432,0.131157510642611,0.14379528985507245,0.1380697050938338,0.14848657909765847,0.1282051282051282,0.09974424552429667
pretaxProfitMargin,0.18067152247290816,0.2723496478237313,0.21797979797979797,0.28135922330097085,0.24974200206398348,0.1994995450409463,0.20487264673311184,0.001958041958041958,0.03660784830129049,0.004344677769732078,-0.07773753134577877,-0.1932129173508484,-0.202991452991453,-0.1383356070941337,0.04464574571336137,0.13181972212809218,0.2317034196228827,0.2693682851105172,0.18537500745293373,0.08597967733051154,-0.011529389165474906,0.11928992099356976,0.09681643342335707,0.11926504565958851,0.12836107554417414,0.1114871216394059,0.16359213460368943,0.1526268115942029,0.14644772117962465,0.15705311250713877,0.13969938107869143,0.10869565217391304
netProfitMargin,0.14869426185823414,0.5488531695864186,0.20585858585858585,0.20252427184466018,0.1995872033023736,0.2629663330300273,0.1937984496124031,0.0022377622377622378,0.025809849881485384,0.018344195027757665,-0.07690164391195319,-0.18527640941434045,-0.258309591642925,-0.12387448840381991,0.024587512131996118,0.07997289054557777,0.1610738255033557,0.19521963950991852,0.12774610392854208,0.058856886079986084,-0.008381022678372771,0.08221837718158521,0.059661183402897125,0.07987677412256573,0.08482714468629962,0.07614213197969544,0.11291303466450436,0.10529891304347826,0.10355227882037533,0.10679611650485436,0.09549071618037135,0.06777493606138107
effectiveTaxRate,0.17699115044247787,-1.0152519893899203,0.05560704355885079,0.28019323671497587,0.20082644628099172,-0.3181299885974915,0.05405405405405406,-0.14285714285714285,0.2949640287769784,-3.2222222222222223,0.010752688172043012,0.04107648725212465,-0.27251461988304093,0.10453648915187377,0.4782608695652174,0.37789203084832906,0.30482758620689654,0.275268655217435,0.31087741716759465,0.3100002023103846,0.2730731387340112,0.3107684496998105,0.38377007607776836,0.33025830258302585,0.33915211970074816,0.31703204047217537,0.3097893432465923,0.30415430267062316,0.30663615560640733,0.32,0.310126582278481,0.43529411764705883
returnOnAssets,0.06298916315472607,0.273488120950324,0.11376576978899185,0.12150512581547064,0.12529152630215082,0.16397163120567376,0.142345859768993,0.0013995801259622112,0.01932938856015779,0.01384083044982699,-0.056006493506493504,-0.14571674558760223,-0.23257802479692177,-0.07492985641194917,0.014768752429071124,0.053807569539443684,0.11533180778032037,0.16976125760929434,0.1343897288149816,0.05973317233287081,-0.0080367360495693,0.0979198397734821,0.0808293602394944,0.0973581869384471,0.10257402748209793,0.09547383309759547,0.16324736225087924,0.16989404457435148,0.1704357418643133,0.1767485822306238,0.17034700315457413,0.11324786324786325
returnOnEquity,0.10676020408163266,0.40731805388017694,0.19114612643031326,0.22698585418933623,0.23817733990147782,0.3404004711425206,0.28820816864295123,0.0033030553261767133,0.043228936921041024,0.030919446704637917,-0.10764430577223089,-0.24807621839501648,-0.34716017868538607,-0.10463240377967274,0.018849206349206348,0.06924882629107981,0.14408233276157806,0.21553952085568845,0.17767135698833275,0.08144227498250951,-0.010667133831043073,0.1259436252036116,0.10952524038461539,0.12872340425531914,0.13617677286742036,0.12515451174289247,0.23383711167086482,0.2700348432055749,0.2793851717902351,0.275,0.25471698113207547,0.16257668711656442
returnOnCapitalEmployed,0.10131731886865555,0.17104640151515152,0.1488344291691572,0.23535204332840964,0.23081274750141428,0.1939524838012959,0.28138913624220835,0.009921828021647625,0.03837614969869965,0.010382675763868289,-0.10659378202938162,-0.22330729166666666,-0.23348390739695088,-0.1023109243697479,0.009466019417475728,0.09240830253056583,0.18887634105025408,0.28957928701092234,0.25506679033487134,0.10866485022368565,-0.02918108908336959,0.17294851188228821,0.22442541685443892,0.1698581560283688,0.17287438993064475,0.16563658838071693,0.2716204869857263,0.3836084234490609,0.3846830985915493,0.40441176470588236,0.37264150943396224,0.25914634146341464
netIncomePerEBT,0.8230088495575221,2.0152519893899203,0.9443929564411492,0.7198067632850241,0.7991735537190082,1.3181299885974915,0.9459459459459459,1.1428571428571428,0.7050359712230215,4.222222222222222,0.989247311827957,0.9589235127478754,1.272514619883041,0.8954635108481263,0.5507246376811594,0.6066838046272494,0.6951724137931035,0.7247313447825651,0.6891225828324054,0.6845441609851167,0.7269268612659888,0.6892315503001895,0.6162299239222316,0.6697416974169742,0.6608478802992519,0.6829679595278246,0.6902106567534076,0.6899109792284867,0.7070938215102975,0.68,0.6835443037974683,0.6235294117647059
ebtPerEbit,0.9722753346080306,1.043598615916955,1.0833333333333333,1.0104602510460252,0.988562091503268,0.9766146993318485,0.9757383966244726,0.21212121212121213,1.1487603305785123,0.5142857142857142,0.8942307692307693,1.0291545189504374,1.0338573155985489,1.0410677618069815,3.5384615384615383,1.196923076923077,1.0837070254110612,1.027028211816188,1.0085900220723456,1.094861893546172,0.5028697717376963,1.0565601122719477,0.7918340026773761,1.1315240083507307,1.1916790490341753,1.1063432835820894,1.2472952086553324,1.0,1.0,1.0,1.0,1.0
ebitPerRevenue,0.18582341446082787,0.26097164529528627,0.2012121212121212,0.2784466019417476,0.25263157894736843,0.20427661510464057,0.20996677740863787,0.009230769230769232,0.03186726362918093,0.008447984552256819,-0.08693229311786013,-0.18773946360153257,-0.196343779677113,-0.13287858117326057,0.012617275962471692,0.11013215859030837,0.21380632790028764,0.2622793434604572,0.18379619408889697,0.07853015785582791,-0.02292718674585354,0.11290405496858827,0.12226859808494966,0.10540213444823412,0.10771446862996159,0.10077082158300432,0.131157510642611,0.1526268115942029,0.14644772117962465,0.15705311250713877,0.13969938107869143,0.10869565217391304
debtRatio,0.4099939795304034,0.3285637149028078,0.40482304342971975,0.4647017707362535,0.4739569836745271,0.5182978723404256,0.5061005368472425,0.5762771168649405,0.5528599605522683,0.5523584046621745,0.4797077922077922,0.4126130004304778,0.3300555793073963,0.28387522693513784,0.2164788184998057,0.22024623803009577,0.19702517162471395,0.21238918535522,0.24194448647253503,0.2665581561210187,0.24658899223884234,0.22251055092962244,0.26200243929482203,0.243663671717849,0.24675827365976388,0.23715228665723714,0.3018757327080891,0.37084398976982097,0.38996138996138996,0.3572778827977316,0.3312302839116719,0.3034188034188034
debtEquityRatio,0.6948979591836735,0.48934459187776436,0.680172575501782,0.8681175190424374,0.9009852216748768,1.0759717314487633,1.024703557312253,1.3600330305532617,1.2364358182620203,1.2339300244100895,0.921996879875195,0.7024551117625504,0.49266113592852584,0.3964047015441346,0.27628968253968256,0.2834507042253521,0.24614065180102915,0.26966260671650316,0.3198652576090958,0.3634346176804729,0.3272967738706237,0.2861910874747845,0.35501802884615385,0.3221631205673759,0.3275950668036999,0.31087762669962915,0.4324097397145256,0.5894308943089431,0.6392405063291139,0.5558823529411765,0.49528301886792453,0.43558282208588955
longTermDebtToCapitalization,0.1930835734870317,0.05052176126240774,0.15715415019762846,0.1775550384821908,0.19603960396039605,0.22554161915621437,,0.1932045303131246,0.19780608634111818,0.1798465131798465,,,,,,,,,,,,,,,,,,,,,,
totalDebtToCapitalization,0.19934640522875818,0.12491203377902885,,,,0.2532981530343008,,,,,,,,,,,,,,,,,,,,,,,,,,
interestCoverage,24.325581395348838,34.404761904761905,23.162790697674417,34.142857142857146,27.2,32.07142857142857,30.580645161290324,1.1,4.172413793103448,1.75,,,,,,,,,,,,,,,,,,17.28205128205128,17.48,18.333333333333332,13.166666666666666,12.142857142857142
cashFlowToDebtRatio,0.9907786885245902,1.6873239436619718,1.556338028169014,1.7056451612903225,1.396969696969697,1.0616319444444444,,1.2275862068965517,0.5796064400715564,0.5139146567717996,,,,,,,,,,,,,,,,,,,,,,
companyEquityMultiplier,1.6948979591836735,1.4893445918777644,1.680172575501782,1.8681175190424375,1.9009852216748768,2.0759717314487633,2.024703557312253,2.3600330305532617,2.23643581826202,2.2339300244100895,1.921996879875195,1.7024551117625504,1.4926611359285258,1.3964047015441345,1.2762896825396826,1.2869718309859155,1.2492853058890794,1.269662606716503,1.32206053658266,1.363434617680473,1.3272967738706236,1.2861910874747846,1.3550180288461537,1.3221631205673758,1.3275950668037,1.3108776266996292,1.4324097397145257,1.589430894308943,1.639240506329114,1.5558823529411765,1.4952830188679245,1.4355828220858895
receivablesTurnover,10.804222648752399,12.010845986984815,7.945425361155698,13.376623376623376,13.495821727019498,18.86695278969957,12.472375690607734,10.932721712538227,12.169871794871796,11.319672131147541,10.713432835820896,17.737864077669904,36.310344827586206,11.977124183006536,12.07421875,14.829145728643216,10.570945945945946,13.95430736706997,30.240658845315107,9.053649702091919,7.5797109757006345,6.066167706878212,8.17324414715719,6.520086083213774,6.549266247379455,7.276333789329685,8.74645390070922,6.783410138248848,11.303030303030303,8.843434343434344,6.53757225433526,7.447619047619048
payablesTurnover,15.5625,20.13235294117647,11.699115044247788,26.604166666666668,14.919540229885058,15.213483146067416,21.014705882352942,11.319327731092438,10.205882352941176,7.432558139534883,6.574561403508772,20.505494505494507,13.993421052631579,7.882096069868996,6.733333333333333,7.245398773006135,8.932835820895523,9.667622077887927,10.089458191086157,9.119056490859615,7.973802712801631,6.868489196851683,9.247261345852895,8.076512455516013,6.985576923076923,6.964864864864865,7.385964912280702,6.49025069637883,4.7514792899408285,6.226027397260274,7.445783132530121,6.844827586206897
inventoryTurnover,,,,,,41.03030303030303,39.69444444444444,24.053571428571427,33.04761904761905,27.084745762711865,19.467532467532468,18.66,9.80184331797235,10.744047619047619,19.548387096774192,19.360655737704917,19.306451612903224,20.00163212012404,42.6222487087803,33.961774600504626,37.13974244549279,29.194814234751586,26.379464285714285,23.158163265306122,18.39240506329114,17.65068493150685,20.370967741935484,24.02061855670103,12.746031746031745,9.774193548387096,11.236363636363636,7.490566037735849
fixedAssetTurnover,11.464358452138493,12.33184855233853,11.049107142857142,11.368653421633555,11.163594470046084,10.013667425968109,9.836601307189543,7.009803921568627,6.928832116788321,7.294014084507042,6.996101364522417,6.804469273743017,11.898305084745763,9.255050505050505,6.386363636363637,7.528061224489796,8.864022662889518,9.920861668114858,9.465109894300138,5.584599144504852,3.921343183105525,4.974361219900093,6.739658025372311,8.647954329210275,7.341950646298472,7.587731811697575,16.17377049180328,17.593625498007967,15.788359788359788,33.67307692307692,36.483870967741936,35.54545454545455
assetTurnover,0.4236152919927754,0.49829013678905687,0.5526403929887239,0.5999534016775396,0.6277533039647577,0.6235460992907801,0.7345046364080039,0.6254373687893632,0.7489151873767258,0.7545073757057003,0.7282873376623377,0.7864829961256995,0.9003847798204361,0.6048852946030698,0.600660707345511,0.6728226174190607,0.7160183066361556,0.869591082308444,1.0520064775529734,1.014888423619521,0.9589206899902677,1.1909726648729526,1.3548065195697971,1.2188547673327075,1.2092123088832978,1.2538896746817538,1.4457796014067996,1.6134453781512605,1.6458907887479317,1.6550094517958411,1.7839116719242902,1.670940170940171
operatingCashFlowPerShare,6.692041522491349,6.1331058020477816,5.105610561056106,5.4935064935064934,4.564356435643564,3.945161290322581,3.4308681672025725,2.311688311688312,1.0451612903225806,0.8368580060422961,0.9696969696969697,0.4676923076923077,0.0375,1.0764331210191083,1.2889610389610389,1.9605263157894737,2.078688524590164,2.2657212690760877,2.5337118498606275,1.0413170895696913,0.7056484183409863,0.18039153270730543,0.6205965628498058,0.33550206397472265,0.36317430564317,0.031848309731735684,0.30538004977982003,0.18403247631935046,0.21382073109664496,0.16555183946488294,0.04073436603557085,0.0707070707070707
freeCashFlowPerShare,6.262975778546712,5.6552901023890785,4.712871287128713,5.146103896103896,4.158415841584159,3.6451612903225805,3.12540192926045,1.9967532467532467,0.7032258064516129,0.31722054380664655,0.7909090909090909,-0.4707692307692308,-0.321875,0.8089171974522293,0.711038961038961,1.555921052631579,1.6655737704918032,1.962416552695365,2.324092659711041,0.8530643416744621,0.26776501066082564,-0.35631067961165047,-0.40947850134983865,0.1435439210423497,0.20006128003172144,-0.23032328342226244,0.21970132107983917,0.12088407758231845,0.12468703054581873,0.14381270903010032,0.028112449799196786,0.06262626262626263
cashPerShare,22.027681660899653,19.573378839590443,17.97029702970297,17.308441558441558,14.957095709570957,12.36774193548387,9.713826366559486,7.678571428571429,5.419354838709677,5.586102719033232,6.778787878787878,6.141538461538461,7.875,9.605095541401274,9.662337662337663,8.0,10.157377049180328,8.177399152324337,5.634230330025747,2.9371967083723107,1.7337995473697232,1.3530160751233486,0.9967406334364918,1.5908743438598876,0.5659391164861309,0.4874176098074331,0.6863871338311315,0.6414073071718539,0.49073610415623437,0.3294314381270903,0.15433161216293748,0.14814814814814814
payoutRatio,0.11708482676224612,0.0,0.0,0.0,0.0,0.0,0.0,0.0,0.0,0.0,0.0,0.0,0.0,0.0,0.0,0.0,0.0,0.004481267712007095,0.0,0.0,0.0,0.0,0.0,0.0,0.0,0.0,0.0,0.0,0.012944983818770227,0.08021390374331551,0.07407407407407407,0.0
operatingCashFlowSalesRatio,0.3435779001598863,0.3245439768827885,0.31252525252525254,0.32854368932038835,0.2854489164086687,0.27820746132848045,0.2363233665559247,0.19916083916083915,0.08533052409797208,0.06685976345643253,0.08916132627472834,0.04159824849480022,0.002849002849002849,0.0922237380627558,0.12843739890003236,0.20196543544561166,0.20262064557366571,0.2263284030081758,0.28782464576407474,0.16523171032223463,0.14667092196543377,0.03192651324531993,0.1234143546935101,0.08691825283309496,0.1290012804097311,0.012972363226170333,0.12933306304480033,0.09239130434782608,0.14309651474530832,0.16961736150770987,0.0627763041556145,0.13427109974424553
freeCashFlowOperatingCashFlowRatio,0.9358841778697001,0.9220923761825265,0.9230769230769231,0.9367612293144209,0.911062906724512,0.9239574816026165,0.9109653233364574,0.8637640449438202,0.6728395061728395,0.37906137184115524,0.815625,-1.006578947368421,-8.583333333333334,0.7514792899408284,0.5516372795969773,0.7936241610738255,0.8012618296529969,0.866133261615007,0.9172679441977126,0.8192166922248229,0.37945952077715156,-1.975207340744662,-0.6598143236074271,0.4278481012658228,0.5508684863523573,-7.231884057971015,0.719435736677116,0.6568627450980392,0.5831381733021077,0.8686868686868687,0.6901408450704225,0.8857142857142857
cashFlowCoverageRatios,0.9907786885245902,1.6873239436619718,,,,1.0616319444444444,,,,,,,,,,,,,,,,,,,,,,,,,,
shortTermCoverageRatios,25.44736842105263,2.690119760479042,,,,7.5030674846625764,1.6856240126382307,,,,,,,,,,,,,,,,,,,,,,,,,
capitalExpenditureCoverageRatio,-15.596774193548388,-12.835714285714285,-13.0,-15.813084112149532,-11.24390243902439,-13.150537634408602,-11.23157894736842,-7.34020618556701,-3.056603773584906,-1.6104651162790697,-5.423728813559322,-0.49836065573770494,-0.10434782608695652,-4.023809523809524,-2.230337078651685,-4.845528455284553,-5.031746031746032,-7.470115519839276,-12.087213236786898,-5.531484141465119,-1.6114984170772848,-0.3361110287358026,-0.6024770275669197,-1.747787610619469,-2.226519337016575,-0.12147887323943662,-3.564245810055866,-2.914285714285714,-2.398876404494382,-7.615384615384615,-3.227272727272727,-8.75
dividendPaidAndCapexCoverageRatio,-74.38461538461539,,,,,,,,,,,,,,,,,-7.692223703567488,,,,,,,,,,,-2.454022988505747,-12.375,-5.071428571428571,
dividendPayoutRatio,0.1170848267622461,,,,,,,,,,,,,,,,,0.0044812677120070945,,,,,,,,,,,0.012944983818770225,0.08021390374331551,0.07407407407407407,
priceBookValueRatio,5.237387828826531,4.4870902809274895,5.37965683849184,7.908126425244832,7.076467980295566,5.645906766784452,5.950589591567853,3.598843803468208,2.408072479047199,2.0711065907241664,2.5972698907956318,2.306797480762184,2.0778557753669435,3.7247246632864717,3.8507638888888884,5.0666665774647885,4.655217179817039,5.582877727549491,4.6718816925051785,6.482655216015506,7.489386293437624,4.100511321344969,4.637556715745192,4.827302748226951,3.439176194758479,4.477318448702102,5.043198992443325,7.000544425087108,13.090641952983724,7.25514705882353,5.202690566037736,4.056874233128834
priceToBookRatio,5.237387828826531,4.4870902809274895,5.37965683849184,7.908126425244832,7.076467980295566,5.645906766784452,5.950589591567853,3.598843803468208,2.408072479047199,2.0711065907241664,2.5972698907956318,2.306797480762184,2.0778557753669435,3.7247246632864717,3.8507638888888884,5.0666665774647885,4.655217179817039,5.582877727549491,4.6718816925051785,6.482655216015506,7.489386293437624,4.100511321344969,4.637556715745192,4.827302748226951,3.439176194758479,4.477318448702102,5.043198992443325,7.000544425087108,13.090641952983724,7.25514705882353,5.202690566037736,4.056874233128834
priceToSalesRatio,7.294567521407,6.046267037384866,5.793727395151516,7.055891441553398,5.929919504643962,4.361578566878981,4.001326688815061,2.43815376,1.4377404029496972,1.2287665942553705,1.8555029256060185,1.7228380747126435,1.546058879392213,4.4097081347885405,5.02306049822064,5.851304539478143,5.204202523170342,5.056554700842469,3.359093409028283,4.684899821705538,5.8843094468101524,2.6768912353495855,2.5261950650626077,2.9954876774122567,2.142329345390525,2.723933540139124,2.4352118386377457,2.7298318614130435,4.851960455764075,2.8175328383780696,1.950433952254642,1.6912289002557543
priceEarningsRatio,49.05749172998805,11.01618314774597,28.144210604514228,34.8397324295302,29.71092037228542,16.58607212802768,20.646845714285714,1089.5499614999999,55.70510520408164,66.98394736842106,-24.128260869565217,-9.298744940915805,-5.98529411764706,-35.59819452422908,204.29315789473682,73.16610040677966,32.30942399801587,25.9018750036446,26.295075197810135,79.59815976908452,-702.0992154089515,32.55830785175288,42.34235596707819,37.50136019283747,25.255233490566038,35.774327160493826,21.56714542190305,25.92459677419355,46.855177993527505,26.38235294117647,20.42537777777778,24.953603773584906
priceToFreeCashFlowsRatio,22.68570197679558,20.20409208569704,20.08329874369748,22.926082601892745,22.80195238095238,16.96769856637168,18.586409465020576,14.173007629268293,25.041744541284405,48.48361904761905,25.51494252873563,-41.145426960784306,-63.22330097087379,63.62826895275591,70.89625570776255,36.505707602537,32.05501908464567,25.79472687920095,12.723244865665766,34.61051946216155,105.72702882326884,-42.44891008174387,-31.022690954773868,80.55025887573964,30.14701295045045,-29.035275551102206,26.171895424836602,44.98111007462686,58.14558232931727,19.122093023255815,45.0192,14.220870967741934
priceToOperatingCashFlowsRatio,21.231189543950364,18.630039279910964,18.5384296095669,21.476265321513,20.774013015184384,15.677432035977105,16.93157450796626,12.242134398876404,16.8490750308642,18.37826714801444,20.810624999999998,41.416120559210526,542.6666666666667,47.81532637278107,39.109017632241816,28.9718115704698,25.684463241324924,22.341670924350613,11.67062466145334,28.35351526997484,40.11912769046968,83.84539880007058,20.469215848806364,34.4632753164557,16.60703939205955,209.97974637681162,18.828996865203763,29.54641544117647,33.90690866510539,16.61111111111111,31.06958873239437,12.595628571428572
priceCashFlowRatio,21.231189543950364,18.630039279910964,18.5384296095669,21.476265321513,20.774013015184384,15.677432035977105,16.93157450796626,12.242134398876404,16.8490750308642,18.37826714801444,20.810624999999998,41.416120559210526,542.6666666666667,47.81532637278107,39.109017632241816,28.9718115704698,25.684463241324924,22.341670924350613,11.67062466145334,28.35351526997484,40.11912769046968,83.84539880007058,20.469215848806364,34.4632753164557,16.60703939205955,209.97974637681162,18.828996865203763,29.54641544117647,33.90690866510539,16.61111111111111,31.06958873239437,12.595628571428572
priceEarningsToGrowthRatio,-0.6810256884069292,0.052802247327284536,-31.802957983100818,5.556937322510062,-2.052254314604159,0.5065963334756282,0.0019262812627033389,-11.857999580989398,1.4149692498362985,0.52604837663303,-0.4047321178120617,-0.2395131272660132,0.04450603318250378,0.052350286065042766,-3.006578550148957,-1.3876329387492694,-2.1001125598710315,0.388528125054669,0.16733229671333727,0.06479728849284365,6.460755262845192,0.591969233668234,-17.360365946502043,1.3038312488448884,0.9228575353496572,-1.1962040644290122,1.3227849192100536,5.640317080312768,9.182511330036744,4.644743981989262,3.4937618711154728,3.6365163497324424
priceSalesRatio,7.294567521407,6.046267037384866,5.793727395151516,7.055891441553398,5.929919504643962,4.361578566878981,4.001326688815061,2.43815376,1.4377404029496972,1.2287665942553705,1.8555029256060185,1.7228380747126435,1.546058879392213,4.4097081347885405,5.02306049822064,5.851304539478143,5.204202523170342,5.056554700842469,3.359093409028283,4.684899821705538,5.8843094468101524,2.6768912353495855,2.5261950650626077,2.9954876774122567,2.142329345390525,2.723933540139124,2.4352118386377457,2.7298318614130435,4.851960455764075,2.8175328383780696,1.950433952254642,1.6912289002557543
dividendYield,0.002386685960356062,,,,,,,,,,,,,,,,,0.00017300939454678645,,,,,,,,,,,0.0002762764836910538,0.0030404378230465185,0.0036265705770526565,
enterpriseValueMultiple,30.421531489121676,18.103047403529413,19.7039862715075,20.326884403196065,19.02975473020322,16.181941361161524,14.141998299319727,28.463635196969697,10.940047013888888,17.073937007874015,-51.31717171717172,-7.691041845329248,-6.136762860727729,-42.59061316034986,48.98020761245674,33.525522376569036,18.76743711875,14.345025214832171,13.389444185688266,28.187250511845004,134.3948607236279,16.44911576083436,17.91283217884131,17.354018847006653,11.926522861356933,17.862503324468086,11.561639344262295,13.644590736040609,26.571358267716537,14.008064516129032,10.357972192513369,10.0231
priceFairValue,5.237387828826531,4.4870902809274895,5.37965683849184,7.908126425244832,7.076467980295566,5.645906766784452,5.950589591567853,3.598843803468208,2.408072479047199,2.0711065907241664,2.5972698907956318,2.306797480762184,2.0778557753669435,3.7247246632864717,3.8507638888888884,5.0666665774647885,4.655217179817039,5.582877727549491,4.6718816925051785,6.482655216015506,7.489386293437624,4.100511321344969,4.637556715745192,4.827302748226951,3.439176194758479,4.477318448702102,5.043198992443325,7.000544425087108,13.090641952983724,7.25514705882353,5.202690566037736,4.056874233128834
