,2021,2020,2019,2018,2017,2016,2015,2014,2013,2012,2011,2010,2009,2008,2007,2006,2005,2004,2003,2002,2001,2000,1999,1998,1997,1996,1995
period,FY,FY,FY,FY,FY,FY,FY,FY,FY,FY,FY,FY,FY,FY,FY,FY,FY,FY,FY,FY,FY,FY,FY,FY,FY,FY,FY
revenueGrowth,0.016615495755824453,0.11858585858585859,-0.038834951456310676,0.0629514963880289,0.10213830755232028,-0.02635658914728682,0.2629370629370629,-0.05846721095601791,-0.08351436157373884,0.15436054611312344,-0.01778872468527641,-0.13247863247863248,0.14924965893587994,0.18570042057586542,0.047441545238902066,-0.056887184403962926,0.05811660654666111,0.19131761422325927,0.4392531926304956,0.30432595991901823,-0.06882904428205133,0.16213356248465505,0.34437231818681924,0.45470550576184376,0.174656890392931,0.07824853030610177,0.17929715515180492
grossProfitGrowth,-0.00791746641074856,0.14884233737596472,-0.0632584559772786,0.0919086552015788,0.16600920447074294,-0.014257939079714841,0.3850987432675045,-0.07513491075134911,-0.05343811394891945,0.21770334928229665,0.16890380313199105,-0.14244604316546763,0.12096774193548387,-0.010111761575306013,0.061581920903954805,-0.08385093167701864,0.04196385377773919,0.3155496998102795,0.5369069116223077,0.23977996455314932,-0.012337453384053974,0.1869080824088748,0.3868131868131868,0.36146020347097546,0.2188183807439825,0.13917739925218114,0.1939484126984127
ebitgrowth,-0.27612456747404845,0.4508032128514056,-0.3054393305439331,0.1715686274509804,0.36302895322939865,-0.052742616033755275,27.727272727272727,-0.7272727272727273,2.4571428571428573,1.1121794871794872,0.5451895043731778,0.17049576783555018,-0.6981519507186859,-13.487179487179487,-0.88,-0.5142002989536621,-0.13743864403807649,0.7000243299936216,2.3685053788052186,5.467574877952236,-1.1890909090909092,0.07312583668005354,0.5594989561586639,0.4234769687964339,0.2555970149253731,-0.17156105100463678,0.06942148760330578
operatingIncomeGrowth,-0.27612456747404845,0.4508032128514056,-0.3054393305439331,0.1715686274509804,0.36302895322939865,-0.052742616033755275,27.727272727272727,-0.7272727272727273,2.4571428571428573,1.1121794871794872,0.5451895043731778,0.17049576783555018,-0.6981519507186859,-13.487179487179487,-0.88,-0.5142002989536621,-0.13743864403807649,0.7000243299936216,2.3685053788052186,5.467574877952236,-1.1890909090909092,0.07312583668005354,0.5594989561586639,0.4234769687964339,0.2555970149253731,-0.17156105100463678,0.06942148760330578
netIncomeGrowth,-0.7245804540967423,1.9823356231599607,-0.023010546500479387,0.07859358841778696,-0.16349480968858132,0.3211428571428571,108.375,-0.9183673469387755,0.2894736842105263,1.2753623188405796,0.5923190546528804,0.37775735294117646,-1.39647577092511,-6.973684210526316,-0.6779661016949152,-0.5317460317460317,-0.12695828107786009,0.8205533322611063,2.123831384409264,10.159808698790831,-1.0949199578590334,0.6015226337448559,0.004132231404958678,0.36981132075471695,0.30864197530864196,-0.27289048473967686,0.24608501118568232
epsgrowth,-0.7203471552555448,2.0863095238095237,-0.008849557522123967,0.06269592476489035,-0.1447721179624665,0.32740213523131667,92.66666666666667,-0.9062500000000001,0.3913043478260869,1.273809523809524,0.5961538461538463,0.388235294117647,-1.3448275862068966,-6.8,-0.6794871794871795,-0.5272727272727272,-0.15384615384615388,0.6666666666666667,1.571428571428571,12.375,-1.086021505376344,0.5500000000000002,-0.024390243902439046,0.28125000000000006,0.27999999999999997,-0.2990654205607477,0.1630434782608696
epsdilutedGrowth,-0.7213592233009709,2.0930930930930933,-0.0029940119760478406,0.08441558441558435,-0.11999999999999998,0.30111524163568776,88.66666666666667,-0.903225806451613,0.3478260869565217,1.273809523809524,0.5961538461538463,0.388235294117647,-1.3448275862068966,-7.041666666666667,-0.68,-0.5283018867924528,-0.14973262032085563,0.7235023041474656,2.056338028169014,9.874999999999998,-1.0909090909090908,0.5304347826086958,-0.033613445378151294,0.23958333333333331,0.27999999999999997,-0.2990654205607477,0.244186046511628
weightedAverageSharesGrowth,-0.013651877133105802,-0.033003300330033,-0.016233766233766232,0.0165016501650165,-0.02258064516129032,-0.003215434083601286,0.00974025974025974,-0.0064516129032258064,-0.0634441087613293,0.0030303030303030303,0.015384615384615385,0.015625,0.01910828025477707,0.01948051948051948,0.013157894736842105,-0.003278688524590164,0.0325122885888773,0.047585272609919925,0.030380320392890552,-0.00427160727410329,0.0935779086423683,0.0342727332587081,0.03195338644741536,0.06099165510156264,0.024370880490371657,0.03700938158146659,0.07497986625278741
weightedAverageSharesDilutedGrowth,-0.010169491525423728,-0.03594771241830065,-0.019230769230769232,-0.006369426751592357,-0.048484848484848485,0.015384615384615385,0.028481012658227847,0.009584664536741214,-0.06845238095238096,0.01818181818181818,0.015384615384615385,0.015625,0.01910828025477707,-0.00946372239747634,0.009554140127388535,-0.012578616352201259,0.03168706789993284,0.05237766821900223,0.023081974542761733,0.0367274807888695,0.040145545494267076,0.048979011253002906,0.03796056301059746,0.0016572787587862889,0.12359254011040748,0.03700938158146659,0.00487248198505623
dividendsperShareGrowth,0,0,0,0,0,0,0,0,0,0,0,0,0,0,0,0,-1,0,0,0,0,0,0,0,0,0,0
operatingCashFlowGrowth,0.07623817473567056,0.16160310277957338,-0.08569739952718676,0.22342733188720174,0.13082583810302534,0.14620431115276475,0.49859550561797755,1.1975308641975309,0.16967509025270758,-0.134375,1.105263157894737,11.666666666666666,-0.9644970414201184,-0.1486146095717884,-0.3338926174496644,-0.05993690851735016,-0.052720440470053864,-0.06321777140769626,1.5071007225296609,0.46938470343767885,3.2778145403211574,-0.6993633952254642,0.9088607594936708,-0.019851116625310174,10.681159420289855,-0.8918495297805643,0.5637254901960784
freeCashFlowGrowth,0.09233554616777308,0.16036414565826332,-0.09905362776025237,0.25793650793650796,0.11504424778761062,0.16255144032921812,0.5804878048780487,1.8211009174311927,1.0761904761904761,-0.5977011494252874,2.7058823529411766,-0.4854368932038835,-1.405511811023622,0.1598173515981735,-0.5369978858350951,-0.0688976377952756,-0.12366954751677621,-0.11544031140944513,1.807173178327115,2.172260571801283,1.8218162326350114,0.10002010050251256,-3.9437869822485205,-0.23873873873873874,1.8897795591182365,-2.0871459694989105,0.7126865671641791
tenYRevenueGrowthPerShare,0.790910519551764,0.6808219894603322,0.24114975600124108,0.4325578923123262,0.593319474296184,0.46083230397568875,0.4151146982023782,0.15946570401227794,0.3913925048360249,0.9860827616849919,1.2605554682021494,0.9898508478509621,1.6175482445371965,2.023849154819327,2.564734543625389,2.953924189350986,3.344848378102641,3.239711686491332,2.7281909289793576,1.6690609988272223,1.0375733521508785,1.3929496420263263,1.1296713619710947,0.6347566401621986,0.1923122215898983,0.039767382491510773,0
fiveYRevenueGrowthPerShare,0.37352768008664694,0.3016959017911473,0.40746382330540726,0.3651413111513191,0.27750972055931156,0.30387654032482764,0.2912554976531027,-0.11816578483245144,0.049384324252959556,0.24720731956435255,0.12037624636743566,0.09592152813629326,0.3148341083499231,0.3259131784978165,0.5924239142364297,1.0176752903602557,0.8156873432670594,0.9907821282657018,1.2805785505844165,1.2385587856074658,0.9596434610868497,1.3929496420263263,1.1296713619710947,0.6347566401621986,0.1923122215898983,0.039767382491510773,0
threeYRevenueGrowthPerShare,0.16486847851647796,0.1818320142858651,0.15203740574239405,0.15175245573916665,0.37760853008377765,0.15775612325520144,0.15987296590615405,0.06724913425944365,0.08941592951604067,-0.049069985625876805,-0.06821613129935099,0.12030659731727344,0.35594713656387655,0.13772842099692006,0.0024918856229234213,0.1027228710244272,0.6278565308217965,1.0807651817863926,0.5579897142433645,0.25327364892435855,0.24640775396924705,1.0069823983146196,1.0482190515227887,0.6347566401621986,0.1923122215898983,0.039767382491510773,0
tenYOperatingCFGrowthPerShare,5.901167820069204,12.113548589904797,135.14961496149618,4.103435026511949,2.541112801456468,1.0122970339900412,0.6504965157677991,0.02028803950406858,-0.5874979665189346,-0.1963466129340918,0.3741927913291074,1.5926511110206187,-0.9395742705570292,2.20842473595098,2.549152621571976,60.55825324180016,5.806890384911866,6.419349334410286,7.296913474496589,2.4099054287288384,1.3107220620658129,-0.4092884167208425,1.032210562861778,0.09863779319120777,0.18925354130048705,-0.8957092653737583,0
fiveYOperatingCFGrowthPerShare,0.696265635300342,0.7876250275884349,1.2086068157377536,4.256132756132756,4.454158773278049,3.068447580645161,6.3357378575055,60.64502164502165,-0.02905134567665583,-0.3507499600477904,-0.5053894651210087,-0.7750060664887164,-0.9834489791344494,-0.5751556669404534,0.23781800171327522,1.778333040692936,10.52320451738133,2.650876277290031,6.552000783075725,1.867265314173458,21.156542192813244,-0.4092884167208425,1.032210562861778,0.09863779319120777,0.18925354130048705,-0.8957092653737583,0
threeYOperatingCFGrowthPerShare,0.2181730431012622,0.3436956312512494,0.2941449500632811,0.6012001119779938,0.9744687951941259,2.7746913580246915,3.0997016727222073,1.3839285714285714,1.2347198641765706,21.31621349446123,-0.09915725300340682,-0.6371555900019377,-0.9808724832214765,-0.4821575679639936,-0.43110343864731016,-0.22622364658502236,0.9962109000334862,2.210835892473065,13.045625156762238,0.6779291924981327,1.10326103506222,-0.5032921385012692,18.48601254123712,0.09863779319120777,0.18925354130048705,-0.8957092653737583,0
tenYNetIncomeGrowthPerShare,-4.4628403791184,-5.979179374977944,-1.9891283245971656,-3.342110532639167,11.933645996178566,3.803499179879716,0.7026170060735977,-0.9867092851163304,-0.7188827637660888,-0.3809884968752045,19.742150251841643,-5.484063453912107,-12.332960219478737,-5.689445351020336,0.033253614310218046,3.1528486029889535,5.1980563322247395,6.330198763340975,3.21795293425555,0.39127089813211535,-1.1512398327081088,0.7424421974773909,0.12527941607434015,0.1564571555408702,-0.10426248278096802,-0.2988399833457032,0
fiveYNetIncomeGrowthPerShare,-0.2233390404808371,2.686509995124329,128.47689768976898,9.711966604823749,12.899470210178912,-5.4586255259467045,-2.3506485487800823,-1.0076394194041252,-1.2186443086542562,-0.06948640483383683,-2.0773497688751927,-2.2605921855921856,-2.7397545782723474,-2.285728578823627,-0.33476361190159964,-20.252939807558963,2.5571087185548738,5.514114324523212,2.6473058375282665,0.55321271174568,-1.2156994539274717,0.7424421974773909,0.12527941607434015,0.1564571555408702,-0.10426248278096802,-0.2988399833457032,0
threeYNetIncomeGrowthPerShare,-0.1447481479761268,2.2499691173927316,-0.09814770404376072,0.20361038961038952,121.86963696369637,10.79591836734694,11.253553900829244,-1.031055900621118,-1.151760613713251,-1.0675315443397904,-0.42154585502603126,-9.441943319838057,-5.379661016949153,-1.8749747244970174,-0.8737382086051391,-0.3096624260582392,3.454960094792532,-49.46738211809697,1.4207132611699047,0.23637816373262696,-1.1307785869830815,0.9452598154949412,0.6048824652663463,0.1564571555408702,-0.10426248278096802,-0.2988399833457032,0
tenYShareholdersEquityGrowthPerShare,2.49151682330269,2.0325589015466545,0.7964578844610691,0.07962963517238691,0.023560689402273502,-0.022807814629713805,-0.14881999635988596,-0.13271985026918467,0.15539461277332517,0.6304853555889821,1.0554667624330303,1.2764745878602257,2.5754250300480765,4.769162781768081,6.464778099598244,6.505509726107606,9.059079159268283,6.952474330406593,4.551338989180659,2.9946178866051043,2.3153690775988705,2.235158985243055,1.4024789861539741,1.1008036773670604,0.5381233482868173,0.31003853421087235,0
fiveYShareholdersEquityGrowthPerShare,1.4763511723542044,1.6084831847185315,1.237394837749671,1.0400695466862209,0.8043862970511861,0.40994413970107196,0.16257559922659906,-0.1970760573185589,-0.4707878283237553,-0.43273749580396115,-0.30692843932280556,-0.26784976030259044,0.08015230786922423,1.1832351457709087,1.8743048298244416,1.9657352560024983,2.109299791803756,2.310111920328331,1.6424834690589263,1.597072524160279,1.5307416469210573,2.235158985243055,1.4024789861539741,1.1008036773670604,0.5381233482868173,0.31003853421087235,0
threeYShareholdersEquityGrowthPerShare,0.8183748696303715,0.9004043443904572,0.6060537149121272,0.5282465393631403,0.7039623037448254,0.4980149977944421,0.31458143106438974,0.012090483619344752,-0.12909727065331747,-0.2417631782400222,-0.4377310789387305,-0.3585683760683761,-0.12637910798122076,0.20486957060085298,0.44379585619927653,0.7711955582713689,1.5181580428502928,1.3986693922373519,0.7159400865622655,0.6627066915577553,0.5781432188628052,1.1033156988653863,0.8338994796066476,1.1008036773670604,0.5381233482868173,0.31003853421087235,0
tenYDividendperShareGrowthPerShare,0,0,0,0,0,0,0,-1,0,0,0,0,0,0,0,0,0,0,0,0,0,0,0,0,0,0,0
fiveYDividendperShareGrowthPerShare,0,0,0,0,0,0,0,0,0,0,0,0,-1,0,0,0,0,0,0,0,0,0,0,0,0,0,0
threeYDividendperShareGrowthPerShare,0,0,0,0,0,0,0,0,0,0,0,0,0,0,-1,0,0,0,0,0,0,0,0,0,0,0,0
receivablesGrowth,0.1301518438177874,-0.26003210272873195,0.6181818181818182,0.07242339832869081,0.5407725321888412,-0.356353591160221,0.10703363914373089,0.04807692307692308,-0.14754098360655737,0.09253731343283582,0.6262135922330098,0.7758620689655172,-0.6209150326797386,0.1953125,0.2864321608040201,-0.3277027027027027,0.3967798561694256,1.5817282506730992,-0.5691068007034306,0.09198103743787582,-0.25476852623170015,0.565799331103679,0.07245337159253945,0.4612159329140461,0.30506155950752395,0.29609929078014185,0
inventoryGrowth,0,0,0,0,-1,-0.08333333333333333,-0.35714285714285715,0.3333333333333333,-0.288135593220339,-0.23376623376623376,-0.23,-0.5391705069124424,0.2916666666666667,1.7096774193548387,0.01639344262295082,-0.016129032258064516,0.12434941878388917,1.1908224076281286,0.058452481076534904,0.5160015300267755,-0.31758461672322286,0.026160714285714287,0.14285714285714285,0.24050632911392406,0.0821917808219178,0.1774193548387097,0
assetGrowth,0.19582433405327573,0.24059394886680807,0.043452935694315006,0.11220523451671417,0.0947517730496454,0.14690092728160078,0.07540237928621414,0.12741617357001972,-0.07667091604443635,0.11424512987012987,0.06069737408523461,-0.006840530141085934,-0.22792540023106123,0.1774193548387097,0.17327861377108983,0.0036613272311212816,0.28506318423365684,0.4412220553812979,0.38847187258366905,0.2323967052428063,0.1565076926173686,0.3220002217540747,0.20946761432211344,0.4431972130830269,0.21805752003771806,0.24325908558030482,0
bookValueperShareGrowth,0.06534138999150825,0.44731600792070025,0.17931888945151117,0.11340045422557973,0.2231435157650062,0.12218538824429279,0.24141776480865387,0.07530978064723068,-0.015227433790913037,-0.04423790244661182,-0.07469713625814792,-0.1426243188846886,-0.291256625950679,0.05557767162066314,0.1677336747759265,-0.022524149137851546,0.2648992931428917,0.4325326458905948,0.38970463427693847,0.20487879120178382,0.024793245933721477,0.34659200096566795,0.14359995274047116,0.3658226303546883,0.17410542371055718,0.31003853421087463,0.4678926164825765
debtGrowth,0.8328638497652582,-0.3847487001733102,-0.16174334140435837,-0.3016570848833277,1.5668402777777777,0.8199052132701422,-0.45571797076526227,0.22808870116156282,-0.13515981735159818,0,0,0,0,0,0,0,0,0,0,0,0,0,0,0,0,0,0
rdexpenseGrowth,0.1404746632456703,0.08792742498255408,0.0856060606060606,0.0954356846473029,0.08656447249774572,0.013711151736745886,-0.027555555555555555,-0.024284475281873375,-0.04867986798679868,0.05117085862966175,-0.061838893409275834,-0.09565857247976453,0.1868995633187773,0.09990393852065321,0.3733509234828496,0.19747235387045814,0.23909188071832094,0.27399187012144943,0.03418305238615966,-0.0030648346223465526,0.4915228237568023,0.29024740227610096,0.38235294117647056,0.23793395427603725,0.1857429718875502,0.34776725304465494,0.1805111821086262
sgaexpensesGrowth,0.16996047430830039,0.1,-0.019189765458422176,0.0683371298405467,0.0812807881773399,0.05181347150259067,-0.05853658536585366,0.15819209039548024,-0.056,0.24584717607973422,-0.059375,-0.03614457831325301,-0.6418554476806904,0,-1,0.05555555555555555,0.10212086231953221,0.19852928480160237,0.3307139082282117,0.20316403860707657,0.029335183011418204,0.17627615062761506,0.28425577646426653,0.46190102120974075,0.21122740247383445,0.1511500547645126,0
