,2021,2020,2019,2018,2017,2016,2015,2014,2013,2012,2011,2010,2009,2008,2007,2006,2005,2004,2003,2002,2001,2000,1999,1998,1997,1996,1995,1994,1993,1992,1991,1990,1989,1988,1987,1986,1985
period,FY,FY,FY,FY,FY,FY,FY,FY,FY,FY,FY,FY,FY,FY,FY,FY,FY,FY,FY,FY,FY,FY,FY,FY,FY,FY,FY,FY,FY,FY,FY,FY,FY,FY,FY,FY,FY
currentRatio,24.016660044275415,1.366707524077434,1.3307443548206017,1.254793768113981,1.2844839187188803,1.2118356106423986,1.5495197074526477,1.4204605968360569,2.0055719927208804,1.5241122142645729,2.8239265624311605,2.731002372767263,2.602940023277506,2.112336172207049,1.5133536205263884,1.584056960348122,1.6364391521333317,1.5855346997291988,2.0307838924199686,2.3789791918362897,2.0202472987935365,1.2307115614717319,1.207281444302944,1.3180761847024351,1.3298512451947184,1.3078746378720043,1.2806660499537466,1.4673659673659674,1.516778523489933,1.3531468531468531,1.591578947368421,1.3404605263157894,1.4263431542461005,1.365988909426987,1.74818401937046,1.8668639053254439,2.28125
quickRatio,16.395318915441525,0.8611354185745199,0.8430331256615393,0.8159366447306765,0.8569037526193359,0.7555731433230396,0.949047448051786,0.9161366785756666,1.3388275418116093,1.0198054190316457,1.9925667986443676,2.0067206079106756,1.8747141901986843,1.486807317506747,1.0112521353896522,0.997534135762005,0.9794675407924442,0.9368115659864187,1.2274316782700063,1.3844043516065991,1.0401918524947782,0.6792283627480307,0.6658925762229381,0.6793977973123169,0.7881497576466655,0.8037046791326485,0.7665124884366328,0.8636363636363636,0.959731543624161,0.8583916083916084,1.0442105263157895,0.8914473684210527,0.9774696707105719,0.8299445471349353,1.1501210653753027,1.2692307692307692,1.5590277777777777
cashRatio,3.647083309681936,0.2677256197881363,0.20743837860390457,0.19857208080182384,0.30197018923300717,0.16341303369019547,0.2318314869898232,0.3342141678198096,0.4975810544819817,0.40273065717386447,1.0031372066557993,0.9941183168590388,0.7370849051152731,0.44232211250989834,0.3583243317836392,0.26054477747248916,0.1583083082254065,0.2637259066532151,0.40665194702245605,0.4224880835884971,0.21468655506603626,0.11304654003390169,0.10337853022698329,0.09780741638880469,0.10429550392779542,0.17557721007813185,0.11258094357076781,0.11693861693861694,0.10738255033557047,0.1258741258741259,0.1726315789473684,0.17927631578947367,0.2339688041594454,0.15711645101663585,0.46246973365617433,0.5029585798816568,0.6388888888888888
daysOfSalesOutstanding,62.2028040436161,62.10372529833508,62.254713407900375,64.30505534946636,64.58541452864182,67.96807770347739,58.79249073251612,55.872241358138716,56.82502763804906,55.211507070471754,54.64642446548111,55.661229882646666,55.533670528312726,48.859027904759586,55.44623170293087,59.23902842655357,59.539199589364266,60.70049590824677,61.82724997371579,58.44351386727041,55.26387903208627,61.039970248394795,61.64054066210868,52.81796012771199,65.67704553950348,64.0672914162353,68.88024239835553,68.21346384468285,69.7995088369097,62.50440218348301,61.17132707896894,64.23788625978374,66.96142237313714,68.00081891698228,65.26885782647022,65.61740820434511,67.19346995484543
daysOfInventoryOutstanding,88.05422301077817,72.4672753026849,65.16313513199876,61.659721849350326,64.91861230807163,73.50771323992632,66.78339156189817,65.97580631828663,62.774074439632265,63.75215067254667,59.85676450727088,59.23880508819339,56.673789315211195,47.98302851423707,54.03153750894249,62.211148287976144,62.28357401295266,78.7883471517758,80.66674697895587,76.93026683214397,78.68593778860343,88.50098340273755,87.91238181338758,85.6418592943743,73.22639289915517,70.59641724057882,71.21697537146346,65.1804868491943,61.91080597703802,56.97427572427572,52.43655464843997,59.19699367088607,58.41380241744885,72.79126035633111,77.55334670800657,69.56437183975108,71.68692270296548
operatingCycle,150.25702705439426,134.57100060102,127.41784853989913,125.96477719881668,129.50402683671345,141.4757909434037,125.5758822944143,121.84804767642535,119.59910207768132,118.96365774301842,114.50318897275199,114.90003497084005,112.20745984352392,96.84205641899666,109.47776921187335,121.4501767145297,121.82277360231693,139.48884306002256,142.49399695267167,135.3737806994144,133.9498168206897,149.54095365113233,149.55292247549625,138.4598194220863,138.90343843865867,134.66370865681412,140.097217769819,133.39395069387714,131.71031481394772,119.47867790775874,113.60788172740891,123.43487993066981,125.37522479058599,140.7920792733134,142.82220453447678,135.18178004409617,138.8803926578109
daysOfPayablesOutstanding,79.36579037711947,74.03990649305979,79.48293739351858,79.83617939241459,72.36710938067743,70.115667944437,54.13905168148797,47.00160448544401,46.89883566553965,47.5750719292158,40.52740759007054,38.90892252027846,35.44273616326242,28.168524913094576,33.00775211307739,35.94270532985908,34.84557103072425,37.01099520611907,32.66469607732656,25.807218947150687,24.691457436317155,31.40361120716904,34.88171921497721,28.74124260603264,29.522154493280578,28.639634759730715,28.364950132302056,27.74550619581721,24.6379738071886,22.333916083916083,21.482817543193466,22.379351265822784,21.44304139374705,26.76149277806291,25.629217581615904,21.29521586931155,20.228488089450654
cashConversionCycle,70.89123667727479,60.5310941079602,47.93491114638054,46.128597806402084,57.13691745603602,71.36012299896669,71.43683061292633,74.84644319098135,72.70026641214167,71.38858581380262,73.97578138268145,75.99111245056159,76.76472368026151,68.67353150590209,76.47001709879596,85.50747138467062,86.97720257159267,102.47784785390348,109.8293008753451,109.56656175226371,109.25835938437255,118.13734244396329,114.67120326051904,109.71857681605366,109.38128394537809,106.02407389708341,111.73226763751694,105.64844449805993,107.07234100675912,97.14476182384266,92.12506418421545,101.05552866484703,103.93218339683894,114.03058649525047,117.19298695286088,113.88656417478462,118.65190456836024
grossProfitMargin,0.3755856301459413,0.37015377571905633,0.3672634804369768,0.36606304413054813,0.3691208254559516,0.3638275788884339,0.3691818839036955,0.38363902357982893,0.3825718832694354,0.3833829014309495,0.3838201591418516,0.38311970533243755,0.363446508286717,0.3606879900984134,0.3628057999285644,0.36059243601787144,0.3420906557339291,0.34517590020028743,0.3445094097472728,0.32514943838702154,0.312884401287532,0.401910709263233,0.4029551997121267,0.40073409256605574,0.383138729467643,0.3659446066285602,0.34421634320190075,0.33824911677956765,0.3022263376142357,0.2949462933615073,0.2803989434374715,0.3138035560783604,0.30164119977362763,0.30192445490838365,0.3095328044326911,0.2862497397098633,0.28551580409864535
operatingProfitMargin,0.1620709336353074,0.1395901408787868,0.1366087116509914,0.12058034489692537,0.11678085358209939,0.10515308178481449,0.13236354728821068,0.15678145808804334,0.1550928983243971,0.1561357440748715,0.15230109155310473,0.14509856647909725,0.10181348060811446,0.13599487797943371,0.13571518424420181,0.1400273019491454,0.11523711910081305,0.11155056602343393,0.10055024634649477,0.08165569701582154,0.067050100959819,0.15612926950254938,0.1429246131702051,0.1337456318978304,0.13470545550498053,0.1321296273581434,0.11706132037694546,0.10546786374096523,0.1022182857602963,0.08945236837471386,0.07436925038710265,0.11459982807763652,0.11106395019807583,0.11761695158153342,0.1163581412920287,0.09849378774206982,0.11170545328238972
pretaxProfitMargin,0.17716095231603166,0.12593719702682324,0.11812809741386304,0.10374224233629925,0.1243663826637495,0.1014567709426461,0.11509117404325367,0.1411383193116023,0.14174553338084103,0.14036567325231583,0.1377540521298996,0.12969713351899603,0.08511850274486732,0.12498784497802055,0.12283325046231786,0.12636926308540897,0.10588150132107568,0.10060764066039468,0.08426627173885459,0.06446287273547781,0.05346419430028287,0.14300230876752104,0.13833663188197193,0.12283480403248108,0.13562899927435848,0.14442018497166548,0.11134840759230091,0.09947168832852558,0.0988365071057611,0.08817573516464167,0.09295017761180435,0.11043749717232955,0.10705527259007734,0.11505783601187429,0.11390253116735928,0.09335739571041855,0.11121917332407086
netProfitMargin,0.14212804952927635,0.10225546698265647,0.09499443486678222,0.08155854921212714,0.10365514768270885,0.0748993795131302,0.12504170673220333,0.09999512429689265,0.11490841785499872,0.10007848881938429,0.11260719937007399,0.09815485076510154,0.061713502925798115,0.07806047599066071,0.09148517268469845,0.08627372929913173,0.08392729641779553,0.0752089243076672,0.06637374878095645,-0.02898440218908593,0.05572959585801271,0.09621166967274901,0.20893306944944223,0.09523091233627473,0.08914396288233613,0.09572406348894831,0.07429456205451293,0.0656014001879882,0.06373042393010991,0.057096319774608204,0.05838418799526369,0.07044292629959734,0.06791171477079797,0.0746238100112601,0.07033119254501952,0.058166169223294234,0.06946856547412296
effectiveTaxRate,0.19774618689259052,0.1880439663836794,0.19583539440266948,0.185052482981287,0.16653403063943573,0.26176066104576606,0.25571626634691047,0.2888548510473795,0.21949601264574775,0.26763340486000436,0.22717967354661037,0.2347635457969222,0.2435305460743911,0.2655982596544044,0.2640039927715513,0.26679945410508843,0.26280011435887557,0.25900033686742274,0.2330676648059114,0.2170706475188271,0.300271773320919,0.30959906255867103,0.3414079011542839,0.3319688907081457,0.3427367055771725,0.33718362493630033,0.3327739151282666,0.34050179211469533,0.3556008146639511,0.35546679980029955,0.3718765311121999,0.3621466612044244,0.3656387665198238,0.351423487544484,0.3825317855168601,0.3762081784386617,0.37539038101186756
returnOnAssets,0.10802175049143918,0.07467717153510778,0.07819595115137856,0.06816669975785854,0.07615794959734568,0.050305699164817363,0.100911011126408,0.08528076643618504,0.09255518366012276,0.07765936677364095,0.09422172405264459,0.0817602086397426,0.04521945909134562,0.07509955125669479,0.08192055039982553,0.07366031097762611,0.07761136717423557,0.07126074660330767,0.05705904765169802,-0.02732713073127529,0.05400393116164827,0.10621416172470154,0.22483603184975434,0.10443029250406638,0.12369183829138063,0.13035344424400347,0.10436119548505644,0.09774944460542838,0.08923337091319053,0.09095371669004207,0.09447310243183493,0.10606267029972752,0.10241820768136557,0.10673499267935578,0.0971304347826087,0.08135922330097087,0.09832841691248771
returnOnEquity,0.26824453733212905,0.2018596639526631,0.22353907131033482,0.2059717567955109,0.185177200114985,0.13392789939116984,0.2386640417606991,0.2094819258388559,0.18654549525458047,0.16487743000428928,0.18157043172624582,0.15466572643874094,0.08728506751872364,0.15577428783405478,0.16752433306902662,0.1474098024099572,0.1532177432022545,0.1323491782746686,0.10680355026177037,-0.05063886883237988,0.09864383921026823,0.21281836519459774,0.45566019226996274,0.1982311999581349,0.23796665884010332,0.26193193260388,0.22668404333306183,0.20323325635103925,0.18195402298850574,0.16111801242236024,0.15483091787439612,0.19758883248730966,0.1927710843373494,0.19676113360323888,0.1662202380952381,0.13343949044585987,0.1597444089456869
returnOnCapitalEmployed,0.12444332231978772,0.12894302698042595,0.14433388664871502,0.13234794566135358,0.11205284457954497,0.0895362498832933,0.13046600446674636,0.17238386840165643,0.14680601722379133,0.1496192349463157,0.14590823921858356,0.1404540783561611,0.08506056578208701,0.15525985697142144,0.15350677412093897,0.14723920733485577,0.13054604741558132,0.1380013493521374,0.10508244116495787,0.09133133018593767,0.07904323279402152,0.2564916063265557,0.22720772255988558,0.20169851380042464,0.29439184968042675,0.29046001186431536,0.2765340228290345,0.25061614294516327,0.20840407470288624,0.23454332552693208,0.23140589569160996,0.2838372093023256,0.2738238841978287,0.2724848484848485,0.24545454545454545,0.19436416184971098,0.2196159122085048
netIncomePerEBT,0.8022538131074095,0.8119560336163206,0.8041646055973305,0.7861652821011942,0.8334659693605643,0.738239338954234,1.0864578259077453,0.7084902582418134,0.8106669403561627,0.7129840686867017,0.8174510849516602,0.7568004635254745,0.7250304097897148,0.6245445387460505,0.7447915962523828,0.6827113428747468,0.7926530637612883,0.7475468444940288,0.7876668495154507,-0.4496293906730295,1.042372312673528,0.672798016353431,1.5103235246301414,0.7752762996316005,0.6572632944228275,0.6628163750636997,0.6672260848717334,0.6594982078853047,0.644806517311609,0.6475287069395906,0.6281234688878001,0.6378533387955756,0.6343612334801763,0.6485765124555161,0.6174682144831398,0.6230483271375464,0.6246096189881324
ebtPerEbit,1.0931074952321795,0.9021926350527928,0.8647186258198327,0.8603578172295021,1.0649552460782223,0.9648482880441629,0.8695080813500122,0.9002232855389294,0.9139395479241202,0.8989976900164931,0.9044849956434302,0.8938553747716045,0.8360238962116716,0.9190628855663393,0.9050811163568507,0.9024616008905413,0.9188141993418564,0.9019016599096377,0.8380513703414925,0.7894473391487618,0.7973767904141154,0.9159224866877764,0.9678992918961448,0.9184210526315789,1.0068560235063664,1.0930189379873747,0.9511972633979475,0.9431468961278426,1.0,1.0,1.0,1.0,1.0,1.0,1.0,1.0,1.0
ebitPerRevenue,0.1620709336353074,0.1395901408787868,0.1366087116509914,0.12058034489692537,0.11678085358209939,0.10515308178481449,0.13236354728821068,0.15678145808804334,0.1550928983243971,0.1561357440748715,0.15230109155310473,0.14509856647909725,0.10181348060811446,0.13599487797943371,0.13571518424420181,0.1400273019491454,0.11523711910081305,0.11155056602343393,0.10055024634649477,0.08165569701582154,0.067050100959819,0.15612926950254938,0.1429246131702051,0.1337456318978304,0.13470545550498053,0.1321296273581434,0.11706132037694546,0.10546786374096523,0.0988365071057611,0.08817573516464167,0.09295017761180435,0.11043749717232955,0.10705527259007734,0.11505783601187429,0.11390253116735928,0.09335739571041855,0.11121917332407086
debtRatio,0.5973012104336305,0.630054018356932,0.6501911245626466,0.6690483160488137,0.5887293384387726,0.6243822280980676,0.5771838506464737,0.5928967804993958,0.503846589627845,0.5289872799956874,0.48107341511032525,0.47137474783642075,0.4819336184663484,0.5178950756192973,0.5109931261981444,0.5003024916024817,0.49345705300080694,0.4615701621099762,0.4657570135838272,0.46035266266055347,0.45253619897605535,0.5009163723836475,0.5065708269803239,0.4731894246409175,0.4802135774218154,0.5023384779849002,0.5396182547718154,0.5190283009755626,0.5095828635851184,0.43548387096774194,0.38909358879882094,0.46389645776566757,0.4694167852062589,0.4568081991215227,0.4156521739130435,0.39029126213592236,0.38446411012782694
debtEquityRatio,1.483245606664999,1.7030973429110576,1.8587039100987253,2.021589097420924,1.431488782117093,1.6622808471934702,1.3650941467798028,1.4563794932074121,1.0155056462272818,1.1230849136958427,0.9270548650202665,0.8916992631493835,0.9302545689987873,1.0742372654346344,1.0449610293314562,1.001210698862405,0.9741662694626227,0.8572521982042414,0.8718074460990765,0.853062047762842,0.8266047876218626,1.0036722197761692,1.0266333137139494,0.8982155005494793,0.9238671049542146,1.0093978653420153,1.1721104504357742,1.0791244100813335,1.0390804597701149,0.7714285714285715,0.6376811594202898,0.8642131979695431,0.8835341365461847,0.8421052631578947,0.7113095238095238,0.6401273885350318,0.6246006389776357
longTermDebtToCapitalization,0.41878643919002717,0.4892167883038794,0.49609994456976436,0.5153172280433574,0.40525777753293746,0.45767366699765055,0.4179777534579267,0.37842283354770745,0.3258533682972827,0.30798696786137314,0.3071934869467042,0.2834825074935322,0.3089018065727649,0.329123150844728,0.26898030001244866,0.2797859515794443,0.28760385784612436,0.1945022205749604,0.2679546125459285,0.3008240771614653,0.2908264565627725,0.20558394050148027,0.22971134955417863,0.24200714002380008,0.1335571152476859,0.1451770241579159,0.17231847906694533,0.20296118447378952,0.22459893048128343,0.0012406947890818859,0.007194244604316547,0.02595797280593325,0.03488372093023256,0.036410923276983094,0.03862660944206009,0.049924357034795766,0.10571428571428572
totalDebtToCapitalization,0.4271862076056366,0.4929522982287334,0.506476171908755,0.5333166797131262,0.44872483707676936,0.4879692351352586,0.4316929929788358,0.4502558186449173,0.344689505994181,0.3627400559581084,0.30729296256557675,0.28539699193590273,0.3130434021948385,0.35479444807629923,0.3463164825881154,0.31727343766514954,0.31602828720656134,0.25939792577028453,0.280187021603541,0.3056413129301823,0.29162340420925786,0.376506336380523,0.3076374503344993,0.3532457862316388,0.2910528506034124,0.33349738266744217,0.3549624336678401,0.3420322410147992,,,,,,,,,
interestCoverage,12.053424129271344,8.334929469255027,7.74844616827481,6.437345386800232,6.297483609718473,5.237835499739738,6.992633433579392,9.229958462741763,10.862130656975298,10.04307313782293,9.695983279680968,9.732248145118064,5.858460772104608,10.718056582358882,,,,,,,,,,,,,,,-11.008968609865471,-9.965174129353233,-8.797413793103448,-7.95114006514658,-7.668918918918919,-10.553990610328638,-12.06,-8.151515151515152,-12.606299212598426
cashFlowToDebtRatio,0.3571435429853131,0.33563997652242705,0.3037370700499413,0.25241483979977103,0.23027021663746103,0.23803658855507875,0.3016521074501962,0.3219811830892607,0.4081759136270766,0.4546858058737567,0.49284581749153733,0.5237555253286986,0.4278036675042614,0.48081554491044376,0.41850437088525494,0.5051896061071461,0.4395366100668096,0.5469488532280169,0.5560836430669625,0.3985285467620439,0.9405026801897343,0.16233977195884652,1.7762446186113257,0.45693206860208874,0.660852158993423,0.5520525892138449,0.4493783303730018,0.606722039791385,,,,,,,,,
companyEquityMultiplier,2.483245606664999,2.7030973429110574,2.858703910098725,3.021589097420924,2.431488782117093,2.6622808471934705,2.365094146779803,2.456379493207412,2.0155056462272816,2.1230849136958425,1.9270548650202666,1.8916992631493836,1.9302545689987873,2.0742372654346344,2.044961029331456,2.0012106988624048,1.9741662694626227,1.8572521982042414,1.8718074460990763,1.853062047762842,1.8266047876218625,2.003672219776169,2.0266333137139494,1.8982155005494794,1.9238671049542146,2.0093978653420153,2.172110450435774,2.0791244100813335,2.039080459770115,1.7714285714285714,1.6388888888888888,1.8629441624365481,1.8821954484605088,1.843454790823212,1.7113095238095237,1.6401273885350318,1.6246006389776357
receivablesTurnover,5.867902671141079,5.877264177738227,5.863009883420008,5.676070069707653,5.651430786096955,5.370168060252877,6.208275843604137,6.5327610120447,6.423226088421685,6.610940714480324,6.679302508264966,6.5575266800526615,6.572589143264213,7.470472001847659,6.582954130329226,6.161478499812647,6.130414962199146,6.01313044545343,5.903545769141762,6.245346589339961,6.604675719344286,5.979688366732102,5.921427620189107,6.910528144544823,5.557497250397165,5.697134870719776,5.2990521997453675,5.3508498092265,5.229263157894737,5.839588688946016,5.966847826086957,5.682005141388175,5.450899742930591,5.367582417582417,5.592253521126761,5.562548262548263,5.432075471698113
payablesTurnover,4.598958799070017,4.929773919071787,4.592180560626385,4.571862065266608,5.043727780806701,5.205683846429922,6.74189866027532,7.765692341695215,7.782709204190221,7.672085089919829,9.006250873283767,9.380881719604808,10.29830197980975,12.957725018477062,11.058008396015255,10.155050841339412,10.47478888143833,9.861934216231345,11.174143458611766,14.143329459383642,14.782440483369111,11.62286711525314,10.463933780055184,12.699520511454448,12.363596297928602,12.74457593688363,12.86799371398638,13.155283505154639,14.814529914529915,16.34285714285714,16.990322580645163,16.309677419354838,17.02183908045977,13.639,14.24155844155844,17.14,18.04385964912281
inventoryTurnover,4.145173139002346,5.036756225143694,5.601326566940523,5.9195855747092665,5.622424556271945,4.9654653084997245,5.46543072257269,5.532331022058798,5.814502296660835,5.725297047228533,6.097890572679767,6.161501729425439,6.440366956405971,7.606856242758846,6.75531396713615,5.867115622274173,5.860293115550716,4.632664768266729,4.5247888835187595,4.744556531909637,4.638694158803877,4.12424795709908,4.151861119799812,4.261934561058466,4.98454157782516,5.1702340468093615,5.125182557896933,5.59983543609435,5.895578231292517,6.4064,6.96079295154185,6.1658536585365855,6.248523206751055,5.014338235294118,4.7064377682403435,5.246938775510204,5.091584158415841
fixedAssetTurnover,8.259687039725899,7.448530411466958,8.47233111485211,8.669738387123573,7.832221746558215,7.184685989827318,8.14299828274232,9.261755004665087,7.3794977438371845,6.944282688346363,7.943229390430326,8.419193355909956,6.967711075348465,8.67858379560939,8.163734755322574,7.599942343536815,7.4428018842164425,7.25288364962732,6.147722096465262,5.934931808058196,5.857530133537179,7.148079274910396,6.877648878576953,6.954020979020979,7.970031545741325,8.236613457264093,8.836753951403633,9.002918004085206,8.777031802120142,9.050199203187251,8.748207171314741,8.247388059701493,7.795588235294118,7.290298507462687,7.456338028169014,7.09704433497537,7.739247311827957
assetTurnover,0.7600311891227934,0.7303000390949637,0.8231634964831211,0.8358007887139153,0.7347242399428843,0.6716437371286709,0.8070188240674366,0.8528492467590757,0.8054691326175669,0.775984606580101,0.8367291308168753,0.8329716565450886,0.7327320107840211,0.9620688357790674,0.8954516671478865,0.8537976922526224,0.9247452317286756,0.9475038668521812,0.8596628742486976,0.9428219548224912,0.9690350401829385,1.1039633974337486,1.0761151044313755,1.0966007774377635,1.3875514874141877,1.3617625442640475,1.4046949413132337,1.4900511928909494,1.4001691093573845,1.5929873772791023,1.6181282240235815,1.5056539509536784,1.508108108108108,1.430307467057101,1.3810434782608696,1.39873786407767,1.4154375614552606
operatingCashFlowPerShare,7.750354225704284,7.669628601180146,6.5104615766057385,5.328709449270721,5.277059446960208,5.552853489315923,5.298301600695348,5.8546540925779285,6.740878490812806,7.012756746038304,5.799259745429897,5.066164785951621,4.276942665577857,5.320557509775521,4.345835195946953,4.39072399189294,3.3313002822952127,2.939107120895339,2.930584077087118,2.073707490213308,4.807327830479241,1.1792374280069566,7.696722997373997,2.140551992208014,2.0709648222742976,1.8191632460024307,1.3363636391247182,1.3734115610951814,0.9908056042031523,0.7875,0.9451882845188284,0.8986514098896609,0.8233201581027668,0.599087105363256,0.6265729089563287,0.5613275613275613,0.7143361581920904
freeCashFlowPerShare,6.559426571095183,6.5193891010065945,5.223914929957713,4.1877910778387175,4.013386003789703,4.488600859364431,4.3196695829817475,4.858607491661267,5.358081636704404,5.376786688038072,4.3369933613798,4.0858547756250765,3.6322044096789443,4.387864028734992,3.4803308001788107,3.4350772673514154,2.5818976347306863,2.4105915631533636,2.4547132927888793,1.5686746868999017,3.984900825428114,0.20421636588478156,4.322620454121485,-0.8932058009003874,1.417683404949346,1.264351612045432,0.879464608356781,1.0021837943426157,0.7775831873905429,0.5814655172413793,0.7343096234309623,0.6832856559051901,0.5450592885375494,0.3689615823507037,0.47816432272390824,0.40115440115440115,0.590042372881356
cashPerShare,2.67755737067289,3.5617841027421036,2.735939888979187,2.6436940363238453,4.842881459357035,2.2492028009869163,2.2978511473870538,4.088864492597125,4.693625891131599,4.406893930631062,6.492048719079846,7.0043660411884625,5.040260884514549,4.38701513680424,2.9921621218894354,1.8334911887247083,0.9417230353878973,1.759222727831755,1.8283459047468604,1.456077128512966,0.871563385487249,0.9200329111055274,0.6600881074125982,0.4344840277746608,0.5591873860230038,0.884161966465337,0.5356899040891904,0.39483942682870066,0.4246935201401051,0.4396551724137931,0.5355648535564853,0.6252554147936249,0.691699604743083,0.32331685051350323,0.7068837897853442,0.6132756132756133,0.6497175141242938
payoutRatio,0.2552868880904203,0.4159947092037322,0.4162701093642594,0.4972583018130104,0.34984753562122306,0.5273004881192866,0.2965743841605649,0.33343050816849085,0.24704698996838892,0.2970877976007003,0.24479833966867096,0.2858132506027676,0.5326985338263597,0.2861579707225924,0.23354208265262902,0.25774944729450217,0.2625014211729283,0.30541120034887526,0.3943098451149945,-0.9024830737005303,0.4247375642258497,0.18757842390091067,0.09881593110871906,0.235480464625132,0.19807597434632462,0.18554587391081498,0.2281710384477183,0.27717391304347827,0.32469993682880605,0.38396299151888974,0.47581903276131043,0.2928709055876686,0.3055555555555556,0.2030178326474623,0.3079677708146822,0.3711217183770883,0.301
operatingCashFlowSalesRatio,0.14112224220290648,0.16529767675679558,0.13246264186255333,0.11421932524594122,0.104918678857729,0.1268665898772832,0.12005113054893607,0.12588136717810813,0.13224991188241947,0.15709769791219247,0.13559232919168718,0.13274887531250665,0.13783515698300236,0.13249291045131067,0.12108168056053559,0.13740214997090588,0.11124411438574094,0.10886202759710444,0.13451760317005704,0.10040791994768222,0.21874298578714463,0.04431837476394338,0.3618882691615689,0.11989340573698369,0.10163379290630428,0.10094939037852955,0.08104861315037774,0.10180533497552913,0.09110672732396634,0.08042789223454834,0.10287822206029693,0.09948875718228295,0.09823618185248066,0.08061214044426246,0.10659866515552198,0.10800305407093774,0.14053490795415075
freeCashFlowOperatingCashFlowRatio,0.8463389388501297,0.8500267014237742,0.8023877982367614,0.7858921785296161,0.7605345446888172,0.8083413092027031,0.8152932597145536,0.8298709735594165,0.7948639994040798,0.7667151282661507,0.7478529246422468,0.8064985937597362,0.8492525370779545,0.8247000470670826,0.8008427939063738,0.7823487137187315,0.7750420004022573,0.8201781915383289,0.8376191326436077,0.7564589964125283,0.8289222133267454,0.17317663180851553,0.5616182959418309,-0.4172782553994548,0.6845521419299004,0.6950182260024301,0.658102766798419,0.7297039159503342,0.7847989394608926,0.7383689107827038,0.7768924302788844,0.7603456116416553,0.6620259241478637,0.6158730158730159,0.7631423508564678,0.7146529562982005,0.8260009886307464
cashFlowCoverageRatios,0.3571435429853131,0.33563997652242705,0.3037370700499413,0.25241483979977103,0.23027021663746103,0.23803658855507875,0.3016521074501962,0.3219811830892607,0.4081759136270766,0.4546858058737567,0.49284581749153733,0.5237555253286986,0.4278036675042614,0.48081554491044376,0.41850437088525494,0.5051896061071461,0.4395366100668096,0.5469488532280169,0.5560836430669625,0.3985285467620439,0.9405026801897343,0.16233977195884652,1.7762446186113257,0.45693206860208874,0.660852158993423,0.5520525892138449,0.4493783303730018,0.606722039791385,,,,,,,,,
shortTermCoverageRatios,10.55670659022535,22.623786705983537,7.470707709329434,3.6249194346353906,1.4137948243165572,2.079302858521288,5.5260848850597535,1.2544719752788076,5.035446052390547,2.0845512029156827,1054.7729941291584,55.943929098966024,22.34709746238491,4.45810512838751,1.3699966648346744,3.079380758495125,3.4813750778719963,1.7610091256366722,9.324255132010869,17.6790959976432,244.0647985989492,0.28408366635530546,5.401477005706613,1.0998616236162362,1.0581501831501832,0.8357026807473599,0.7228571428571429,1.1893222264293828,,,,,,,,,
capitalExpenditureCoverageRatio,-6.50782958621293,-6.667853607898993,-5.060416265176334,-4.6705439956957555,-4.175967672249473,-5.2176084258951,-5.413987591652567,-5.877891744412255,-4.874814742877893,-4.286604581633065,-3.9659393176826376,-5.167921099024654,-6.633610812522394,-5.704508091811485,-5.0211590110873905,-4.594505353429019,-4.445274236915977,-5.561060744270901,-6.1583609958506225,-4.106084746591076,-5.845294233961089,-1.2094481584226457,-2.281117096682733,-0.7055777481876017,-3.1700960219478738,-3.2788844621513946,-2.9248554913294798,-3.6996466431095407,-4.646817248459959,-3.8221757322175733,-4.482142857142857,-4.172675521821632,-2.9588068181818183,-2.603305785123967,-4.221945137157107,-3.5045045045045047,-5.747159090909091
dividendPaidAndCapexCoverageRatio,9.6669438885568,9.31385938290339,9.909595043661485,7.094185261512223,9.418955791983858,8.357816045145151,8.051765363774852,10.555779090142124,105.08027669063439,-22.71373521488591,-20.472471750071218,56.08642340954863,11.394732698776211,-149.14098750743605,-44.051303997583325,-17.917153957065043,-37.152967032967034,32.07596907548588,31.075481574539364,58.90800729210489,-15.906714714322984,-2.3831907839056883,-2.622392438070404,-0.8128515425259928,-7.0564885496183205,-7.749529190207157,-7.5334987593052105,-10.90625,83.81481481481481,91.35,21.31132075471698,-30.971830985915492,-7.890151515151516,-5.097087378640777,-29.70175438596491,-11.699248120300751,-39.666666666666664
dividendPayoutRatio,0.2552868880904203,0.41599470920373227,0.4162701093642594,0.49725830181301045,0.34984753562122306,0.5273004881192866,0.2965743841605649,0.33343050816849085,0.24704698996838892,0.29708779760070037,0.24479833966867098,0.28581325060276763,0.5326985338263597,0.2861579707225924,0.23354208265262905,0.25774944729450217,0.26250142117292835,0.30541120034887526,0.39430984511499456,-0.9024830737005302,0.4247375642258497,0.18757842390091067,0.09881593110871906,0.235480464625132,0.19807597434632462,0.18554587391081495,0.2281710384477183,0.27717391304347827,0.32469993682880605,0.3839629915188898,0.4758190327613105,0.2928709055876686,0.3055555555555555,0.2030178326474623,0.30796777081468213,0.3711217183770883,0.301
priceBookValueRatio,5.7401003492574825,4.956145675418878,5.693663605417027,4.808022592829904,3.0713089604944357,2.588126220431576,2.041857957005961,2.548316992782765,1.9059418862962667,1.710253061638102,1.5981800002332394,1.7201539653525124,1.3101873869656442,0.9420453180397094,1.4042473796080404,1.7200783864829434,1.8900492970065081,1.6244807529991838,2.0458175774433025,1.451117962459644,2.040791296503051,2.2981315877587214,2.8182448135878952,2.4276849282987074,2.9912892049583237,2.512862601389602,2.6902129416318252,2.174364134348243,1.1220740689655173,0.8412233540372671,0.6565861111111112,0.5929317005076142,0.5051871485943775,0.40130390013495276,0.37828,0.2974603184713376,0.17254389776357829
priceToBookRatio,5.7401003492574825,4.956145675418878,5.693663605417027,4.808022592829904,3.0713089604944357,2.588126220431576,2.041857957005961,2.548316992782765,1.9059418862962667,1.710253061638102,1.5981800002332394,1.7201539653525124,1.3101873869656442,0.9420453180397094,1.4042473796080404,1.7200783864829434,1.8900492970065081,1.6244807529991838,2.0458175774433025,1.451117962459644,2.040791296503051,2.2981315877587214,2.8182448135878952,2.4276849282987074,2.9912892049583237,2.512862601389602,2.6902129416318252,2.174364134348243,1.1220740689655173,0.8412233540372671,0.6565861111111112,0.5929317005076142,0.5051871485943775,0.40130390013495276,0.37828,0.2974603184713376,0.17254389776357829
priceToSalesRatio,3.041363954160075,2.5106204010766393,2.419560720851713,1.9038306676174512,1.7192018438641221,1.4474134881023062,1.0697774242202513,1.2164260635889714,1.174023346846261,1.0381017092698122,0.9911667456233474,1.091653979519808,0.9263469163440067,0.4720708850827228,0.7668606205556008,1.0067008751291344,1.0353025979812054,0.9231296452632527,1.2713864062016236,0.8305830603554684,1.1529607433692215,1.0389473529870201,1.2922448556007107,1.1662677249380295,1.120557708196891,0.9183356027010009,0.8817038437869115,0.7018601890893641,0.39301277829220177,0.2981091741503786,0.24758780398943442,0.21138767588110213,0.1779734012450481,0.15219888934384276,0.1600580279561768,0.12966271951134867,0.07503472038902397
priceEarningsRatio,21.398759528699486,24.55243201326796,25.470552293351115,23.34311590886374,16.585783555358432,19.324772748598914,8.555364863271977,12.1648537580424,10.2170351725471,10.372875545146536,8.801983808921152,11.121752730614308,15.010441352807499,6.047502005229922,8.382348724405519,11.668683889143832,12.33570771572817,12.274203543809282,19.154958542380868,-28.656208085196393,20.688482046536333,10.798558600228631,6.184970426203445,12.246734766330519,12.570202983638383,9.593571033547128,11.867676710173884,10.69885988832715,6.1668,5.22116268311488,4.240665366614665,3.0008360950545923,2.620658333333333,2.0395486282578874,2.2757758281110116,2.2291775656324586,1.0801247999999999
priceToFreeCashFlowsRatio,25.46411598477764,17.868238295826508,22.764535715929554,21.209271988286293,21.545427207437616,14.11401503161732,10.929827870633108,11.644308188529072,11.168337113431202,8.61858665568692,9.774519227420056,10.19648624041622,7.913649331905503,4.3203462723217685,7.908438185986769,9.364973331387077,12.007843604238738,10.33898872830925,11.283708399416007,10.935274944673472,6.358674684777824,135.369375907889,6.358124959547416,-23.311875022542715,16.106069183207964,13.08885110940591,16.530402544751713,9.44785881936045,5.496646621621622,5.019902149740549,3.097739601139601,2.794438875598086,2.736583031182016,3.065630824742268,1.9675244582043343,1.6799017985611513,0.6463942549371634
priceToOperatingCashFlowsRatio,21.55127290131333,15.188479658855368,18.265985690986835,16.66820096790148,16.386041671334624,11.408941388764175,8.911014992767445,9.663273372840507,8.877309104674941,6.608000773187933,7.309902791197964,8.22345181418618,6.720686772666007,3.562989774129857,6.333415732301499,7.326674839820903,9.306583127546643,8.479813077519847,9.451450042522225,8.272087110142762,5.270846693530779,23.44281256974903,3.5708393051662424,9.72753853949675,11.025444157436175,9.096990078469235,10.878703650992726,6.894139577833222,4.313762439239947,3.7065396825396824,2.406610447100487,2.1247393360618463,1.8116889102256362,1.8880393015873014,1.5015012404016537,1.200546786632391,0.5339222936233317
priceCashFlowRatio,21.55127290131333,15.188479658855368,18.265985690986835,16.66820096790148,16.386041671334624,11.408941388764175,8.911014992767445,9.663273372840507,8.877309104674941,6.608000773187933,7.309902791197964,8.22345181418618,6.720686772666007,3.562989774129857,6.333415732301499,7.326674839820903,9.306583127546643,8.479813077519847,9.451450042522225,8.272087110142762,5.270846693530779,23.44281256974903,3.5708393051662424,9.72753853949675,11.025444157436175,9.096990078469235,10.878703650992726,6.894139577833222,4.313762439239947,3.7065396825396824,2.406610447100487,2.1247393360618463,1.8116889102256362,1.8880393015873014,1.5015012404016537,1.200546786632391,0.5339222936233317
priceEarningsToGrowthRatio,0.33086627429505555,16.379979643137272,1.1125068817785542,-0.862536410533192,0.28187238373873397,-0.47621761416190184,0.4572695013128131,-0.5891408514225492,0.3285622102250756,-1.4284931465030355,0.30848074096686273,0.11605797020232021,-0.3866674668746885,-1.3223871051436102,0.4449092784492159,1.1715358624700405,0.5216976388110038,0.3068550885952321,0.055971356051953795,0.19248479126970747,-0.3966554159752524,-0.2550297882181655,0.03837390410418195,-1.8574214395601272,2.282484225976444,0.2350424903219047,0.30890864377952604,0.37857504220234517,2.4698906301784955,2.1241098336089097,1.77727103728763,1.2876505083756535,1.162659873942089,0.9402566418344365,1.0782924994004481,1.0835766775796558,0.5364002184240013
priceSalesRatio,3.041363954160075,2.5106204010766393,2.419560720851713,1.9038306676174512,1.7192018438641221,1.4474134881023062,1.0697774242202513,1.2164260635889714,1.174023346846261,1.0381017092698122,0.9911667456233474,1.091653979519808,0.9263469163440067,0.4720708850827228,0.7668606205556008,1.0067008751291344,1.0353025979812054,0.9231296452632527,1.2713864062016236,0.8305830603554684,1.1529607433692215,1.0389473529870201,1.2922448556007107,1.1662677249380295,1.120557708196891,0.9183356027010009,0.8817038437869115,0.7018601890893641,0.39301277829220177,0.2981091741503786,0.24758780398943442,0.21138767588110213,0.1779734012450481,0.15219888934384276,0.1600580279561768,0.12966271951134867,0.07503472038902397
dividendYield,0.011929985368919907,0.016943116224858362,0.01634319132816462,0.021302139086932854,0.02109321723954347,0.02728624522415235,0.03466531105338982,0.027409331406721932,0.024179909904998423,0.0286408331332682,0.027811723468584248,0.02569857984848228,0.03548853236928477,0.04731837550035056,0.02786117475316466,0.022088990475978527,0.02127980227986725,0.024882363996881488,0.020585262256901955,0.03149345757880461,0.020530146352470517,0.017370690926929746,0.015976783120913933,0.019228020294236262,0.01575757961937004,0.0193406473212104,0.01922626003555629,0.025906864463743958,0.052652905368879496,0.07353974867717056,0.1122038622776685,0.09759643523027557,0.1165949607657957,0.09954056982739026,0.13532429996424922,0.16648369519715414,0.27867150166351146
enterpriseValueMultiple,14.90441221677791,15.866481827938498,16.100006824195038,14.381769076930231,10.755327302851864,11.046415974064285,6.42264119409609,7.698469527497109,6.740037350708045,6.511884900651741,5.636168137695499,6.506701155404647,7.782848597096171,4.261976245183163,6.163979918899652,8.091662975884798,8.935965320910274,8.095047883669688,11.881836426646977,43.084250219964595,11.115133934585582,7.175985788835718,4.926438909350325,7.88198550795259,7.200711478815238,6.008421710969586,7.347446043896727,6.438662134088441,3.876804662004662,2.3468246225319396,1.756114532482163,1.3036444826400826,0.9752889210716872,0.8668091958168049,0.3959796312554873,0.28476317895940556,-0.00991281795511222
priceFairValue,5.7401003492574825,4.956145675418878,5.693663605417027,4.808022592829904,3.0713089604944357,2.588126220431576,2.041857957005961,2.548316992782765,1.9059418862962667,1.710253061638102,1.5981800002332394,1.7201539653525124,1.3101873869656442,0.9420453180397094,1.4042473796080404,1.7200783864829434,1.8900492970065081,1.6244807529991838,2.0458175774433025,1.451117962459644,2.040791296503051,2.2981315877587214,2.8182448135878952,2.4276849282987074,2.9912892049583237,2.512862601389602,2.6902129416318252,2.174364134348243,1.1220740689655173,0.8412233540372671,0.6565861111111112,0.5929317005076142,0.5051871485943775,0.40130390013495276,0.37828,0.2974603184713376,0.17254389776357829
