,2021,2020,2019,2018,2017,2016,2015,2014,2013,2012,2011,2010,2009,2008
period,FY,FY,FY,FY,FY,FY,FY,FY,FY,FY,FY,FY,FY,FY
revenueGrowth,0.01975431122523416,0.3729818516886343,-0.0984903207165559,0.24211565205688396,2.3931251579277446,0.035302460818381676,0.028061079833124062,0.07897036972292631,0.1165480600697196,0.008253565918322365,0.16252425052161498,0.025868260100168513,0.022311370665310245,0
grossProfitGrowth,0.15368175636292986,0.09755837509329353,-0.05080457443578585,0.244145051624276,0.7048735512760792,0.017017941429463418,-0.16887400996162324,0.06914218757881097,0.10568572059810855,-0.08253762712931767,0.16252425052161498,0.025868260100168513,0.022311370665310245,0
ebitgrowth,0.2170039263062519,0.2326880119136262,-0.10377043710377044,0.6117235816079591,0.2471495640509725,-0.0679152809382111,0.019525113049352935,0.0979203258062936,0.1709033703814467,0.010201463382333466,0.4439497791933836,-0.05768505222851029,-0.05191927820191127,0
operatingIncomeGrowth,0.2170039263062519,0.2326880119136262,-0.10377043710377044,0.6117235816079591,0.2471495640509725,-0.0679152809382111,0.019525113049352935,0.0979203258062936,0.1709033703814467,0.010201463382333466,0.4439497791933836,-0.05768505222851029,-0.05191927820191127,0
netIncomeGrowth,0.12985903460059803,0.24886636436383036,-0.12098475967174678,0.061737615135673385,1.150198051600471,-0.08878516068928852,0.08069515164932477,0.0779265791282905,0.11819943454366404,0.1290403569430297,0.40253128898547225,-0.06627462400541094,-0.07665151620290056,0
epsgrowth,0.15728586929889013,0.2776119402985075,-0.11375661375661368,0.02162162162162152,0.6299559471365639,-0.07723577235772355,0.11312217194570136,0.11055276381909547,0.11797752808988762,0.17105263157894737,0.4757281553398058,-0.11965811965811958,-0.07874015748031503,0
epsdilutedGrowth,0.15782792357022496,0.278443113772455,-0.11170212765957445,0.018970189701896976,0.6255506607929515,-0.07723577235772355,0.11312217194570136,0.11055276381909547,0.11797752808988762,0.17105263157894737,0.4757281553398058,-0.10434782608695643,-0.07258064516129038,0
weightedAverageSharesGrowth,-0.021081576535288724,-0.02064631956912029,-0.0035778175313059034,0.04291044776119403,0.3164357991944199,-0.01984810004694214,-0.027222911739222068,-0.022042573656548076,-0.0014749599817059228,-0.028157432717736738,-0.060154144996553666,0.055338190074173677,0,0
weightedAverageSharesDilutedGrowth,-0.021043000914913082,-0.022361359570661897,-0.0035650623885918,0.04372093023255814,0.3201198546026132,-0.01984810004694214,-0.027222911739222068,-0.022042573656548076,-0.0014749599817059228,-0.028157432717736738,-0.060154144996553666,0.030155673419328462,0,0
dividendsperShareGrowth,0.15746088930454738,0.16131011304613502,0.1553230977815318,0.05790702218640692,0.14227422185210853,0.09120666243033987,-0.3189032998252734,0.9415792922042806,-0.48734734392538925,1.906189295825974,0,0,0,0
operatingCashFlowGrowth,-0.5908966273649575,1.3053097345132743,0.1834673648775014,0.4281517094017094,0.6309248441604266,-0.06407015712783046,-0.0661661406320791,0.17059007041625812,0.11890692397835789,-0.012770210063555672,0.5056295538606361,0.19639785041590552,-0.31634181090666585,0
freeCashFlowGrowth,-0.6132917670398186,1.361385310356366,0.19923756019261638,0.4793707331552389,0.8194976263900066,-0.10088958812846585,-0.030893681500967045,0.08582217294220441,0.14805037866122286,-0.02021427011368731,0.5624163725675081,0.489347189343177,-0.38273245878361084,0
tenYRevenueGrowthPerShare,4.795325424872929,5.8813582894014305,3.771433467552546,4.391443483219199,3.5267867994837934,0.7562641873784067,0.6627079961905323,0.5732958623671308,0.4260042866909026,0.2752706653266506,0.22921689470246984,-0.006236297549954834,0.02231137066531025,0
fiveYRevenueGrowthPerShare,3.0561733102274378,3.1128352706720532,2.1004280917086113,2.78080454142971,2.5496674726100537,0.4287667172061672,0.673142208848299,0.5389595650718874,0.4260042866909026,0.2752706653266506,0.22921689470246984,-0.006236297549954834,0.02231137066531025,0
threeYRevenueGrowthPerShare,0.32129956378566105,0.5106618434825975,1.7774242185814049,2.2425678444872204,1.877263525420409,0.23159811213042344,0.3038079220340591,0.27991721326604835,0.434953081074709,0.2474386003324182,0.22921689470246984,-0.006236297549954834,0.02231137066531025,0
tenYOperatingCFGrowthPerShare,1.475706670267264,8.490173003027659,3.570549057419582,1.6308403608922386,0.9211760772360573,0.5507182772308504,0.6239886753214107,0.6917131019611309,0.41332429952792743,0.2612663953559085,0.24160796623493652,-0.22496201166281288,-0.31634181090666585,0
fiveYOperatingCFGrowthPerShare,0.9822150605936332,3.5291230813433656,0.8470586343129892,0.8614555497071557,0.5232119751307045,0.24895967117000933,1.0953665494585796,1.4745013355353451,0.41332429952792743,0.2612663953559085,0.24160796623493652,-0.22496201166281288,-0.31634181090666585,0
threeYOperatingCFGrowthPerShare,0.16839363176803263,2.8285114417103423,1.0149973967789598,0.6199868883762738,0.13563941486823022,0.0972133414452824,0.28758577989636197,0.3625179186721049,0.823554871884613,0.8448786476595811,0.24160796623493652,-0.22496201166281288,-0.31634181090666585,0
tenYNetIncomeGrowthPerShare,2.197543848563254,3.134230403331816,1.8684400305755091,2.0023298035353387,1.949091258607904,0.8055496353152418,0.942146713559323,0.7482042203188577,0.5860721250684672,0.416324032396074,0.2191273547335402,-0.18305438169835914,-0.07665151620290053,0
fiveYNetIncomeGrowthPerShare,1.1590174523575538,0.7390248581486417,0.5150230861539308,0.8929339694471552,1.0822150801316015,0.48101806452359824,1.3773268012586661,0.8933309048493716,0.5860721250684672,0.416324032396074,0.2191273547335402,-0.18305438169835914,-0.07665151620290053,0
threeYNetIncomeGrowthPerShare,0.29839605534114017,0.14524818558705688,0.46690498078296927,0.5458820811909955,0.6869260606578418,0.13837801369676067,0.3712587438579896,0.43397998045983943,0.9414659795419109,0.5338997759239329,0.2191273547335402,-0.18305438169835914,-0.07665151620290053,0
tenYShareholdersEquityGrowthPerShare,11.85626737264499,15.712164926171472,35.57891670182226,5.89169187665932,5.898235345243599,-0.0717886193449161,-0.2570375354078832,-0.3039240535420932,-0.22548753390677584,-0.35002195669143465,-0.37585765192371917,-0.5633501244916482,-0.80423151496096,0
fiveYShareholdersEquityGrowthPerShare,7.6447344567097355,8.821983050643126,9.287669245755243,7.898103230568017,9.613028264969847,0.48717898010926297,0.7015061866836745,2.5556077696524846,-0.22548753390677584,-0.35002195669143465,-0.37585765192371917,-0.5633501244916482,-0.80423151496096,0
threeYShareholdersEquityGrowthPerShare,0.16432090248189454,0.057859636453172145,6.714836573142549,8.275962387201929,8.910176296633098,0.19844601770859008,0.14305778824502355,0.1152519110477575,0.7737608769303544,2.320136247562764,-0.37585765192371917,-0.5633501244916482,-0.80423151496096,0
tenYDividendperShareGrowthPerShare,3.0345387614288244,0,0,0,0,0,0,0,0,0,0,0,0,0
fiveYDividendperShareGrowthPerShare,0.8766179457678971,0.769198444786036,0.037617092248775526,0.7437683565886771,-0.15498483246996766,1.1498988488985824,0,0,0,0,0,0,0,0
threeYDividendperShareGrowthPerShare,0.5529518454962763,0.4193815770785684,0.3961154460421292,0.3186358683284605,-0.15104208610471054,0.4430152357806148,-0.3220664619738905,1.8926923166526575,0,0,0,0,0,0
receivablesGrowth,-0.05327868852459016,0.3392795883361921,-0.1850712887894884,0.5253731343283582,0.7997620783606432,0.3555733577477684,0.06106903936590643,0.12116936482004059,0.2906915445933641,0.2638858042762826,-0.030705702767231596,0.18620145321169068,-0.08010164858631588,0
inventoryGrowth,0,0,0,0,0,0,0,0,0,0,0,0,0,0
assetGrowth,0.04573006982275762,0.27427208197266273,-0.03892125540311971,0.01050192756898418,10.048120600484667,0.23864309697807623,0.0023104915069249625,-0.1306373120707264,0.3031682887817316,0.033519587150926594,0.2902499685178189,-0.5557078615538475,0.15279790542569724,0
bookValueperShareGrowth,0.09959433266868407,0.01904282145041799,0.03907708516942667,-0.0009485713746749508,6.431750449315953,0.24933818987028672,0.06735833693550221,-0.10127212029389784,0.1915978917545327,0.04139391488482571,0.4293885858770688,0,0,0
debtGrowth,0.06923652694610778,0.42339654805028765,-0.22774395260819483,-0.054310613134142545,0,0,0,0,0,0,0,0,0,0
rdexpenseGrowth,0,0,0,0,0,0,0,0,0,0,0,0,0,0
sgaexpensesGrowth,0.3155299917830731,-0.037183544303797465,-0.021671826625386997,0.03112529928172386,0.11895980496343064,0.40493576232058615,-0.3905490136106438,0.02260554074236252,0.11984903942137616,-0.49684099220161254,-0.03419487162029906,0.09126960171998273,0.09337984047441346,0
