,2021,2020,2019,2018,2017,2016,2015,2014,2013,2012,2011,2010
period,FY,FY,FY,FY,FY,FY,FY,FY,FY,FY,FY,FY
revenuePerShare,32.72284644194757,31.412465627864346,22.40664272890485,24.76565295169946,20.79384328358209,8.067418213969939,7.63766685523766,7.226951268060792,6.5503658494692605,5.857969357420535,5.6464208725026115,4.56486413100236
netIncomePerShare,4.953183520599251,4.29147571035747,3.365350089766607,3.8148479427549193,3.7472014925373136,2.294184104528932,2.467748341979514,2.221319345245065,2.015309569339639,1.7996226846558427,1.549058826143965,1.0380349645967792
operatingCashFlowPerShare,5.588014981273409,13.371219065077911,5.6804308797127465,4.782647584973167,3.4925373134328357,2.819076038903625,2.952275490184278,3.075392829543592,2.5693052867824715,2.292876743654242,2.2571393648465454,1.4089541951250077
freeCashFlowPerShare,5.110486891385768,12.936755270394134,5.365350089766607,4.457960644007156,3.142723880597015,2.273811278121623,2.478761690398527,2.4881507154064115,2.240979720832236,1.9491081637319918,1.9333066648887705,1.1629488063161852
cashPerShare,3.548689138576779,3.0962419798350136,2.6956912028725313,2.7799642218246867,1.7798507462686568,1.1948374103546517,1.2307627496058064,1.732044587031356,2.53450664712416,1.550388749142465,1.4993888481454318,0.5617415460450739
bookValuePerShare,33.752808988764045,30.695692025664528,30.122082585278278,28.989266547406082,29.01679104477612,3.9044356027114646,3.125203115032318,2.927979298878299,3.257915287813033,2.7340727189572376,2.625397248705469,1.8367274474173403
tangibleBookValuePerShare,-10.558988764044944,-12.032080659945004,-8.492818671454218,-10.779069767441861,-14.365671641791044,2.699577561646527,2.319170448116898,2.276116432100789,2.731882149523079,2.2456094214498057,2.15682156588217,1.3713160807903586
shareholdersEquityPerShare,33.752808988764045,30.695692025664528,30.122082585278278,28.989266547406082,29.01679104477612,3.9044356027114646,3.125203115032318,2.927979298878299,3.257915287813033,2.7340727189572376,2.625397248705469,1.8367274474173403
interestDebtPerShare,13.824906367041198,12.569202566452796,8.11310592459605,11.217352415026834,11.916977611940299,0.0705742214362904,0.0005175671934618024,0,0,0,0.009767317821188079,0.009357311443908348
marketCap,12422976000,10007743327.3,13722252000,10455535664.6,14288687249.6,6341110084.296,5534856469.243,5506124905.406,4488813574.662,2937781400.0000005,2296646880,2199469284.2460003
enterpriseValue,13509576000,11098343327.3,14360552000,11395835664.6,15383087249.6,6243812084.296,5432603469.243,5358197905.406,4267472574.6619997,2802184400.0000005,2161710880,2145680284.2460003
peRatio,23.483886578449905,21.374932352199917,36.602432648706326,24.514737783352874,35.570543314911625,33.94235137724012,26.996271000048775,29.023292458152795,25.504767496758504,18.665023666571365,16.474519604608123,22.12834806477122
priceToSalesRatio,3.55470298729541,2.9201783803507335,5.497476863907696,3.7761975096070506,6.410070095374816,9.652406871030495,8.72255942327652,8.920774280701526,7.846890262498033,5.734068915442541,4.5196772568405805,5.031912964068049
pocfratio,20.815978552278818,6.860257284960241,21.684974715549938,19.55402218926501,38.16422876495727,27.62252664539146,22.56564579474311,20.963175949645354,20.005408568776183,14.649719001670533,11.306346607328347,16.302871363367505
pfcfRatio,22.76104067423965,7.090649941405696,22.958427304667893,20.978201574237563,42.412250666666665,34.24646704379432,26.876324278389614,25.910810225766227,22.9363976488424,17.233522810599,13.200182083615923,19.75151345892939
pbRatio,3.4462316910785615,2.9883673227925587,4.08935868399094,3.2260214947855603,4.593546984376005,19.943984463701383,21.317015421991563,22.018598637189232,15.776960865825242,12.285701022908809,9.720433741058958,12.505937684057905
ptbRatio,3.4462316910785615,2.9883673227925587,4.08935868399094,3.2260214947855603,4.593546984376005,19.943984463701383,21.317015421991563,22.018598637189232,15.776960865825242,12.285701022908809,9.720433741058958,12.505937684057905
evToSales,3.8656220670710773,3.238406619970237,5.753195785425263,4.115803114923433,6.901030572697501,9.504300329549155,8.56141561156892,8.681109652729555,7.459964294488244,5.469405743864403,4.254130482697818,4.908855293582306
enterpriseValueOverEBITDA,13.905893978383942,12.992675400725824,19.99241542530976,13.979189971295389,27.116318084963865,17.445396512760333,14.665984928657045,15.322401694627063,13.408846202332697,10.222324203645067,7.856567144108422,10.976525786636929
evToOperatingCashFlow,22.636689008042897,7.607858052714559,22.693666245259166,21.31257838900318,41.08730568803419,27.19868656663312,22.14875964922659,20.39998136507308,19.01895255665389,13.973542773082007,10.642059380984497,15.904177390214437
evToFreeCashFlow,24.751879809454014,7.863357890959331,24.026354358373766,22.86483881340289,45.66069234075393,33.72098921639006,26.379801052952832,25.214692994480078,21.805416130552302,16.43808786348251,12.42462542963227,19.268481408856204
earningsYield,0.04258238927612836,0.04678377379271938,0.02732058848649624,0.04079178854929731,0.028113149443539345,0.029461718455679683,0.03704215296987474,0.0344550847028072,0.039208355854531654,0.05357614422911112,0.06069979726269455,0.04519090160155336
freeCashFlowYield,0.04393472224368782,0.14103079523930828,0.04355699049981009,0.04766852851810031,0.023578093222624857,0.02920009234007122,0.037207468909878715,0.03859393015065118,0.043598825557093095,0.05802644131384315,0.07575653075582955,0.05062903164759324
debtToEquity,0.39627718597425654,0.37842276568425454,0.25855286684944573,0.28250539956803455,0.39796180801131614,0,0,0,0,0,0,0
debtToAssets,0.47101034558661675,0.4860891582904934,0.34382760711003346,0.3909039654200338,0.4092713219514974,0.33290811241777957,0.32522583864361676,0.34861591920833757,0.35569726600979645,0.29432977825519835,0.27937462637402855,0.30788786047097344
netDebtToEBITDA,1.1184765826042202,1.2767501756029034,0.8886259223165808,1.153459273797841,1.9291380222104706,-0.2718535034338625,-0.2760446193800584,-0.4230147813678699,-0.695476625882146,-0.49465570325837943,-0.4904142149469193,-0.27516510724937204
currentRatio,1.3095869323526896,1.1930252036853728,2.1576704545454546,1.147340157744588,1.301497005988024,2.616174882851196,2.758463180939768,3.313744654856445,2.8742485436170413,3.8908724832214765,3.627708608258267,2.2520075385119633
interestCoverage,16.789583333333333,18.759206798866856,14.839779005524862,15.488372093023257,9.391414141414142,51.88794153471376,7440.186046511628,,,,274.8941979522184,186.76450892857142
incomeQuality,1.1281663516068052,3.1157624946604017,1.6879167778074153,1.2536928487690504,0.9320388349514563,1.2287924205117224,1.1963438248391645,1.3844892838694034,1.2748936073500419,1.274087486896026,1.4571037114614867,1.3573282627067487
dividendYield,0.015559878727931215,0.017046800104737136,0.010931150368029972,0.012462297885049097,0.00826527993348767,0.012385528551933256,0.013267010699925726,0.020128493614662714,0.013003213216399856,0.038813303127319135,0.017578671040625975,
payoutRatio,0.365406427221172,0.36437419906023066,0.40010669511869834,0.30550996483001175,0.294000497883993,0.42039396210255864,0.35815981621574167,0.584195156920417,0.33164392979505564,0.7244512214492201,0.2896001606817497,0
salesGeneralAndAdministrativeToRevenue,0.045810919079775664,0.0355110735023781,0.0506389968350627,0.04666281421554464,0.05621102687183168,0.17045388814301327,0.12560811289979434,0.21188383490623355,0.2235626256446115,0.222903630025491,0.4466647249598539,0.5376432153446319
researchAndDdevelopementToRevenue,0,0,0,0,0,0,0,0,0,0,0,0
intangiblesToTotalAssets,0.6944750165089149,0.7153533338448553,0.8411779659359784,0.8355760195451982,0.8831874204759101,0.2058558794834405,0.17403349376799693,0.14501915858515607,0.10403112396368569,0.12607345849884022,0.12861578440103943,0.17537542500944464
capexToOperatingCashFlow,-0.08545576407506703,-0.03249245955579929,-0.05546776232616941,-0.06788853562745464,-0.10016025641025642,-0.1934196712884916,-0.16038943566076044,-0.19094865166357644,-0.12778768161155182,-0.1499289400852719,-0.14347040550586082,-0.174601409797425
capexToRevenue,-0.01459310976307657,-0.013830935776604126,-0.014061936621128961,-0.013110372724646055,-0.016822933022295993,-0.06758850803566807,-0.06199717908107384,-0.08125724006642635,-0.05012324097543921,-0.05868391569627863,-0.05735185301804213,-0.0538910648266774
capexToDepreciation,-0.3046594982078853,-0.29905362776025235,-0.19875424688561721,-0.17794117647058824,-0.19510926118626432,-0.9988077831515015,-0.8486678891166002,-1.25385,-0.8286515230333507,-0.9522693440597979,-0.8525333489351743,-0.7862483311081442
stockBasedCompensationToRevenue,0.007611308229369349,0.006331884100259695,0.008733624454148471,0.012676971973418088,0.023596967385940516,0.022076395929041353,0.019196432089134734,0.02523715014783912,0.03640066427759811,0.024101276891427145,0.024831543814351837,0.047588216991837184
grahamNumber,61.332183951693,54.44190368334798,47.75830241934146,49.882531878732735,49.46174947382714,14.196605833092407,13.172882491052588,12.09708575770204,12.154358343887141,10.52172675690724,9.565831514062383,6.549672853983648
roic,0.1427584496563452,0.12726783517835177,0.11116859466506633,0.12685445810670673,0.0754101019932275,0.7709968663708852,1.0293991782258818,1.0114912518211943,0.8553950396700696,0.851378405904265,0.8768093591357895,0.8151206063440106
returnOnTangibleAssets,0.2540826128722382,0.2524125289773034,0.4615858163014036,0.48748428391816206,0.6530645423508372,0.4935786167011448,0.6450875018091888,0.5779945647537688,0.44483508151143686,0.5314938693915316,0.4879471051701266,0.4743374994631276
grahamNetNet,-23.90917602996255,-23.253895508707608,-11.125448833034111,-13.425089445438283,-16.683069029850746,0.44638778367226645,0.5921751062216392,0.960500433224832,1.429801559583653,0.946835696318317,0.8943346223081539,0.14489734110324373
workingCapital,362000000,253500000,326000000,87800000,100700000,145202000,130121000,170442000,201403000,150759000,137395000,61118000
tangibleAssetValue,-1127700000,-1312700000,-946100000,-1205100000,-1540000000,219832000,192679000,194394000,238578000,196401000,194101000,131309000
netCurrentAssetValue,-1678400000,-1600800000,-1150700000,-1396300000,-1720400000,76376000,78975000,110273000,151789000,103173000,98084000,31696000
investedCapital,0.39627718597425654,0.3989369643763624,0.25855286684944573,0.3750077136686208,0.39796180801131614,0,0,0,0,0,0,0
averageReceivables,380000000,390400000,340950000,374050000,312450000,260347500,243259000,240493000,235598000,226499500,219964500,220749000
averagePayables,24000000,28500000,24750000,20650000,35850000,17483000,15131000,15639500,16359500,14617500,37285500,34292000
averageInventory,,,,,,,,,,,,
daysSalesOutstanding,38.6013505780016,41.57917773044265,42.62549577340651,47.15418231724935,38.39778385895653,72.39206114353387,55.2885453356342,53.568617602981085,51.55238178480902,44.596799378535266,35.576696763122264,42.668952926534644
daysPayablesOutstanding,3.084908113730929,4.338532760562205,4.919137466307277,2.623687313977649,10.98891908843822,12.349703042829857,3.643816678848039,15.343140220844047,27.218873727375566,5.814999458112062,,
daysOfInventoryOnHand,0,0,0,0,0,0,0,0,0,0,,
receivablesTurnover,9.455627705627705,8.77843237704918,8.56295025728988,7.7405647190383,9.505756929637526,5.0419893319006865,6.601729124617657,6.813690857306868,7.080177236496857,8.184443840955925,10.259524722889621,8.554229128341618
payablesTurnover,118.31794871794872,84.12982456140351,74.2,139.1171875,33.21527777777778,29.55536653263223,100.16969353007946,23.789132781576107,13.409812751836927,62.7687074829932,0,0
inventoryTurnover,,,,,,,,,,,,
roe,0.14674877940523745,0.1398071008390815,0.1117236857789963,0.13159518667078063,0.1291390728476821,0.5875840551540199,0.7896281461225905,0.7586526810814702,0.6185886959302959,0.6582204899591004,0.5900283573877344,0.565154599315419
capexPerShare,-0.47752808988764045,-0.4344637946837763,-0.31508078994614,-0.32468694096601075,-0.3498134328358209,-0.5452647607820021,-0.47351379978575125,-0.5872421141371801,-0.3283255659502353,-0.3437685799222502,-0.32383269995777497,-0.2460053888088226
