,2021,2020,2019,2018,2017,2016,2015,2014,2013,2012,2011,2010,2009,2008,2007,2006,2005,2004,2003,2002,2001,2000
period,FY,FY,FY,FY,FY,FY,FY,FY,FY,FY,FY,FY,FY,FY,FY,FY,FY,FY,FY,FY,FY,FY
revenueGrowth,0.10619108467136613,0.07845990931547929,0.0967112504125873,0.16097918976803555,0.20942450267705687,0.3250789565301609,0.11543242915880997,0.1351795782727895,0.13557843253097465,0.17979490205010823,0.3167231266194337,0.382800628662144,0.2523542600896861,0.680041579050262,0.4619033511667219,0.2979231600899316,0.35061800807717924,0.38772447474182226,0.5279836243975747,0.21720755669095151,3.8720036877689,349.8355795148248
grossProfitGrowth,0.08170083834751668,0.06259148038704107,0.11587845002329515,0.13372997210932483,0.214480444906229,0.24872260191123435,0.1512732654782802,0.1447384742039191,0.1435399459311226,0.2875374898031794,0.3546741877372097,0.3672814835788508,0.37606931911827074,0.8627269632683995,0.5801027035804173,0.5714718594006666,1.3465813405186933,3.6251105216622457,-0.6213873907383299,-0.14583002382843527,-2.3373698746547693,3.533022592885071
ebitgrowth,0.05245752796012643,-0.09977762217314691,0.19669668901546272,0.20811629959432099,0.30752061854837015,0.0905926231444173,0.11403863599769079,0.10486145461803477,0.150164814736259,0.3046916458036938,0.5775328563871585,0.07528205921172527,1.4669491294515136,6.25674740484429,4.284743991640544,1.0520490577325756,0.12574295088203127,0.3423188179188492,0.3709921712105118,0.34512852551510037,-0.4495607278566694,-4.4143308479716925
operatingIncomeGrowth,0.05245752796012643,-0.09977762217314691,0.19669668901546272,0.20811629959432099,0.30752061854837015,0.0905926231444173,0.11403863599769079,0.10486145461803477,0.150164814736259,0.3046916458036938,0.5775328563871585,0.07528205921172527,1.4669491294515136,6.25674740484429,4.284743991640544,1.0520490577325756,0.12574295088203127,0.3423188179188492,0.3709921712105118,0.34512852551510037,-0.4495607278566694,-4.4143308479716925
netIncomeGrowth,0.3526828331670169,-0.27130357670706473,0.3889078960693455,0.5681855250620219,0.8373974763406941,-0.3247201422987208,1.7234681965116145,-3.7411628029782964,-0.3454923755409011,0.5389345134249607,1.5488462894173152,-0.4688107617634774,-0.4721601362343961,26.354279105628372,0.1889948413318743,0.8498779686473293,0.37911439436989114,0.18462415796414441,-2.8935609214543434,0.8852639121089085,-0.572877535687453,-4.761738477966004
epsgrowth,0.31784546001437436,-0.3001658374792704,0.3165938864628821,0.5115511551155116,0.6740331491712706,-0.44307692307692303,1.6552419354838712,-3.5833333333333335,-0.36212624584717606,0.7102272727272726,1.0952380952380953,-0.5333333333333333,-0.4972067039106145,23.375,0.2727272727272727,0.8764044943820225,0.5400516795865633,0.5582191780821918,-0.21161825726141067,0.9053142253511222,0.313218397395214,-3.695190413851351
epsdilutedGrowth,0.3215001393883709,-0.302170283806344,0.3135964912280703,0.5199999999999999,0.6759776536312849,-0.4423676012461059,1.6471774193548387,-3.624338624338624,-0.3527397260273973,0.6976744186046512,1.0975609756097562,-0.5314285714285715,-0.47129909365558914,21.6875,0.2727272727272727,0.8764044943820225,0.5400516795865633,0.5582191780821918,-0.21161825726141067,0.9053142253511222,0.313218397395214,-3.695190413851351
weightedAverageSharesGrowth,0.02460661345496009,0.04231043498930354,0.05466350794068615,0.03805917714107268,0.09608226250410029,0.2133068004845129,0.10372619797933498,0.059084105344067314,0.029872510624114657,0.022318766504813018,0.07347629280782772,0.13651008106422782,0.046609017240441614,0.14432412247946227,0.12556477881685404,0.1918099849724495,0.35199503357977313,0.844960433152853,2.212040133779264,0.21410719470178238,1.2831900495907305,0.22586243342948129
weightedAverageSharesDilutedGrowth,0.023266598801040605,0.044060510870463754,0.05588737733331671,0.034332881924292256,0.09487968820605513,0.21088179470957372,0.11696174487671651,0.04475616569558624,-0.03280839895013123,0.08179882249780784,0.06891318902030796,0.12939812481096885,-0.09266373948042445,0.36071695294996264,0.12556477881685404,0.1918099849724495,0.35199503357977313,0.844960433152853,2.212040133779264,0.21410719470178238,1.2831900495907305,0.22586243342948129
dividendsperShareGrowth,0.07377087039359263,0.08764981709899755,0.07341644105207813,0.14484885583896573,0.1352527574148297,-0.21057503510875372,4.674045053875066,0.0,0.0,0.0,0.0,0.0,0.0,0.0,0.0,0.0,0.0,0.0,0.0,0.0,0.0,0.0
operatingCashFlowGrowth,0.1027696458521118,0.15912758790963946,0.09766412952111515,0.26138436236523205,0.4157597041059238,0.13610633967856253,0.29789243131907983,0.1402760135492749,-0.04338112672579925,0.07558938001289973,0.49567543627440996,0.10515004557064575,0.32865397409159886,1.2292784535910681,0.5915238954012624,0.11564464827280124,0.8312472908539228,-3.1378431599675665,-0.3723508669889854,-0.6004734655938653,0.01147297753881862,5.870508679854663
freeCashFlowGrowth,-8.477710270111997,1.314794971944742,0.6908508698191973,-5.639849276128777,1.6251795216200857,-4.6285757132680985,-0.08707259472225075,-0.09269610583193591,1.2430816613071245,-0.05028065835791076,0.3736803948635953,-13.333523131672598,0.9309819718033109,0.5121980441914018,-3.8034737968899273,-4.916467565252671,0.5869938474746029,1.5587623920690759,0.2646029926213364,0.7313987918986142,0.7114102829954357,-7.391723795045368
tenYRevenueGrowthPerShare,1.15792947017408,1.451693934815038,1.8830064169936747,2.317492541087651,3.354904235180327,4.126148261236175,4.111660481508104,4.052863011309422,2.545843763664831,0.529761276349736,0.3289574872298783,1.311929719385056,0.9001520380672935,0.5879821872659359,0.08161985132734904,-0.16722729464189812,-0.23531156852957621,-0.23453192879030427,0.01767917906503823,1.1393071982412182,1.1338581466935802,0.0
fiveYRevenueGrowthPerShare,0.43349517090327533,0.4500880056213881,0.41634598676966,0.45990668245343463,0.4393169604892683,0.5053622181470787,0.6907207875045103,1.035524119053078,1.2724004081633935,2.025674229323304,2.40525901304063,2.023361704242646,1.4823400342021025,0.5603956727549896,-0.4944064825208003,-0.6097338022921132,-0.23531156852957621,-0.23453192879030427,0.01767917906503823,1.1393071982412182,1.1338581466935802,0.0
threeYRevenueGrowthPerShare,0.16160453268301112,0.20333797321760747,0.28326489973401436,0.34774913413085784,0.21783556874389842,0.18300658003859643,0.19439975183485328,0.3639170894534042,0.560830911183206,0.7222986605926341,0.7857925507447768,1.1374697557075044,1.2817174792612902,1.0766394807521749,0.4130175927756565,-0.1816942682042621,-0.6425532377495412,-0.6412750901948234,0.01767917906503823,1.1393071982412182,1.1338581466935802,0.0
tenYOperatingCFGrowthPerShare,1.2652178536044452,1.9324271427905715,1.5641358313169287,2.1276121638030983,4.014213578190816,4.4890741827209615,4.487437862442763,5.3206852684286865,-7.802576132375649,-2.4310470159088524,-1.4475920101202893,-1.142314661286057,-1.1463530204636865,-1.1152853895028572,-1.0591778258857922,-1.0418520115824026,-1.0447092587880125,-1.0330084834191013,-0.971513651231764,-0.8542190362480727,-0.556991334243013,0.0
fiveYOperatingCFGrowthPerShare,0.9551905340588829,0.7010214445284118,0.7986761695911825,0.8607026088375901,0.4223520889017278,0.15856629527658375,0.7239213251679802,0.4255683566985412,0.6808769703165871,2.5252970184495953,3.7378162174228953,2.1831138592754886,3.4338002023745076,-5.047039880077843,-1.4059365802142307,-1.094472218756462,-1.0447092587880125,-1.0330084834191013,-0.971513651231764,-0.8542190362480727,-0.556991334243013,0.0
threeYOperatingCFGrowthPerShare,0.24571116867373954,0.4064200202112436,0.6335306234236079,0.4696708463861018,0.42223740883079647,0.18551004673570304,0.17601365935469837,0.0521924705495444,0.36163452506010785,0.4254534173093848,0.7199676391080141,1.4048646457663299,2.496917231219148,1.5785573867256262,0.7928065683728852,-2.4691953652224483,-1.3066879079225553,-1.074509791727659,-0.971513651231764,-0.8542190362480727,-0.556991334243013,0.0
tenYNetIncomeGrowthPerShare,1.7805063110278032,4.000762733556107,2.3432024215500196,0.28032686727774697,-19.777931236066486,-9.071251880571781,-2.8266912538880264,0.27980425941185955,-1.2185294410111784,-1.4168163269214105,-1.0261669991814848,-1.0075919891627594,-1.0162434996752787,-1.0322078615101309,-0.9985463505901322,-0.9979825324672631,-0.9839834438142856,-0.9651235199821371,-0.9210845816575299,-0.9348977719872653,-0.3111052949931187,0.0
fiveYNetIncomeGrowthPerShare,2.078103351270736,0.2976499011724701,-2.2166511729741365,1.3911726316097976,0.0059278837029775955,-0.09668195192993626,2.8537071740519155,-3.747872599651937,-0.4645610900891758,-19.667273807881724,-9.935116372152628,-1.4740088365269806,-1.4657436664181474,-1.4081314169856913,-0.9776712801659649,-0.9970714428227218,-0.9839834438142856,-0.9651235199821371,-0.9210845816575299,-0.9348977719872653,-0.3111052949931187,0.0
threeYNetIncomeGrowthPerShare,0.21548024128041202,0.3908631735484197,2.334992195109698,0.4094460547313076,-1.6115489474654368,-0.055774691251892654,0.07818607116128022,-3.476107126622916,1.271518292219882,0.6705557359641181,-0.4403134409785596,-6.222709899115113,-9.051430524506346,-3.010910531369908,-0.958320065295486,-0.9744350650973967,-0.753978371023164,-0.9493732790158191,-0.9210845816575299,-0.9348977719872653,-0.3111052949931187,0.0
tenYShareholdersEquityGrowthPerShare,1.912858324599838,1.8204500112873625,2.419872903318826,2.727634112454151,2.516800808335268,4.007282720853051,2.9423834140172964,1.8068193779671053,0.4924734780436369,-0.4881808695310142,-0.49691564499071544,-0.8763811584270006,-0.9116562020799518,-0.9301962966433472,-0.9271265191506883,-0.9642440940954652,-0.9653503888627808,-0.9555827554313682,-0.9041683820970616,-0.7266933365949925,-0.7623698314260475,0.0
fiveYShareholdersEquityGrowthPerShare,0.9449652705007104,1.5523830525841626,1.4233712552295295,0.8192664020128565,0.8321058020355429,0.49764027603945543,0.1050261474004834,0.4112046992134984,1.0489765041171846,0.9195402385757206,2.3434482238251007,2.567683374091689,0.988952686687778,-0.27160049173590733,-0.7333636877293335,-0.8495312858669825,-0.9653503888627808,-0.9555827554313682,-0.9041683820970616,-0.7266933365949925,-0.7623698314260475,0.0
threeYShareholdersEquityGrowthPerShare,0.33828930776290506,0.3604600443526567,0.6874702811457294,0.9048225229632242,1.0556596212576435,0.2517985851538151,-0.02345898348898159,0.04285443355401269,0.156993110906055,0.5834001040109955,0.7126314842775564,0.6963487970146444,1.47074701885385,1.0145595019873779,0.6406573968520354,-0.626888216154822,-0.873220759766575,-0.8130824682943877,-0.9041683820970616,-0.7266933365949925,-0.7623698314260475,0.0
tenYDividendperShareGrowthPerShare,0.0,0.0,0.0,0.0,0.0,0.0,0.0,0.0,0.0,0.0,0.0,0.0,0.0,0.0,0.0,0.0,0.0,0.0,0.0,0.0,0.0,0.0
fiveYDividendperShareGrowthPerShare,0.6293323185659525,0.1978678541620597,5.24902984972923,0.0,0.0,0.0,0.0,0.0,0.0,0.0,0.0,0.0,0.0,0.0,0.0,0.0,0.0,0.0,0.0,0.0,0.0,0.0
threeYDividendperShareGrowthPerShare,0.2536287751797,0.3366124081809025,0.39511164175016156,0.026009959125041546,4.085061407109332,0.0,0.0,0.0,0.0,0.0,0.0,0.0,0.0,0.0,0.0,0.0,0.0,0.0,0.0,0.0,0.0,0.0
receivablesGrowth,0.08640706610758424,0.002189109210802246,0.14330545465685784,0.08010980173248489,0.2752286003639993,0.662425122305318,0.16279680102140337,0.33883336103131456,0.1959601810365878,0.2663655910885464,0.19507898038811256,0.5633422456300635,0.06570733104238259,0.16227595732996056,1.236785288862418,0.5585078609966931,0.44617837066868027,0.17105521713499705,0.11210664335664336,0.32464900853958606,0.40284263959390865,0.0
inventoryGrowth,0.0,0.0,0.0,0.0,0.0,0.0,0.0,0.0,0.0,0.0,0.0,0.0,0.0,0.0,0.0,0.0,0.0,0.0,0.0,0.0,0.0,0.0
assetGrowth,0.03376392670286762,0.12689956005719027,0.18380061920593493,0.08309576936672192,0.48246407089385296,0.21741260122075623,0.3248204365806525,0.043387403086264285,0.2216538365462442,0.06008997940305504,0.3006547423802425,0.464051807843589,0.24093950575631895,0.12209629546792015,1.826869059588097,0.13338531594118624,0.3571138187079263,0.08022267572524605,-0.05583502539618661,-0.14442295853954584,-0.15864430089906875,0.0
bookValueperShareGrowth,-0.0012456738863258986,0.1540298555060854,0.16111247263742146,0.015300164859967545,0.4314210055673051,0.3106679354800934,0.09569869486426505,-0.12833293459723624,0.02246560525138724,0.17010368480068058,-0.032930428997921396,0.3992928137963375,0.2656033085904815,-0.04212475453184881,1.038082353272696,0.031928057227961305,-0.21990633426888878,-0.5365074122653452,-0.6493623071277722,0.15013453487473422,-0.7623698314260474,0.0
debtGrowth,0.3843647252014239,0.027428428202507613,0.06564871373372073,0.1691760548821577,0.5816844839554661,0.021962669766469663,0.4905536789518156,0.08221075847309273,0.3163340898229295,-0.0900625761159395,0.5094174876298311,0.34895579648705044,0.20056852278828843,0.09441108499417307,4.411093238137481,0.06871855206721077,0.11325805262020117,0.5951762748995902,-0.36388035820279235,-0.4941912071846282,0.5567567567567567,0.0
rdexpenseGrowth,0.0,0.0,0.0,0.0,0.0,0.0,0.0,0.0,0.0,0.0,0.0,0.0,0.0,0.0,0.0,0.0,0.0,0.0,0.0,0.0,0.0,0.0
sgaexpensesGrowth,0.19323526257560855,0.16680213642945912,0.13103276423924692,0.10830855362471947,0.07392439252995778,0.408034722391158,0.1261780391583869,0.16869713706342218,0.1377994468714234,0.23865875486966592,0.20450582251190094,0.4214223172207772,0.05976911110504626,0.00034809197818623603,0.3987989536193695,0.5951691998416131,0.2850209401542135,-0.04979916691460875,0.17143728488650722,-0.38971829675223674,-0.0292811975738805,0.0
