,2021,2020,2019,2018,2017,2016,2015,2014,2013,2012,2011,2010,2009,2008,2007,2006,2005,2004,2003,2002,2001,2000,1999
reportedCurrency,USD,USD,USD,USD,USD,USD,USD,USD,USD,USD,USD,USD,USD,USD,USD,USD,USD,USD,USD,USD,USD,USD,USD
cik,0001101239,0001101239,0001101239,0001101239,0001101239,0001101239,0001101239,0001101239,0001101239,0001101239,0001101239,0001101239,0001101239,0001101239,0001101239,0001101239,0001101239,0001101239,0001101239,0001101239,0001101239,0001101239,0001101239
fillingDate,2022-02-18,2021-02-19,2020-02-21,2019-02-22,2018-02-26,2017-02-27,2016-02-26,2015-03-02,2014-02-28,2013-02-26,2012-02-24,2011-02-25,2010-02-22,2009-02-26,2008-02-27,2007-02-28,2006-03-16,2005-03-10,2004-03-05,2003-03-27,2001-12-31,2001-03-27,1999-12-31
acceptedDate,2022-02-16,2021-02-19 16:20:22,2020-02-21 14:57:43,2019-02-22 17:02:40,2018-02-26 15:46:47,2017-02-27 14:59:07,2016-02-26 15:12:37,2015-03-02 15:11:34,2014-02-28 14:47:08,2013-02-26 14:58:33,2012-02-24 15:38:04,2011-02-25 14:28:12,2010-02-22 16:35:52,2009-02-26 14:33:16,2008-02-27 16:00:08,2007-02-28 15:14:08,2006-03-16 13:41:35,2005-03-10 15:59:50,2004-03-05 16:29:45,2003-03-27 08:28:14,2001-12-31,2001-03-27 00:00:00,1999-12-31
calendarYear,2021,2020,2019,2018,2017,2016,2015,2014,2013,2012,2011,2010,2009,2008,2007,2006,2005,2004,2003,2002,2001,2000,1999
period,FY,FY,FY,FY,FY,FY,FY,FY,FY,FY,FY,FY,FY,FY,FY,FY,FY,FY,FY,FY,FY,FY,FY
revenue,6635537000,5998545000,5562140000,5071654000,4368428000,3611989000,2725867000,2443776000,2152766000,1895744000,1606842000,1220334000,882509000,704680000,419442000,286915000,221057000,163671000,117942000,77188000,63414000,13016000,37100.0
costOfRevenue,3472422000,3074340000,2810184000,2605475000,2193149000,1820870000,1291506000,1197885000,1064403000,943995000,867641000,674667000,483420000,414659000,263745000,188379000,158354000,136950000,128121000,104073000,94889000,-10519000,-5154800.0
grossProfit,3163115000,2924205000,2751956000,2466179000,2175279000,1791119000,1434361000,1245891000,1088363000,951749000,739201000,545667000,399089000,290021000,155697000,98536000,62703000,26721000,-10179000,-26885000,-31475000,23535000,5191900.0
grossProfitRatio,0.47669314480500974,0.48748571528595686,0.49476568371166496,0.48626720198183865,0.49795464180707566,0.49588163197617713,0.5262035895368335,0.5098220949874293,0.505564933671379,0.5020451073562675,0.460033407142706,0.4471456175112715,0.4522208838663402,0.4115641142078674,0.3712003089819331,0.34343272397748464,0.283650823090877,0.16326044320618802,-0.08630513303149005,-0.34830543607814685,-0.49634150187655723,1.8081591886908421,139.9433962264151
researchAndDevelopmentExpenses,0.0,0.0,0.0,0.0,0.0,0.0,0.0,0.0,0.0,0.0,0.0,0.0,0.0,0.0,0.0,0.0,0.0,0.0,0.0,0.0,0.0,0.0,0.0
generalAndAdministrativeExpenses,1301797000,1090981000,935018000,826694000,745906000,694561000,493284000,438016000,374790000,329399000,265932000,220781000,155324000,146564000,146513000,104742000,65662000,51098000,53776000,45906000,75221000,77490000,0.0
sellingAndMarketingExpenses,741232000,718356000,651046000,633702000,581724000,438742000,332012000,296103000,246623000,202914000,159091000,111104000,63584000,66913000,0.0,0.0,0.0,0.0,0.0,0.0,0.0,0.0,0.0
sellingGeneralAndAdministrativeExpenses,2043029000,1809337000,1586064000,1460396000,1327630000,1133303000,825296000,734119000,621413000,532313000,425023000,331885000,218908000,213477000,146513000,104742000,65662000,51098000,53776000,45906000,75221000,77490000,0.0
otherExpenses,0.0,0.0,0.0,0.0,0.0,0.0,0.0,0.0,0.0,0.0,0.0,0.0,0.0,0.0,-1338000.0,-9647000.0,0.0,0.0,0.0,0.0,0.0,53154000,24974400
operatingExpenses,2043029000,1809337000,1586064000,1460396000,1327630000,1133303000,825296000,734119000,621413000,532313000,425023000,331885000,218908000,213477000,145175000,95095000,65662000,51098000,53776000,45906000,75221000,130644000,24974400
costAndExpenses,5515451000,4883677000,4396248000,4065871000,3520779000,2954173000,2116802000,1932004000,1685816000,1476308000,1292664000,1006552000,702328000,628136000,408920000,283474000,224016000,188048000,181897000,149979000,170110000,120125000,19819600
interestIncome,2644000.0,8654000.0,27697000,14482000,13075000,3476000.0,3581000.0,2891000.0,3387000.0,3466000.0,2280000.0,1515000.0,2384000.0,7413000.0,0.0,0.0,0.0,0.0,0.0,0.0,0.0,0.0,0.0
interestExpense,336082000,406466000,479684000,521494000,478698000,392156000,299055000,270553000,248792000,200328000,181303000,140475000,74232000,55041000,0.0,0.0,0.0,0.0,0.0,0.0,0.0,0.0,0.0
depreciationAndAmortization,1656290000,1423369000,1284837000,1227489000,1042480000,837207000,525580000,481691000,432471000,398291000,347674000,260176000,173530000,158907000,103307000,72778000,74964000,66133000,74401000,66937000,75884000,53154000,8246000.0
ebitda,2601787000,2345763000,2457323000,2182021000,1808010000,1401614000,1035633000,838156000,792104000,805068000,661332000,450531000,356790000,241029000,98592000,66820000,32895000,-2345000.0,-9770000.0,45319000,-112531000,-66636000,-12544600
ebitdaratio,0.3920989363784725,0.3910553309177476,0.44179452512881734,0.4302385375658513,0.41388114900829315,0.3880449248322739,0.37992792751810706,0.3429757882882883,0.3679470968976656,0.42467126363053237,0.411572513041108,0.3691866325120828,0.4042904944878749,0.34204035874439465,0.23505514469223396,0.23289127441925309,0.14880777356066535,-0.014327522896542454,-0.0828373268216581,0.5871249417007826,-1.774545053142839,-5.119545175169023,-338.12938005390833
operatingIncome,1108162000,1052928000,1169631000,977383000,809014000,618739000,567342000,509266000,460932000,400753000,307163000,194711000,181079000,73402000,10115000,1914000.0,-36773000,-42062000,-63955000,-101676000,-155261000,-107109000,-19782500
operatingIncomeRatio,0.1670041173758808,0.17553056616229434,0.21028435098720996,0.19271484214025641,0.18519568137554288,0.17130146298895152,0.2081326785202653,0.2083930769432223,0.2141115197843147,0.21139615897505148,0.1911594294896449,0.15955549874050876,0.20518657600092463,0.10416359198501447,0.024115372327997674,0.0066709652684593,-0.16635076021116726,-0.2569911590935474,-0.5422580590459718,-1.3172513862258382,-2.4483710221717603,-8.229025814382299,-533.22102425876
totalOtherIncomeExpensesNet,-499210000,-536703000,-477034000,-544345000,-522182000,-458880000,-356344000,-424533000,-348653000,-204274000,-176202000,-144831000,-72051000,-46321000,-14830000,-8248000.0,-5296000.0,-26416000,0.0,85273000,-48565000,0.0,0.0
incomeBeforeTax,608952000,516225000,692597000,433038000,286832000,159859000,210998000,84733000,112279000,196479000,130961000,49880000,109028000,27081000,-4715000.0,-6334000.0,-42069000,-68478000,0.0,0.0,0.0,0.0,0.0
incomeBeforeTaxRatio,0.09177132159763407,0.08605836915451998,0.12451987903936254,0.08538397926987921,0.06566023292589462,0.044257886721138964,0.07740583087876261,0.034672981484391366,0.05215569179372027,0.10364215843489416,0.08150210163787105,0.04087405579128337,0.12354321598986526,0.03843020945677471,-0.011241125113841724,-0.0220762246658418,-0.19030838200102235,-0.41838810785050495,0.0,0.0,0.0,0.0,0.0
incomeTaxExpense,109224000,146151000,185352000,67679000,53850000,45451000,23224000,345459000,16156000,61783000,38351000,12999000,39597000,-104457000,473000.0,439000.0,543000.0,153000.0,0.0,0.0,0.0,0.0,0.0
netIncome,500191000,369777000,507450000,365359000,232982000,126800000,187774000,-259547000,94685000,144666000,94004000,36881000,69431000,131538000,-5188000.0,-6397000.0,-42612000,-68631000,-84171000,-21618000,-188415000,-119790000,-20790600
netIncomeRatio,0.07538063611128987,0.06164444877882887,0.09123287080152603,0.07203941751546931,0.0533331440966865,0.035105311782510966,0.06888597279324339,-0.10620736106746281,0.043982950306721676,0.07631093649775497,0.05850232941384405,0.0302220539622759,0.07867455176094522,0.18666345007663052,-0.012368813805007605,-0.022295801892546572,-0.19276476202970275,-0.41932290998405336,-0.7136643434908684,-0.2800694408457273,-2.971189327277888,-9.203288260602335,-560.3935309973045
eps,5.561307841260656,4.22,6.03,4.58,3.03,1.81,3.25,-4.96,1.92,3.01,1.76,0.84,1.8,3.58,-0.16,-0.22,-1.78,-3.87,-8.76,-7.23,-76.357827,-111.182109,-23.68
epsdiluted,5.5238705826433945,4.18,5.99,4.56,3.0,1.79,3.21,-4.96,1.89,2.92,1.72,0.82,1.75,3.31,-0.16,-0.22,-1.78,-3.87,-8.76,-7.23,-76.357827,-111.182109,-23.68
weightedAverageShsOut,89858000,87700000,84140000,79779000,76854000,70117000,57790000,52359000,49438000,48004000,46956000,43742000,38488000,36774000,32136000,28551000,23956000,17719000,9604000.0,2990000.0,2462715.0,1078629.0,879894.0
weightedAverageShsOutDil,90467000,88410000,84679000,80197000,77535000,70816000,58483000,52359000,50116000,51816000,47898000,44810000,39676000,43728000,32136000,28551000,23956000,17719000,9604000.0,2990000.0,2462715.0,1078629.0,879894.0
link,https://www.sec.gov/Archives/edgar/data/1101239/000162828022003171/0001628280-22-003171-index.htm,https://www.sec.gov/Archives/edgar/data/1101239/000162828021002563/0001628280-21-002563-index.htm,https://www.sec.gov/Archives/edgar/data/1101239/000162828020001947/0001628280-20-001947-index.html,https://www.sec.gov/Archives/edgar/data/1101239/000162828019001771/0001628280-19-001771-index.html,https://www.sec.gov/Archives/edgar/data/1101239/000162828018002212/0001628280-18-002212-index.html,https://www.sec.gov/Archives/edgar/data/1101239/000162828017001774/0001628280-17-001774-index.html,https://www.sec.gov/Archives/edgar/data/1101239/000162828016011802/0001628280-16-011802-index.html,https://www.sec.gov/Archives/edgar/data/1101239/000119312515073042/d854432d10k.htm,https://www.sec.gov/Archives/edgar/data/1101239/000119312514076710/d649985d10k.htm,https://www.sec.gov/Archives/edgar/data/1101239/000119312513076572/0001193125-13-076572-index.html,https://www.sec.gov/Archives/edgar/data/1101239/000119312512077943/0001193125-12-077943-index.html,https://www.sec.gov/Archives/edgar/data/1101239/000119312511047157/d10k.htm,https://www.sec.gov/Archives/edgar/data/1101239/000119312510036420/0001193125-10-036420-index.html,https://www.sec.gov/Archives/edgar/data/1101239/000119312509038875/0001193125-09-038875-index.html,https://www.sec.gov/Archives/edgar/data/1101239/000119312508040053/d10k.htm,https://www.sec.gov/Archives/edgar/data/1101239/000119312507042470/d10k.htm,https://www.sec.gov/Archives/edgar/data/1101239/000119312506056358/d10k.htm,https://www.sec.gov/Archives/edgar/data/1101239/000119312505046552/0001193125-05-046552-index.html,https://www.sec.gov/Archives/edgar/data/1101239/000119312504035568/0001193125-04-035568-index.html,https://www.sec.gov/Archives/edgar/data/1101239/000089843003002107/0000898430-03-002107-index.html,,https://www.sec.gov/Archives/edgar/data/1101239/000101287001001327/0001012870-01-001327-index.html,
finalLink,https://www.sec.gov/Archives/edgar/data/1101239/000162828022003171/eqix-20211231.htm,https://www.sec.gov/Archives/edgar/data/1101239/000162828021002563/eqix-20201231.htm,https://www.sec.gov/Archives/edgar/data/1101239/000162828020001947/eqix2019123110k.htm,https://www.sec.gov/Archives/edgar/data/1101239/000162828019001771/eqix_20181231x10kupgrade.htm,https://www.sec.gov/Archives/edgar/data/1101239/000162828018002212/eqix_20171231x10k.htm,https://www.sec.gov/Archives/edgar/data/1101239/000162828017001774/equix_20161231x10k.htm,https://www.sec.gov/Archives/edgar/data/1101239/000162828016011802/equix_20151231x10k.htm,https://www.sec.gov/Archives/edgar/data/1101239/000119312515073042/d854432d10k.htm,https://www.sec.gov/Archives/edgar/data/1101239/000119312514076710/d649985d10k.htm,https://www.sec.gov/Archives/edgar/data/1101239/000119312513076572/d450454d10k.htm,https://www.sec.gov/Archives/edgar/data/1101239/000119312512077943/d261513d10k.htm,https://www.sec.gov/Archives/edgar/data/1101239/000119312511047157/d10k.htm,https://www.sec.gov/Archives/edgar/data/1101239/000119312510036420/d10k.htm,https://www.sec.gov/Archives/edgar/data/1101239/000119312509038875/d10k.htm,https://www.sec.gov/Archives/edgar/data/1101239/000119312508040053/d10k.htm,https://www.sec.gov/Archives/edgar/data/1101239/000119312507042470/d10k.htm,https://www.sec.gov/Archives/edgar/data/1101239/000119312506056358/d10k.htm,https://www.sec.gov/Archives/edgar/data/1101239/000119312505046552/d10k.htm,https://www.sec.gov/Archives/edgar/data/1101239/000119312504035568/d10k.htm,https://www.sec.gov/Archives/edgar/data/1101239/000089843003002107/d10k.htm,,https://www.sec.gov/Archives/edgar/data/1101239/000101287001001327/0001012870-01-001327-0001.txt,
