,2021,2020,2019,2018,2017,2016,2015,2014,2013,2012,2011,2010,2009,2008,2007,2006,2005,2004,2003,2002,2001,2000,1999,1998,1997,1996
period,FY,FY,FY,FY,FY,FY,FY,FY,FY,FY,FY,FY,FY,FY,FY,FY,FY,FY,FY,FY,FY,FY,FY,FY,FY,FY
revenueGrowth,0.12118610315771275,0.23139941591958707,0.1535542717326863,0.18047666941452772,0.252388647645098,0.0955873560497539,0.13764689878038963,0.16006969493970938,0.08885409342523544,0.13259034338130596,0.20564524817974386,0.04711321260865096,0.04449600263959338,0.2047619197849659,0.29139539621104094,0.2589245414632145,0.2609983571992187,0.15261439370219618,0.12076398636454783,0.21308684018486987,0.21628718302740418,0.2198345864661654,0.4148936170212766,0.6906474820143885,1.4385964912280702,0
grossProfitGrowth,0.0997349147455425,0.24830356123204556,0.14737319290444545,0.18454954424948242,0.2896228318684068,0.10954789530056132,0.11390379666021587,0.16038087477109778,0.09135813074478137,0,0,0,0,0,0,0,0,0,0,0,0,0,0,0,0,0
ebitgrowth,0,0,0,0,0,0,0,0,0,0,0,0,0,0,0,0,0,0,0,0,0,0,0,0,0,0
operatingIncomeGrowth,0,0,0,0,0,0,0,0,0,0,0,0,0,0,0,0,0,0,0,0,0,0,0,0,0,0
netIncomeGrowth,-0.2590436067287625,1.1228890449244833,-0.04256917787995107,1.2432152720692164,3.565863947436306,-1.456957224183002,0.4198220016933467,-0.2543221477495467,0.3338131327967413,-0.2228918413002785,-0.02864154095186004,0.005141120794050564,0.09548380795806917,0.31096624130425504,0.2766154516726599,0.15737865149054908,0.05379184317634355,0.009255067652532568,0.48988309352517984,0.3221917627241801,0.1640970433311546,0.17687782805429864,0.13917525773195877,7.928571428571429,-2.272727272727273,0
epsgrowth,-1,0.9265175718849842,-0.11331444759206798,1.2201257861635217,1.7989949748743719,-2.2208588957055215,0.6138613861386137,-0.36875,0.4678899082568807,-0.36994219653179183,-0.2100456621004566,-0.19485294117647067,-0.12820512820512817,0.17293233082706766,0.16666666666666682,0.008849557522123902,-0.046413502109704775,-0.24522292993630573,0.3771929824561405,0.36526946107784425,0.0774193548387096,0.04729729729729734,-0.07500000000000007,5.571428571428572,-1.5833333333333333,0
epsdilutedGrowth,-1,0.9262820512820511,-0.1136363636363636,1.2278481012658227,1.7939698492462313,-2.2208588957055215,0.6138613861386137,-0.36875,0.4678899082568807,-0.36994219653179183,-0.2100456621004566,-0.19485294117647067,-0.11974110032362449,0.17490494296577946,0.16888888888888884,0.013513513513513424,-0.0472103004291845,-0.24838709677419354,0.38392857142857134,0.3658536585365856,0.07894736842105256,0.04109589041095894,-0.07594936708860765,5.514285714285715,-1.5833333333333333,0
weightedAverageSharesGrowth,-1,0.12389932622722898,0.08925347053684109,0.12522666200598606,0.2029223552290974,0.06394609179493632,0.005044260222003653,0.04603309915047474,0.09456395152934013,0.05236614090498062,0.22100740552950449,0.2534655294008698,0.21923265586605653,0.06692674059333029,0.1818976424377146,0.19825776179816473,0.08457262312012344,0.016926947324440073,0.0795504070994192,0.10284722579598568,0.10322784266969999,0.06911740786524165,0.11793419582626902,0.4981627971942073,1.2173458340735135,0
weightedAverageSharesDilutedGrowth,-1,0.12411574419679357,0.08907192148740334,0.12228582601044936,0.20971577992983192,0.06394609179493632,0.005044260222003653,0.04603309915047474,0.09455812303439479,0.052179395882805686,0.22048468506585264,0.25423161929680066,0.2095222269956747,0.06344036430314931,0.1755171643471024,0.19738305116422727,0.08434545639427189,0.021351490223033398,0.07771666033867033,0.10189973234499275,0.10263629769710189,0.07526461226775655,0.11084397069183934,0.5238580045429195,1.2173458340735135,0
dividendsperShareGrowth,0,0.0510981884351886,0.0735076369963802,0.0657308893223077,0.01793501528161256,0.015954337357918208,0.059573686790041235,0.11932852288150547,0.1542312570883309,0.07420116747280242,0.11291701640574492,-0.325687337788468,-0.22682615816429302,0.15137527828546093,-0.008457333457677199,0.00025475316874511394,0.15304055667720917,0.1648742272069914,0.10363083829880385,0.14578022958427367,0.046125170072317215,0.12511623801361044,0.09949822740522346,0.29451481709870203,1.7904983989948322,0
operatingCashFlowGrowth,0.1446861791934369,0.2904890934800697,0.1990360119157203,0.26650530172653086,0.14732191765116523,0.14561704090061323,0.0247842668062514,0.06906343232276074,0.023545738103576373,0.23717606090055068,0.1258924256653871,0.06504491381403253,-0.11498910656657027,0.2552944730340594,0.44389749980528076,0.06390560002651685,0.7811725115125753,-0.09479337849212394,0.11628635346756153,0.11120318196884323,0.8323160547812092,-0.22148936170212766,0.6206896551724138,5.6923076923076925,-3.4375,0
freeCashFlowGrowth,0.1446861791934369,0.2904890934800697,0.1990360119157203,0.26650530172653086,0.14732191765116523,0.14561704090061323,0.0247842668062514,0.06906343232276074,0.023545738103576373,1.625953682381768,0.019384960934753302,-1.0724590614421863,0.2400736585319551,0.5866621503565095,0.10030968786475394,-1.7105687841656407,0.1817842575944594,-2.8140296398037283,0.3137980726545052,-50.633559322033896,1.0343003313760828,-0.27414814814814814,0.6856078248719143,-1.5651135005973715,0.13264248704663212,0
tenYRevenueGrowthPerShare,0,0.7319033425841999,0.3204846659696575,0.06818009022495078,0.14972431614499357,0.20662288434469828,0.23110081476982067,0.2645243661277179,0.2923579846390319,0.34873157532940385,0.3784660468233886,0.539096140308375,1.1021323063156383,2.105613438561229,2.103664860616964,2.1239348069652664,1.9733943588444693,1.557388041730053,1.2563285940297857,1.1733571758814731,0.975852719430544,0.792188361028964,0.5707537695748781,0.2410822489450568,0.09978175427334868,0
fiveYRevenueGrowthPerShare,0,0.30504930638425926,0.34827253362035065,0.4119108078630102,0.3388083605392488,0.3839578944233173,0.327078857566365,-0.020609978292799428,-0.2434507305445952,-0.14123309202976253,-0.12813613101467433,-0.07232278794083995,0.29113462267411316,0.7082271265284866,0.5705444199255838,0.5810565110670843,0.6590858547576605,0.6281279034728695,0.8180330884175544,0.9761713334819422,0.975852719430544,0.792188361028964,0.5707537695748781,0.2410822489450568,0.09978175427334868,0
threeYRevenueGrowthPerShare,0,0.2173010760829832,0.15671934786391226,0.12472489575407304,0.21353194683746657,0.29267200111304376,0.24879025641462077,0.18733478075822285,0.057147959645467004,-0.11225451320246306,-0.2933527370823368,-0.19189448231344916,0.05697860177116479,0.29626993446689687,0.33470319301906415,0.3845212152304212,0.3681112298711398,0.29432118931775036,0.2589796045401952,0.38363963721041316,0.5920401094367885,0.6295854646298478,0.5707537695748781,0.2410822489450568,0.09978175427334868,0
tenYOperatingCFGrowthPerShare,0,0.5434032103139373,0.1421101709012153,-0.2468755369325487,-0.21275343705726096,0.00836921185037831,-0.1685185215269064,0.3392222757321402,0.16641362261687243,0.28979045856095087,0.10543354605214593,0.9910823080264847,0.7063685439551628,2.407959505635369,11.93898773187335,-12.642734478701069,-14.1130026548511,-8.984630121130515,-9.970090741349466,-9.674893392239206,-9.60966047159428,-6.183831208273577,-8.118880477109,-5.910526759988193,-2.0992872480888733,0
fiveYOperatingCFGrowthPerShare,0,0.4610488469872653,0.2974333878724271,0.2045916346938345,0.0007807847957337968,0.23354757935770493,0.05636660505669586,-0.11971575452202275,-0.3747885662024629,-0.21336762765342118,-0.1825453442376131,-0.2128854940198839,0.5213520889550495,0.8656306643851198,0.6396356212920867,0.3522872960105412,1.5295967650185613,0.12161317313942306,0.8267064165985795,6.891379989461929,-9.60966047159428,-6.183831208273577,-8.118880477109,-5.910526759988193,-2.0992872480888733,0
threeYOperatingCFGrowthPerShare,0,0.42264715660269186,0.181729199709648,0.15593798090535196,0.04716422622119376,0.1220834340475636,-0.02552338287107875,0.1235406822299901,0.013699784537718685,-0.07891699683382755,-0.43128306975672115,-0.2743477032888117,0.04334885730989864,0.2762047556810049,0.7813804773730544,0.2979505798120309,0.5116038966637154,-0.07259639941968878,0.7303979201778187,0.21857550778294665,0.7533069042098001,3.715629347366434,-8.118880477109,-5.910526759988193,-2.0992872480888733,0
tenYNetIncomeGrowthPerShare,0,1.1859762478712372,-0.07197388204268329,-0.05136067626549293,-0.41530807933599323,-1.2960815150697527,-0.3341435870545044,-0.5420394506724859,-0.3624218378943571,-0.27791412156747264,0.17233934824987232,0.5549487717586332,1.134555348051936,1.420819153808774,-10.111505231880622,3.841855395072218,4.012871804035501,4.159295507051937,4.198514031278899,2.7667773821774237,2.1418891746582696,1.9776036593535784,1.7049603876055688,1.6545236960995044,-1.5739868148529315,0
fiveYNetIncomeGrowthPerShare,0,2.0322236355586045,1.2678277109624587,0.8392358469226034,0.1242433623929172,-1.389205443269688,-0.27908475409382844,-0.5907863223156995,-0.4842209468014862,-0.47992406250946584,-0.23926676723122858,-0.07637351723844946,0.11912327055895873,0.23614590036530797,0.38842393269861664,0.5410649853996987,0.6835255384941891,0.9073460486491431,0.9583603788948937,-7.56248067848485,2.1418891746582696,1.9776036593535784,1.7049603876055688,1.6545236960995044,-1.5739868148529315,0
threeYNetIncomeGrowthPerShare,0,2.309857344444244,-4.73770842620924,0.8263453009557484,0.2941978283554557,-1.4325242435393462,0.22718031293011132,-0.3585330764750949,-0.28413739110669933,-0.528924545424821,-0.42681442750648796,-0.11469905048988085,0.19249485796466773,0.2819242260661313,0.01368178260279129,-0.06860780485744669,0.33081180421067513,0.6420997750861445,0.7458717230376685,0.39254437863017116,0.18359808928241583,-6.187581983249055,1.7049603876055688,1.6545236960995044,-1.5739868148529315,0
tenYShareholdersEquityGrowthPerShare,0,0.5358021922675709,0.31249670524460965,0.3508021254439245,0.28218003022310983,0.1947263166521449,0.402983581907735,0.6745756618572271,1.156096498045758,1.0051505902656275,1.7398279325419719,1.743217647305675,2.1008600529652357,2.1951680769411426,1.4526572682921564,3.9523745417742377,2.643109898097782,1.9544753266209232,1.4556746095309916,1.5397738634967693,0.9176854658284389,1.029870350626521,0.7856274454128267,0.5188254137476545,0.9007618928363943,0
fiveYShareholdersEquityGrowthPerShare,0,0.6731658351792487,0.46887925804814273,0.23809589914063667,0.17373902803719057,0.12611111948606052,-0.08209804433220565,-0.10646385803781809,0.09103190341032329,0.09238936390081702,0.06093110704510164,0.5284677990331035,0.8740995279495946,0.9761993130597552,0.8355639999143055,1.5824748792340741,0.7947500425203675,0.6545866463974883,0.6168248090290317,0.33618727998950737,0.9176854658284389,1.029870350626521,0.7856274454128267,0.5188254137476545,0.9007618928363943,0
threeYShareholdersEquityGrowthPerShare,0,0.4307055425251167,0.22825722665077192,0.28253267367681273,0.20817111181387252,0.11748807791496911,0.0036512206878457883,-0.05836091500230603,-0.04915342164293234,-0.08025163320536569,0.0826774761289482,0.19443902671264574,0.11804565027412443,0.33207688271696895,0.5779172124919528,1.0167063350140229,0.4344229423173668,0.5406464611987825,0.2097691898268506,0.4223425328846176,0.262610862624829,0.0679245823881001,0.7856274454128267,0.5188254137476545,0.9007618928363943,0
tenYDividendperShareGrowthPerShare,0,1.0352613769196228,0.30568440937961183,-0.05960517071903747,0.01596694729387992,-0.01037437467464835,-0.02566710019316236,0.06028052903583547,0.10342355853107167,0.055050501727230854,0.1253534651577602,0.057815243881966336,0.7650048329310073,1.5099396541426977,1.8219765819096818,6.941888331724909,6.939865625797327,5.886024589350218,4.911388910939148,4.356310014000045,3.6748144850984987,3.468695160805025,2.9717631030679055,2.6123415245890156,1.7904983989948322,0
fiveYDividendperShareGrowthPerShare,0,0.2436272281953313,0.25365517862145787,0.30716536233997743,0.4157149187591014,0.49396827470265386,0.636552602561668,0.041502026749784794,-0.2805846479916307,-0.28236473753883123,-0.3375859165936319,-0.4046430904318438,0.018030211947501193,0.5337781650762368,0.4701765045782148,0.6988670581561214,0.7767749510948913,0.7337450423544275,0.6364424212662726,0.9194814861493726,3.6748144850984987,3.468695160805025,2.9717631030679055,2.6123415245890156,1.7904983989948322,0
threeYDividendperShareGrowthPerShare,0,0.2025301658200966,0.16458916606358398,0.10215276885480472,0.09578514088480884,0.20493307011624035,0.36893102483759044,0.3878292028232166,0.37987972620464155,-0.1938613982296922,-0.41976856974641596,-0.39971793527269606,-0.11731558297428774,0.14192854944717906,0.14358016467131915,0.343489398409954,0.48233870053161926,0.47300488849348,0.32284452132425706,0.3485975560482637,0.2941230648534435,0.6013967836049281,2.9717631030679055,2.6123415245890156,1.7904983989948322,0
receivablesGrowth,7.471042112113043,-0.03316555815207622,0.07747433662599264,-0.05057006252298639,0.04196206169764323,-0.6150470219435736,1.57062950322336,0.06352087114337568,0.17386672979050774,0.12954545454545455,0.3619810633648944,0.407483341875961,-0.3953200061986673,-0.045272969374167776,0.06777251184834124,0.32871536523929473,0.8741148701809599,0.29101066531234127,-0.2544490723210905,-0.7105118930176477,0.03259762308998302,-0.0601063829787234,-0.35172413793103446,3.0277777777777777,2,0
inventoryGrowth,0,0,0,0,0,0,0,0,0,0,0,0,0,0,0,0,0,0,0,0,0,0,0,0,0,0
assetGrowth,0.32379246989141963,0.24128622256824622,0.2713832658737434,0.1950604897424833,0.16891201527240082,0.1620186912531758,0.09526555683873572,0.08051673332656907,0.05309676094765456,0.11553737371814744,0.08630002632038776,0.08120277936028683,0.06355971511739403,0.1053408224822677,0.2832407780339723,0.5312396029545599,0.2618010942784321,0.4712539987757126,0.09776552457077593,0.2048514466619411,0.23196633989940896,0.2144052246928938,0.21270978691306808,1.1340040241448692,0.5492518703241895,0
bookValueperShareGrowth,0,0.17677276503157413,0.10860782944829862,0.09667946005029109,0.010256555115336451,0.1575960903877019,0.03309371351445264,-0.0655713872500229,0.03967348926786313,-0.030737571918742483,-0.056434399009220364,0.00567012125767504,0.14096272113951586,0.04096704968555923,-0.058650061211290405,0.3593810453975249,0.23308184883860789,0.20312166569381213,-0.03311289055081064,0.32439542811030525,-0.05526701976973866,0.13678267873914043,0.17566339702392306,-0.2009386238898141,0,0
debtGrowth,0.1665910990922282,0.10438583985235451,0.2594368349643131,0.18099333991995942,0.14856352240265744,0.018273924254183168,0.03370077530163244,0.2197563843370767,-0.12884060055246216,0.3485401170957491,0.07549913666403267,-0.05925999273374868,-0.374551652643704,0.5753637858405455,0.37683382505311463,0.439478881269612,0.18511372884697366,0.6740963065244772,0.15308565276363767,0.07278408684470855,0.3290504943699334,0.23040228245363767,0.131375080697224,3.3757062146892656,-0.3745583038869258,0
rdexpenseGrowth,0,0,0,0,0,0,0,0,0,0,0,0,0,0,0,0,0,0,0,0,0,0,0,0,0,0
sgaexpensesGrowth,0.13589218619929355,0.22530163660255645,0.20372766992976052,0.20525536935567731,0.17414376056602593,0.07150165210244712,0.11378666168503643,0.10325638911788954,0.0151689507270635,-0.7721769388436055,0.25872993016055873,0.06304214715787325,0.049853018970262286,3.6012755730835595,0.2449081354761996,0.23594387029487057,0.39649122807017545,0.06290901414397299,0.05768085739803513,0.14896528134085857,0.30135766748275095,0.2837142857142857,0.7948717948717948,0.56,0.25,0
