,2021,2020,2019,2018,2017,2016,2015,2014,2013,2012,2011,2010,2009,2008,2007,2006,2005,2004
period,FY,FY,FY,FY,FY,FY,FY,FY,FY,FY,FY,FY,FY,FY,FY,FY,FY,FY
currentRatio,1.5197604790419161,1.907247845919919,1.5763968072976056,1.615514333895447,1.790891597177678,2.2952646239554317,1.7980645161290323,2.01644245142003,2.0595469255663432,2.09520295202952,1.951624548736462,1.7302204928664073,1.777224642190417,1.6683710737764792,1.5081240768094535,1.4038808664259927,1.2811723795330352,1.5794486215538848
quickRatio,0.883433133732535,1.383679675620882,0.9600912200684151,1.0050590219224282,1.1789608723540732,1.5710306406685237,1.2825806451612902,1.3856502242152466,1.4466019417475728,1.5114391143911439,1.3371841155234656,1.230869001297017,1.38954573739888,1.1986851716581446,1.118168389955687,1.023014440433213,0.8882265275707899,1.1899749373433584
cashRatio,0.21397205588822354,0.4840344652812975,0.26396807297605474,0.24676784710511523,0.3694676074406671,0.5923862581244197,0.6238709677419355,0.5829596412556054,0.6368932038834951,0.7077490774907749,0.4924187725631769,0.4798962386511025,0.7803360298693217,0.493791088385683,0.40620384047267355,0.35694945848375453,0.19374068554396423,0.42005012531328323
daysOfSalesOutstanding,71.27269532622701,80.16445623342175,68.45561378434175,67.235499650594,73.11889250814332,69.35609575060309,63.74955939372577,55.914436930314615,67.84178187403994,58.918666251168595,59.690965547833805,66.61034133153092,70.09838646202282,51.30221310274074,81.90409683426444,80.9405048076923,84.06425041186161,146.53423941453215
daysOfInventoryOutstanding,95.0059777967549,81.83631361760659,80.76529524621616,73.66197183098592,71.02702702702702,65.96385542168674,57.14646464646465,55.03856536829927,57.03790087463557,49.65843857634902,48.76712328767123,46.99240185732376,46.70997793576857,37.830968205496674,46.43728745749149,45.71250479478328,50.547873454850205,72.95278137128072
operatingCycle,166.2786731229819,162.00076985102834,149.2209090305579,140.8974714815799,144.14591953517032,135.31995117228985,120.89602404019041,110.95300229861388,124.8796827486755,108.57710482751762,108.45808883550504,113.60274318885467,116.8083643977914,89.13318130823741,128.34138429175593,126.65300960247558,134.6121238667118,219.4870207858129
daysOfPayablesOutstanding,72.31426131511529,66.69073819348922,60.690684289064166,57.67605633802817,63.68756756756756,57.26029116465863,49.18617998163453,53.279020439645194,56.68318756073858,45.3281668580176,46.0958904109589,51.84571549176868,58.074282912478544,34.290461649003056,59.7259451890378,57.61315688530878,61.94217473287241,85.22962483829235
cashConversionCycle,93.96441180786661,95.31003165753911,88.53022474149373,83.22141514355175,80.45835196760277,78.05966000763121,71.70984405855589,57.67398185896869,68.19649518793693,63.24893796950001,62.362198424546136,61.757027697085995,58.73408148531285,54.842719659234355,68.61543910271813,69.0398527171668,72.6699491338394,134.25739594752054
grossProfitMargin,0.3141618835656554,0.2286472148541114,0.25504208353184055,0.2756114605171209,0.24674267100977199,0.26071627389125995,0.23228762777581952,0.23757718318141724,0.20967741935483872,0.18572764100966033,0.2120360786633151,0.19939168638053398,0.19736324281778828,0.18408324783819435,0.22423960273122284,0.2166466346153846,0.21367380560131796,0.1918452692106639
operatingProfitMargin,0.22794892819491624,0.11741821396993811,0.13244402096236302,0.1864430468204053,0.14674267100977198,0.1657079235479681,0.057455058160028195,0.11143781240811526,0.2316436251920123,0.07961981925833593,0.10202572822711814,0.08499493071983778,0.05706414797323888,0.06448776198153305,0.11607697082557418,0.1122295673076923,0.09242174629324547,0.020386826973340304
pretaxProfitMargin,0.2633243528171489,0.3980548187444739,0.15690011116404637,0.21104122990915444,0.1750814332247557,0.19113007979216923,0.08600634473034896,0.13834166421640695,0.24715821812596006,0.10236833904643192,0.11163684755286116,0.09090909090909091,0.047422274695001966,0.0636083834090576,0.06936685288640596,0.09975961538461539,0.059637561779242176,-0.045478306325143755
netProfitMargin,0.22138924680801217,0.3510167992926614,0.13530252501191042,0.1686932215234102,0.13729641693811076,0.16700686583781776,0.053577722946774764,0.09173772419876507,0.16912442396313365,0.09426612651916486,0.08975306816501552,0.06370395403852652,0.09602518693427785,0.041330792906346184,0.06610800744878957,0.06099759615384615,0.04563426688632619,-0.06612650287506534
effectiveTaxRate,0.14679715302491103,0.10972900932918703,0.12550607287449392,0.19337748344370861,0.19813953488372094,0.11844660194174757,0.41188524590163933,0.3336875664187035,0.31572405220633937,0.0730593607305936,0.19735099337748344,0.20817843866171004,-1.008298755186722,0.14516129032258066,0.24608501118568232,0.3810240963855422,0.1574585635359116,-0.40229885057471265
returnOnAssets,0.15782881002087681,0.18195984966541387,0.0899113550021106,0.1296037796628369,0.08838330886978402,0.10769414861792509,0.035406475658047984,0.07076434565661148,0.12208915502328677,0.06722222222222222,0.07126085935665649,0.04552590266875981,0.05802615933412604,0.039352497906782025,0.05286671630677588,0.05142495250158328,0.037206178643384824,-0.034143049932523616
returnOnEquity,0.45118166626879924,0.5629608621667612,0.33984842441164737,0.40449061662198393,0.2919986144786976,0.34775888717156106,0.127838519764508,0.22143364088005676,0.4079288625416821,0.34971098265895956,0.4526472781506339,0.40712742980561556,0.8356164383561644,1.5494505494505495,0.4011299435028249,0.5158831003811944,1.1787234042553192,2.2589285714285716
returnOnCapitalEmployed,0.2054910242872228,0.07430617726051925,0.108003108003108,0.17706397663923545,0.1129214187241509,0.12266483516483516,0.04633314383172257,0.10133689839572192,0.20179312190552656,0.06684107259646828,0.09673349221926258,0.07464015432556759,0.042628252241658095,0.07590132827324478,0.12410817985730878,0.13153724247226625,0.10327687776141384,0.014404432132963989
netIncomePerEBT,0.8407473309608541,0.8818302976454909,0.8623481781376519,0.7993377483443709,0.7841860465116279,0.8737864077669902,0.6229508196721312,0.6631243358129649,0.6842759477936606,0.9208523592085236,0.8039735099337748,0.7007434944237918,2.024896265560166,0.6497695852534562,0.9530201342281879,0.6114457831325302,0.7651933701657458,1.4540229885057472
ebtPerEbit,1.1551901336073997,3.3900602409638556,1.184652278177458,1.1319340329835081,1.193118756936737,1.1534154535274357,1.4969325153374233,1.2414248021108178,1.0669761273209548,1.2857142857142858,1.0942028985507246,1.0695825049701788,0.8310344827586207,0.9863636363636363,0.5975935828877005,0.8888888888888888,0.6452762923351159,-2.230769230769231
ebitPerRevenue,0.22794892819491624,0.11741821396993811,0.13244402096236302,0.1864430468204053,0.14674267100977198,0.1657079235479681,0.057455058160028195,0.11143781240811526,0.2316436251920123,0.07961981925833593,0.10202572822711814,0.08499493071983778,0.05706414797323888,0.06448776198153305,0.11607697082557418,0.1122295673076923,0.09242174629324547,0.020386826973340304
debtRatio,0.6211273486430062,0.6429553579613163,0.6941747572815534,0.6371738430151401,0.6541203606626127,0.6385066411391648,0.6705101327742837,0.650941256520753,0.7007096917276558,0.8077777777777778,0.8425686780934492,0.8881777563096245,0.9305588585017835,0.9743231928551493,0.8675850086870192,0.8909436352121596,0.9598388179986568,0.9452091767881241
debtEquityRatio,1.7756027691573169,1.9892229154849688,2.623853211009174,1.9886058981233243,2.16106685140284,2.061823802163833,2.42094196804037,2.0369056068133427,2.341237495368655,4.202312138728324,5.351976137211037,7.942764578833693,13.400684931506849,38.362637362637365,6.58286252354049,8.937738246505718,30.408510638297873,-62.535714285714285
longTermDebtToCapitalization,0.44626569729015203,0.49346358281856056,0.5762339418526031,0.49882431978501846,0.5345049983876169,0.5275648046732384,0.5092860090796533,0.48064872834500555,0.516827783745077,0.628755364806867,0.6817750355956336,0.7635342185903984,0.8480353890189956,0.9477311889718553,0.7556373676944317,0.8020623742454729,0.933181688939437,1.0357713190673905
totalDebtToCapitalization,0.500893601811033,0.5294274656345923,0.6107747244216737,0.5419800460475825,0.5577512254901961,0.5375268048606148,0.5562604963612614,0.49343879201869495,0.5316675342703453,0.6416735708367854,0.6922900413033501,0.7765444015444015,0.8570379436964505,0.9510094212651413,0.7700303161541793,0.8163360560093349,0.9360021786492375,1.0341984732824427
interestCoverage,21.384615384615383,6.091743119266055,7.252173913043478,10.672,7.385245901639344,7.441666666666666,2.7394957983193278,5.156462585034014,8.767441860465116,2.7621621621621624,3.1221719457013575,2.465686274509804,1.4009661835748792,,,,,
cashFlowToDebtRatio,0.41793529971455756,0.3385429795815478,0.36959837315709204,0.4412347776833758,0.22054380664652568,0.296875,0.28916470982891646,0.3504553734061931,0.24869451697127937,0.23305358295674627,0.2114683460391117,0.14045991298943444,0.17023707512139388,0.165864704217379,0.15916760404949382,0.214694110920526,0.20773930753564154,-0.018600531443755536
companyEquityMultiplier,2.858677488660778,3.0938740782756664,3.779816513761468,3.1209785522788205,3.303775545549013,3.229134466769706,3.6105971404541632,3.1291696238466997,3.341237495368655,5.202312138728324,6.351976137211037,8.942764578833692,14.400684931506849,39.37362637362637,7.5875706214689265,10.03176620076239,31.680851063829788,-66.16071428571429
receivablesTurnover,5.12117576484703,4.553140096618358,5.331922099915326,5.428679817905918,4.991869918699187,5.2626953125,5.725529767911201,6.527831094049904,5.380165289256198,6.194980694980695,6.1148282097649185,5.479629629629629,5.206967213114754,7.114702815432742,4.45643153526971,4.509485094850948,4.341917024320458,2.4908854166666665
payablesTurnover,5.047413793103448,5.473023839397742,6.014102564102564,6.328449328449328,5.731102850061958,6.3744,7.420783645655877,6.8507265521796565,6.439299123904881,8.052388289676426,7.918276374442794,7.040118870728083,6.285053929121726,10.64435946462715,6.111246943765281,6.335358444714459,5.892592592592592,4.282548476454294
inventoryTurnover,3.8418635170603674,4.460122699386503,4.519267822736031,4.955066921606119,5.138888888888889,5.533333333333333,6.387096774193548,6.631713554987212,6.399253731343284,7.350210970464135,7.484550561797753,7.767213114754099,7.814176245210728,9.648180242634316,7.860062893081761,7.98468606431853,7.2208774583963695,5.003236245954692
fixedAssetTurnover,1.9275231429216528,1.3557899784224408,1.6080183861082737,1.9239042753428341,1.6321105794790005,1.5065697511881464,1.572180659462455,1.8221269756228236,1.9007299270072993,1.915820895522388,2.068828387886204,1.9615512098110706,1.8169467286378262,2.760113268608414,2.7281964436917865,3.088631090487239,2.9754901960784315,2.2479435957696827
assetTurnover,0.712901878914405,0.5183793198276653,0.6645208948923597,0.7682808976699238,0.6437408261690082,0.6448486298911092,0.6608432331702772,0.7713767294171013,0.7218895542248835,0.7131111111111111,0.7939657196525006,0.7146479893732641,0.6042806183115339,0.9521350823332403,0.7997021593447505,0.8430652311589614,0.8153122901276024,0.5163292847503373
operatingCashFlowPerShare,15.900452488687783,11.400679117147709,11.735270379338177,11.600893521965748,5.8230601885424225,6.161194241735442,5.714738423096825,6.2064516129032254,4.7984886649874054,4.560960202147821,4.084507042253521,2.9236739974126777,4.147529575504524,3.950110695111427,3.664022830357944,4.735259760587284,4.624275210436095,-0.7252735259736567
freeCashFlowPerShare,11.67420814479638,8.3106960950764,8.748991121872479,9.091586001489203,3.886874546773024,4.463933565960618,2.2673324138040765,1.832258064516129,2.424433249370277,1.97094125078964,2.7784891165172856,0.9055627425614489,1.7049408489909534,2.103130609001306,1.7996437223312869,2.875204328665515,3.251241114340224,-2.636311705523292
cashPerShare,4.9411764705882355,12.631578947368421,4.059725585149314,3.4996276991809383,4.408992023205221,4.6088216724292,6.60973806012475,5.2387096774193544,6.454659949622166,6.392924826279216,4.775928297055057,5.291073738680466,8.747390396659707,4.597227805573367,5.340669319868028,4.987470666610575,2.525864610742405,9.64728912326864
payoutRatio,0.16084656084656085,0.14760705289672543,0.352112676056338,0.231980115990058,0.2858837485172005,0.22333333333333333,0.5723684210526315,0.23076923076923078,0.07538601271571299,0.07107438016528926,0.05601317957166392,0.08222811671087533,0.06762295081967214,0.12056737588652482,0.08215962441314555,0.08866995073891626,2.9783393501805056,-1.9802371541501975
operatingCashFlowSalesRatio,0.20581000351411502,0.23748894783377542,0.23090360489121803,0.2177498252969951,0.13078175895765473,0.1657079235479681,0.1519210433556574,0.14142899147309615,0.11705069124423963,0.11249610470551574,0.09433683276652373,0.07637715444406894,0.11727666273120818,0.08588597391176901,0.08783364369956549,0.11283052884615384,0.11762767710049424,-0.016466283324621016
freeCashFlowOperatingCashFlowRatio,0.7342060330108139,0.7289650037230082,0.7455295735900963,0.7836970474967908,0.6674968866749689,0.7245240761478163,0.39675174013921116,0.29521829521829523,0.505249343832021,0.43213296398891965,0.6802507836990596,0.30973451327433627,0.4110738255033557,0.5324232081911263,0.4911660777385159,0.607190412782956,0.7030812324929971,3.634920634920635
cashFlowCoverageRatios,0.41793529971455756,0.3385429795815478,0.36959837315709204,0.4412347776833758,0.22054380664652568,0.296875,0.28916470982891646,0.3504553734061931,0.24869451697127937,0.23305358295674627,0.2114683460391117,0.14045991298943444,0.17023707512139388,0.165864704217379,0.15916760404949382,0.214694110920526,0.20773930753564154,-0.018600531443755536
shortTermCoverageRatios,2.1219806763285023,2.524436090225564,2.7695238095238097,2.7771836007130126,2.46319018404908,7.567796610169491,1.6803118908382066,7.021897810218978,4.305084745762712,4.2976190476190474,4.430555555555555,1.9824561403508771,2.4628099173553717,2.515021459227468,2.0808823529411766,2.43042071197411,4.606451612903226,-0.4375
capitalExpenditureCoverageRatio,-3.7623126338329764,-3.6895604395604398,-3.9297297297297296,-4.623145400593472,-3.00749063670412,-3.630081300813008,-1.6576923076923078,-1.4188790560471976,-2.0212201591511936,-1.7609756097560976,-3.127450980392157,-1.4487179487179487,-1.6980056980056981,-2.1386861313868613,-1.9652777777777777,-2.545762711864407,-3.3679245283018866,0.3795180722891566
dividendPaidAndCapexCoverageRatio,-10.779141104294478,-18.91549295774648,-20.771428571428572,-27.333333333333332,-30.884615384615383,-19.844444444444445,-2.491329479768786,-1.801498127340824,-2.5918367346938775,-1.9673024523160763,-3.7529411764705882,-1.6085409252669038,-1.8742138364779874,-2.441666666666667,-2.2371541501976284,-2.8996138996139,1.1647634584013051,-0.1880597014925373
dividendPayoutRatio,0.16084656084656085,0.14760705289672543,0.352112676056338,0.23198011599005802,0.2858837485172005,0.22333333333333333,0.5723684210526315,0.2307692307692308,0.07538601271571299,0.07107438016528925,0.05601317957166392,0.08222811671087533,0.06762295081967212,0.12056737588652483,0.08215962441314555,0.08866995073891625,2.978339350180505,-1.9802371541501977
priceBookValueRatio,4.040675394246837,4.080904774702212,5.445768347746311,4.402105472989276,5.245167552545895,4.711091784690224,4.038628402785492,2.9569906635911996,3.0306734651352354,4.318936507687861,5.743640683221477,6.738289583801295,7.160393835616438,8.680936304670329,5.320806535357853,5.263741897684148,13.245769838297873,-12.409111428571428
priceToBookRatio,4.040675394246837,4.080904774702212,5.445768347746311,4.402105472989276,5.245167552545895,4.711091784690224,4.038628402785492,2.9569906635911996,3.0306734651352354,4.318936507687861,5.743640683221477,6.738289583801295,7.160393835616438,8.680936304670329,5.320806535357853,5.263741897684148,13.245769838297873,-12.409111428571428
priceToSalesRatio,1.9827092920815272,2.544521703908046,2.1681024690805146,1.8359025480642905,2.4662538638762213,2.262443039298255,1.692608096902344,1.2250514098794474,1.25649580374808,1.1641882452944843,1.138876557178767,1.054352172118959,0.8228394332939788,0.23155949105232304,0.8768926971679143,0.6223805398854303,0.512809870181219,0.3632567903815996
priceEarningsRatio,8.955761495502646,7.249002637581864,16.02410944577465,10.883084284507042,17.962987810438907,13.54700615419811,31.59163928231546,13.353845657051284,7.429416605267939,12.350016790578513,12.68899860988468,16.550812081167106,8.568995901639344,5.602590097340426,13.264545869835775,10.203361757333555,11.237385963898918,-5.493361581027668
priceToFreeCashFlowsRatio,13.121231958527131,14.697926696220634,12.594595247047971,10.758298715315314,28.25149015708955,18.844367138760894,28.081457139835965,29.340843978873238,21.246201772467533,23.947949225320514,17.747055659447003,44.56897253285714,17.06804081632653,5.063879511057692,20.326246548741153,9.084572090959263,6.200708988047809,-6.0690850655021835
priceToOperatingCashFlowsRatio,9.633687664484917,10.714274188830975,9.389643224071527,8.43124693928113,18.857781723785802,13.653197691801006,11.141366985874594,8.66195393970894,10.734629504461942,10.348698280193906,12.072448520689655,13.80454901460177,7.016224832214765,2.6961269751706487,9.983562792491238,5.516065077866077,4.359602117647059,-22.06064253968254
priceCashFlowRatio,9.633687664484917,10.714274188830975,9.389643224071527,8.43124693928113,18.857781723785802,13.653197691801006,11.141366985874594,8.66195393970894,10.734629504461942,10.348698280193906,12.072448520689655,13.80454901460177,7.016224832214765,2.6961269751706487,9.983562792491238,5.516065077866077,4.359602117647059,-22.06064253968254
priceEarningsToGrowthRatio,5.939432314108833,0.050023207769872825,-0.6827333834953273,0.23088765617478482,-11.155015430282601,0.06531014900114603,-0.6334045089936879,-0.3191108634598807,0.09125521360811423,-6.8630807593357455,0.20662490979609516,-0.5990674372857224,0.10454174999999999,-0.17524380653309005,1.7453349828731286,0.2292443615608708,0.0704993690671315,0.027841481554341883
priceSalesRatio,1.9827092920815272,2.544521703908046,2.1681024690805146,1.8359025480642905,2.4662538638762213,2.262443039298255,1.692608096902344,1.2250514098794474,1.25649580374808,1.1641882452944843,1.138876557178767,1.054352172118959,0.8228394332939788,0.23155949105232304,0.8768926971679143,0.6223805398854303,0.512809870181219,0.3632567903815996
dividendYield,0.017960121082649855,0.020362394701233612,0.021973931047331034,0.021315659230931497,0.01591515573768099,0.016485807328294754,0.018117718296848086,0.017281106633681723,0.01014696263798956,0.005755002715422212,0.004414310482154981,0.004968222484046045,0.007891583984389012,0.021519935207067655,0.006193926668833838,0.008690268251557942,0.265038449310959,0.36047821082619247
enterpriseValueMultiple,7.658753896058014,6.452083884167593,11.833822562404977,8.224978576482513,12.23642387379032,10.133824313694015,11.770879778950254,7.44598676066522,4.885613182095239,8.299447459671848,9.660464057940327,11.561878189124666,12.15249527410208,6.293518308439716,9.895745620484108,7.172319239243375,9.31884404236006,39.78606545454546
priceFairValue,4.040675394246837,4.080904774702212,5.445768347746311,4.402105472989276,5.245167552545895,4.711091784690224,4.038628402785492,2.9569906635911996,3.0306734651352354,4.318936507687861,5.743640683221477,6.738289583801295,7.160393835616438,8.680936304670329,5.320806535357853,5.263741897684148,13.245769838297873,-12.409111428571428
