,2021,2020,2019,2018,2017,2016,2015,2014,2013,2012,2011,2010,2009,2008,2007,2006,2005,2004,2003,2002,2001,2000,1999,1998,1997,1996,1995,1994,1993,1992,1991,1990,1989,1988,1987
period,FY,FY,FY,FY,FY,FY,FY,FY,FY,FY,FY,FY,FY,FY,FY,FY,FY,FY,FY,FY,FY,FY,FY,FY,FY,FY,FY,FY,FY,FY,FY,FY,FY,FY,FY
revenuePerShare,35.19915552427868,33.86675951717734,32.586666666666666,30.244666364049024,27.64582402858419,25.53129102844639,23.145366060093103,25.488619753602006,23.430909467578207,21.88631233326493,18.92482269503546,17.837562437562436,17.621422893481718,16.82933844678811,14.189557940694925,15.451461377870563,14.574245541838135,13.106272298152602,11.910285616202083,11.318063785333283,11.156088293974102,9.475491650791524,8.99907411919497,8.080928866403035,7.065878552527578,6.171292915800074,5.074672409439097,4.381077436297821,3.929870834562935,3.4842935190549755,3.190329378802608,2.9146905977026427,2.8617484008528784,2.346969696969697,2.0937972768532527
netIncomePerShare,6.095472671827352,5.725394614670381,5.270804597701149,3.678620063549705,3.870924519874944,3.2658643326039387,3.0734236140499367,3.1653789935268324,2.9123679303915475,2.849374102195773,2.5414387031408308,2.42037962037962,2.648251192368839,2.369511025886865,2.0714935419319627,2.7035490605427976,1.809670781893004,1.5811640079297342,1.6967158886198466,1.7787146303588712,1.4700612843482477,1.3414894873046719,1.131848675340708,1.01944232984593,0.8823327262105227,0.7867680392570778,0.6923594938129577,0.5843211015685996,0.5199999997878993,0.4599999997845433,0.4099999997479139,0.35999999972791685,0.32,0.25757575757575757,0.19969742813918306
operatingCashFlowPerShare,7.25615763546798,7.024605385329619,6.18,5.708579210167953,4.747431889236267,4.06980306345733,4.032162505289886,3.803299227396116,3.26745390511705,3.9199671660168276,3.456534954407295,3.360839160839161,3.1053259141494434,3.4264621284755514,2.3612879752592324,3.1532707028531664,2.457818930041152,2.3524455929301653,2.6081730328577786,2.4750532029208685,2.370335513922119,1.707337347590648,1.387034420025015,1.4351012873975169,1.2356094711158458,1.1144871213667997,0.8396700244114593,0.9033643267797573,0.6918014952990612,0.7855191253151355,0.7016996043116471,0.5040340100111221,0.42217484008528783,0.44181818181818183,0.24236006051437217
freeCashFlowPerShare,6.069434670419892,5.593779015784587,4.877701149425287,4.640036314117113,3.6965163019205,3.225164113785558,3.3222598391874736,3.0354980162873253,2.681375595608038,3.407757028524523,2.893819655521783,2.907892107892108,2.6007551669316373,2.894151486097795,1.7740585774058577,2.438239387613083,2.1215706447187928,2.00753088151537,2.385269409786509,2.0623245757905297,2.0755887987154926,1.4424665664697829,0.9240940175105177,0.530689374086325,0.934396371009313,0.8315828450999595,0.6332599118942731,0.7069344878983604,0.5373215497468437,0.6842544883602243,0.575476503818328,0.36510155853369747,0.1845628997867804,0.1481818181818182,0.003933434190620273
cashPerShare,6.040816326530612,4.430129990714949,4.480919540229885,4.925102133454381,6.209021884769987,7.034135667396061,3.524968260685569,8.385466694508247,3.5779987569919203,3.239277652370203,2.8889564336372846,3.339060939060939,4.5629968203497615,3.0370086289549376,3.3045297434964525,3.946590118302018,2.86556927297668,1.9081979459081253,3.3419112071738177,2.3847431636064553,2.8465840533515623,2.910861469830846,1.774604876305573,1.2668503560385074,1.0148115055500189,0.5440067550966027,0.5499593142344061,0.42337994179856625,0.3195649216915439,0.545823575076117,0.2504655246593537,0.4215588093176693,0.4102345415778252,0.2833333333333333,0.13010590015128592
bookValuePerShare,13.300727187426695,13.352367688022284,12.413563218390804,7.852019972764412,8.881196962929879,9.80656455142232,10.174566229369445,13.928168719983296,12.823492852703543,12.546685819823518,12.179128672745694,10.946853146853147,10.577503974562799,9.754937679769894,9.364926323449154,10.458594293667362,9.917352537722907,9.156155937920929,8.951395751502739,8.263952738677917,7.47334727002472,7.311848441044983,6.510241541185453,5.737205181926583,4.57163476408124,4.006166794132202,3.6768006958668873,3.0011001490524523,2.6415363687390063,2.32818891381974,1.8953271837270715,1.9164855913715744,1.6196162046908316,1.4878787878787878,1.3237518910741302
tangibleBookValuePerShare,4.976776917663617,5.169452181987001,4.610114942528735,0.7482977757603269,3.60830728003573,4.95711159737418,5.314853999153618,6.105867613280434,5.166977418686555,4.612148573773856,4.500709219858156,5.101298701298702,4.703895071542131,3.8799616490891657,3.831726396216118,5.092901878914405,4.527606310013717,4.201221233164947,4.533548530090606,5.230621936893337,4.927527085138347,4.721246844915008,4.021084092718029,2.9532333146949252,2.3124505996769646,1.848307938276689,2.4392168691601896,1.9204698701114344,1.6248674364548468,1.3302654170193917,1.4320289846267718,1.5736608396231189,1.2544136460554371,2.1787878787878787,1.8819969742813918
shareholdersEquityPerShare,13.300727187426695,13.352367688022284,12.413563218390804,7.852019972764412,8.881196962929879,9.80656455142232,10.174566229369445,13.928168719983296,12.823492852703543,12.546685819823518,12.179128672745694,10.946853146853147,10.577503974562799,9.754937679769894,9.364926323449154,10.458594293667362,9.917352537722907,9.156155937920929,8.951395751502739,8.263952738677917,7.47334727002472,7.311848441044983,6.510241541185453,5.737205181926583,4.57163476408124,4.006166794132202,3.6768006958668873,3.0011001490524523,2.6415363687390063,2.32818891381974,1.8953271837270715,1.9164855913715744,1.6196162046908316,1.4878787878787878,1.3237518910741302
interestDebtPerShare,8.002345765892564,5.732822655524606,5.503678160919541,4.777802995914662,4.650290308173291,4.516192560175055,0.03322048243757935,4.574232616412612,0.5587321317588564,0.05027703673301868,0.0867274569402229,0.0967032967032967,1.6017488076311606,0.09990412272291467,0.07913407313079862,0.1292623521224774,0.12997256515775035,0.12878213004291048,0.14110663571477375,0.14647648810629918,0.17523190283529533,0.24497180766027513,0.3456621672108247,0.727403175715277,0.9132616241107941,0.8646316015323549,0.7011279777771542,0.6657676201291788,0.6168592791501594,0.6131537858174143,0.11613965737259749,0.19675011794293804,0.48136460554371,0.34545454545454546,0.2813918305597579
marketCap,89365271131.5,57249011569.2,71775000000,59168170915.8,52562762656.6,40650148629,37869436582.200005,34540505420.8,30572413667.399998,24531854931.100002,22309319907,18134886770,16209313394.399998,19033146387.5,22234134771.399998,20016515611.2,20540289420,19699268224.207,17217873207.26,18321312850.131,25367288816.815,24760080580.83,19559875776.27,16275017024.168001,11250218133.28,8908958371.922,7320378900.400001,5754342092,5580597765.737785,4900134113.16471,3578580963.663684,3126108040.140448,2331933660,1479720000,1750526300
enterpriseValue,90141771131.5,57703111569.2,72090000000,59000570915.8,51784762656.6,39466748629,36239336582.200005,34741405420.8,29133913667.399998,23000554931.100002,20954119907,16531386770,14716713394.399998,18167746387.5,20531534771.399998,18190215611.2,19640689420,19062470224.207,15892329207.259998,17613150850.131,24202159816.815,23685983580.83,18911375776.27,15954717024.168001,11191118133.28,9094258371.922,7406578900.400001,5890942092,5748797765.737785,4937634113.16471,3503980963.663684,2993908040.140448,2373633660,1537720000,1870526300
peRatio,34.39109914623821,23.210627029880396,31.304518492672717,36.505534869077,30.323504474789434,27.23628048844221,26.07190126141136,22.785477551817404,21.747342201877935,17.6678825575081,17.78768928958699,14.970188847614331,12.163675067086897,15.402724275714169,19.525893362079564,12.880640676447877,19.462089653212054,21.05589985164873,16.91093965256593,16.644088092999446,27.432399879763604,29.44824046245243,28.07100427134041,26.887521929899222,21.908896072599806,19.59304678232241,18.5419931621074,17.474467330701486,18.96872116158323,19.12620653069754,15.716209765760581,14.766688900049353,12.430349999999999,8.704235294117646,13.261562878787878
priceToSalesRatio,5.955540747430924,3.9239065353329035,5.06342062193126,4.440121487325339,4.24584909744907,3.48396001208454,3.462031958879188,2.8296813518043664,2.7031072817570134,2.3001776742208304,2.388731600209864,2.03130557366399,1.8280287122509047,2.1686488221386657,2.8505300988974356,2.2537314205032937,2.4165899290563195,2.540221219476174,2.4090992378022884,2.6157374230709216,3.6148251911723004,4.169124564285806,3.5305997682839663,3.391971201969113,2.7358149246826517,2.497885485314305,2.529764281162526,2.3306367322802752,2.5099387270566633,2.525061379555143,2.0197431784985236,1.823867001248803,1.3899586696072004,0.9552743705616527,1.264831141618497
pocfratio,28.88994637813985,18.917788503469698,26.699029126213592,23.524240981154584,24.72494597892657,21.85609367654175,19.87271021316121,18.963712210826838,19.383980260841998,12.842558334781698,13.07850856313753,10.781099084477734,10.373296681428387,10.651489388046336,17.12953372218798,11.043594819972414,14.329767978233571,14.15243400317328,11.00121028724884,11.96139257332422,17.013333666537225,23.13807816349111,22.906518065663427,19.0998908862434,15.644859036684746,13.83163852184754,15.289011905597327,11.30297012767629,14.258042324317286,11.20030654437648,9.18291240355064,10.54692321234969,9.421954181818181,5.074485596707818,10.927130461922596
pfcfRatio,34.538637679330606,23.756748099095358,33.827410689037606,28.941582330170224,31.754221383797496,27.579990928149808,24.119123993503603,23.760408214074435,23.62080944711427,14.772886264663375,15.62167908899937,12.46041416105538,12.385812939863985,12.610578670575764,22.799563957547168,14.282208784302533,16.600896645922575,16.58396954515048,12.029274295924562,14.355200605923917,19.429334473647728,27.386773404863902,34.38192261604851,51.65032378345922,20.688153978080177,18.537158493387434,20.272442260869568,14.443629748995983,18.357229492558503,12.857869622578615,11.197061838747446,14.560354169261519,21.552067097966727,15.130061349693252,673.2793461538462
pbRatio,15.760792778169698,9.952541909043497,13.291912813200245,17.102604612036075,13.216686612169978,9.070454442386648,7.875519721784341,5.178331297532308,4.93908038375418,4.012406760075237,3.711786221715693,3.309950313019036,3.0453750787960767,3.741379616979871,4.319068896326657,3.329648614545213,3.551348494069643,3.636114459575242,3.205428605386269,3.58243614601507,5.396150820095184,5.40280687141187,4.880330291741311,4.777635997113753,4.228451527204391,3.847863504479765,3.491547696460937,3.40231898066576,3.7340901744648947,3.7789265930166653,3.399753908097743,2.7738314464422786,2.4559596208530805,1.5068431771894095,2.0006014857142858
ptbRatio,15.760792778169698,9.952541909043497,13.291912813200245,17.102604612036075,13.216686612169978,9.070454442386648,7.875519721784341,5.178331297532308,4.93908038375418,4.012406760075237,3.711786221715693,3.309950313019036,3.0453750787960767,3.741379616979871,4.319068896326657,3.329648614545213,3.551348494069643,3.636114459575242,3.205428605386269,3.58243614601507,5.396150820095184,5.40280687141187,4.880330291741311,4.777635997113753,4.228451527204391,3.847863504479765,3.491547696460937,3.40231898066576,3.7340901744648947,3.7789265930166653,3.399753908097743,2.7738314464422786,2.4559596208530805,1.5068431771894095,2.0006014857142858
evToSales,6.007288784804137,3.9550310195616114,5.085642530616852,4.427544381260413,4.183004786555518,3.3825355790294656,3.3130078696530605,2.8461397960758616,2.575920077399846,2.1565985570922255,2.2436259189027132,1.8516960437738723,1.6596985930462043,2.0700445949410358,2.6322480476153842,2.0481017408320668,2.31075089944351,2.4581060985636,2.223631090741774,2.51463299566721,3.4487949271350336,3.9882671485553933,3.4135441194689626,3.325215611214439,2.721443055610136,2.549839727449672,2.5595531328057506,2.385962775212637,2.5855886326067217,2.544385299992121,1.9776391035464973,1.7467374796618718,1.4148141264826846,0.9927178825048418,1.3515363439306358
enterpriseValueOverEBITDA,22.927503085639433,15.307083208000636,20.338552687261956,22.252610287319907,17.690886395394916,15.30549469828589,14.906559410225826,13.208655395331155,11.881209439827087,9.376117945089888,9.273786194733349,7.565505821243879,6.539308328993556,8.082456796645609,9.917178559339225,7.027047674882176,9.342477010892832,9.870667630584023,8.277763532998382,8.525048486375674,13.111547542895854,15.049402420785041,13.933084635872689,14.134228405535083,11.812453170023222,10.865302714363203,10.479030702320317,9.988033387589013,10.912676092896328,10.787926836715556,8.46167825081788,7.50729197627996,6.003120030349014,4.475320139697322,6.14900164365549
evToOperatingCashFlow,29.140972790062392,19.067844679532087,26.81620354871108,23.45760612110369,24.3589833278141,21.219822909296198,19.017284100650716,19.074011980234985,18.471920915166116,12.040914527850488,12.28404262340251,9.827826389632008,9.418093814411876,10.167186964855336,15.81782339861325,10.035981026868965,13.702169261894795,13.694942812851894,10.154265480915141,11.499056508392615,16.231904930312993,22.134343936534965,22.147061454819067,18.723996038220868,15.562672970769018,14.11932676901413,15.46904532247285,11.571286764879199,14.687781721353565,11.286020830090767,8.991483098957362,10.100904318962375,9.590439030303031,5.2733882030178325,11.676194132334581
evToFreeCashFlow,34.83874589607328,23.945186973690763,33.97586954472617,28.85960228712581,31.284215946716607,26.777087067643667,23.080909867014842,23.898607292288645,22.50939787329058,13.850749687522583,14.672725934458372,11.35865519444826,11.245291812027201,12.037200283243887,21.05366568027071,12.979104966963968,15.873829645195183,16.047876604122575,11.10318242758663,13.800338208526473,18.536937922742332,26.19872997108692,33.242003473844264,50.633821085902895,20.579474316439867,18.922718210407826,20.511157298255334,14.78650123493976,18.910518966242716,12.956268992822645,10.963645067783743,13.944611272195846,21.937464510166357,15.723108384458078,719.4331923076923
earningsYield,0.029077291067313344,0.04308371327981108,0.031944270289097874,0.027393106376509414,0.032977718681275345,0.03671573291457153,0.03835546897686688,0.043887603308987416,0.045982630462017914,0.05659987815433165,0.05621865683168895,0.06679942452157919,0.08221199550996325,0.06492357988753478,0.051214045957152406,0.07763588979145192,0.05138194396483825,0.047492627104307655,0.05913331964662698,0.06008139312964842,0.03645324522765076,0.033957886253850586,0.03562394812575223,0.03719197338479858,0.04564355943294844,0.05103851438267569,0.05393163460137662,0.05722635094250146,0.05271836680404526,0.05228428326312388,0.06362857297683856,0.06771998833107791,0.08044825769185904,0.11488660016759927,0.07540589364467133
freeCashFlowYield,0.028953081742376967,0.042093303167114834,0.029561825148032045,0.034552360979846895,0.03149187592772302,0.03625817001191757,0.041460875621740924,0.04208681900539284,0.04233555171929847,0.06769157915958453,0.06401360534311513,0.0802541542419567,0.080737534536912,0.07929850216416301,0.043860487940120346,0.0700171811729214,0.06023771012667649,0.060299194187342316,0.08313053434476869,0.0696611651381126,0.051468566839297236,0.03651397648115785,0.029085051792107405,0.019360962850735224,0.048336840544571304,0.05394570048892442,0.04932804775723682,0.06923467420435038,0.05447445108235812,0.07777338154401447,0.08930914327359511,0.06867964806179702,0.04639926163251145,0.06609358527288947,0.0014852676020920108
debtToEquity,0.5869737747129681,0.23420604290532318,0.37078464416007706,0.5787952364435195,0.5034950968066382,0.44798732595501606,0.0019132785692003744,0.0017240862342958233,0.0023748364270828283,0.002747791952894995,0.0056901370957007855,0.007264231871361039,0.008022395070078533,0.010241390155684857,0.00845004759222207,0.012359438419056491,0.013105570732044677,0.014065087020804147,0.01576364621026672,0.01772474900791032,0.023447579311367355,0.0288069480393941,0.03637815314753362,0.05639219139879642,0.15079305419830114,0.17436185375545285,0.18611084613183249,0.2205404127002897,0.23258614921378387,0.2569599753219712,0.05111153334600038,0.07284826974267967,0.2737230121116377,0.6832993890020367,0.6514285714285715
debtToAssets,0.8837439130657645,0.8531309443260012,0.8710862615994671,0.9067209149956725,0.8930338891877353,0.8973757728417678,0.8547741652949971,0.7918924737221427,0.8081727774489357,0.8015933539939316,0.8244539010406474,0.7960368100900149,0.7900495824737591,0.7856613185924228,0.8068250471876888,0.7813176379860386,0.7905588910535426,0.7434883233914406,0.7291740394403033,0.7201762457868078,0.7372143021249264,0.7280358411129764,0.3119248729570114,0.3417900065695405,0.39294514921967694,0.3970415896247298,0.34503764331011216,0.37488911886457715,0.38734934820037714,0.40224957359516894,0.327369160968752,0.3340424274655794,0.4345858393378193,0.405683192261185,0.3944636678200692
netDebtToEBITDA,0.1975022891443687,0.1204605140992652,0.08887008040626322,-0.06321188805913856,-0.26578300081989614,-0.4589312029783604,-0.6705195179137016,0.07638202418067067,-0.5866400228375678,-0.624230565407036,-0.5997787121044479,-0.7338336918218846,-0.6632303932459453,-0.384998665361687,-0.8223928899193353,-0.7055164954029205,-0.4279122865433097,-0.3297380314246302,-0.6904299326729455,-0.342761805515557,-0.6312099578192567,-0.6824507809352924,-0.47778678258306934,-0.28375265768958186,-0.06238125395820139,0.22138590203106331,0.12195812110922467,0.23160393353679212,0.3192862566438876,0.08193139611098973,-0.1801497222893021,-0.33149448345035104,0.1054628224582701,0.16880093131548313,0.39447731755424065
currentRatio,1.0694845490723144,1.0477153080666255,1.0525504402700772,1.0538048767656574,1.0953451011037736,1.1019041827301284,1.0625329630408245,1.0805337125648318,1.0593624660370036,1.082454796595437,1.0670740812639061,1.11293025204217,1.1038371107307945,1.084611569866679,1.8786017422381058,1.8359625101245804,1.5857107151783483,1.5616102246972445,1.8388694520615794,1.9964942293328194,2.307507522789131,2.363328161102148,1.7057680348258706,1.4981981981981982,1.7700754975978037,1.740426041168023,2.2295655375552283,2.0606440819740692,1.8527504203699254,1.999182561307902,1.7679840773386408,1.923338566195709,1.9341476367498673,2.0294985250737465,2.6491228070175437
interestCoverage,0.0,0.0,0.0,0.0,0.0,0.0,0.0,0.0,0.0,0.0,0.0,0.0,0.0,,,,,,,,,,,,,,,,,,,,,-15.0,-11.1
incomeQuality,1.1904175485857225,1.2269207378876952,1.1724965108164689,1.5518262586377098,1.226433598707742,1.2461641541038526,1.311944922547332,1.2015304439606833,1.121923459951629,1.3757292041771696,1.3600701642481263,1.388558692421991,1.1725949272099654,1.4460629602654367,1.1398963730569949,1.1663449163449164,1.358158044343377,1.4877935376294664,1.5371890192997102,1.391484142918139,1.612405917466909,1.2727176498572788,1.225459242250287,1.407731703287626,1.4003894839337878,1.4165383769518365,1.2127659574468086,1.5460066808381414,1.3303874915023792,1.7076502732240437,1.7114624505928853,1.4000944733112897,1.3192963752665245,1.7152941176470589,1.2136363636363636
dividendYield,0.017629891120474184,0.02568603299329503,0.01801462904911181,0.017977571108522373,0.01893355580454899,0.023212707255068472,0.024494687107016674,0.02556708389878408,0.02634728185883869,0.030152632243974877,0.031036356235258678,0.03713284833484516,0.03882952872127486,0.028839162418279385,0.0207473780627333,0.019678749671076516,0.016791389495426107,0.0156659626381844,0.016529625731010432,0.015111362502497762,0.009794227589481699,0.00858551325412827,0.009258750007999035,0.00939476743851925,0.011537554068932246,0.012582840251370013,0.012185161617129674,0.013207417769906199,0.0120417207655739,0.011775187916792535,0.014139682883741903,0.01477875985307416,0.017110263762820765,0.024126186035195847,0.01685207471604397
payoutRatio,0.6063113334616125,0.5961889316845733,0.5639392882065597,0.6562808489634748,0.5741317641629168,0.6322278056951424,0.6386230636833047,0.5825582162411769,0.5729833546734955,0.5327331652862801,0.5520650613937171,0.5558857520224534,0.47230977037370553,0.4442016670712956,0.40511109159567926,0.2534749034749035,0.326795527761986,0.3298609403892814,0.27953150321661835,0.25151484869682134,0.2686791677480751,0.2528282588011418,0.259902411021814,0.2526020155294895,0.2527750730282376,0.24653617769958214,0.2259371833839919,0.23079259034315214,0.2284160435078178,0.22521467603434817,0.2222222222222222,0.21823334907888522,0.2126865671641791,0.21,0.22348484848484848
salesGeneralAndAdministrativeToRevenue,0.0,0.0,0.21616626220441335,0.22298848849600025,0.22481784843050776,0.22600661650011142,0.22826712986241257,0.2263056568221849,0.23170440579658888,0.2312380452312193,0.24876330385249587,0.23829205730479294,0.24783751170055598,0.2700848857745115,0.28284615384615386,0.22913922197826944,0.2302551854771345,0.24543781242980284,0.2460261392969962,0.2293874459025882,0.23732531346320734,0.2767104299841924,0.24822656630746737,0.2515162251724641,0.2646515247312874,0.2618179779061291,0.27373259149186163,0.2698663426488457,0.3371413151029954,0.3372152942388952,0.3345750084659668,0.32765460910151695,0.3001728556952971,0.0,0.0
researchAndDdevelopementToRevenue,0.0,0.0,0.0,0.0,0.0,0.0,0.0,0.0,0.0,0.0,0.0,0.0,0.0,0.05992138096051957,0.06232051282051282,0.06640770140179024,0.07342612092191489,0.07494124391903899,0.06984620296831531,0.06779342808800869,0.07328448451529518,0.07750151711187699,0.07443908954712009,0.07819761989120694,0.07210252419629395,0.06998261649750463,0.06676573245326053,0.06512758201701094,0.0,0.0,0.0,0.0,0.0,0.0,0.0
intangiblesToTotalAssets,0.07275616382182583,0.09000778746600963,0.08103810903916901,0.08438958496792824,0.06350726196880042,0.05074879780169453,0.0693647030398212,0.11687679592658112,0.11453416842020447,0.12547257062192727,0.11067430333865876,0.10891512981066331,0.11658389772677967,0.12908689497101253,0.11413604313874119,0.1121931167947734,0.11382417057149272,0.13881356075850076,0.13366269915438247,0.10271089871475547,0.08951880727303625,0.0963574108221228,0.2630819942315616,0.31939560227228814,0.29999087341425573,0.3247740826584026,0.22045546843272626,0.22508870490833827,0.23579568746413052,0.25621168118747983,0.16441945172215477,0.11912781421733735,0.1274935985231942,0.13059250302297462,0.13910034602076124
capexToOperatingCashFlow,-0.16354702098082954,-0.2036877932720904,-0.210727969348659,-0.1871819338422392,-0.2213650689119902,-0.20753803967955267,-0.17606003358522251,-0.20187767651257274,-0.179368501141263,-0.13066694586954244,-0.16279751436276235,-0.13477201117650556,-0.16248560092154102,-0.15535284571044827,-0.24869029275808938,-0.22675862068965516,-0.13680759034463513,-0.14661963381910792,-0.0854635103818377,-0.16675545666786795,-0.12434809902456298,-0.15513675811909344,-0.3337627356833353,-0.6302077220983453,-0.24377694340147407,-0.25384257102934327,-0.24582289055973267,-0.21744254566882734,-0.22330097087378642,-0.1289142857142857,-0.1798819604824224,-0.27564102564102566,-0.5628282828282828,-1.5046439628482973,-1.016497461928934
capexToRevenue,-0.03371452943606968,-0.04224869429327338,-0.039964162763135615,-0.035329961428206935,-0.038013538183169354,-0.03308250055708874,-0.030671481464551814,-0.030123294965796913,-0.025013041440836065,-0.02340321794246709,-0.029734244169861018,-0.025392878344926467,-0.02863393894283362,-0.03162992081125734,-0.04138461538461539,-0.046275966897483534,-0.023071402520088945,-0.026316766779171268,-0.018715220629809612,-0.03646636341325276,-0.02642025658454422,-0.027953249380863444,-0.0514431147452212,-0.11191930139013359,-0.04262924955011916,-0.0458419783547356,-0.04067456889103915,-0.0448359659781288,-0.03930916614194477,-0.029063176337215293,-0.039564284908003164,-0.047666277712952156,-0.08303033915479525,-7.992776057791538,-8.781725888324873
capexToDepreciation,-0.9906011356961034,-1.2841666666666667,-1.385085574572127,-1.2468220338983051,-1.4887693767795,-1.3374913374913375,-1.20726880172724,-1.093694229625223,-0.8924290220820189,-0.772038354469533,-0.8727215587680704,-0.7331824062095731,-0.8240830899058748,-0.7672747374239911,-0.9802611600364409,-1.129120879120879,-0.4620640904806786,-0.4673409756030539,-0.48695582528159836,-0.9152312802559867,-0.5778480065823921,-0.5839694387966878,-1.0447214076246334,-2.195421095666394,-0.7846911369740376,-0.8110119047619048,-0.6823188405797102,-0.74645987862441,-0.62339514978602,-0.48578811369509045,-0.6122270742358079,-0.7198237885462555,-1.1270226537216828,-0.544891640866873,-0.6484771573604061
stockBasedCompensationToRevenue,0.01168246098071361,0.00896516744574977,0.011802302613014279,0.01316243677677888,0.011219890466728057,0.011793140094962204,0.013091374502902592,0.011338221439397042,0.008523355231165064,0.0073791396316993585,0.008169689701693898,0.007571939021248474,0.010826538552627126,0.0,0.0,0.0,0.0,0.0,0.0,0.0,0.0,0.0,0.0,0.0,0.0,0.0,0.0,0.0,0.0,0.0,0.0,0.0,0.0,0.0,0.0
grahamNumber,42.71030238061756,41.473731640850524,38.36877619784521,25.493204187628006,27.812137090072625,26.844095465521587,26.52530720880211,31.495689949610316,28.98795284503423,28.361585586428724,26.389987723331412,24.41617611212835,25.105128341451405,22.80514697943679,20.892250931699657,25.222901547759328,20.095042180301977,18.048300334123862,18.485925630874558,18.186047039415,15.722317448087693,14.855883543889446,12.87608969959914,11.47156793524826,9.526715945392121,8.42129977230443,7.5681917949028215,6.2814121233024025,5.559314301390079,4.90884459386807,4.181434354277496,3.939991532779896,3.414855293240694,2.936483251152221,2.4388258615965976
roic,0.0,0.0,0.0,0.0,0.0,0.0,0.0,0.0,0.0,0.0,0.0,0.0,0.0,0.0,0.0,0.0,0.0,0.0,0.0,0.0,0.0,0.0,0.0,0.0,0.0,0.0,0.0,0.0,0.0,0.0,0.0,0.0,0.0,0.19391634980988592,0.19137931034482758
returnOnTangibleAssets,0.057458429152662305,0.06920536583586558,0.05956376710691758,0.047728423854788746,0.0497834503199421,0.03600393691290062,0.04713797064951418,0.05355477361370188,0.04920149935426969,0.05152324761586701,0.04119018686984794,0.05060890272178472,0.059501431052727934,0.05978055789382021,0.04823507982700267,0.06367312821899622,0.04312666260762256,0.051436770850359664,0.05925454218380414,0.06712288872394984,0.05677419988604884,0.055217288370121326,0.16233342652129346,0.1718430615489439,0.1673728813559322,0.17537025609379822,0.15821110843952874,0.15706381760946295,0.15781568501233773,0.15878524945770064,0.17413582135209543,0.1420138190112028,0.12803712803712805,0.11821974965229486,0.10610932475884244
grahamNetNet,-90.26894205958246,-68.88074512534818,-75.1933908045977,-68.02303676804358,-65.08463599821349,-75.85711159737419,-53.90589293271265,-41.79452912925454,-47.96431530971618,-45.297609275600244,-52.236271529888555,-37.694955044955044,-33.66742845786963,-31.231927133269416,-34.38798435510278,-30.75956854558107,-31.77486282578875,-23.289556141065443,-19.50175770867114,-17.61735667529009,-16.954562941648717,-15.586492407054626,-0.1279989604145347,-0.7928761983036803,-1.1646018763531394,-1.4358040883561098,-0.89100949802183,-0.9797093477180779,-0.9604180825450368,-0.6928727553351104,-0.36759552019559344,-0.17523854497856323,-0.49377398720682303,-0.1662878787878788,0.094553706505295
workingCapital,2647000000,1437500000,1714600000,1636400000,2842800000,3653000000,1695500000,1925400000,1468200000,1916200000,1796700000,2264500000,1947600000,1467300000,1573400000,2167400000,1640400000,993165000,1676718000,1406155000,1747187000,1767784000,907900000,608300000,785400000,618700000,667900000,507200000,355000000,366700000,270100000,352900000,351800000,349000000,470000000
tangibleAssetValue,2121600000,2227000000,2005400000,329700000,1615800000,2265400000,2511800000,2924100000,2494100000,2247500000,2221100000,2553200000,2367000000,2023400000,2106300000,2927400000,2640500000,2485850000,2720451000,3237007000,3099587000,2959117000,2475500000,1753500000,1345800000,1068200000,1390900000,1082300000,919300000,740900000,795300000,925400000,735400000,767000000,674000000
netCurrentAssetValue,-2360600000,-1849200000,-2145500000,-1579100000,-544300000,312000000,507200000,451900000,122800000,454100000,355600000,933400000,674800000,161700000,-18136800000,-16718400000,-17390500000,-12941300000,-10786697000,-10345060000,-10104633000,-9203546000,377400000,60400000,83100000,-70300000,106600000,-28900000,-173600000,-138900000,109500000,169800000,-1400000.0,17000000,185000000
investedCapital,0.5911183224281759,0.4107298077257397,0.41930406118631824,0.5787952364435195,0.5034950968066382,0.44798732595501606,0.0019132785692003744,0.32750142424515005,0.042100841693726875,0.002747791952894995,0.0056901370957007855,0.007264231871361039,0.14517341149062488,0.010241390155684857,0.00845004759222207,0.012359438419056491,0.013105570732044677,0.014065087020804147,0.01576364621026672,0.01772474900791032,0.023447579311367355,0.03350340336448011,0.05309513710421917,0.12678702480551887,0.19976696985642337,0.2158251630458256,0.19068968806639322,0.2218411872524094,0.2335229173636668,0.26336083905298063,0.061276838305149156,0.10266193433895297,0.29720905739863085,,
averageReceivables,2584350000,2441300000,2440300000,2212750000,2072450000,2092050000,1994100000,2120850000,2019800000,1920300000,1903050000,1784500000,1748350000,1737950000,1741600000,2240250000,2306850000,1749619000,1723566500,1743235000,1708969000,1670307000,1651050000,1584600000,1523200000,1474250000,1409200000,1369700000,1367800000,1342450000,1333350000,1351650000,1341000000,1323150000,1310650000
averagePayables,121550000,102000000,113750000,118700000,125850000,127150000,148250000,135850000,129650000,134850000,127650000,126000000,116150000,114450000,113950000,154650000,163050000,138587500,137994000,125347000,129162000,115718000,116250000,110900000,106150000,99200000,84000000,79100000,83750000,68150000,65200000,72550000,71750000,82250000,77250000
averageInventory,,,,,,,,,,,,,,,,,,,,,,,,,,,,,,,,,,,
daysSalesOutstanding,66.34284990736668,61.07516895365255,62.810013262599476,54.34818172267331,50.228113539798706,54.51944668232229,51.61754353887645,53.835743251546305,51.5804015879612,47.888881596219484,53.33875837848255,46.104875835881586,43.44385424772474,43.0272887825443,48.75557692307692,83.80431233462816,93.28870430721084,49.793714769240054,51.3681505165022,54.46498082667656,50.79719475544954,55.270963589988476,56.71233371238786,55.372647506304574,53.70884198239386,51.90601693489598,47.56591906555621,44.0690562980964,48.313169020419174,45.817788312892915,46.433570380404106,55.79346557759627,52.36663289026644,48.77663008392511,47.9985549132948
daysPayablesOutstanding,5.960614793467819,4.4084735527110395,5.664618010041303,6.301609160227475,7.516093977826074,8.126763446047688,11.044946791959674,8.577353421774172,8.634278753609241,9.809375,9.762627584401988,10.88534107402032,9.827358198160967,11.828919477998825,13.546413937446571,17.639468469518594,20.60624763824159,18.13656300694415,20.507388626478537,18.2698740509216,19.674420817868477,18.42238786880541,20.04566113963471,21.19480393582473,23.36864406779661,23.20364020047481,20.46207423766245,19.98538581449727,25.78462036238136,15.33876500857633,13.700766587364525,21.21291801510248,19.954551442497696,15.799112097669257,13.11648079306072
daysOfInventoryOnHand,0.0,0.0,0.0,0.0,0.0,0.0,0.0,0.0,0.0,0.0,0.0,0.0,0.0,0.0,0.0,0.0,0.0,0.0,0.0,0.0,0.0,0.0,0.0,0.0,0.0,0.0,0.0,0.0,0.0,0.0,0.0,17.5707928802589,18.560137004347254,12.153163152053276,13.568773234200744
receivablesTurnover,5.501723252914864,5.976242166059067,5.8111753371868975,6.715956052817257,7.266846677623855,6.694858847831076,7.0712392526989465,6.779882248389247,7.076331101795658,7.621810905452726,6.843053927315357,7.9167331737164135,8.401648664013644,8.482988594625942,7.486323063633746,4.355384464495881,3.9125851592708525,7.330242414961935,7.105570208971072,6.701553814212042,7.185436159559632,6.603829140878492,6.435989776951673,6.591702156889682,6.795901503883655,7.031940063091483,7.673561389551843,8.282455551828246,7.554875976894325,7.966338259441708,7.860692102928128,6.541984732824427,6.970087245533859,7.483091787439614,7.604395604395604
payablesTurnover,61.23529411764706,82.79509803921569,64.43505976095618,57.921713441654354,48.562458249833,44.91332895600788,33.04678663239075,42.55391868002357,42.273363000635726,37.2093023255814,37.38747553816047,33.531333333333336,37.141212586339215,30.85657998423956,26.94440031771247,20.692233478051133,17.713074520303437,20.125092050806337,17.798463112398558,19.978243910312454,18.552007369309894,19.812849593621557,18.208429118773946,17.2212020033389,15.619220308250227,15.730290456431534,17.837878787878786,18.26334519572954,14.155725190839695,23.79591836734694,26.640845070422536,17.20649651972158,18.29156626506024,23.102564102564102,27.82758620689655
inventoryTurnover,,,,,,,,,,,,,,,,,,,,,,,,,,,,,,,,20.77310924369748,19.66580310880829,30.033333333333335,26.9
roe,0.45828115906245037,0.4287924620145336,0.42460045556399195,0.4684934674528847,0.4358561729947196,0.333028382720457,0.30206925236560256,0.22726454978861205,0.2271119081083701,0.22710173372587505,0.2086716358312259,0.22110277610469256,0.25036636230413706,0.24290375845258688,0.22119699294858097,0.2585002328830927,0.1824751893218991,0.17268862813718813,0.18954763432674798,0.21523775445059398,0.19670720913031853,0.18346790119092662,0.17385663314952968,0.17768971084691032,0.1930015785912952,0.19638923681596338,0.1883048745588095,0.1947023000059126,0.19685513549682168,0.19757846841983498,0.21632148964468934,0.1878438331854481,0.19757767245918906,0.17311608961303462,0.15085714285714286
capexPerShare,-1.1867229650480882,-1.4308263695450325,-1.3022988505747126,-1.0685428960508399,-1.050915587315766,-0.8446389496717724,-0.7099026661024121,-0.767801211108791,-0.5860783095090119,-0.5122101374923045,-0.5627152988855116,-0.45294705294705295,-0.504570747217806,-0.5323106423777565,-0.5872293978533746,-0.7150313152400835,-0.3362482853223594,-0.34491471141479507,-0.2229036230712699,-0.4127286271303387,-0.29474671520662604,-0.2648707811208649,-0.46294040251449736,-0.9044119133111918,-0.30121310010653285,-0.28290427626684017,-0.20641011251718622,-0.19642983888139684,-0.15447994555221756,-0.10126463695491118,-0.12622310049331914,-0.1389324514774247,-0.23761194029850746,-0.29363636363636364,-0.2384266263237519
