,2021,2020,2019,2018,2017,2016,2015,2014,2013,2012,2011,2010,2009,2008,2007,2006,2005,2004,2003,2002,2001,2000,1999,1998,1997,1996,1995,1994,1993,1992,1991,1990,1989,1988,1987,1986,1985
period,FY,FY,FY,FY,FY,FY,FY,FY,FY,FY,FY,FY,FY,FY,FY,FY,FY,FY,FY,FY,FY,FY,FY,FY,FY,FY,FY,FY,FY,FY,FY,FY,FY,FY,FY,FY,FY
currentRatio,0.7787955894826124,1.3765506807866867,0.8351832040652581,0.9131558133403638,0.9054393558737174,0.8699736321687541,0.635627068355586,1.0555515963511972,2.624547134935305,0.7877652470692981,1.0057865479015637,0.7303984050723927,0.7759472817133443,1.0065235852698216,0.7557495654985651,0.6982032218091697,0.6562662091529347,0.8421894591205845,0.6884832517877305,0.7735053795245314,0.6098632298790111,0.6461327257857227,0.7868122076186232,0.8624183378912185,0.6587140117972512,0.6922915059269131,0.7207705192629815,0.6784119640647694,0.6321032005225343,0.6796662125340599,0.743768115942029,0.6417435037720034,0.7458935285968732,0.7516998827667057,0.8784547738693468,0.766833611574847,0.9477401129943502
quickRatio,0.5675784563189143,1.162077660110943,0.6245653918159936,0.7341682045873978,0.7740412265036172,0.6721489782465392,0.521425310966564,0.8960233751425314,2.460924214417745,0.5987164267695504,0.8364487500406359,0.6207798150145439,0.5172981878088962,0.8489925113873233,0.6116567640758256,0.5125154894671623,0.49654869728284723,0.6203467508322885,0.48084305607828376,0.5944467038858283,0.4530247238295634,0.4784437434279706,0.665404321675206,0.6454155271953813,0.4876685060230383,0.525934628603493,0.5104783175134934,0.443093585812398,0.4763226649248857,0.50391689373297,0.5476328502415458,0.4685666387259011,0.5628339600237483,0.5685814771395076,0.5989321608040201,0.558708959376739,0.6963276836158192
cashRatio,0.06193808312128923,0.5590267271810389,0.05781403227244361,0.07237015554969681,0.06292944274601205,0.09492419248516809,0.12752482026703185,0.37763683010262256,1.9788539741219964,0.11474254340406588,0.4343811969701895,0.21792986240481094,0.06895249862712795,0.3775959237242338,0.046602805060426016,0.09972118959107806,0.030961975820931253,0.09900990099009901,0.026307866014301844,0.05316670980145673,0.025749605470804838,0.02211122794719009,0.08145837974307567,0.02251405347918566,0.02362377599859487,0.02674124991232377,0.06640610459705937,0.025624473254792262,0.023840627041149576,0.05040871934604905,0.025314009661835748,0.01592623637887678,0.08767069067880467,0.07080890973036343,0.07192211055276382,0.05926544240400668,0.08439265536723164
daysOfSalesOutstanding,65.14179009527516,68.04559130733016,70.38542330208996,70.01390767443816,68.03675992192582,50.74015716780441,37.31807476067467,40.19110159821843,37.662671090833676,39.62363827840409,38.7665388951522,40.35156946464599,42.56775934995547,43.87693366476981,45.82952636703078,45.09909920130695,44.565648631377144,50.185387820377926,53.361155390246786,67.9965988909427,77.43280250037208,79.02777133849506,77.2932115512148,75.85285070281537,76.65097917128956,79.43201797972694,64.84902639711083,61.61495569702858,77.60816012317167,75.87451569542183,76.92345276872963,79.68978695722882,76.54511311031531,71.22196691176471,59.47465527286852,66.03920975708094,69.63287098194628
daysOfInventoryOutstanding,19.805598479600718,12.803265561219508,9.484157438877315,8.785039994235065,7.320389479401039,8.531619477286869,8.69494073101585,8.428531373295147,8.29416089290886,8.47920043219881,7.479019073569482,9.350494914947111,18.860132282895776,19.57546081472556,16.807867472767462,15.791564268160256,25.509442852094704,24.18314053867403,21.49818665932149,13.068030129672007,17.24616455787376,17.65786074314227,23.721248898894,22.01044108246324,23.786681982899506,14.957697183486745,13.121108765091224,25.047231107556975,25.308011049723756,25.67160232681121,14.343481759656651,17.87306797975653,14.514680729760546,18.41849729385546,18.703513281919452,17.886980108499095,16.741849886277482
operatingCycle,84.94738857487587,80.84885686854966,79.86958074096728,78.79894766867322,75.35714940132686,59.27177664509128,46.01301549169052,48.61963297151358,45.95683198374253,48.102838710602896,46.245557968721684,49.702064379593104,61.42789163285125,63.45239447949537,62.63739383979824,60.890663469467206,70.07509148347185,74.36852835905196,74.85934204956828,81.06462902061472,94.67896705824583,96.68563208163732,101.0144604501088,97.86329178527862,100.43766115418907,94.38971516321368,77.97013516220206,86.66218680458556,102.91617117289543,101.54611802223305,91.26693452838629,97.56285493698535,91.05979384007586,89.64046420562016,78.17816855478797,83.92618986558003,86.37472086822376
daysOfPayablesOutstanding,52.12340810998028,47.52748969746685,51.522585242846176,47.55494703466167,50.00378229498021,50.28119166148102,44.384477805049755,40.92187218361339,40.28360104261813,37.38735818476499,33.3691553133515,32.54071439896713,35.73455382740016,36.081728920450175,43.65768237142781,45.81013888095102,40.514154462287486,44.537940262430936,69.20304824863426,42.77996281464531,45.31499843941322,129.10577239684912,230.96065381227365,237.40943959088003,257.8972549205372,291.9818938433556,269.09141356721346,202.5122451019592,0.0,0.0,0.0,0.0,0.0,0.0,0.0,0.0,0.0
cashConversionCycle,32.82398046489559,33.32136717108281,28.346995498121103,31.24400063401155,25.353367106346653,8.990584983610262,1.6285376866407617,7.697760787900194,5.673230941124402,10.715480525837904,12.876402655370185,17.16134998062597,25.693337805451087,27.370665559045193,18.979711468370432,15.080524588516184,29.560937021184365,29.830588096621028,5.656293800934023,38.28466620596941,49.36396861883261,-32.420140315211796,-129.94619336216485,-139.5461478056014,-157.45959376634812,-197.5921786801419,-191.12127840501142,-115.85005829737364,102.91617117289543,101.54611802223305,91.26693452838629,97.56285493698535,91.05979384007586,89.64046420562016,78.17816855478797,83.92618986558003,86.37472086822376
grossProfitMargin,0.5786263312701608,0.6009026283790104,0.584994084994085,0.5758312127950604,0.590935779234175,0.591808223527544,0.6006913842881021,0.6070869301772913,0.6276482787225218,0.6005472782832381,0.5862457722660653,0.585708253178811,0.5890935737607599,0.5993282248289746,0.5982946217462474,0.6029905609003449,0.660919693258068,0.6749856206949764,0.6784891958908962,0.379637707948244,0.3801012055365382,0.3898496298700295,0.6920178453005366,0.7026538131337932,0.7203342396974223,0.7226137875150977,0.72491902155702,0.7098481662485316,0.7213240954580447,0.7009567486360402,0.39283387622149835,0.4055130915596032,0.38719538824351474,0.42270220588235297,0.43338512332491747,0.4425965124483419,0.4191985909291061
operatingProfitMargin,0.24285062082282413,0.22447229757116577,0.2310643977310644,0.20532159586743387,0.2315883015694178,0.2147880615970789,0.25117763257863546,0.15422689822866092,0.2651845707175446,0.11359908844500458,0.11616685456595265,0.13742786092994885,0.13011093796378748,0.17342892947387883,0.16666488354427672,0.15171764385550918,0.19016934710831823,0.18401301853176774,0.10852816153028692,0.22176709796672828,0.171632683435035,0.20036472097300137,0.25607403388195576,0.2099480768804311,0.17690659371594925,0.22448667573807085,0.22980751331024982,0.20335861478892645,0.21539645881447267,0.1981497588360876,0.20561889250814333,0.212229630834282,0.1758232160013975,0.20634191176470587,0.22781122548067587,0.24836206027618182,0.2559445178335535
pretaxProfitMargin,0.2201881553441656,0.1868160134692732,0.17239208905875572,0.14995071181311753,0.16340035228589112,0.16658199714240354,0.21455705819784227,0.12016147435846992,0.2428618830360846,0.08543238437235641,0.09454791431792559,0.11902594660535823,0.10730186999109528,0.1634652916161637,0.1556130909713381,0.1383191141768016,0.18175524550005326,0.17565197873265714,0.09363561223284922,0.09171164510166359,0.04116684030361661,0.27537978889455544,0.20392476035449447,0.15836393069736646,0.13195049331156294,0.2102680141269283,0.2240887598197997,0.1658134779645286,0.17505773672055427,0.16019609393532064,0.16254071661237784,0.16116441697837047,0.13503362739103852,0.1697610294117647,0.18974558166634298,0.20884991432315292,0.20948921180096874
netProfitMargin,0.1651411165081242,0.13875378043837497,0.14609306275972941,0.11865844432727356,0.23883237856451434,0.10419907921892364,0.1358380185382161,0.07574028753767341,0.09537121526337619,0.0075531308806519,0.021682074408117247,0.023919673438746306,0.03386576135351736,0.06602707644267312,0.059067712289636136,0.07030540933018696,0.0984796037916711,0.10985789038059565,0.045415633486834334,0.06031792975970425,0.005789552016669147,0.1823141236651367,0.1266654609031169,0.09393997953487783,0.0813045019027022,0.132967419389362,0.13837447410551398,-0.05472975912525197,0.10800615858352579,0.10603305131651775,-0.018159609120521173,0.10676532769556026,0.09389466328937025,0.12104779411764706,0.1204117304330938,0.11762927124281826,0.12032144429766622
effectiveTaxRate,0.23120326308633582,0.2344473651270497,0.12954735406677517,0.18264281710237987,-0.48344177915897835,0.35156771180787194,0.3493271954674221,0.21702685003274394,0.19571677425965775,-0.06668687481054865,0.02718687398645426,0.1944970040996531,0.10459889349930844,0.2093125549830338,0.2737710553454795,0.2193241469816273,0.23513038382654555,0.2276974682533344,0.19735182849936947,0.26088358594001937,0.7866955892986262,0.3933441831752624,0.3779748706577975,0.4017083758426854,0.3838257071860646,0.36762888097142443,0.38133847278527283,0.38695994402658734,0.3482849604221636,0.31786771964461996,0.3331663326653307,0.33804238143289606,0.30465717981888746,0.2869518137520303,0.3654042988741044,0.43677606177606176,0.4256437204414083
returnOnAssets,0.06018887276456917,0.05624666251686515,0.06603776818738066,0.058634061979617035,0.11705937941145589,0.05375952166434597,0.07308289731850882,0.041360847070148,0.04194485184131223,0.003885055633996679,0.010431266027657609,0.01158610031590191,0.016065935903472373,0.03176642682058986,0.02953053878123011,0.032822397830554434,0.0439957175994766,0.04718663758300293,0.0185397184999518,0.024356892062961284,0.0022775842384144735,0.07161198288159772,0.0671095921040023,0.053773853499661795,0.04549135443748714,0.06997851642648514,0.07692657967942775,-0.031097817219983684,0.04748849174113187,0.04772241992882562,-0.007997991535757837,0.046894531947569554,0.040999237223493516,0.0532573092320757,0.0583666745116498,0.05533165805319805,0.05523549626035981
returnOnEquity,0.2697762562660472,0.26238908051059817,0.3137877677335288,0.29218176686423936,0.6984638945609801,0.5828005682827206,1.0883248112977844,0.7826475849731663,0.296039756926563,0.026389600989233042,0.06683347233805949,0.06608934636625269,0.08775176657212902,0.15412650457967678,0.10915165773709495,0.12768105490882867,0.18641633064516128,0.20849307774227901,0.0919440626307297,0.12506131959774344,0.007113077823288473,0.20913700184371012,0.25406614668359634,0.21875092212812416,0.17660134668508287,0.2298422262744787,0.2780387814950027,-0.12240727827059987,0.17059824902723736,0.1715711361310133,-0.02847656748818797,0.14703247480403137,0.12513095099522756,0.14351095129127167,0.14184397163120568,0.14024756639826944,0.1379876278247696
returnOnCapitalEmployed,0.10157903304574312,0.10403112480628277,0.12343078437488607,0.11841832709707843,0.1302419390823985,0.12653853348297792,0.15773803843731513,0.09577119290084243,0.12939995466468054,0.06637547537147065,0.06449674511767652,0.0773198597736104,0.07080231178860763,0.09568933271369144,0.09603126656721202,0.08543737701566533,0.09984133308170298,0.0918370919071057,0.052748246029354795,0.10680026491764052,0.08685369986819808,0.09934942030207128,0.172848800537164,0.14854962824487197,0.13254375321030573,0.15332003717355666,0.16430115312130666,0.1500179191338907,0.09709649871904355,0.09114630196149001,0.08790240894878232,0.08995189252972678,0.07303821987055321,0.090256059421423,0.10818891534245058,0.11842030062296394,0.11223165841000236
netIncomePerEBT,0.75,0.7427295865147912,0.847446443496239,0.7913163124904449,1.4616393124210936,0.625512246259411,0.6331090651558073,0.6303208906352324,0.3926973392082522,0.08841062948368192,0.22932366688924927,0.2009618416903185,0.31561203319502074,0.40392107578233,0.3795806118941217,0.5082841207349081,0.5418253735716378,0.6254292788115965,0.4850252206809584,0.6576910673976136,0.1406362979031092,0.6620461305348224,0.6211382113821138,0.5931905019104203,0.6161742928139354,0.6323711190285756,0.6174985046853193,-0.3300682175966416,0.6169744942832014,0.6618953603158934,-0.11172344689378758,0.6624621594349143,0.6953428201811126,0.7130481862479697,0.6345957011258956,0.5632239382239382,0.5743562795585917
ebtPerEbit,0.9066814595660749,0.8322452948121397,0.7460781096160157,0.7303211879861551,0.7055639303823489,0.7755645071879966,0.8542044767090139,0.7791213837440686,0.9158220720720721,0.7520516717325227,0.8138975155279503,0.8660976442471834,0.8246952306266486,0.9425491589670694,0.9336885351136218,0.9116877290062065,0.9557546905628675,0.9545627811237326,0.8627770977832178,0.41354937654197504,0.23985431841831426,1.3743925954492866,0.79635079458505,0.7543004587155964,0.7458766264158008,0.9366614452087448,0.9751150281900072,0.8153747414961136,1.0,1.0,1.0,1.0,1.0,1.0,1.0,1.0,1.0
ebitPerRevenue,0.24285062082282413,0.22447229757116577,0.2310643977310644,0.20532159586743387,0.2315883015694178,0.2147880615970789,0.25117763257863546,0.15422689822866092,0.2651845707175446,0.11359908844500458,0.11616685456595265,0.13742786092994885,0.13011093796378748,0.17342892947387883,0.16666488354427672,0.15171764385550918,0.19016934710831823,0.18401301853176774,0.10852816153028692,0.22176709796672828,0.171632683435035,0.20036472097300137,0.25607403388195576,0.2099480768804311,0.17690659371594925,0.22448667573807085,0.22980751331024982,0.20335861478892645,0.17505773672055427,0.16019609393532064,0.16254071661237784,0.16116441697837047,0.13503362739103852,0.1697610294117647,0.18974558166634298,0.20884991432315292,0.20948921180096874
debtRatio,0.7730471690907702,0.7811179818061748,0.7846102691900304,0.7934138632853652,0.8262173187681563,0.9015808010484069,0.927068345323741,0.9412310706980421,0.651890929521558,0.6202280416655567,0.6272341090249544,0.6049544328537988,0.62874970847213,0.6100606863287736,0.5567530849009676,0.5928476091608229,0.6048652828168679,0.6227177960688849,0.6516557408657091,0.6610874913416295,0.6798032729295355,0.6575833915075727,0.7358577953812246,0.7541777059656644,0.7424065258199433,0.6955367272551718,0.7233242813617697,0.7459479725442695,0.7216355266720823,0.7218149466192171,0.7191019295602898,0.6810600378584949,0.6723493516399695,0.6289376844999798,0.5885149446928689,0.605471528139965,0.5997068930665049
debtEquityRatio,3.464922362146962,3.643893163527019,3.7281863343920514,3.953692727443786,4.929831074809727,9.77393003019002,13.805575846116387,17.810375670840788,4.6009372746935835,4.212956540097114,4.018710036141229,3.4507765303741347,3.434216218814594,2.9599338224715868,2.057887349004567,2.306212011950139,2.5629032258064517,2.7514643237486687,3.231757604733162,3.3943769928869267,2.123080017554125,1.9204190894908524,2.7858395308059736,3.0679792853138186,2.882085923112339,2.2844684056132563,2.614339577473218,2.9362016119877397,2.592412451361868,2.5950614124872056,2.560337121695824,2.1353863381858904,2.052031195437085,1.694780429334205,1.430221917181423,1.5346713135440453,1.4981694230526448
longTermDebtToCapitalization,0.6707565474321506,0.6754204243714566,0.619437539903426,0.6657925517865902,0.7250443415125879,0.8239721156325953,0.8632515628511733,0.8998811404008662,0.6977602067022585,0.5895140823274528,0.5830677036848145,0.5398647117070902,0.5695500584541213,0.5296227372694976,0.35797877741673434,0.37115352223992953,0.4454150302589834,0.4871234672419914,0.5408005049465553,0.5786427584068624,0.4550002491404654,0.4296403401449964,0.5274841437632135,0.5655534901608871,0.48830155341235365,0.4405824955647546,0.4894429675802854,0.524645390070922,0.46701231367465973,0.4845687153785281,0.504084605154835,0.4778083153031986,0.47333251593918585,0.4167408160671158,0.37292877125026896,0.3733242958276849,0.38175148298470185
totalDebtToCapitalization,0.6850839365470507,0.6893524857021187,0.649901633735352,0.6802500481324605,0.7309711531858843,0.8275370974410805,0.8702595125649571,0.9020618146198505,0.7067365416418102,0.6105773748003382,0.6052544939751103,0.5778488009369219,0.5994107565808476,0.5546990112964189,0.3811813354865546,0.4283005088578967,0.4957427881560554,0.511109375610137,0.5755523425411562,0.6237845319799297,0.5404910346681903,0.5040488143699939,0.5911955903799095,0.6035168589278611,0.5851597192379315,0.5169067939969232,0.5550495972305439,0.5905402533931844,,,,,,,,,
interestCoverage,9.310760401721664,6.7807864374852835,6.441860465116279,5.5594868611628385,6.166913162898796,6.183500914076783,6.719512195121951,3.987589013224822,11.986501687289088,5.118630882924932,4.556066501591793,5.804597701149425,4.521921341070278,9.282023089609675,8.517222525970476,5.693060876968923,6.552293577981652,5.502097315436242,2.628888094386843,,,,,,,,,,-3.715686274509804,-2.9151079136690647,-2.8312056737588653,-3.003030303030303,-2.847145488029466,-3.6429980276134124,-3.801556420233463,-4.436830835117773,-3.939958592132505
cashFlowToDebtRatio,0.22221660203450797,0.2774415963121152,0.3136439413880846,0.30371562757046955,0.2161065801272471,0.21017228298081014,0.35328602283245913,0.27042226165567534,0.4147621031936832,0.6056514128532133,0.539962286045837,0.631946812137743,0.5070194037522487,0.5123960578995996,0.8261064929229387,0.6629630648221996,0.5642655729300179,0.5556828889398222,0.4954164830321728,0.408661402762625,0.3073873705811025,0.27607319157843324,0.4455222008529141,0.4880730832606378,0.45179008567931456,0.5452917567150355,0.4774869863506609,0.4219581032912417,,,,,,,,,
companyEquityMultiplier,4.482161633451522,4.66497155154624,4.751641013111817,4.983140464766206,5.96674865416744,10.840880838217013,14.891648405161918,18.922426410798504,7.057832938510661,6.792592815996622,6.407033639143731,5.704192486193575,5.461976637984906,4.851867836762096,3.696229809612305,3.8900587205109716,4.237147177419355,4.4184771033013845,4.959301978127054,5.134535197449105,3.123080017554125,2.9204190894908524,3.7858395308059736,4.067979285313819,3.882085923112339,3.2844684056132563,3.614339577473218,3.9362016119877397,3.592412451361868,3.5951893551688845,3.560464819307879,3.1353863381858904,3.052031195437085,2.69467146126185,2.430221917181423,2.5346713135440453,2.4981694230526448
receivablesTurnover,5.603161955883587,5.364050675251913,5.1857328247276735,5.213249940243805,5.364746945898778,7.193513390053103,9.780783235490823,9.081612234688773,9.69129351234022,9.211673027989821,9.415336277173912,9.045496986673458,8.57456454306848,8.318721695291806,7.964297886843899,8.093288035993021,8.190164649438447,7.273033363942455,6.840181726400807,5.3679155421495475,4.713764557317244,4.618629550321199,4.722277580071174,4.811948352871233,4.761843931365127,4.595124350147534,5.6284576697401505,5.923886430995232,4.703113685734975,4.810574362875618,4.744976816074189,4.580260707635009,4.768429820907955,5.124823363165332,6.137067938021454,5.527019498607243,5.2417772648586265
payablesTurnover,7.002611940298507,7.679766011699415,7.084271844660194,7.6753318584070795,7.299447826702535,7.259175607001694,8.223595681427007,8.919435512683101,9.06075898264029,9.762658227848101,10.938245112064855,11.216717479674797,10.214203366382291,10.115923236514522,8.360498775328434,7.9676684881602915,9.009197028652281,8.195259992925363,5.274334140435835,8.532031726662598,8.054728292399922,2.827139276763337,1.580355761794277,1.5374283374283375,1.4152923035666398,1.2500775140386537,1.3564163759867818,1.8023601477344384,,,,,,,,,
inventoryTurnover,18.429132569558103,28.508351893095767,38.48523206751055,41.547904191616766,49.86073500967118,42.78202995008319,41.97843450479233,43.30529054640069,44.00686274509804,43.04651162790697,48.8031914893617,39.03536693191866,19.35299257317606,18.645793499043975,21.71602082128398,23.11360634081902,14.308426966292135,15.093159609120521,16.978176149649258,27.930758988015977,21.164126016260163,20.67068062827225,15.387048192771084,16.58303886925795,15.344721061239325,24.402151983860122,27.81777108433735,14.572469045884924,14.422310756972111,14.218045112781954,25.447098976109213,20.421787709497206,25.14695340501792,19.817034700315457,19.51505016722408,20.40590405904059,21.801652892561982
fixedAssetTurnover,1.0472961851088345,1.093112027538257,1.1505902677800173,1.4656609098850883,1.423019600758739,1.486472136021994,1.5755138195616523,1.4128208834091187,1.355164350915059,1.3068974075494686,1.2537598661148428,1.2149559348314352,1.1786674829991473,1.124881565872484,1.0958449597861515,1.0702802467336927,0.9974370891707058,0.9616723328476606,0.8995698125232354,0.9077668599656358,0.9028608285518483,0.9309823895027625,0.8441436168859259,0.8574078852657169,0.861712814717147,0.8219179803590165,0.8434926796178704,0.8142235551803331,0.6378277521359128,0.6220855878012789,0.6151688207594429,0.6323854579112459,0.606601674260888,0.5986574226917575,0.5971585966946941,0.5859319631467045,0.5493136602769547
assetTurnover,0.3644693340898428,0.40537030659028506,0.45202535246994624,0.494141502629999,0.4901319499266945,0.5159308706691784,0.5380150425114454,0.5460878010210221,0.4398062007019387,0.5143636056868335,0.4811009238005563,0.4843753551055658,0.47440055269283743,0.48111212145172766,0.49994383795377595,0.4668545157941569,0.4467495390471659,0.42952433748297764,0.40822327195603975,0.4038084887859173,0.39339559120583156,0.39279448811727924,0.5298176126744818,0.5724277753296375,0.5595182723329029,0.5262831808562853,0.5559304212478474,0.5682067255003749,0.4396831844029245,0.4500711743772242,0.44042751596011764,0.4392299724990178,0.436651411136537,0.43996926685268306,0.48472581783949165,0.4703902138352852,0.45906610066707093
operatingCashFlowPerShare,9.488600911927046,10.088888888888889,8.638472692121798,8.318556201550388,6.1961312438785505,5.567401960784314,9.529987760097919,7.70785103170609,13.544312630844383,11.036102348405187,10.511824920578892,11.789045936395759,11.110524463217176,9.343629343629344,8.881642512077295,8.278159340659341,7.958062183658713,7.877256317689531,8.157474600870827,8.098204470502015,7.296309963099631,5.833763361592333,6.861558274307791,6.484803605924018,5.708660909911071,5.022179253867152,4.541409993155373,4.291628545288198,4.849942726231386,4.53810623556582,4.754430379746835,4.4917407878017785,4.914141414141414,4.39520202020202,3.101758793969849,3.280701754385965,2.8272841051314144
freeCashFlowPerShare,-6.801775857931365,5.181159420289855,4.086273562107298,3.937015503875969,1.8303134182174339,1.255392156862745,2.744920440636475,3.2929038751887267,7.548499651081647,3.9873817034700316,4.777973879279915,5.9734982332155475,5.110172474480817,3.293085293085293,2.8298826777087647,2.4055631868131866,2.417932031814895,3.0906137184115523,3.8454281567489113,3.7068523268596554,0.8863468634686347,-0.6656837449318098,0.9504185447520928,1.650032195750161,1.4312411393220776,2.1179481346678797,1.5443759981747662,1.2629231473010063,-0.8384879725085911,1.6651270207852193,1.5329113924050632,1.0012706480304956,1.1161616161616161,0.7474747474747475,0.13190954773869346,0.40977443609022557,0.12015018773466833
cashPerShare,0.700983921286297,5.355314009661836,0.6268728854519091,0.6649709302325582,0.5090597453476984,0.7058823529411765,1.1799265605875153,2.80649219929542,18.886601535240754,1.2488608482299335,4.925520649488175,2.5487632508833924,0.8796198521647307,3.612144612144612,1.1721877156659766,1.9412774725274726,1.1836587129428777,1.6415162454873646,1.0417271407837445,1.2751923781604984,1.0959409594095941,0.8735716918540362,1.2466194462330973,0.15267224726336123,0.20801649697125918,0.17345313921747044,0.40702715035363907,0.1634263494967978,0.1775486827033219,0.3810623556581986,0.31139240506329113,0.1397712833545108,0.5593434343434344,0.3813131313131313,0.2876884422110553,0.2669172932330827,0.29912390488110135
payoutRatio,0.47337412191253114,0.5747991685860345,0.5199065663119647,0.6293147861926842,0.3146739310986346,0.7055686752494857,0.47754348677219083,0.8107012987012987,0.5163086022440637,5.977142857142857,2.3107321131447587,2.123185562965869,1.4437140509449466,0.7769135034225264,0.8645172975910161,0.7614974987897369,0.5984858726510748,0.5442472225769378,1.3776405589860254,1.029664133366021,10.7146529562982,0.374756293973044,0.5709186101856258,0.8024483188884767,0.9533585889445598,0.719788432792917,0.6554377656998331,-1.5833333333333333,0.8246614397719173,0.7979120059656972,-4.376681614349776,0.6945925361766946,0.7962790697674419,0.6044039483675019,0.0,0.0,0.0
operatingCashFlowSalesRatio,0.29592180401607626,0.3255697939076482,0.27107410440743773,0.2624041936987537,0.200779154831236,0.18030639784092714,0.2957757179759915,0.24103903870820514,0.32200746578183326,0.27179186160937796,0.26859075535512966,0.3130765260639047,0.2927890323538142,0.27343509254884235,0.27537472317024897,0.273484298420766,0.293055703482799,0.3061038396251561,0.3318278427205101,0.3268022181146026,0.2942848638190207,0.24459486608867664,0.32121540965816603,0.31904365153535935,0.29339369872722637,0.33754032443010684,0.2964369485088797,0.27209710399234305,0.3259430331023864,0.31074563137502964,0.3058631921824104,0.2874451130265084,0.33994235304393394,0.31994485294117647,0.239755292289765,0.2638846890434432,0.24867899603698812
freeCashFlowOperatingCashFlowRatio,-0.7168365411365993,0.5135510438613292,0.4730319476305041,0.47328110894318415,0.2953961667654614,0.22548976447281532,0.2880297970716671,0.4272142600633345,0.5573187696429491,0.3613034364479451,0.45453324378777704,0.5066990378563079,0.45993980674798035,0.3524417731029301,0.3186215470686507,0.290591553969966,0.30383427221515535,0.39234647112740606,0.4713993416955787,0.45773755656108595,0.12147878420067769,-0.11410880141530297,0.13851351351351351,0.2544459780158675,0.25071398737963807,0.4217189446268826,0.3400653102235619,0.2942759686617279,-0.17288615965989607,0.3669211195928753,0.3224174653887114,0.2229137199434229,0.22713257965056527,0.17006607296753806,0.0425273390036452,0.12490450725744844,0.04249667994687915
cashFlowCoverageRatios,0.22221660203450797,0.2774415963121152,0.3136439413880846,0.30371562757046955,0.2161065801272471,0.21017228298081014,0.35328602283245913,0.27042226165567534,0.4147621031936832,0.6056514128532133,0.539962286045837,0.631946812137743,0.5070194037522487,0.5123960578995996,0.8261064929229387,0.6629630648221996,0.5642655729300179,0.5556828889398222,0.4954164830321728,0.408661402762625,0.3073873705811025,0.27607319157843324,0.4455222008529141,0.4880730832606378,0.45179008567931456,0.5452917567150355,0.4774869863506609,0.4219581032912417,,,,,,,,,
shortTermCoverageRatios,3.498407361528933,4.455728611051845,2.546374127368571,4.775938803894298,7.328410078192876,8.58790170132325,5.999383572199106,11.19963436928702,9.869819476226798,7.206683451590753,6.141472468550217,4.423627684964201,4.380985426786953,5.331464049669537,8.713270142180095,3.124562540505509,3.0824814451757456,6.072919565822432,3.7677224736048265,2.379414298018949,1.059135465209706,1.0666531877611538,1.9534372135655362,3.370899718837863,1.3966544743646339,2.0659242970102465,2.062480571961455,1.797566583636712,,,,,,,,,
capitalExpenditureCoverageRatio,-0.5824666332753896,-2.0557141450930208,-1.8976482454743324,-1.8985459169569303,-1.4192372406057208,-1.2911385210026716,-1.4045531623191543,-1.745853519521231,-2.258961824953445,-1.5656887120835405,-1.8332922925387836,-2.0271600437477213,-1.8516454508124596,-1.5442626754843949,-1.4676131828030563,-1.4096251681188234,-1.4364395719133385,-1.6456746360962364,-1.8917872770111073,-1.8441255006675568,-1.1382764377410628,-0.8975784041286224,-1.1607843137254903,-1.3412844281071865,-1.33460385374452,-1.7292629435262787,-1.5153014616321558,-1.4169844806102028,-0.8525976641159887,-1.5795819935691318,-1.4758349705304519,-1.2868583909719695,-1.2938829787234043,-1.204915195569401,-1.0444162436548223,-1.142732431252728,-1.044382801664355
dividendPaidAndCapexCoverageRatio,-0.6883890175322527,-4.141185802101924,-4.052375014170729,-4.129765484064943,-3.027638190954774,-2.7265634377625734,-2.029824286980552,-3.1442208991993432,-3.4511024182076815,-2.115994623655914,-2.7860417251379923,-3.0203693644758283,-2.6804517663043477,-2.174126102580856,-2.016372894633764,-1.946858342755613,-2.020005506102597,-2.425252862065133,-2.940745585349902,-2.839157245632066,-1.4976141785957737,-1.19792612776264,-1.5714496386963575,-1.9635594376961922,-2.061457194052079,-3.392884585830644,-2.8250070962248084,-2.5823011285439033,-1.1115778419532685,-2.771509167842031,-2.3938814531548758,-1.9264305177111716,-1.808550185873606,-1.6631629240324892,,,
dividendPayoutRatio,0.4733741219125311,0.5747991685860345,0.5199065663119647,0.6293147861926842,0.3146739310986346,0.7055686752494857,0.47754348677219083,0.8107012987012987,0.5163086022440636,5.977142857142858,2.3107321131447587,2.123185562965869,1.4437140509449466,0.7769135034225265,0.8645172975910161,0.7614974987897369,0.5984858726510747,0.5442472225769378,1.3776405589860252,1.029664133366021,10.7146529562982,0.37475629397304394,0.570918610185626,0.8024483188884767,0.9533585889445598,0.719788432792917,0.6554377656998331,-1.5833333333333333,0.8246614397719173,0.7979120059656972,-4.376681614349775,0.6945925361766946,0.796279069767442,0.6044039483675019,,,
priceBookValueRatio,2.6951253209438804,3.341071902361369,4.000841829758124,4.194411515664691,5.10784314479302,8.942887405434204,12.425581573228634,14.770819322328835,3.5149753544649296,3.752430342099707,2.9621666064220182,2.6143509769504005,1.8841234632745278,1.9137295750251764,2.0453369082461794,2.1608994732873184,1.9998009913306452,2.366435263312034,2.7298973052052835,2.796925961307334,2.0455284459113514,2.330949499219969,4.866186388233872,6.181865457670631,4.646400077981124,3.4870235158434424,3.988264013884733,3.4830728471855084,0.6174160870622568,0.525782548618219,0.37964589452177244,0.3018008398656215,0.2746140845070423,0.1626115724092841,0.12895163578128574,0.10932820574450185,0.06047222572907461
priceToBookRatio,2.6951253209438804,3.341071902361369,4.000841829758124,4.194411515664691,5.10784314479302,8.942887405434204,12.425581573228634,14.770819322328835,3.5149753544649296,3.752430342099707,2.9621666064220182,2.6143509769504005,1.8841234632745278,1.9137295750251764,2.0453369082461794,2.1608994732873184,1.9998009913306452,2.366435263312034,2.7298973052052835,2.796925961307334,2.0455284459113514,2.330949499219969,4.866186388233872,6.181865457670631,4.646400077981124,3.4870235158434424,3.988264013884733,3.4830728471855084,0.6174160870622568,0.525782548618219,0.37964589452177244,0.3018008398656215,0.2746140845070423,0.1626115724092841,0.12895163578128574,0.10932820574450185,0.06047222572907461
priceToSalesRatio,1.649796801209463,1.766789823215789,1.8627088007553005,1.7033997386579858,1.7465732117365156,1.598901380536593,1.5508847749962011,1.4294378774305747,1.1323731469597678,1.0740062915681161,0.9609842871071025,0.9462103207432083,0.7271338009516919,0.8198328333299095,1.1068395527501096,1.1898626785260482,1.0564504118649485,1.2469075163783792,1.348428728539379,1.3489765198373385,1.6649182862033038,2.0319934373715363,2.426052229908965,2.654728532942194,2.1391300297079874,2.0172991089027166,1.984881146967497,1.5573235565352321,0.3908875981524249,0.3249400173954297,0.24210154723127036,0.219147950886323,0.20606250327539524,0.13715867647058824,0.10946739172654885,0.09169640157242212,0.052730129898723034
priceEarningsRatio,9.990224337185587,12.733273411606088,12.750152304074748,14.35548686244204,7.312966617986114,15.344678595261675,11.417162821466524,18.872886859844158,11.873321985387491,142.19352326057142,44.32160267595673,39.55782770890546,21.471060206244868,12.416615690105788,18.738486896576706,16.924198150072616,10.727606237123158,11.350186245690205,29.69084927396815,22.364436664378527,287.5729039845758,11.145562376197336,19.1532262434555,28.25983725019391,26.310105586378263,15.171378960101183,14.344272379701879,-28.45478550291468,3.619123235923022,3.064516331096197,-13.33186995515695,2.0526134805788274,2.194613581395349,1.1330952164009112,0.9091090322580644,0.7795372750642673,0.43824382433668807
priceToFreeCashFlowsRatio,-7.777380658363617,10.567132867132868,14.526683076349872,13.715973418656166,29.448509453913044,39.32635609527528,18.204535279140284,13.88136451367874,6.309863310807063,10.937001833069619,7.871537591090425,5.964679256433008,5.3995619791293565,8.507141937326796,12.614947708328252,14.972056521912918,11.864847986842106,10.38235118444107,8.620375846008681,9.017846693752473,46.571964883430475,-72.80409709413068,54.527003167344176,32.702007960195125,29.080899686627646,14.17168603361796,19.68973361146403,19.44912804274201,-6.936652868852459,2.8498726768377254,2.455001651527663,3.4201541878172588,2.6687891402714934,2.520754054054054,10.736144761904763,2.7820183486238528,4.9895885416666665
priceToOperatingCashFlowsRatio,5.575110650244063,5.426762114537445,6.871585188216863,6.491511109816826,8.698976809642364,8.867690773497689,5.243448602234781,5.930316869380693,3.5166052569941777,3.951576346725529,3.577875514875755,3.0222972403560835,2.4834734932044986,2.9982721884297523,4.019394155017677,4.350753170828839,3.6049474530256225,4.073478849220899,4.0636394989769595,4.127807111040725,5.65750567187579,8.307588257534592,7.552726790071322,8.320894398514532,7.290988317021685,5.976468477680897,6.695795368801809,5.72341099440388,1.1992512753897024,1.0456784732824427,0.7915354100106498,0.7623992927864216,0.6061689619732785,0.4286947428899742,0.4565796678817335,0.34748663101604277,0.21204094732182382
priceCashFlowRatio,5.575110650244063,5.426762114537445,6.871585188216863,6.491511109816826,8.698976809642364,8.867690773497689,5.243448602234781,5.930316869380693,3.5166052569941777,3.951576346725529,3.577875514875755,3.0222972403560835,2.4834734932044986,2.9982721884297523,4.019394155017677,4.350753170828839,3.6049474530256225,4.073478849220899,4.0636394989769595,4.127807111040725,5.65750567187579,8.307588257534592,7.552726790071322,8.320894398514532,7.290988317021685,5.976468477680897,6.695795368801809,5.72341099440388,1.1992512753897024,1.0456784732824427,0.7915354100106498,0.7623992927864216,0.6061689619732785,0.4286947428899742,0.4565796678817335,0.34748663101604277,0.21204094732182382
priceEarningsToGrowthRatio,0.3808715902383558,-1.6482515027245646,0.5338693075806572,-0.29320684078219267,0.05674157231304888,-0.5793938986831565,0.141226702783937,-0.4765739327684107,0.009833067283150063,-2.2267323470729723,-7.657000956254049,-1.3108265554770013,-0.5013676125158174,0.6849700608582839,-1.8142262313503812,-0.8368075751980348,-1.897445353191157,0.07434040114136276,-1.1844166782900718,0.02375945924953142,-2.974095136404092,0.18530352171469194,0.4414585073186694,1.4403400921066583,-1.3065515627340174,-2.2712518416474574,0.04150638518045034,0.2696402822427547,0.20347080016491487,0.17090875468375236,-0.6782700453744197,0.10403186561151063,0.11193546860285397,0.057793109955533335,0.04660296172574827,0.04006122781435376,0.02255002676745323
priceSalesRatio,1.649796801209463,1.766789823215789,1.8627088007553005,1.7033997386579858,1.7465732117365156,1.598901380536593,1.5508847749962011,1.4294378774305747,1.1323731469597678,1.0740062915681161,0.9609842871071025,0.9462103207432083,0.7271338009516919,0.8198328333299095,1.1068395527501096,1.1898626785260482,1.0564504118649485,1.2469075163783792,1.348428728539379,1.3489765198373385,1.6649182862033038,2.0319934373715363,2.426052229908965,2.654728532942194,2.1391300297079874,2.0172991089027166,1.984881146967497,1.5573235565352321,0.3908875981524249,0.3249400173954297,0.24210154723127036,0.219147950886323,0.20606250327539524,0.13715867647058824,0.10946739172654885,0.09169640157242212,0.052730129898723034
dividendYield,0.047383732930855134,0.04514150839344407,0.040776498500791306,0.04383792707436118,0.04302958669669017,0.045981326416791826,0.04182680883505617,0.04295587128359403,0.043484763815845734,0.04203526799311153,0.05213557212808706,0.05367295642697506,0.06723999826170865,0.06257047192348975,0.04613591814336689,0.04499459838730792,0.05578932144060237,0.04795051030846253,0.046399499935958044,0.046040244555144216,0.03725891002885616,0.03362381200013561,0.0298079604411661,0.02839536235768557,0.0362354527926391,0.04744383715454409,0.04569334354158822,0.055643833026650276,0.22786221579481403,0.2603712689892173,0.3282871516952365,0.338394219247173,0.3628333828414398,0.5334096725668745,,,
enterpriseValueMultiple,7.51050862265441,7.998760898461261,8.18412003434047,8.05915642836413,8.011656343660356,7.513724813644049,6.3649360959101084,8.268372816064211,4.837550215506849,9.00516122066923,6.739012031301108,6.137608704894754,5.659842450010206,4.666029363730253,5.191146530631296,5.356928233495052,4.381981938436312,4.665640142719455,6.558344656799885,7.52434817751046,10.80094067624214,6.053246188946471,8.052292203211474,9.716675252065576,8.612872831118688,6.423351149292824,6.148865855352387,10.864809178923155,2.940317320736434,3.010929700566496,5.30550442043222,2.911103108108108,2.81542787028922,2.0972621548456956,1.7141678942929435,1.600713476783692,1.766873450413223
priceFairValue,2.6951253209438804,3.341071902361369,4.000841829758124,4.194411515664691,5.10784314479302,8.942887405434204,12.425581573228634,14.770819322328835,3.5149753544649296,3.752430342099707,2.9621666064220182,2.6143509769504005,1.8841234632745278,1.9137295750251764,2.0453369082461794,2.1608994732873184,1.9998009913306452,2.366435263312034,2.7298973052052835,2.796925961307334,2.0455284459113514,2.330949499219969,4.866186388233872,6.181865457670631,4.646400077981124,3.4870235158434424,3.988264013884733,3.4830728471855084,0.6174160870622568,0.525782548618219,0.37964589452177244,0.3018008398656215,0.2746140845070423,0.1626115724092841,0.12895163578128574,0.10932820574450185,0.06047222572907461
