,2021,2020,2019,2018,2017,2016,2015,2014,2013,2012,2011,2010,2009,2008,2007,2006,2005,2004,2003,2002,2001,2000,1999,1998,1997,1996,1995,1994,1993,1992,1991,1990,1989,1988,1987,1986,1985
reportedCurrency,USD,USD,USD,USD,USD,USD,USD,USD,USD,USD,USD,USD,USD,USD,USD,USD,USD,USD,USD,USD,USD,USD,USD,USD,USD,USD,USD,USD,USD,USD,USD,USD,USD,USD,USD,USD,USD
cik,0000732712,0000732712,0000732712,0000732712,0000732712,0000732712,0000732712,0000732712,0000732712,0000732712,0000732712,0000732712,0000732712,0000732712,0000732712,0000732712,0000732712,0000732712,0000732712,0000732712,0000732712,0000732712,0000732712,0000732712,0000732712,0000732712,0000732712,0000732712,0000732712,0000732712,0000732712,0000732712,0000732712,0000732712,0000732712,0000732712,0000732712
fillingDate,2022-02-11,2021-02-25,2020-02-21,2019-02-15,2018-02-23,2017-02-21,2016-02-23,2015-02-23,2014-02-27,2013-02-26,2012-02-24,2011-02-28,2010-02-26,2009-02-24,2008-02-28,2007-03-01,2006-03-14,2005-03-14,2004-03-12,2003-03-14,2001-12-31,2000-12-31,1999-12-31,1998-12-31,1997-12-31,1997-03-25,1995-12-31,1995-03-30,1993-12-31,1992-12-31,1991-12-31,1990-12-31,1989-12-31,1988-12-31,1987-12-31,1986-12-31,1985-12-31
acceptedDate,2022-02-11 14:04:46,2021-02-25 14:08:10,2020-02-21 11:20:18,2019-02-15 13:42:40,2018-02-23 13:15:54,2017-02-21 15:21:12,2016-02-23 15:09:48,2015-02-23 13:10:04,2014-02-27 16:47:50,2013-02-26 10:36:58,2012-02-24 15:10:22,2011-02-28 14:32:38,2010-02-26 08:02:44,2009-02-24 17:25:09,2008-02-28 17:18:10,2007-03-01 14:23:33,2006-03-14 16:16:16,2005-03-14 12:13:00,2004-03-12 14:13:48,2003-03-14 14:12:02,2001-12-31,2000-12-31,1999-12-31,1998-12-31,1997-12-31,1997-03-25 00:00:00,1995-12-31,1995-03-30 00:00:00,1993-12-31,1992-12-31,1991-12-31,1990-12-31,1989-12-31,1988-12-31,1987-12-31,1986-12-31,1985-12-31
calendarYear,2021,2020,2019,2018,2017,2016,2015,2014,2013,2012,2011,2010,2009,2008,2007,2006,2005,2004,2003,2002,2001,2000,1999,1998,1997,1996,1995,1994,1993,1992,1991,1990,1989,1988,1987,1986,1985
period,FY,FY,FY,FY,FY,FY,FY,FY,FY,FY,FY,FY,FY,FY,FY,FY,FY,FY,FY,FY,FY,FY,FY,FY,FY,FY,FY,FY,FY,FY,FY,FY,FY,FY,FY,FY,FY
revenue,133613000000,128292000000,131868000000,130863000000,126034000000,125980000000,131620000000,127079000000,120550000000,115846000000,110875000000,106565000000,107808000000,97354000000,93469000000,88144000000,75112000000,71283000000,67752000000,67625000000,67190000000,64707000000,33174000000,31565900000,30193900000,13081400000,13429500000,13791400000,12990200000,12647000000,12279700000,12298000000,11448600000,10880100000,10298400000,9920800000,9084200000
costOfRevenue,56301000000,51201000000,54726000000,55508000000,51556000000,51424000000,52557000000,49931000000,44887000000,46275000000,45875000000,44149000000,44299000000,39007000000,37547000000,34994000000,25469000000,23168000000,21783000000,41952000000,41651000000,39481000000,10217000000,9386000000,8444200000,3628600000,3694200000,4001600000,4027600000,3941500000,3936600000,3761100000,3739100000,6281600000,5835400000,5530300000,5275800000
grossProfit,77312000000,77091000000,77142000000,75355000000,74478000000,74556000000,79063000000,77148000000,75663000000,69571000000,65000000000,62416000000,63509000000,58347000000,55922000000,53150000000,49643000000,48115000000,45969000000,25673000000,25539000000,25226000000,22957000000,22179900000,21749700000,9452800000,9735300000,9789800000,8962600000,8705500000,8343100000,8536900000,7709500000,4598500000,4463000000,4390500000,3808400000
grossProfitRatio,0.5786263312701608,0.6009026283790104,0.584994084994085,0.5758312127950604,0.590935779234175,0.591808223527544,0.6006913842881021,0.6070869301772913,0.6276482787225218,0.6005472782832381,0.5862457722660653,0.585708253178811,0.5890935737607599,0.5993282248289746,0.5982946217462474,0.6029905609003449,0.660919693258068,0.6749856206949764,0.6784891958908962,0.379637707948244,0.3801012055365382,0.3898496298700295,0.6920178453005366,0.7026538131337932,0.7203342396974223,0.7226137875150977,0.72491902155702,0.7098481662485316,0.6899508860525627,0.6883450620700562,0.679422135719928,0.6941697837046674,0.6734011145467568,0.42265236532752454,0.43336829021983997,0.44255503588420286,0.41923339424495276
researchAndDevelopmentExpenses,0.0,0.0,0.0,0.0,0.0,0.0,0.0,0.0,0.0,0.0,0.0,0.0,0.0,0.0,0.0,0.0,0.0,0.0,0.0,0.0,0.0,0.0,0.0,0.0,0.0,0.0,0.0,0.0,0.0,0.0,0.0,0.0,0.0,0.0,0.0,0.0,0.0
generalAndAdministrativeExpenses,0.0,0.0,29990000000,31083000000,28336000000,31569000000,29986000000,41016000000,27089000000,39951000000,35624000000,31366000000,32950000000,26898000000,25967000000,25232000000,21312000000,21088000000,24999000000,0.0,0.0,0.0,8241000000,9802700000,9047200000,3921600000,4022000000,4333100000,0.0,0.0,0.0,0.0,0.0,0.0,0.0,0.0,0.0
sellingAndMarketingExpenses,0.0,0.0,0.0,0.0,0.0,0.0,0.0,0.0,0.0,0.0,0.0,0.0,0.0,0.0,0.0,0.0,0.0,0.0,0.0,0.0,0.0,0.0,0.0,0.0,0.0,0.0,0.0,0.0,0.0,0.0,0.0,0.0,0.0,0.0,0.0,0.0,0.0
sellingGeneralAndAdministrativeExpenses,28658000000,31573000000,29990000000,31083000000,28336000000,31569000000,29986000000,41016000000,27089000000,39951000000,35624000000,31366000000,32950000000,26898000000,25967000000,25232000000,21312000000,21088000000,24999000000,0.0,0.0,0.0,8241000000,9802700000,9047200000,3921600000,4022000000,4333100000,3619900000,3781900000,3519000000,3550100000,3276800000,0.0,0.0,0.0,0.0
otherExpenses,16206000000,16720000000,16682000000,17403000000,16954000000,15928000000,16017000000,16533000000,16606000000,16460000000,16496000000,16405000000,16532000000,14565000000,14377000000,14545000000,14047000000,13910000000,13617000000,10676000000,14007000000,12261000000,6221000000,5750000000,7361000000,2594600000,2627100000,2652100000,2545100000,2417400000,2298700000,2377200000,2419900000,2354000000,2116900000,1926600000,1483900000
operatingExpenses,44864000000,48293000000,46672000000,48486000000,45290000000,47497000000,46003000000,57549000000,43695000000,56411000000,52120000000,47771000000,49482000000,41463000000,40344000000,39777000000,35359000000,34998000000,38616000000,10676000000,14007000000,12261000000,14462000000,15552700000,16408200000,6516200000,6649100000,6985200000,6165000000,6199300000,5817700000,5927300000,5696700000,2354000000,2116900000,1926600000,1483900000
costAndExpenses,101165000000,99494000000,101398000000,103994000000,96846000000,98921000000,98560000000,107480000000,88582000000,102686000000,97995000000,91920000000,93781000000,80470000000,77891000000,74771000000,60828000000,58166000000,60399000000,52628000000,55658000000,51742000000,24679000000,24938700000,24852400000,10144800000,10343300000,10986800000,10192600000,10140800000,9754300000,9688400000,9435800000,8635600000,7952300000,7456900000,6759700000
interestIncome,48000000,65000000,121000000,94000000,82000000,59000000,115000000,108000000,64000000,57000000,68000000,0.0,75000000,362000000,168000000,201000000,120000000,116000000,96000000,0.0,0.0,0.0,0.0,0.0,0.0,0.0,0.0,0.0,0.0,0.0,0.0,0.0,0.0,0.0,0.0,0.0,0.0
interestExpense,3485000000,4247000000,4730000000,4833000000,4733000000,4376000000,4920000000,4915000000,2667000000,2571000000,2827000000,2523000000,3102000000,1819000000,1829000000,2349000000,2180000000,2384000000,2797000000,0.0,0.0,0.0,0.0,0.0,0.0,0.0,0.0,0.0,0.0,0.0,0.0,0.0,0.0,0.0,0.0,0.0,0.0
depreciationAndAmortization,16206000000,16720000000,16682000000,17403000000,16954000000,15928000000,16017000000,16533000000,16606000000,16460000000,16496000000,16405000000,16532000000,14565000000,14377000000,14545000000,14047000000,13910000000,13617000000,13423000000,13657000000,12261000000,6070000000,5750000000,5754100000,2594600000,2627100000,2652100000,2545100000,2417400000,2298700000,2377200000,2419900000,0.0,0.0,0.0,0.0
ebitda,48558000000,44387000000,43622000000,41348000000,41832000000,40809000000,48681000000,34387000000,36500000000,19246000000,22012000000,23944000000,24495000000,26143000000,25709000000,25765000000,26834000000,26976000000,20743000000,19120000000,16222000000,31067000000,12829000000,10723400000,9738200000,5345200000,5633000000,2782200000,4740500000,4401500000,4295100000,4359300000,3965400000,1846800000,1954400000,2071600000,1903300000
ebitdaratio,0.36342272084303173,0.3459841611324167,0.3308004974671641,0.31596402344436547,0.33191043686624244,0.3239323702174948,0.36986020361647165,0.2705954563696598,0.3027789299046039,0.16613435077603025,0.19852987598647126,0.22468915685262517,0.22720948352626893,0.2685354479528319,0.27505376114005714,0.2923057723724814,0.35725316860155504,0.37843525104162284,0.3061607037430629,0.28273567467652494,0.24143473731210002,0.48011807068786994,0.38671851449930666,0.33971469212029437,0.3225220988345328,0.4086106991606403,0.41944971890241634,0.20173441420015373,0.3649289464365445,0.3480272001265122,0.34977238857626813,0.3544722719141324,0.34636549447093967,0.16974108693853918,0.18977705274605763,0.20881380533827917,0.2095176240065168
operatingIncome,32448000000,28798000000,30470000000,26869000000,29188000000,27059000000,33060000000,19599000000,31968000000,13160000000,12880000000,14645000000,14027000000,16884000000,15578000000,13373000000,14284000000,13117000000,7353000000,14997000000,11532000000,12965000000,8495000000,6627200000,5341500000,2936600000,3086200000,2804600000,2797600000,2506200000,2525400000,2609600000,2012800000,2244500000,2346100000,2463900000,2324500000
operatingIncomeRatio,0.24285062082282413,0.22447229757116577,0.2310643977310644,0.20532159586743387,0.2315883015694178,0.2147880615970789,0.25117763257863546,0.15422689822866092,0.2651845707175446,0.11359908844500458,0.11616685456595265,0.13742786092994885,0.13011093796378748,0.17342892947387883,0.16666488354427672,0.15171764385550918,0.19016934710831823,0.18401301853176774,0.10852816153028692,0.22176709796672828,0.171632683435035,0.20036472097300137,0.25607403388195576,0.2099480768804311,0.17690659371594925,0.22448667573807085,0.22980751331024982,0.20335861478892645,0.21536235007929055,0.1981655728631296,0.2056564899793969,0.21219710522036103,0.17581188966336495,0.20629405979724452,0.22781208731453428,0.24835698733973066,0.2558838422755994
totalOtherIncomeExpensesNet,-3028000000,-4831000000,-7737000000,-7246000000,-8594000000,-6073000000,-4820000000,-4329000000,-2691000000,-3263000000,-2397000000,-1961000000,-2459000000,-970000000,-1033000000,-1181000000,-632000000,-596000000,-1009000000,-8795000000,-8766000000,4854000000,-1730000000,-1628300000,-1357400000,-186000000,-76800000,-517800000,-524000000,-480500000,-529000000,-627500000,-467300000,-397700000,-391700000,-392300000,-421200000
incomeBeforeTax,29420000000,23967000000,22733000000,19623000000,20594000000,20986000000,28240000000,15270000000,29277000000,9897000000,10483000000,12684000000,11568000000,15914000000,14545000000,12192000000,13652000000,12521000000,6344000000,6202000000,2766000000,17819000000,6765000000,4998900000,3984100000,2750600000,3009400000,2286800000,2273600000,2025700000,1996400000,1982100000,1545500000,1846800000,1954400000,2071600000,1903300000
incomeBeforeTaxRatio,0.2201881553441656,0.1868160134692732,0.17239208905875572,0.14995071181311753,0.16340035228589112,0.16658199714240354,0.21455705819784227,0.12016147435846992,0.2428618830360846,0.08543238437235641,0.09454791431792559,0.11902594660535823,0.10730186999109528,0.1634652916161637,0.1556130909713381,0.1383191141768016,0.18175524550005326,0.17565197873265714,0.09363561223284922,0.09171164510166359,0.04116684030361661,0.27537978889455544,0.20392476035449447,0.15836393069736646,0.13195049331156294,0.2102680141269283,0.2240887598197997,0.1658134779645286,0.1750242490492833,0.16017237289475764,0.1625772616594868,0.16117254838185072,0.1349946718376046,0.16974108693853918,0.18977705274605763,0.20881380533827917,0.2095176240065168
incomeTaxExpense,6802000000,5619000000,2945000000,3584000000,-9956000000,7378000000,9865000000,3314000000,5730000000,-660000000,285000000,2467000000,1210000000,3331000000,3982000000,2674000000,3210000000,2851000000,1252000000,1618000000,2176000000,7009000000,2557000000,2008100000,1529200000,1011200000,1147600000,884900000,792000000,643500000,664800000,669600000,471000000,530000000,714000000,904500000,810400000
netIncome,22065000000,17801000000,19265000000,15528000000,30101000000,13127000000,17879000000,9625000000,11497000000,875000000,2404000000,2549000000,3651000000,6428000000,5521000000,6197000000,7397000000,7831000000,3077000000,4079000000,389000000,11797000000,4202000000,2965300000,2454900000,1739400000,1858300000,-754800000,1403400000,1340600000,1331600000,1312500000,1074500000,1316800000,1240400000,1167100000,1092900000
netIncomeRatio,0.1651411165081242,0.13875378043837497,0.14609306275972941,0.11865844432727356,0.23883237856451434,0.10419907921892364,0.1358380185382161,0.07574028753767341,0.09537121526337619,0.0075531308806519,0.021682074408117247,0.023919673438746306,0.03386576135351736,0.06602707644267312,0.059067712289636136,0.07030540933018696,0.0984796037916711,0.10985789038059565,0.045415633486834334,0.06031792975970425,0.005789552016669147,0.1823141236651367,0.1266654609031169,0.09393997953487783,0.0813045019027022,0.132967419389362,0.13837447410551398,-0.05472975912525197,0.10803528814029037,0.10600142326243378,0.10843913124913475,0.10672467067815905,0.09385427039113953,0.12102829937224842,0.12044589450788472,0.11764172244173857,0.12030778714691442
eps,5.427885769138469,4.3,4.66,3.761627906976744,7.37,3.22,4.38,2.421992954202315,4.01,0.30669470732562215,0.8485704200494176,0.9007067137809187,1.29,2.256230256230256,1.91,2.13,2.67,2.83,1.12,1.4946866984243312,0.14354243542435424,4.34,2.71,1.89,1.58,1.9783894449499546,2.12,-0.863220494053065,-0.42,1.57,1.71,1.69,1.36,1.67,1.56,1.47,1.37
epsdiluted,5.425281842168386,4.3,4.65,3.7579864472410454,7.36,3.21,4.37,2.4177342376287365,4.0,0.3057302585604472,0.8467770341669602,0.8997529121073068,1.29,2.2554385964912282,1.9,2.12,2.65,2.79,1.11,1.4859744990892532,0.14249084249084248,4.31,2.65,1.86,1.56,1.8377750159944748,2.12,-0.8608544448657337,-0.42,1.57,1.71,1.69,1.36,1.67,1.56,1.47,1.37
weightedAverageShsOut,4167000000,4140000000,4138000000,4128000000,4084000000,4080000000,4085000000,3974000000,2866000000,2853000000,2833000000,2830000000,2841000000,2849000000,2898000000,2912000000,2766000000,2770000000,2756000000,2729000000,2710000000,2713000000,1553000000,1553000000,1551800000,879200000,876600000,874400000,868646617,853885350,778713450,776627219,790073529,788502994,795128205,793945578,797737226
weightedAverageShsOutDil,4169000000,4142000000,4140000000,4132000000,4089000000,4086000000,4093000000,3981000000,2874000000,2862000000,2839000000,2833000000,2841000000,2850000000,2902000000,2938000000,2817000000,2831000000,2789000000,2745000000,2730000000,2737000000,1583000000,1578300000,1571100000,946470588,876600000,876803279,868646617,853885350,778713450,776627219,790073529,788502994,795128205,793945578,797737226
link,https://www.sec.gov/Archives/edgar/data/732712/000073271222000008/0000732712-22-000008-index.htm,https://www.sec.gov/Archives/edgar/data/732712/000073271221000012/0000732712-21-000012-index.htm,https://www.sec.gov/Archives/edgar/data/732712/000073271220000014/0000732712-20-000014-index.htm,https://www.sec.gov/Archives/edgar/data/732712/000073271219000012/0000732712-19-000012-index.htm,https://www.sec.gov/Archives/edgar/data/732712/000073271218000009/0000732712-18-000009-index.htm,https://www.sec.gov/Archives/edgar/data/732712/000119312517050292/0001193125-17-050292-index.htm,https://www.sec.gov/Archives/edgar/data/732712/000119312516473367/0001193125-16-473367-index.htm,https://www.sec.gov/Archives/edgar/data/732712/000119312515057710/0001193125-15-057710-index.htm,https://www.sec.gov/Archives/edgar/data/732712/000119312514073266/0001193125-14-073266-index.htm,https://www.sec.gov/Archives/edgar/data/732712/000119312513075713/0001193125-13-075713-index.htm,https://www.sec.gov/Archives/edgar/data/732712/000119312512077846/0001193125-12-077846-index.htm,https://www.sec.gov/Archives/edgar/data/732712/000119312511049476/0001193125-11-049476-index.htm,https://www.sec.gov/Archives/edgar/data/732712/000119312510041685/0001193125-10-041685-index.htm,https://www.sec.gov/Archives/edgar/data/732712/000119312509036349/0001193125-09-036349-index.htm,https://www.sec.gov/Archives/edgar/data/732712/000119312508042027/0001193125-08-042027-index.htm,https://www.sec.gov/Archives/edgar/data/732712/000119312507044126/0001193125-07-044126-index.htm,https://www.sec.gov/Archives/edgar/data/732712/000119312506053710/0001193125-06-053710-index.htm,https://www.sec.gov/Archives/edgar/data/732712/000119312505049044/0001193125-05-049044-index.htm,https://www.sec.gov/Archives/edgar/data/732712/000119312504040305/0001193125-04-040305-index.htm,https://www.sec.gov/Archives/edgar/data/732712/000095013403003953/0000950134-03-003953-index.htm,,,,,,https://www.sec.gov/Archives/edgar/data/732712/000095010997002420/0000950109-97-002420-index.html,,https://www.sec.gov/Archives/edgar/data/732712/000095010995001028/0000950109-95-001028-index.html,,,,,,,,,
finalLink,https://www.sec.gov/Archives/edgar/data/732712/000073271222000008/vz-20211231.htm,https://www.sec.gov/Archives/edgar/data/732712/000073271221000012/vz-20201231.htm,https://www.sec.gov/Archives/edgar/data/732712/000073271220000014/a2019q410-k.htm,https://www.sec.gov/Archives/edgar/data/732712/000073271219000012/a2018q410-k.htm,https://www.sec.gov/Archives/edgar/data/732712/000073271218000009/a201710-k.htm,https://www.sec.gov/Archives/edgar/data/732712/000119312517050292/d296602d10k.htm,https://www.sec.gov/Archives/edgar/data/732712/000119312516473367/d35513d10k.htm,https://www.sec.gov/Archives/edgar/data/732712/000119312515057710/d820819d10k.htm,https://www.sec.gov/Archives/edgar/data/732712/000119312514073266/d622994d10k.htm,https://www.sec.gov/Archives/edgar/data/732712/000119312513075713/d441535d10k.htm,https://www.sec.gov/Archives/edgar/data/732712/000119312512077846/d257450d10k.htm,https://www.sec.gov/Archives/edgar/data/732712/000119312511049476/d10k.htm,https://www.sec.gov/Archives/edgar/data/732712/000119312510041685/d10k.htm,https://www.sec.gov/Archives/edgar/data/732712/000119312509036349/d10k.htm,https://www.sec.gov/Archives/edgar/data/732712/000119312508042027/d10k.htm,https://www.sec.gov/Archives/edgar/data/732712/000119312507044126/d10k.htm,https://www.sec.gov/Archives/edgar/data/732712/000119312506053710/d10k.htm,https://www.sec.gov/Archives/edgar/data/732712/000119312505049044/d10k.htm,https://www.sec.gov/Archives/edgar/data/732712/000119312504040305/d10k.htm,https://www.sec.gov/Archives/edgar/data/732712/000095013403003953/d03879e10vk.htm,,,,,,https://www.sec.gov/Archives/edgar/data/732712/0000950109-97-002420.txt,,https://www.sec.gov/Archives/edgar/data/732712/0000950109-95-001028.txt,,,,,,,,,
