,2021,2020,2019,2018,2017,2016,2015,2014,2013,2012,2011,2010,2009,2008,2007,2006,2005,2004,2003,2002,2001,2000,1999,1998,1997,1996,1995,1994,1993,1992,1991,1990,1989,1988,1987,1986,1985
period,FY,FY,FY,FY,FY,FY,FY,FY,FY,FY,FY,FY,FY,FY,FY,FY,FY,FY,FY,FY,FY,FY,FY,FY,FY,FY,FY,FY,FY,FY,FY,FY,FY,FY,FY,FY,FY
revenueGrowth,0.18353520837610346,-0.11955735861182519,0.048672100419115016,-0.04904866813538954,-0.05353148576411267,-0.10472634705133645,-0.08796124318969788,-0.07272335844994618,0.06289663168171833,0.020471068076030947,-0.1690016946740663,-0.19481479938335902,7.645893371757925,-0.899113243203954,-0.027651642313196813,0.03938294844130205,0.11142294385989979,0.20520767991341032,0.2048101716013159,2.0496203904555315,0.09838181276680234,0.09751579864894312,0.11282206729311912,0.14526835105936106,0.05831119323873585,0.045289524047847224,0.10574737927420567,-0.3695466398230894,0.09317966308050714,0.08179198986860851,0.06193053827791413,0.09620090812595825,0.02688627830931331,0.18538191671676343,0.2780638280793092,0.5463444044473605,0
grossProfitGrowth,0,0,0,0,0,0,0,0,0,0,0,0,0,0,0,0,0,0,0,0,0,0,0,0,0,0,0,0,0,0,0,0,0,0,0,0,0
ebitgrowth,0,0,0,0,0,0,0,0,0,0,0,0,0,0,0,0,0,0,0,0,0,0,0,0,0,0,0,0,0,0,0,0,0,0,0,0,0
operatingIncomeGrowth,0,0,0,0,0,0,0,0,0,0,0,0,0,0,0,0,0,0,0,0,0,0,0,0,0,0,0,0,0,0,0,0,0,0,0,0,0
netIncomeGrowth,2.579407806191117,-2.7753882915173236,559,0.9990138067061144,-6.166077738515901,-1.3866120218579234,-0.7083277991765174,-0.17127132636213538,1.642524723676556,-0.8068322283402629,1.285897765219625,1.7111151703351903,0.8897259515152736,-17.01435483870968,-0.5586560364464692,0.3408418440393242,0.07666221354434283,0.04927755014017684,0.6803768798695415,0.02908819690471751,-0.04843860894251242,0.1149357072205737,0.3422729686670207,0.13013847647370388,0.15016893565189418,0.1541095522077707,0.153925852039632,0.12209356302867753,0.17013700283662261,0.06690276883451385,0.07675240934618317,0.05469835466179159,0.12366474938373048,0.2885124404446797,0.43847091075236067,0.757024351083757,0
epsgrowth,1,-2.8153034300791555,380,0.9984709480122325,-7.384615384615384,-1.4615384615384615,-0.6793168880455408,-0.14448051948051957,2.019607843137255,-0.7838983050847458,-0.18620689655172415,1.1282051282051282,0.8804439746300211,-16.766666666666666,-0.5547309833024119,0.33746898263027303,0.0804289544235925,0.050704225352112595,0.6824644549763033,0.029268292682926897,-0.1563786008230453,0.1146788990825688,0.138579397097662,0.13368419319944608,0.15853657532718626,0.16037737275832145,0.15720522187285516,0.10778535714285697,0.18072289156626503,0.07792207792207799,0.05479452054794526,0.04285714285714283,0.1290322580645161,0.26530612244897955,0.48484848484848503,0.5714285714285713,0
epsdilutedGrowth,1,-2.8395721925133692,375,0.9984709480122325,-7.384615384615384,-1.4727272727272727,-0.6826923076923077,-0.1517128874388254,2.0049019607843137,-0.7838983050847458,-0.18620689655172415,1.1282051282051282,0.8804439746300211,-16.832635983263597,-0.5541044776119404,0.34335839598997503,0.08130081300813008,0.04532577903682724,0.6809523809523809,0.03960396039603964,-0.16182572614107893,0.1191950377771282,0.13095238970588247,0.13213529159440673,0.15365853424301015,0.16037737275832145,0.15720522187285516,0.11920582474226803,0.16867469879518054,0.09210526315789488,0.04109589041095888,0.04285714285714283,0.1290322580645161,0.26530612244897955,0.48484848484848503,0.5714285714285713,0
weightedAverageSharesGrowth,-1,-0.00848680212088308,-0.02410411791573809,-0.03455521896706113,-0.14712311664707306,-0.16059097401046996,-0.0897325324492556,-0.0313476993985687,-0.12625991108455228,-0.06234834224043488,12.1740281738128,0.00931793067847619,0.027523887623386485,0.018955512572533847,-0.008819018404907975,0.004235656526761648,-0.0034535686876438986,-0.0015325670498084292,-0.0007656967840735069,-0.0034338038916444107,0.13071613459879206,-0.0017226528854435831,0.17942857142857144,-0.0027495593963932697,-0.0065634166883938245,-0.00628029989094302,-0.0018046758589059222,0.013173631532764806,-0.00677925754259986,-0.008249077688750626,0.022898152373369306,0.012624231166150671,-0.005413455528366198,0.01854993432985903,-0.021831110581711256,0.11666419192497132,0
weightedAverageSharesDilutedGrowth,-1,-0.022711879352320694,-0.022666038025777102,-0.02194379274875615,-0.14712311664707306,-0.18238003494918495,-0.07812406044069722,-0.022720085452051838,-0.12210561343311553,-0.06236979412812765,12.168444773364339,0.00978669882000131,0.027523887623386485,0.013856812933025405,-0.009531071292413268,-0.0015226494099733537,-0.0037921880925293893,0.003424657534246575,-0.002277904328018223,-0.0060377358490566035,0.1310285958173282,-0.003190810465858328,0.18824644549763034,-0.0023414242970998867,-0.0025570132674869314,-0.005965575318448732,-0.011248941450428929,0.012413917630871761,0.00346013155489911,-0.021128953970452526,0.03635733242041379,0.012624231166150671,-0.005413455528366198,0.01854993432985903,-0.021831110581711256,0.11666419192497132,0
dividendsperShareGrowth,0,0.005008178782633855,0.02289859920683672,0.005743446096708595,0.0015834898579700214,0.589964259225394,0.5861494299076583,1.5001424205355516,0,0,0,0,-1,-0.15060366684872134,0.158569090483984,0.14784747196953674,0.9533212716464203,0.2519186492709134,0.2514935965279314,-0.3693013300245888,0.9615095070242073,0.10751843087673747,0.14179586563307495,0.13018697783124147,0.15412180481654114,0.14093327749029097,0.13028335204527647,0.08431132379994428,0.06894330002700591,0.09972593024237977,0.09304853311120835,0.14001113100449658,0,0,0,0,0
operatingCashFlowGrowth,5.0491329479768785,-2.1185344827586206,-16.21311475409836,-1.0071054164239954,-4.602601762484263,-0.17170663885992354,-0.4254044337926902,-0.1462915601023018,0.5954842219804135,104.02857142857142,-0.9979302188054405,-0.0900774860094705,23.61456953642384,-0.9785334508543971,4.150241616634939,-0.7283395655978996,-0.2934993395351452,-0.015876089060987416,0.934663955479452,1.4238651102464333,0.2988544474393531,-0.42486193198333494,0.46688459351904493,1.3182958219274672,-0.6830268951959534,0.32830201400286696,0.33766101698060513,-0.16678855817549285,0.5479524185634619,-0.06971410758817242,0.023308801749868987,0.2638656914127743,0,0,0,0,0
freeCashFlowGrowth,5.0491329479768785,2.1185344827586206,-16.21311475409836,1.0071054164239954,-4.602601762484263,-0.17170663885992354,-0.4254044337926902,-0.1462915601023018,0.5954842219804135,104.02857142857142,-0.9978970137595385,-0.07948008849557522,5.451009354997538,-1.1375596870872702,35.010975609756095,-0.9515566845867549,-0.4294718392935387,0.005217685922412333,1.3683999358048466,3.8023121387283236,0.7641060503059144,-0.7684922883223166,0.9538745387453874,4.54502464729621,-1.1598340018768702,0.5993877042588162,0.6368891250749802,-0.40221825321080906,0.681013934726806,-0.30099327138737586,-0.17346398305084745,0.20793346129238643,0,0,0,0,0
tenYRevenueGrowthPerShare,0,-0.9108940278519966,-0.9199480271547203,-0.37316424761207784,-0.9369911076608272,-0.9443005454930795,-0.9459483789626741,-0.9398346745064327,-0.9241365041635691,-0.9248073529648393,-0.7885752458241299,2.2559222674383146,3.487100502214027,-0.4968448366696334,4.836144260325714,5.337680397774152,5.441145096000804,5.397667279793955,2.2980918707485696,2.010628865832939,0.07314582067840547,0.14689249468229945,0.12928871542491516,0.235750158234187,0.2522862866949825,0.535921719331507,1.021994736852017,0.8253226094810138,1.9333950039504793,1.6651691960079558,1.4433384911432507,1.353530987314999,1.1740928044202252,1.1057087774792838,0.8093489589919277,0.3847891027845007,0
fiveYRevenueGrowthPerShare,0,0.11242731886272297,0.2552012105141852,0.11819752474575514,0.381008790707346,0.3543651989425846,-0.9198995110627992,-0.9362237925085438,-0.4394230549468923,-0.9543747347857937,-0.9588741245342043,-0.32520235825648164,-0.05661801069579914,-0.864668897809838,0.648048437244989,4.140918017701805,3.825035041654528,3.7563983127593144,2.717956590816444,2.54124558989412,0.2327915706789171,0.3349426564562534,0.34506550106029626,-0.11292889247415192,-0.14983900737509886,-0.12949938480889536,-0.14086759522177006,-0.16042102445218268,0.39306775719575426,0.4729989937888185,0.7644119860780566,1.353530987314999,1.1740928044202252,1.1057087774792838,0.8093489589919277,0.3847891027845007,0
threeYRevenueGrowthPerShare,0,-0.060125971533759745,0.17459164684832876,0.16582361614597171,0.18589508505749086,0.022981658210469803,0.16679469612124678,0.2673872811263169,-0.9164878837582293,-0.9452343160183749,-0.5765839721422892,-0.33539335193324676,-0.18272952342741547,-0.8994718216754016,0.13237610033889358,0.39331642392930055,0.6231591220429215,3.453678961421138,2.584187043775839,2.268127108002124,0.007658547287345857,0.19128773843264957,0.15433097085699074,0.28691232847436554,0.2413273562834271,-0.2749262691195981,-0.2413259391258621,-0.2529391174830894,0.24638044697980033,0.22587646239815787,0.16034017489737554,0.30076123548121997,0.5699811617874603,1.1057087774792838,0.8093489589919277,0.3847891027845007,0
tenYOperatingCFGrowthPerShare,0,-0.9903553819813056,-1.007707447516498,-0.9881560589138982,-1.0339032360959175,-0.9582952152855582,-0.9885668449980264,-0.9871593243396724,-0.9856397468644507,-0.984773851892987,-0.9996693820619034,1.4172827933188255,0.5447988464881874,-0.9197960197539242,7.850208966570175,-0.4565480559384132,1.6853650036838987,4.075967472915896,3.2352036407027778,2.409164189339491,0.31479923926353515,0.14505635956549037,1.4806104816726176,0,0,0,0,0,0,0,0,0,0,0,0,0,0
fiveYOperatingCFGrowthPerShare,0,-0.4605290174763054,-1.3018634008093186,-0.9829337750634466,-5.234338959270539,111.28497306035207,-0.9821220819448415,-0.9744671016895928,-0.3060011144741391,-0.9919932635478578,-0.9996285808904097,-0.3604873360142264,-0.4970929071889283,-0.979307959371335,0.9016672021144114,-0.10985210625989669,2.779882603501656,2.0717380378417642,2.8760788114328286,3.653921020844168,-0.38948128970099144,-0.2895639136527161,0.6524740750621837,0.0926515808220099,-0.2674641073472478,1.1535773057955867,0.6117654797813158,0.5011494093057227,0,0,0,0,0,0,0,0,0
threeYOperatingCFGrowthPerShare,0,-1.1294278181269852,-1.4846259506328743,-0.9693237297006835,-3.631077910478947,-0.4510339900728379,0.015886434048199765,179.26766963224372,-0.967864724115149,-0.9841347031068597,-0.9966070099257515,-0.5450289615583275,1.622297575807432,-0.9703876817129657,-0.0034928232240088388,-0.8109739465304887,0.3529106621971611,3.6414789077983265,4.4093788404539875,0.6096449454887097,-0.1769009556564061,0.6657499797191291,-0.07748978533987239,-0.008529464972015986,-0.42846117702433645,0.4731087791472293,0.7175670996720354,0.20225611562584134,0.4625137698297345,0.171226113437572,0,0,0,0,0,0,0
tenYNetIncomeGrowthPerShare,0,-1.119948739164974,-1.0471968256781456,-0.9999911414331106,-1.136295992646258,-1.0072229090399332,-0.9790611732635062,-0.9293994215648127,-0.9132797971619006,-0.9517804835485517,-0.7583002772441085,0.17225248022911252,-2.85826571219625,-20.705870366920426,0.4209173648281354,2.6945885170663786,2.2137145187045824,2.4386480994261235,2.6239020386983456,1.538797247941852,1.6448667847218448,2.3082935442306254,2.0852146308972124,2.062741615089929,2.4189222627982225,3.342651507389209,4.883381816581313,4.089377457891029,3.5953592562589733,2.900574139007285,2.6258205648202844,2.4444735153591064,2.3070662619751223,1.9271752163093923,1.3138885048831836,0.5734581298383853,0
fiveYNetIncomeGrowthPerShare,0,-5.047222332506668,-0.27575046025921607,-1.0010836822640765,-4.208515610648143,-1.0786687281551144,-0.9703627008080173,-1.0651665249176931,-1.008174505741151,-0.9575205455775466,-0.9081857656870803,-0.29349747421795663,-2.0833871918804574,-11.60861727719448,0.13512560617918126,1.6324863956511846,0.6592332475124844,0.7152369218716907,0.85753429047558,0.2517710437445999,0.4034596809957939,0.9368672388421397,1.0047656714815947,0.9509206679412237,1.0281642243035023,0.8845334999899946,0.7080641759464757,0.5389402735618106,0.5698955192893584,0.6857225967351459,1.3043641874300802,2.4444735153591064,2.3070662619751223,1.9271752163093923,1.3138885048831836,0.5734581298383853,0
threeYNetIncomeGrowthPerShare,0,0.045827774338179264,-5.907502066222752,-1.0039530426252412,-2.2400034931183357,-1.1262618615182234,-0.17089933185480036,-0.4669420900059985,-0.8918894302447993,-1.0251850788146857,-1.0131199313383334,0.1883587575222491,-1.7510344292926445,-10.343731965503638,-0.35768497535344873,0.5159341175474413,0.9093158279903018,0.8249135051586373,0.4613997590748036,-0.029426840739613058,0.06967299435925728,0.44044019755789166,0.4932004396220947,0.523814300881136,0.5544150514346458,0.48693060505548297,0.5083373900639823,0.40364846161196816,0.33412529832730636,0.1794665815609313,0.23867561621123254,0.4886082488806002,1.1017821823544813,1.9271752163093923,1.3138885048831836,0.5734581298383853,0
tenYShareholdersEquityGrowthPerShare,0,-0.8777904920448495,-0.8548232220141583,-0.8432530752919297,-0.9055134670085422,-0.9103148026381522,-0.896235293873442,-0.8789888866828041,-0.8751766905719177,-0.8716479570372797,-0.857551869804686,0.7621820834824089,0.728545466290724,0.4310204177374207,1.9983749710389185,2.451888250867786,2.2860410766123023,2.728126848699129,2.499797166919516,2.4969015940766632,2.5850613283194206,2.511827744673069,2.4413362355948713,2.891253201845055,3.105016020173791,3.5377514558509233,3.7834717144088357,2.9237332614832705,2.689024859495398,2.06016435488573,1.7006653633563862,1.3868102454079925,1.0510720767620279,0.6995491721390876,0.42396890163997225,0.17708957754278348,0
fiveYShareholdersEquityGrowthPerShare,0,0.1067283047193235,0.0006232213214475949,-0.07951241641303576,0.2057028009739952,0.198956973669103,-0.8895758720238531,-0.8549136429253383,-0.8297131569148847,-0.92163364560891,-0.9251973178925771,-0.06030766981494668,-0.16593733720308831,-0.26698206880439224,0.6378462920729379,0.9043184840718207,0.8752755842280664,1.0724407690116353,0.9522311212814645,0.8306815392572825,0.812663312224406,0.7522976912030557,0.7989063448491723,0.7927166147326928,0.9101637936958579,0.9777866656991144,1.0041273593541016,0.9130157862017029,1.1705902482670243,1.1490387545411744,1.2943584030317568,1.3868102454079925,1.0510720767620279,0.6995491721390876,0.42396890163997225,0.17708957754278348,0
threeYShareholdersEquityGrowthPerShare,0,0.0900229882747704,0.0711696906002964,-0.09050099983442489,-0.06447412155016495,0.02607135869470596,0.18750353134072895,0.2834864743915704,-0.8908940915888274,-0.8874249594977205,-0.8542679543224386,-0.15724647970214756,-0.33826837568412,-0.397921862579801,0.19814987918433863,0.4280798444908875,0.4688858086980776,0.5108550231152561,0.5402930581248175,0.516073070486525,0.46401032149239935,0.433955710764236,0.3214715283742837,0.3825473531825097,0.48975854471097474,0.44790023043984795,0.5631420929309713,0.45287650766433935,0.5455878265114492,0.491982846218027,0.5890480885335451,0.6761673956918052,0.7424944676204798,0.6995491721390876,0.42396890163997225,0.17708957754278348,0
tenYDividendperShareGrowthPerShare,0,0,0,-0.8975289428669615,-0.9134585062217062,-0.8998942167566468,-0.927730343900061,-0.9110009095657523,-0.9554346903729922,-1,-1,-1,-1,4.408124525436598,6.195924534382958,6.168302243827638,6.125123130739733,3.12293060688361,2.570951153167027,2.0500709875716976,4.318295905465204,1.9636132362871825,2.0505605894839207,0,0,0,0,0,0,0,0,0,0,0,0,0,0
fiveYDividendperShareGrowthPerShare,0,0.646508245923204,1.5985938928106922,5.35141628915939,0,0,0,0,-0.9838664240434158,-1,-1,-1,-1,1.7622710394108656,3.069907512870745,1.215565110767986,2.7860884257955503,1.1466835862404352,0.9578544061302681,0.7680806041971329,2.235428383029048,0.8819220074720175,0.9206047101260263,0.8239104715784619,0.7250746263102092,0.6437686994901586,0.5747800517345556,0.5883333896873287,0,0,0,0,0,0,0,0,0
threeYDividendperShareGrowthPerShare,0,0.033925844099993295,0.03040261467562979,0.6016282857528591,1.5259143395169588,5.30516143168545,0,0,0,0,-1,-1,-1,0.12957871861335848,1.597645001457301,1.8069454365913105,2.060401599935356,-0.011841397169178931,0.5482495568136327,0.37013479295862217,1.4804463945059139,0.42918920568068464,0.4893281949075653,0.48820305784908696,0.48832996109858284,0.39830390833526896,0.3100745010299535,0.27465639189054886,0.284927371683381,0.3703547290248217,0,0,0,0,0,0,0
receivablesGrowth,0.09494396894026295,0.10307572513139965,-0.06693306693306693,0.0744535519125683,-0.02073578595317726,-0.08610601694175181,-0.04820879394896517,-0.07017543859649122,-0.07505897490885696,-0.049724882820460566,-0.06313243810857253,-0.0505166475315729,-0.13946232645208256,0.045447132372927426,0.03406599584012592,0.16017739516076437,0.012948404571579574,0.0685444020895101,0.08236552567237164,0.12372284708508628,-0.01563556457065585,-0.07105283818795635,0.09058994776950081,0.13575948311516878,0.06924423168367135,0.02198426492146541,0.06907108637640537,0.05237945505194821,-0.07172822516203498,-0.00181681215934772,0.026542634248413584,0.13705308075257,0,0,0,0,0
inventoryGrowth,0,0,0,0,0,0,0,0,0,0,0,0,0,0,0,0,0,0,0,0,0,0,0,0,0,0,0,0,0,0,0,0,0,0,0,0,0
assetGrowth,0.016421674359442164,0.11697050264348727,0.06723795895801489,-0.012677076706649195,7.425782316201853e-05,0.0026582525561281677,-0.03614950900052562,-0.04756442015853575,-0.013313089077762366,-0.012846971695278467,-0.1868041665508316,-0.1936584531344939,-0.014914843715496421,-0.18867143483529072,0.08279542665308032,0.14770146595263484,0.06850224125410062,0.17736376421472227,0.2086795229754699,0.13843710318023783,0.60802017111525,0.1429290406280989,0.3798392987582177,0.18556556392301998,0.10469298725073621,0.10656767449503154,0.17307348530252234,0.13197389887422437,0.26529150049101147,0.15053718502078844,0.19342621910424454,0.2600660123225892,0.23348044706177976,0.3404436768347087,0.3274904984564451,0.3501576679275819,0
bookValueperShareGrowth,0,0.0191095828153673,0.1940373335008656,-0.10422927310527465,0.0014828203209925883,0.013822338803119517,-0.07859525297413777,0.0984119860573894,0.17332736878296576,-0.004120409719813886,-0.9066268013417728,0.21063449254641284,0.28919846968320045,-0.4600323387705797,-0.04940755522156611,0.17298038187957704,0.07454854753172176,0.1330151046190953,0.20649713212527224,0.10525070159024594,0.15509117267714598,0.18752584255698374,0.06729580945961106,0.13137835109337254,0.09437242612701197,0.1166241305603312,0.2191123594881075,0.06362342649542109,0.20549893132558159,0.13311497100202413,0.13149563043489604,0.1636891128545709,0.20162439214624997,0.21562499999999973,0.17103914476192228,0.23078478964401206,0
debtGrowth,-0.19638194703468856,0.06178217821782178,0.023451071221771858,0.09165613147914033,0.02355072463768116,0.05321976149914821,-0.05980715635711311,-0.25126520039335143,-0.14035051546391752,-0.35550742163103133,-0.2931402109692751,-0.24747653245871976,-0.26775464149107414,0.09743878124840244,0.2721866125174335,0.27591325674454625,0.15658924648623285,0.21346308134268485,0.0750226055505321,0.09362401302277464,0.6338395764460242,0.21971258792141646,0.07464242661193106,0.21505210971453817,0.07398354474736393,0.3073694617062789,0.026898063224147617,0.11666551937332288,0.1652369599607852,0.12933746005384866,0.14805292350358215,0.7719989761965702,2.5013143744772375,2.8754341282704328,-0.5301860110953986,0.2587977543475284,0
rdexpenseGrowth,0,0,0,0,0,0,0,0,0,0,0,0,0,0,0,0,0,0,0,0,0,0,0,0,0,0,0,0,0,0,0,0,0,0,0,0,0
sgaexpensesGrowth,0.04692710814673654,-0.01651634063488345,-0.08224037841324447,0.021412100581969913,-0.17126217126217128,-0.13376950969572757,-0.13835495483257487,2.2365355023081994,0,-1,0,0,0,0,0,0,0,0,0,0,0,0,0,0,0,0,0,0,0,0,0,0,0,0,0,0,0
