,2022,2021,2020,2019,2018,2017,2016,2015,2014,2013,2012,2011,2010,2009,2008,2007,2006,2005,2004,2003,2002,2001,2000,1999,1998,1997,1996,1995,1994,1993,1992,1991,1990,1989,1988,1987
period,FY,FY,FY,FY,FY,FY,FY,FY,FY,FY,FY,FY,FY,FY,FY,FY,FY,FY,FY,FY,FY,FY,FY,FY,FY,FY,FY,FY,FY,FY,FY,FY,FY,FY,FY,FY
currentRatio,0.9873524451939292,1.1919019104647848,1.0988833746898263,1.180620258219087,1.2573877446590764,1.4765515304689694,1.4275812274368231,1.5081651022245082,1.4100322754168908,1.114431082331175,1.1628458498023715,1.2089345492323675,1.176876809979951,0.9711914641375222,1.0846506130890825,1.441199809554039,1.3185270805812417,1.3920145190562614,1.2717173961341923,1.2831531769048248,1.2361930294906167,1.0788213627992633,1.253781512605042,1.487382840663302,1.6545419367321272,1.6931540342298288,1.601025641025641,1.9636075949367089,1.9029850746268657,1.639247311827957,1.8667122351332877,1.8613333333333333,2.5806451612903225,2.8974358974358974,3.2058823529411766,2.8846153846153846
quickRatio,0.37268128161888703,0.6230396350156829,0.41910669975186104,0.3986423532543591,0.5349878470001279,0.7396798652064027,0.6415884476534296,0.6645235952166645,0.5660301237224314,0.41905642923219244,0.3937888198757764,0.40090038093039365,0.43840498997549565,0.2818020154119739,0.3029989658738366,0.6889382637676559,0.6998018494055482,0.7507562008469449,0.6551877360586537,0.5895069865541788,0.5847184986595174,0.39042357274401474,0.5675070028011204,0.71521268925739,0.5957240979007449,0.30440097799511,0.3630769230769231,0.5237341772151899,0.31343283582089554,0.24247311827956988,0.8803827751196173,0.47733333333333333,0.6270161290322581,0.28205128205128205,0.29411764705882354,0.46153846153846156
cashRatio,0.27506089563425146,0.5221937078224503,0.27655086848635235,0.2635431918008785,0.14084687220161188,0.31451839370963214,0.2853429602888087,0.3127169859843127,0.36013986013986016,0.16891766882516188,0.13540372670807455,0.12732309823386817,0.20338605480062374,0.05903971547125074,0.2124390604225144,0.1912394857959054,0.11245046235138706,0.07138535995160314,0.5776494112419462,0.5046137621935144,0.4973190348525469,0.2751381215469613,0.4207282913165266,0.5666906993511175,0.503144045661217,0.1100244498777506,0.0882051282051282,0.22943037974683544,0.14925373134328357,0.038172043010752686,0.7710184552289815,0.36133333333333334,0.4798387096774194,0.02564102564102564,0.029411764705882353,0.11538461538461539
daysOfSalesOutstanding,7.347810127315933,8.194003639287377,9.610545854530455,8.640010261433336,9.083651633413204,12.477603228180596,10.72986237603724,11.581843873174844,11.257250648431974,21.891094599090607,16.470170594615915,17.04766072565245,14.836801223487745,15.146506719982227,5.006746120980437,5.56631602382145,5.987098029045644,4.989428790143259,5.18943251721188,5.611095197173685,6.071847731795683,7.4538396294121485,7.65407395549864,7.460805715419726,4.179189299131392,7.468150817140651,13.554108355272275,13.364173228346456,8.011306950448953,8.56172839506173,6.281596213832419,4.776624548736462,5.19496977968415,7.199211045364891,7.482915717539863,13.744769874476988
daysOfInventoryOutstanding,54.266468931482265,55.83090299544823,56.22238761536171,59.97584907953095,58.90890782339272,59.251743817374766,60.77718072130283,60.351207976479614,59.97066014669927,69.65050094380717,54.884553826778266,57.22807157480524,53.34869718122236,50.9993532645442,56.38415854578863,54.12184796613289,52.69310613268748,49.69982806380743,51.8558583106267,47.5359643539147,54.33968484209138,52.57642455368061,42.78388278388279,46.27757575757576,55.64942437874585,61.55840286054828,69.79223053653877,75.51150603782183,91.32156862745099,69.07122852168648,67.10939615488762,67.77357392316648,87.71317829457365,95.21739130434783,106.77611940298507,126.42458100558659
operatingCycle,61.614279058798196,64.0249066347356,65.83293346989217,68.61585934096429,67.99255945680592,71.72934704555536,71.50704309734007,71.93305184965446,71.22791079513124,91.54159554289778,71.35472442139418,74.27573230045769,68.1854984047101,66.14585998452642,61.39090466676907,59.68816398995434,58.68020416173313,54.68925685395069,57.04529082783858,53.14705955108838,60.411532573887065,60.03026418309276,50.43795673938143,53.738381472995485,59.82861367787724,69.02655367768892,83.34633889181104,88.87567926616829,99.33287557789994,77.63295691674821,73.39099236872003,72.55019847190295,92.9081480742578,102.41660234971272,114.25903512052494,140.16935088006358
daysOfPayablesOutstanding,61.89015727424541,69.43048325111069,57.46114915153319,58.290448994471106,55.109062742060416,60.71354670760605,53.54552647194567,58.67154544292471,57.137224938875306,73.67837955568463,51.36987379634245,47.49435005716413,51.30654872915224,53.61745597789341,51.461922105194084,52.8588256948279,51.051379638439585,49.22915273665106,50.42370572207084,50.997772119669,58.93617722687413,52.754952311078505,47.48143748143748,44.77333333333333,38.14356755824482,26.537544696066746,39.16733004298679,33.847117794486216,42.082352941176474,32.68450533646204,33.95004061738424,29.673069460613117,28.011627906976745,21.47058823529412,25.059701492537314,24.46927374301676
cashConversionCycle,-0.27587821544721436,-5.405576616375086,8.371784318358976,10.325410346493186,12.883496714745505,11.015800337949308,17.961516625394403,13.261506406729751,14.09068585625593,17.863215987213152,19.984850625051727,26.781382243293564,16.878949675557863,12.528404006633018,9.928982561574983,6.8293382951264405,7.628824523293545,5.460104117299629,6.6215851057677355,2.1492874314193813,1.4753553470129361,7.275311872014257,2.9565192579439454,8.965048139662152,21.685046119632425,42.48900898162218,44.17900884882425,55.028561471682075,57.25052263672347,44.948451580286175,39.440951751335795,42.877129011289824,64.89652016728105,80.9460141144186,89.19933362798763,115.70007713704682
grossProfitMargin,0.22487973570835185,0.22371038043248276,0.23025803199046702,0.23230485785582686,0.2343004910915518,0.23957566682739892,0.23259461647439789,0.22427427551501028,0.22848384814902145,0.23622047244094488,0.24833842816290308,0.2518499363462763,0.24469754899987925,0.24431856047984005,0.23851285510831272,0.24403072299215228,0.25045383817427386,0.23675864834323626,0.2524544750886055,0.2499761290938604,0.22605500841965606,0.1996476805637111,0.1915319353289579,0.18138519547529272,0.16756000095714388,0.13627589756788058,0.12969377857835665,0.1360236220472441,0.1519787163285667,0.18450617283950618,0.20555017747660537,0.22472924187725632,0.24546695262234353,0.22879684418145957,0.23917995444191345,0.2510460251046025
operatingProfitMargin,0.058712157802206295,0.050590326266345055,0.04603785691369907,0.04431073485855547,0.04372375507105407,0.0470522549044489,0.034785468528637925,0.035945363048166784,0.02688045272341429,-0.0027725407563491183,0.021398284192880385,0.04205124124761299,0.044975248520948204,0.041541708319449075,0.053993953476750865,0.05562976568152724,0.05329356846473029,0.05256442970145445,0.05312258117081517,0.04821923040198606,0.04781344083278053,0.0394276766490507,0.0431614374899952,0.03616789045445525,0.022361273958507812,0.006845965770171149,0.01697381183317168,0.023996062992125984,0.025673428666444963,0.022222222222222223,0.0202215768527482,0.016395908543922984,0.025736010918307663,0.01775147928994083,0.02050113895216401,0.06276150627615062
pretaxProfitMargin,0.058422364328355327,0.050294105200795566,0.0456712039965168,0.04403087758576459,0.043106925102607295,0.046087861330355556,0.03314106456182959,0.034383598998487815,0.025630747465220465,-0.0041255406454474884,0.02056996351444631,0.04133513685550605,0.04417032237292228,0.037765189381317336,0.055667990905229496,0.05927533811988646,0.05578967842323652,0.05260088214923632,0.05279667576485925,0.04841019765110283,0.04776241261417564,0.04182162197429373,0.045061629582199454,0.03621750347291129,0.018413055442559403,0.00038605070132544073,0.010946376610780103,0.018503937007874015,0.02261390089790489,0.019814814814814816,0.016564483166612885,0.011131167268351384,0.01852212906999415,0.005917159763313609,0.011389521640091117,0.06694560669456066
netProfitMargin,0.047332934062324916,0.03804324827557023,0.035313259086117606,0.03414258728048695,0.023724229555645182,0.03116513971017435,0.02269277474195507,0.030565953543717,0.012544211270926668,-0.00978152378839969,-0.024277684646484568,0.02540181413112667,0.02650219342375337,0.02228146173497723,0.03515478599805112,0.03832025379863082,0.03695539419087137,0.03586920861735866,0.028720413899865564,0.004726439415640217,0.029086084604786448,0.025836758661186142,0.027773331198975508,0.022226632268307202,0.011306262113852265,0.0002573671342169605,0.00665096300401829,0.01141732283464567,0.013634852011972065,0.012283950617283951,0.010325911584382058,0.006768953068592058,0.011113277441996491,0.0039447731755424065,0.00683371298405467,0.03347280334728033
effectiveTaxRate,0.18981481481481483,0.24358435002103493,0.22679377822378324,0.2245762711864407,0.45019262520638414,0.335352422907489,0.383969465648855,0.10165825522710886,0.36614535418583255,-1.2419354838709677,0.6797698945349953,0.343599615014437,0.365375854214123,0.39647058823529413,0.36579892280071813,0.3530516431924883,0.33759442184776295,0.35273735273735274,0.38271604938271603,0.11834319526627218,0.1282051282051282,0.383213728549142,0.3836589698046181,0.3863013698630137,0.38596491228070173,0.3333333333333333,0.3924050632911392,0.3829787234042553,0.39705882352941174,0.38006230529595014,0.37662337662337664,0.3918918918918919,0.4,0.3333333333333333,0.4,0.5
returnOnAssets,0.13996800731261427,0.09429905071589657,0.09883907382464242,0.11347957522672661,0.07663422484481569,0.08862586605080831,0.06635106146904357,0.08082066072364971,0.037964747020623704,-0.026270328230178115,-0.07691346454233053,0.07154462434870301,0.07195934870505956,0.06337672185012005,0.11028374353346919,0.10147383935151069,0.09608900876601484,0.09558966388187294,0.08148404993065188,0.01291922223672191,0.07728813559322034,0.08181818181818182,0.11585976627712855,0.08917197452229299,0.04595632932937801,0.0011534025374855825,0.02538339502908514,0.038487060384870604,0.0430672268907563,0.04531997267137326,0.028469750889679714,0.02425876010781671,0.03635204081632653,0.014285714285714285,0.02158273381294964,0.09090909090909091
returnOnEquity,0.8112582781456954,0.3919773272291258,0.44294337453291177,0.44283121597096187,0.2768549280177187,0.2607772350817583,0.20488807674737322,0.24684684684684685,0.13346713497240342,-0.14407056517477948,-0.3287049399198932,0.1934262344744017,0.2083860759493671,0.2160241223346974,0.3137823371989295,0.2220609579100145,0.21685371885105573,0.22117329737019556,0.2060198714202221,0.03626373626373627,0.2261007536691789,0.21734357848518113,0.3166058394160584,0.21052631578947367,0.11998476383951244,0.0029940119760479044,0.07250755287009064,0.09570957095709572,0.13183279742765272,0.10916072408118487,0.06091370558375635,0.07936507936507936,0.08610271903323263,0.03333333333333333,0.05172413793103448,0.14285714285714285
returnOnCapitalEmployed,0.4449487554904832,0.2797800140416569,0.26676404195989906,0.3526354862657758,0.3522553516819572,0.2753192753192753,0.20852289960570217,0.19387618665597006,0.17333130606659572,-0.02091350175673415,0.15174825174825174,0.23013281079904202,0.2397039897039897,0.2530104180760384,0.36082818500584407,0.2750034392626221,0.2830578512396694,0.27029053420806,0.3141411708022163,0.26098191214470284,0.2570644718792867,0.28438023529411766,0.44566859504132234,0.324,0.1827694113045179,0.058078602620087336,0.13373362445414846,0.13931428571428572,0.14036363636363636,0.14223627024891347,0.09848088004190676,0.09864253393665158,0.12313432835820895,0.0297029702970297,0.047619047619047616,0.25806451612903225
netIncomePerEBT,0.8101851851851852,0.756415649978965,0.7732062217762168,0.7754237288135594,0.550357732526142,0.6762114537444934,0.684732824427481,0.8889689978370584,0.48942042318307266,2.370967741935484,-1.180249280920422,0.6145332050048123,0.6,0.59,0.631508078994614,0.6464788732394366,0.6624055781522371,0.681912681912682,0.5439814814814815,0.09763313609467456,0.6089743589743589,0.6177847113884556,0.6163410301953819,0.6136986301369863,0.6140350877192983,0.6666666666666666,0.6075949367088608,0.6170212765957447,0.6029411764705882,0.6199376947040498,0.6233766233766234,0.6081081081081081,0.6,0.6666666666666666,0.6,0.5
ebtPerEbit,0.9950641658440277,0.9941447093266416,0.9920358387257342,0.9936842105263158,0.9858925664677157,0.9795037756202805,0.9527272727272728,0.956551724137931,0.9535087719298245,1.488,0.9612903225806452,0.9829706717123936,0.9821029082774049,0.9090909090909091,1.031004164738547,1.0655327663831915,1.04683698296837,1.0006934812760055,0.9938650306748467,1.003960396039604,0.9989327641408752,1.060717382526791,1.0440252272099306,1.0013717421124828,0.8234349919743178,0.05639097744360902,0.6448979591836734,0.771123872026251,0.8808290155440415,0.8916666666666667,0.8191489361702128,0.6788990825688074,0.7196969696969697,1,1,1
ebitPerRevenue,0.058712157802206295,0.050590326266345055,0.04603785691369907,0.04431073485855547,0.04372375507105407,0.0470522549044489,0.034785468528637925,0.035945363048166784,0.02688045272341429,-0.0027725407563491183,0.021398284192880385,0.04205124124761299,0.044975248520948204,0.041541708319449075,0.053993953476750865,0.05562976568152724,0.05329356846473029,0.05256442970145445,0.05312258117081517,0.04821923040198606,0.04781344083278053,0.0394276766490507,0.0431614374899952,0.03616789045445525,0.022361273958507812,0.006845965770171149,0.01697381183317168,0.023996062992125984,0.025673428666444963,0.022222222222222223,0.0202215768527482,0.016395908543922984,0.025736010918307663,0.005917159763313609,0.011389521640091117,0.06694560669456066
debtRatio,0.8274680073126143,0.7594272827398122,0.7768584439740877,0.7437407952871871,0.7231971798605257,0.6601472286374134,0.676159479251424,0.6722600943890928,0.7155498465710411,0.8176565199261333,0.7660106216807248,0.6301193344164939,0.654682548355371,0.6742070011373689,0.6485342530177144,0.543036109064112,0.5568948078219824,0.5678064892170196,0.6044845122515026,0.6437426595328201,0.6581694915254237,0.6235537190082645,0.6340567612687813,0.5764331210191083,0.6169819578855226,0.6147635524798154,0.6499206768905341,0.5978765759787658,0.6733193277310925,0.5848326121612389,0.5326215895610913,0.6943396226415094,0.5778061224489796,0.5714285714285714,0.5827338129496403,0.36363636363636365
debtEquityRatio,4.796026490066225,3.1567473294092,3.481460189709687,2.9022988505747125,2.6126799557032117,1.9424506264599704,2.0879396984924625,2.0532532532532533,2.5155544405418966,4.484155504737014,3.27369826435247,1.7035746743411087,1.895886075949367,2.2980831359035108,1.8452274754683318,1.1883567166586035,1.2568004565341448,1.3137783771634075,1.5283459964932788,1.806959706959707,1.9254264180880603,1.6564215148188803,1.7326642335766422,1.3609022556390977,1.6108430675469783,1.595808383233533,1.8564954682779455,1.4867986798679869,2.0610932475884245,1.4086670323642347,1.1395939086294415,2.271604938271605,1.3685800604229608,1.3333333333333333,1.396551724137931,0.5714285714285714
longTermDebtToCapitalization,0.5204065427981579,0.40896791650560493,0.26541385135135137,0.2871927554980595,0.18335971060366268,0.21907131011608624,0.234213748469477,0.2403041825095057,0.28795998570918185,0.27361177028951117,0.31031307550644566,0.09722412142759469,0.14870689655172414,0.1951811405789565,0.12267657992565056,0.08687969371226624,0.032750689972401104,0.10608800482218204,0.12346311475409837,0.2327150084317032,0.2438512297540492,0.09036445332001997,0.013501350135013501,0.028310502283105023,0.21082164328657316,0.24519774011299436,0.23732718894009217,0.2725090036014406,0.4042145593869732,0.2087673611111111,0.08637681159420289,0.38436482084690554,0.3464955577492596,0.3684210526315789,0.42574257425742573,0.0967741935483871
totalDebtToCapitalization,0.5659672319632079,0.4652599673583586,0.3569316081330869,0.29569663400085217,0.2728004831890477,0.22472835034573593,0.2837041884816754,0.24501209189842804,0.2936381357433989,0.3636174636174636,0.37090542583571307,0.20563109132475033,0.2218665353361241,0.29715410233121403,0.15396226415094338,0.09487666034155598,0.10182812233042884,0.11883541295306001,0.1989700374531835,0.23293059848271985,,,,,0.24883166428230805,0.3405725567620928,0.31185031185031187,0.3377049180327869,0.4165103189493433,0.23978315262718933,0.251661918328585,0.38636363636363635,0.3477832512315271,0.375,0.43137254901960786,0.16417910447761194
interestCoverage,-121.56,45.98076923076923,31.390625,26.027397260273972,24.573333333333334,25.75,17.1875,16.11111111111111,11.4,-1.1160714285714286,8.097014925373134,24.298850574712645,23.77659574468085,,34.854838709677416,15.259541984732824,-21.350649350649352,-1442,163,-7.266187050359712,-6.741007194244604,16.33264864864865,23.44604347826087,,,-1.064,-2.784090909090909,-4.353571428571429,-8.577777777777778,,,,,-0.6,-1.25,
cashFlowToDebtRatio,0,1.234527687296417,1.3283272915587778,1.7348703170028819,1.5800738007380073,1.8644688644688645,0.76239907727797,1.1937075879086982,0.660229330114665,0.7890222984562607,1.491394927536232,0.6963136337039204,1.2241953385127635,0.95618950585838,2.4816176470588234,2.710769230769231,2.8439597315436242,3.0683333333333334,1.6011764705882352,0.804583835946924,1.9409594095940959,4.46521546961326,50.681866666666664,21.36774193548387,2.0789574549635876,-0.059130434782608696,0.33166666666666667,-0.12103559870550162,-0.5684684684684684,-0.5391304347826087,0.11886792452830189,0.6050420168067226,0.9688385269121813,0.2638888888888889,-0.33181818181818185,-2.381818181818182
companyEquityMultiplier,5.796026490066225,4.1567473294092,4.481460189709686,3.9022988505747125,3.6126799557032117,2.94245062645997,3.0879396984924625,3.0542542542542543,3.5155544405418966,5.484155504737014,4.27369826435247,2.703574674341109,2.895886075949367,3.4085720439371094,2.8452274754683318,2.1883567166586033,2.256800456534145,2.3137783771634077,2.528345996493279,2.8069597069597068,2.9254264180880605,2.6564215148188803,2.7326642335766422,2.3609022556390977,2.6108430675469783,2.595808383233533,2.8564954682779455,2.4867986798679866,3.0610932475884245,2.4086670323642347,2.1395939086294415,3.271604938271605,2.3685800604229605,2.3333333333333335,2.396551724137931,1.5714285714285714
receivablesTurnover,49.674664107485604,44.544769085768145,37.97911227154047,42.245320197044336,40.18207816968541,29.252412769116557,34.017211703958694,31.51484375,32.42354740061162,16.67344674556213,22.161276223776223,21.410562180579216,24.600990099009902,24.09796573875803,72.90163934426229,65.57299270072993,60.96442687747036,73.15466666666667,70.3352435530086,65.04968944099379,60.11349693251534,48.968051118210866,47.68702290076336,48.922330097087375,87.337513061651,48.874213836477985,26.92910447761194,27.311827956989248,45.56060606060606,42.63157894736842,58.10625,76.41379310344827,70.26027397260275,50.7,48.77777777777778,26.555555555555557
payablesTurnover,5.897545200646774,5.2570568849405355,6.352118003025718,6.261746243104432,6.623230043094603,6.011837881219904,6.816629213483146,6.221073558648111,6.388129636860602,4.95396345849518,7.105331841909023,7.6851246424192885,7.114101592115238,6.807484490694416,7.0926227600651615,6.9051855617691915,7.149659863945578,7.414305949008498,7.238658777120316,7.157175398633258,6.1931400571661905,6.918781725888325,7.687214611872146,8.152173913043478,9.56911016366387,13.754098360655737,9.318991097922849,10.783783783783784,8.673469387755102,11.167371090448013,10.751091703056769,12.30071599045346,13.030303030303031,17,14.565217391304348,14.916666666666666
inventoryTurnover,6.726068734283319,6.537598004276551,6.492075763432547,6.085782954335367,6.1960069111153775,6.16015625,6.00554345674124,6.047931967529958,6.086309523809524,5.240450464160706,6.6503228057930555,6.377988807868408,6.8417790740065625,7.156953503050705,6.473449447748513,6.744041708043694,6.92690233672858,7.344089793055068,7.0387418488684315,7.678396871945259,6.717006200177148,6.942275042444821,8.53125,7.887189292543021,6.558917797888386,5.929328621908128,5.229808492922564,4.833700440528634,3.9968652037617556,5.2844,5.438880706921944,5.385579937304075,4.161290322580645,3.8333333333333335,3.4183673469387754,2.8870967741935485
fixedAssetTurnover,10.554853181076671,9.700738916256158,8.663490172721858,17.083266932270917,17.41057414291615,17.184038377671172,16.84910485933504,17.576906318082788,16.32409545804465,13.787461773700306,14.608182080092192,13.149882291394192,12.20982800982801,10.784619070436033,12.10617059891107,12.23076923076923,11.374631268436579,11.133522727272727,10.938948306595366,10.158098933074685,10.330521876647339,10.61426592797784,17.89971346704871,23.7688679245283,25.107239411234605,23.406626506024097,23.205787781350484,21.434599156118143,17.38150289017341,12.816455696202532,15.946826758147512,16.78787878787879,18.71897810218978,20.28,15.678571428571429,18.384615384615383
assetTurnover,2.957095521023766,2.4787328892851526,2.7989224552626517,3.3236958375319743,3.2302092114338263,2.84375,2.9238849027294918,2.644140010487677,3.026475415685435,2.685709179722404,3.1680724773508278,2.81651633144714,2.715222380067752,2.844370024011121,3.1370904530490673,2.6480471628592483,2.6001348617666893,2.6649504565766464,2.837147480351364,2.7333942320240117,2.6572203389830507,3.1667355371900827,4.171619365609349,4.0119426751592355,4.064679278315421,4.481545559400231,3.8164992067689054,3.3709356337093563,3.158613445378151,3.689364609428376,2.75711743772242,3.5838274932614556,3.271045918367347,3.6214285714285714,3.158273381294964,2.715909090909091
operatingCashFlowPerShare,0,18.97919876733436,9.682899207248019,8.712011577424024,7.127163781624501,7.990580847723705,3.815295815295815,5.536480686695279,3.197895352236188,4.070796460176991,8.98989898989899,2.930312730854469,5.292706333973128,4.550303030303031,4.603318936121846,3.6548433934868285,3.457067101774424,3.7678643767430327,2.807878132790998,1.385515416772333,3.330778484111547,1.7395394752382936,1.65635167820722,1.4839796798913347,1.374257004302154,-0.053387999993373604,0.2582211562887493,-0.09804503984127043,-0.3398599614838483,-0.10395592955366743,0.02627624997372375,0.1067712001533709,0.16015800008176487,0.042600896860986545,-0.06547085201793722,-0.12242990654205607
freeCashFlowPerShare,0,16.2326656394453,6.878067195167988,5.748914616497829,4.836884154460719,6.163265306122449,1.9422799422799424,3.9313304721030042,1.598947676118094,1.991150442477876,6.8987168987168985,1.0982516621521792,3.8171785028790786,1.3915151515151516,2.7915435326210503,2.134411947728687,2.135427289414644,2.740451059456231,1.683489020100995,-0.12047960145846374,2.007332280348594,0.32392466746565557,0.8697683002297142,1.1127607291697252,1.1915801421889807,-0.2826423529060956,-0.06929150626039805,-0.40764715762881154,-0.612932862390839,-0.3551268690236574,-0.0792458332540875,0.006426044453675101,0.11473307023401284,0.013452914798206279,-0.15246636771300448,-0.1724299065420561
cashPerShare,11.896272285251216,21.1633281972265,8.41449603624009,7.163531114327062,10.42942743009321,12.310832025117739,9.468975468975469,11.124463519313304,8.479976615024846,5.386430678466077,3.2732732732732734,2.7702536321103177,4.596928982725528,1.233939393939394,3.41441236644692,7.867662310723916,7.611666326738732,6.852150968677715,5.364058152282582,3.9758268481293033,3.9154588644023574,1.6078069249880047,1.6362461134470478,1.7608816853783047,1.317756393690174,0.23553529408841298,0.22318612503349186,0.38012114376963135,0.16158159816981693,0.023809261284872218,0.47046999952953,0.13395831130353478,0.11145498251304105,0.004484304932735426,0.004484304932735426,0.014018691588785047
payoutRatio,0,0.31590656284760843,0.3419857235561324,0.3394808743169399,0.409,0.41123778501628666,0.5562987736900781,0.2035685320356853,0.43796992481203006,-0.5079365079365079,-0.1852152721364744,0.1855912294440094,0.1776765375854214,0.22233300099700898,0.14498933901918976,0.12636165577342048,0.1324561403508772,0.13922764227642276,0.18439716312056736,0,0,0,0,0,0,0,0,0,0,0,0,0,0,0,0,0
operatingCashFlowSalesRatio,0,0.10424865642588126,0.05877904578578303,0.05615802607336925,0.05079357547863633,0.06458899068598838,0.03344464683262498,0.04796846724013982,0.025795802876680027,0.030608849950094268,0.06494428557341485,0.023671228516868238,0.04439167706362941,0.04169721204043097,0.050595907353271866,0.0490343407357934,0.05494683609958506,0.06710895636642,0.05544465718825111,0.031843788790222476,0.08052252895851406,0.052730736608599206,0.06084744677445174,0.06572732685056559,0.06489435524395205,-0.002625144769012997,0.013786892060412914,-0.007362204724409449,-0.04196873960758231,-0.019135802469135803,0.006776379477250726,0.032490974729241874,0.06667966465197894,0.01873767258382643,-0.03325740318906606,-0.1096234309623431
freeCashFlowOperatingCashFlowRatio,,0.8552871930180638,0.7103313840155946,0.6598837209302325,0.678654834189631,0.7713163064833006,0.5090771558245083,0.710077519379845,0.5,0.4891304347826087,0.7673853628909809,0.37478991596638656,0.7212148685403446,0.3058071390516782,0.6064197530864197,0.5839954597048809,0.6176991150442478,0.7273221075502444,0.5995591476855253,-0.08695652173913043,0.6026615969581749,0.1862128868454004,0.5251108877862957,0.7498490338164251,0.8670722713864307,5.294117647058823,-0.26834170854271355,4.157754010695188,1.803486529318542,3.4161290322580644,-3.015873015873016,0.06018518518518518,0.716374269005848,0.3157894736842105,2.328767123287671,1.4083969465648856
cashFlowCoverageRatios,0,1.234527687296417,1.3283272915587778,1.7348703170028819,1.5800738007380073,1.8644688644688645,0.76239907727797,1.1937075879086982,0.660229330114665,0.7890222984562607,1.491394927536232,0.6963136337039204,1.2241953385127635,0.95618950585838,2.4816176470588234,2.710769230769231,2.8439597315436242,3.0683333333333334,1.6011764705882352,0.804583835946924,,,,,2.0789574549635876,-0.059130434782608696,0.33166666666666667,-0.12103559870550162,-0.5684684684684684,-0.5391304347826087,0.11886792452830189,0.6050420168067226,0.9688385269121813,0.2638888888888889,-0.33181818181818185,-2.381818181818182
shortTermCoverageRatios,0,6.030599755201958,3.8056379821958455,43,3.9356617647058822,57.84090909090909,3.3468354430379748,47.19512195121951,24.31111111111111,2.315436241610738,6.2963671128107075,1.1923847695390781,3.160458452722063,2.2425328554360813,10.714285714285714,29.366666666666667,4.055023923444976,25.569444444444443,3.698369565217391,667,,,,,10.740594059405941,-0.159375,1.0585106382978724,-0.4560975609756098,-11.472727272727273,-3.297872340425532,0.16535433070866143,72,171,9.5,-14.6,-5.24
capitalExpenditureCoverageRatio,,-6.9102384291725105,-3.452220726783311,-2.9401709401709404,-3.1119186046511627,-4.3728522336769755,-2.036979969183359,-3.449197860962567,-2,-1.9574468085106382,-4.298955613577023,-1.5994623655913978,-3.586991869918699,-1.4405218726016884,-2.5407779171894607,-2.4038199181446114,-2.615740740740741,-3.6673306772908365,-2.4972477064220184,-0.92,-2.5167464114832536,-1.228822604628816,-2.1057547420670093,-3.9975859987929994,-7.522884882108183,0.2328767123287671,-0.7884310618066561,0.31668077900084673,1.244575936883629,0.41388518024032045,-0.2490118577075099,-1.064039408866995,-3.5257731958762886,-1.4615384615384615,0.7525773195876289,2.4485981308411215
dividendPaidAndCapexCoverageRatio,,-33.97931034482759,-11.875,-7.478260869565218,-7.673835125448028,-33.05194805194805,-8.813333333333333,-6.241935483870968,-3.484076433121019,-2.869022869022869,-6.120817843866171,-2.3471400394477318,-5.79002624671916,-1.737962962962963,-3.414839797639123,-3.152057245080501,-3.41046277665996,-5.043835616438356,-3.279518072289157,,,,,,,,,,,,,,,,,
dividendPayoutRatio,,0.31590656284760843,0.3419857235561323,0.3394808743169399,0.409,0.41123778501628666,0.5562987736900781,0.20356853203568534,0.43796992481203006,-0.5079365079365079,-0.18521527213647443,0.1855912294440094,0.17767653758542143,0.22233300099700898,0.14498933901918978,0.12636165577342048,0.1324561403508772,0.13922764227642276,0.1843971631205674,,,,,,,,,,,,,,,,,
priceBookValueRatio,7.8975999182781464,5.755117619184652,6.061710050273066,5.606589064488808,6.242531395127353,3.121421880866426,2.5635300716080405,2.70294000990991,2.2443339187155043,1.9679941195687682,2.312238086435247,1.8053673129354741,2.8358227848101265,3.2845413337281935,4.067407127586976,3.7691030478955003,5.106320144569146,3.8753127723852328,4.560010127213361,3.170600411758242,6.63840489133534,4.170649051008178,14.075493254361577,9.672223486128185,3.6853564710030478,0.6514655450529506,1.1398817804866,1.5124707955243268,4.4442781682176395,2.7565974102483817,1.4508902279756346,1.1397544675544269,1.239491428318278,0.7734383333333333,0.8627793103448276,1.2178892857142858
priceToBookRatio,7.8975999182781464,5.755117619184652,6.061710050273066,5.606589064488808,6.242531395127353,3.121421880866426,2.5635300716080405,2.70294000990991,2.2443339187155043,1.9679941195687682,2.312238086435247,1.8053673129354741,2.8358227848101265,3.2845413337281935,4.067407127586976,3.7691030478955003,5.106320144569146,3.8753127723852328,4.560010127213361,3.170600411758242,6.63840489133534,4.170649051008178,14.075493254361577,9.672223486128185,3.6853564710030478,0.6514655450529506,1.1398817804866,1.5124707955243268,4.4442781682176395,2.7565974102483817,1.4508902279756346,1.1397544675544269,1.239491428318278,0.7734383333333333,0.8627793103448276,1.2178892857142858
priceToSalesRatio,0.4607861469677943,0.5585613075874911,0.4832643399078784,0.4322718218055458,0.5349344831486796,0.3730369676674365,0.2839287252959927,0.3346931096333573,0.2109388116010375,0.13361494953975822,0.17077865365743022,0.23709092536600893,0.3606552098844931,0.3387787495834722,0.45569431477150646,0.6504204374686926,0.8701998508817428,0.6284863676718514,0.6356929423279472,0.4132406724004583,0.8539786054526913,0.49578668825842626,1.2347319198639577,1.0211595345545137,0.3472741447395372,0.05600038400403694,0.10455892180713995,0.18042466576530353,0.45965098447478747,0.31020228881992595,0.24595062915882543,0.09720830070748496,0.159981151403139,0.09153116370808678,0.11398906605922551,0.28536317991631793
priceEarningsRatio,9.735000715591836,14.682271701446052,13.6850676605451,12.660781043169399,22.548023399199998,11.969687000814332,12.511855801003346,10.94986646350365,16.81562969924812,-13.659931972789115,-7.034388004630382,9.333621769772906,13.608504176157934,15.204511876869393,12.962511414427862,16.973281045751634,23.547302631578948,17.52161232148567,22.133836390530664,87.43170832424242,29.360383738695425,19.189198411456818,44.45746572559161,45.943061559108884,30.71520377314286,217.58949204768552,15.72086955587769,15.802712104961069,33.711475861358196,25.25264863760201,23.8187812426,14.360906291185778,14.39549693941579,23.20315,16.6804,8.525225
priceToFreeCashFlowsRatio,,6.264528837019459,11.57447270301866,11.664810224795467,15.518254232071573,7.487914231788079,16.676277345468055,9.82619021069869,16.354506398537477,8.924488888888888,3.426724033913732,26.724293721973094,11.264864864864865,26.56816273954704,14.851998013110752,22.71351603498542,25.638896848137534,12.876225933041,19.122983646230537,-149.23688145,17.59770634180483,50.4918508613862,38.64375258459406,20.719238552930115,6.171777071150331,-4.029435037920102,-28.262237403825058,-5.894259177413132,-6.072805405604948,-4.745304134922379,-12.03475262784,49.710829469489234,3.349156430802857,15.468766666666667,-1.4718,-1.8482872628726288
priceToOperatingCashFlowsRatio,,5.357971284595089,8.221711214385964,7.697418375083055,10.531538252779074,5.775550348526522,8.48951184077156,6.977356769767441,8.177253199268739,4.365239130434782,2.629617866292135,10.015995798319329,8.12438803263826,8.124733837240276,9.006544967950619,13.264590238365493,15.837123893805309,9.365163782912493,11.465359776138222,12.977120126086957,10.6054618067531,9.402233311066142,20.29225522709015,15.536301010326675,5.351376763573009,-21.332303141929952,7.583937072182201,-24.506879734966365,-10.952222744181347,-16.210571222202578,36.295285703009526,2.9918554773303705,2.399249489902632,4.884873684210527,-3.4274794520547944,-2.60312213740458
priceCashFlowRatio,,5.357971284595089,8.221711214385964,7.697418375083055,10.531538252779074,5.775550348526522,8.48951184077156,6.977356769767441,8.177253199268739,4.365239130434782,2.629617866292135,10.015995798319329,8.12438803263826,8.124733837240276,9.006544967950619,13.264590238365493,15.837123893805309,9.365163782912493,11.465359776138222,12.977120126086957,10.6054618067531,9.402233311066142,20.29225522709015,15.536301010326675,5.351376763573009,-21.332303141929952,7.583937072182201,-24.506879734966365,-10.952222744181347,-16.210571222202578,36.295285703009526,2.9918554773303705,2.399249489902632,4.884873684210527,-3.4274794520547944,-2.60312213740458
priceEarningsToGrowthRatio,0.22413141182409113,0.7698272189406852,1.3948242038632492,0.2140121871764168,-1.6421767985077738,0.24410621521345763,-0.4698601167823597,0.08670960245211014,0.07646289380595445,-0.22289799248500053,0.03398150513006062,-14.74712239624118,0.45299541298717516,-0.6318758182595072,1.0903759601548133,0.7461838648415343,1.5026380784038107,0.4547275578671281,0.03669245604847329,-1.0562219797559487,0.7239698886763789,1.4827947443466536,0.8813530501249296,0.4196911133004522,0.005801373867515424,-2.2564856339400716,-0.8908590906833891,0.4389633480864086,0.5056683491775532,0.37879445976457665,0.2977213811870052,-0.8616220985179183,0.14396575576980555,3.5343595969945354,2.540798633879781,1.246173599726776
priceSalesRatio,0.4607861469677943,0.5585613075874911,0.4832643399078784,0.4322718218055458,0.5349344831486796,0.3730369676674365,0.2839287252959927,0.3346931096333573,0.2109388116010375,0.13361494953975822,0.17077865365743022,0.23709092536600893,0.3606552098844931,0.3387787495834722,0.45569431477150646,0.6504204374686926,0.8701998508817428,0.6284863676718514,0.6356929423279472,0.4132406724004583,0.8539786054526913,0.49578668825842626,1.2347319198639577,1.0211595345545137,0.3472741447395372,0.05600038400403694,0.10455892180713995,0.18042466576530353,0.45965098447478747,0.31020228881992595,0.24595062915882543,0.09720830070748496,0.159981151403139,0.09153116370808678,0.11398906605922551,0.28536317991631793
dividendYield,,0.021516191041233416,0.024989699140625987,0.02681358070717863,0.018139062247669625,0.03435660305806734,0.04446173153989415,0.018590960238116832,0.0260454073171945,0.03718440977219569,0.02632997668234345,0.01988416008510756,0.013056287104405661,0.014622830564869625,0.01118528149242824,0.007444739495729287,0.005625108846787495,0.007946051979799628,0.008331007777732399,,,,,,,,,,,,,,,,,
enterpriseValueMultiple,8.287012922040681,7.618030758629131,7.246667572289995,6.570261240278286,8.851717158074534,5.393591742879438,5.138574943144596,5.985936485613207,4.538897479954181,8.102220708446866,17.357866487791743,4.098506217277487,5.701943294042689,6.767257252024292,6.150926522381286,8.240234019501624,12.742345238095238,8.963232457376678,8.691565028434203,19.41215160025641,18.248161315181854,8.313058810174478,21.121315072411676,21.507094698331954,11.896430047533755,34.85752444926116,10.774212888566508,10.330375736976501,18.970153689381892,11.789503366487844,6.6480433042897635,4.817373573048421,6.236955503644667,16.613530612244897,15.506866666666667,4.329647727272727
priceFairValue,7.8975999182781464,5.755117619184652,6.061710050273066,5.606589064488808,6.242531395127353,3.121421880866426,2.5635300716080405,2.70294000990991,2.2443339187155043,1.9679941195687682,2.312238086435247,1.8053673129354741,2.8358227848101265,3.2845413337281935,4.067407127586976,3.7691030478955003,5.106320144569146,3.8753127723852328,4.560010127213361,3.170600411758242,6.63840489133534,4.170649051008178,14.075493254361577,9.672223486128185,3.6853564710030478,0.6514655450529506,1.1398817804866,1.5124707955243268,4.4442781682176395,2.7565974102483817,1.4508902279756346,1.1397544675544269,1.239491428318278,0.7734383333333333,0.8627793103448276,1.2178892857142858
