,2022,2021,2020,2019,2018,2017,2016,2015,2014,2013,2012,2011,2010,2009,2008,2007,2006,2005,2004,2003,2002,2001,2000,1999,1998,1997,1996,1995,1994,1993,1992,1991,1990
period,FY,FY,FY,FY,FY,FY,FY,FY,FY,FY,FY,FY,FY,FY,FY,FY,FY,FY,FY,FY,FY,FY,FY,FY,FY,FY,FY,FY,FY,FY,FY,FY,FY
revenuePerShare,209.72852512155592,182.05701078582433,164.7338618346546,155.13386396526772,140.3162450066578,123.71428571428571,114.07792207792208,115.41917024320458,123.96959953230049,132.99410029498526,138.42478842478843,123.7921694163999,119.2274472168906,109.12727272727273,90.98204137303932,74.53640323584318,62.916581684682846,56.14547715762716,50.642898255415595,43.50975400256865,41.364553835953096,32.98909871391051,27.22138341066234,22.57781886163175,21.176834242917156,20.337164115122857,18.72946819031059,13.317347657584326,8.097931094943993,5.432535673449717,3.877623746122376,3.286180271387082,2.40190170298062
netIncomePerShare,9.927066450567262,6.926040061633282,5.8172895432238585,5.296671490593343,3.3288948069241013,3.8555729984301412,2.588744588744589,3.5278969957081543,1.5551008477053494,-1.3008849557522124,-3.3606333606333605,3.144545678404334,3.15978886756238,2.4315151515151516,3.1984541941350306,2.8562538892345986,2.3251070772996125,2.013893833088074,1.4544849989843156,0.20564621628255017,1.2031329125117756,0.8523313819213518,0.7560284971586226,0.5018288772579392,0.23943083869202353,0.005234117646409177,0.12456900001869313,0.15204845750785254,0.11041409208270825,0.06673299993928973,0.04003999995996,0.02224400003195227,0.02669300001362748
operatingCashFlowPerShare,0.0,18.97919876733436,9.682899207248019,8.712011577424024,7.127163781624501,7.990580847723705,3.815295815295815,5.536480686695279,3.197895352236188,4.070796460176991,8.98989898989899,2.930312730854469,5.292706333973128,4.550303030303031,4.603318936121846,3.6548433934868285,3.457067101774424,3.7678643767430327,2.807878132790998,1.385515416772333,3.330778484111547,1.7395394752382936,1.65635167820722,1.4839796798913347,1.374257004302154,-0.053387999993373604,0.2582211562887493,-0.09804503984127043,-0.3398599614838483,-0.10395592955366743,0.02627624997372375,0.1067712001533709,0.16015800008176487
freeCashFlowPerShare,0.0,16.2326656394453,6.878067195167988,5.748914616497829,4.836884154460719,6.163265306122449,1.9422799422799424,3.9313304721030042,1.598947676118094,1.991150442477876,6.8987168987168985,1.0982516621521792,3.8171785028790786,1.3915151515151516,2.7915435326210503,2.134411947728687,2.135427289414644,2.740451059456231,1.683489020100995,-0.12047960145846374,2.007332280348594,0.32392466746565557,0.8697683002297142,1.1127607291697252,1.1915801421889807,-0.2826423529060956,-0.06929150626039805,-0.40764715762881154,-0.612932862390839,-0.3551268690236574,-0.0792458332540875,0.006426044453675101,0.11473307023401284
cashPerShare,11.896272285251216,21.1633281972265,8.41449603624009,7.163531114327062,10.42942743009321,12.310832025117739,9.468975468975469,11.124463519313304,8.479976615024846,5.386430678466077,3.2732732732732734,2.7702536321103177,4.596928982725528,1.233939393939394,3.41441236644692,7.867662310723916,7.611666326738732,6.852150968677715,5.364058152282582,3.9758268481293033,3.9154588644023574,1.6078069249880047,1.6362461134470478,1.7608816853783047,1.317756393690174,0.23553529408841298,0.22318612503349186,0.38012114376963135,0.16158159816981693,0.023809261284872218,0.47046999952953,0.13395831130353478,0.11145498251304105
bookValuePerShare,12.236628849270664,17.66949152542373,13.133257833144583,11.960926193921852,12.023968042609853,14.784929356357928,12.634920634920634,14.291845493562231,11.651563870213387,9.029498525073747,10.223860223860223,16.257079537059838,15.163147792706335,11.255757575757576,10.193225733121164,12.862476664592409,10.72200693452988,9.105501690456139,7.059925768119614,5.670850206579414,5.321224688495064,3.921585297628038,2.3879170976537476,2.3836871669752115,1.9955103550670659,1.748195293900665,1.7180141252578094,1.5886442284441145,0.8375312838468845,0.611327934117212,0.65732333267601,0.2802744004025986,0.31001343875476123
tangibleBookValuePerShare,6.628849270664506,12.711864406779661,7.980369950924877,8.585383502170767,10.609187749667111,13.45054945054945,11.356421356421356,12.927038626609441,10.114001753873136,6.486725663716814,5.599235599235599,9.38685052942625,8.22936660268714,5.958787878787879,7.488065469424869,10.788218211989214,9.496226799918418,7.973709729381236,5.999492733399134,4.711167863927513,3.689607598369445,3.0929297874267236,2.3879170976537476,2.3836871669752115,1.9955103550670659,1.748195293900665,1.7180141252578094,1.5886442284441145,0.8375312838468845,0.611327934117212,0.65732333267601,0.2802744004025986,0.31001343875476123
shareholdersEquityPerShare,12.236628849270664,17.66949152542373,13.133257833144583,11.960926193921852,12.023968042609853,14.784929356357928,12.634920634920634,14.291845493562231,11.651563870213387,9.029498525073747,10.223860223860223,16.257079537059838,15.163147792706335,11.255757575757576,10.193225733121164,12.862476664592409,10.72200693452988,9.105501690456139,7.059925768119614,5.670850206579414,5.321224688495064,3.921585297628038,2.3879170976537476,2.3836871669752115,1.9955103550670659,1.748195293900665,1.7180141252578094,1.5886442284441145,0.8375312838468845,0.611327934117212,0.65732333267601,0.2802744004025986,0.31001343875476123
interestDebtPerShare,15.854943273905997,15.573959938366718,7.5311438278595695,5.285817655571635,4.760319573901465,4.5117739403453685,5.235209235209235,4.895565092989986,5.135925168079509,5.489675516224189,6.393666393666393,4.422556020684561,4.5489443378119,4.758787878787879,1.9959081609456695,1.6199958514830948,1.0585355904548235,1.2259374044916223,1.7701391902532522,1.4332918104541377,1.4226519000577837,0.4692127304516533,0.08279274608653504,0.06944953212051838,0.6610318075634808,0.7720323528453537,0.6643680000996968,0.736648561374251,0.5736146735028501,0.1928214822366412,0.2210541664456125,0.17646906692015468,0.16530928078614912
marketCap,23850751753.2,26398724519.2,21088689264.899998,18535383447.199997,22548023399.199997,14698775637,11223134653.500002,13501185349.5,8945915000,6024030000,8659331633.7,11919035000,17922400000,15250125412.500002,18238253560.100002,23372208000,26843925000,17241266524.3419,15604354655.32412,8655739124.1,16735418731.056393,7598922570.9369,15426740606.780289,10291245789.240389,2902586756.5620003,435178984.095371,754601738.682129,916557302.0877421,1382170510.315686,502527707.88828,228660299.92896,64624078.310336,82054332.55467
enterpriseValue,24852751753.2,24895724519.2,20790689264.899998,17943383447.199997,22802023399.199997,13823775637,10981134653.500002,12690185349.5,7924915000,5947030000,9668331633.7,12525035000,17898400000,16715125412.500002,17616253560.100002,22817208000,26758925000,17487266524.3419,13854354655.32412,7570739124.1,15693418731.056393,7032922570.9369,14690740606.780289,9536245789.240389,2643386756.5620003,690178984.095371,968601738.682129,1080557302.087742,1544170510.315686,552927707.8882799,168860299.92896,73224078.310336,93554332.55467
peRatio,9.735000715591836,14.682271701446052,13.6850676605451,12.660781043169399,22.548023399199998,11.969687000814332,12.511855801003346,10.94986646350365,16.81562969924812,-13.659931972789115,-7.034388004630382,9.333621769772906,13.608504176157934,15.204511876869393,12.962511414427862,16.973281045751634,23.547302631578948,17.52161232148567,22.133836390530664,87.43170832424242,29.360383738695425,19.189198411456818,44.45746572559161,45.943061559108884,30.71520377314286,217.58949204768552,15.72086955587769,15.802712104961069,33.711475861358196,25.25264863760201,23.8187812426,14.360906291185778,14.39549693941579
priceToSalesRatio,0.4607861469677943,0.5585613075874911,0.4832643399078784,0.4322718218055458,0.5349344831486796,0.3730369676674365,0.2839287252959927,0.3346931096333573,0.2109388116010375,0.13361494953975822,0.17077865365743022,0.23709092536600893,0.3606552098844931,0.3387787495834722,0.45569431477150646,0.6504204374686926,0.8701998508817428,0.6284863676718514,0.6356929423279472,0.4132406724004583,0.8539786054526913,0.49578668825842626,1.2347319198639577,1.0211595345545137,0.3472741447395372,0.05600038400403694,0.10455892180713995,0.18042466576530353,0.45965098447478747,0.31020228881992595,0.24595062915882543,0.09720830070748496,0.159981151403139
pocfratio,,5.357971284595089,8.221711214385964,7.697418375083055,10.531538252779074,5.775550348526522,8.48951184077156,6.977356769767441,8.177253199268739,4.365239130434782,2.629617866292135,10.015995798319329,8.12438803263826,8.124733837240276,9.006544967950619,13.264590238365493,15.837123893805309,9.365163782912493,11.465359776138222,12.977120126086957,10.6054618067531,9.402233311066142,20.29225522709015,15.536301010326675,5.351376763573009,-21.332303141929952,7.583937072182201,-24.506879734966365,-10.952222744181347,-16.210571222202578,36.295285703009526,2.9918554773303705,2.399249489902632
pfcfRatio,,6.264528837019459,11.57447270301866,11.664810224795467,15.518254232071573,7.487914231788079,16.676277345468055,9.82619021069869,16.354506398537477,8.924488888888888,3.426724033913732,26.724293721973094,11.264864864864865,26.56816273954704,14.851998013110752,22.71351603498542,25.638896848137534,12.876225933041,19.122983646230537,-149.23688145,17.59770634180483,50.4918508613862,38.64375258459406,20.719238552930115,6.171777071150331,-4.029435037920102,-28.262237403825058,-5.894259177413132,-6.072805405604948,-4.745304134922379,-12.03475262784,49.710829469489234,3.349156430802857
pbRatio,7.8975999182781464,5.755117619184652,6.061710050273066,5.606589064488808,6.242531395127353,3.121421880866426,2.5635300716080405,2.70294000990991,2.2443339187155043,1.9679941195687682,2.312238086435247,1.8053673129354741,2.8358227848101265,3.2845413337281935,4.067407127586976,3.7691030478955003,5.106320144569146,3.8753127723852328,4.560010127213361,3.170600411758242,6.63840489133534,4.170649051008178,14.075493254361577,9.672223486128185,3.6853564710030478,0.6514655450529506,1.1398817804866,1.5124707955243268,4.4442781682176395,2.7565974102483817,1.4508902279756346,1.1397544675544269,1.239491428318278
ptbRatio,7.8975999182781464,5.755117619184652,6.061710050273066,5.606589064488808,6.242531395127353,3.121421880866426,2.5635300716080405,2.70294000990991,2.2443339187155043,1.9679941195687682,2.312238086435247,1.8053673129354741,2.8358227848101265,3.2845413337281935,4.067407127586976,3.7691030478955003,5.106320144569146,3.8753127723852328,4.560010127213361,3.170600411758242,6.63840489133534,4.170649051008178,14.075493254361577,9.672223486128185,3.6853564710030478,0.6514655450529506,1.1398817804866,1.5124707955243268,4.4442781682176395,2.7565974102483817,1.4508902279756346,1.1397544675544269,1.239491428318278
evToSales,0.48014435102103903,0.5267598603359993,0.4764354293253586,0.4184655296811958,0.5409604374558136,0.350830536685024,0.27780648283495246,0.31458849623193436,0.18686430087243575,0.13190706443384717,0.19067807186076324,0.24914534929980903,0.36017225419567755,0.3713234569032545,0.4401532508832422,0.6349754550008349,0.8674444048236515,0.6374536698261911,0.5644011347750894,0.3614408060775327,0.8008072016663975,0.45885839178814514,1.175823643891491,0.9462438766858889,0.3162626829415425,0.0888146936166994,0.13421113186672148,0.21270813033223268,0.5135252777903845,0.341313399931037,0.18162880491444552,0.11014452212746088,0.18240267606681615
enterpriseValueOverEBITDA,8.287012922040681,7.618030758629131,7.246667572289995,6.570261240278286,8.851717158074534,5.393591742879438,5.138574943144596,5.985936485613207,4.538897479954181,8.102220708446866,17.357866487791743,4.098506217277487,5.701943294042689,6.767257252024292,6.150926522381286,8.240234019501624,12.742345238095238,8.963232457376678,8.691565028434203,19.41215160025641,18.248161315181854,8.313058810174478,21.121315072411676,21.507094698331954,11.896430047533755,34.85752444926116,10.774212888566508,10.330375736976501,18.970153689381892,11.789503366487844,6.6480433042897635,4.817373573048421,6.236955503644667
evToOperatingCashFlow,,5.0529174993302215,8.105531877153995,7.451571199003321,10.650174404110228,5.431738953634578,8.306455864977309,6.558235322739018,7.243980804387569,4.309442028985507,2.936025397418767,10.525239495798319,8.11350861287398,8.905234636387855,8.699384474123457,12.94960726447219,15.786976401179942,9.498786813873927,10.179540525587155,11.350433469415293,9.945132275701136,8.701915074581294,19.324124613642603,14.396506324336336,4.873500657378319,-33.83230314192995,9.734690841026422,-28.89190647293428,-12.235899447826355,-17.83637767381548,26.803222210946032,3.3900036254785184,2.7355067998441522
evToFreeCashFlow,,5.907860588324632,11.410916171734357,11.292248865449967,15.693064968479007,7.0421679251146205,16.316693393016347,9.235942758005823,14.487961608775137,8.810414814814814,3.8260117268302336,28.08303811659193,11.24978001257071,29.12042754790941,14.345483355130295,22.174157434402332,25.557712511938874,13.059945126468932,16.978375803093282,-130.52998489827587,16.502017593119234,46.73100354115603,36.80008368348085,19.199206340326935,5.620639499387625,-6.390546149031213,-36.2772186772333,-6.948921556834354,-6.784580449541679,-5.221224814809064,-8.887384206787369,56.32621408487384,3.8185441859048983
earningsYield,0.1027221290696336,0.06810935121855226,0.0730723460639557,0.07898406872295677,0.044349785446625004,0.08354437337684495,0.07992419477211433,0.09132531463584881,0.0594684836598604,-0.07320680673901027,-0.14215877761388063,0.10713954611258378,0.07348346203633442,0.065769950926297,0.07714554441101241,0.05891612807827143,0.04246770917442215,0.05707237334396229,0.045179696025394935,0.011437498124724704,0.0340595003423628,0.052112651011151916,0.022493409907176905,0.021766072309165375,0.03255716639179169,0.004595810167987553,0.06360971296439018,0.06328027704093034,0.02966348919615978,0.03959980651340341,0.04198367623493243,0.06963348828574734,0.06946616738613143
freeCashFlowYield,0.0,0.15962892437985496,0.08639702435335968,0.08572792704971197,0.06444023825394612,0.13354853822373505,0.0599654214956889,0.10176884210028896,0.0611452266201948,0.11205123480460755,0.29182390822930654,0.03741913670024461,0.08877159309021113,0.03763903472751195,0.06733100819951901,0.04402664908681285,0.03900323816282455,0.0776625080361438,0.05229309497407413,-0.006700756477111442,0.05682558741331056,0.019805176141101874,0.025877404059321756,0.0482643219462609,0.16202788734454637,-0.2481737490713279,-0.03538290283644204,-0.16965660482525288,-0.16466854002551137,-0.21073464873213177,-0.08309269254830377,0.020116341060327007,0.29858264929126666
debtToEquity,1.0850993377483444,0.6919555264879006,0.36131072147168725,0.4029038112522686,0.22452934662236987,0.28052665109365044,0.30584741891274553,0.3163163163163163,0.4044154540893126,0.37667428944789283,0.4499332443257677,0.10769463798848834,0.17468354430379746,0.2425156149041568,0.13983050847457626,0.09514594420254797,0.033859615750428,0.11867835468644639,0.14085330216247807,0.3032967032967033,0.3224910749702499,0.09934138309549945,0.013686131386861315,0.02913533834586466,0.26714068054850176,0.3248502994011976,0.311178247734139,0.37458745874587457,0.6784565916398714,0.2638507953922106,0.09454314720812183,0.6243386243386243,0.5302114803625377
debtToAssets,0.8274680073126143,0.7594272827398122,0.7768584439740877,0.7437407952871871,0.7231971798605257,0.6601472286374134,0.676159479251424,0.6722600943890928,0.7155498465710411,0.8176565199261333,0.7660106216807248,0.6301193344164939,0.654682548355371,0.6742070011373689,0.6485342530177144,0.543036109064112,0.5568948078219824,0.5678064892170196,0.6044845122515026,0.6437426595328201,0.6581694915254237,0.6235537190082645,0.6340567612687813,0.5764331210191083,0.6169819578855226,0.6147635524798154,0.6499206768905341,0.5978765759787658,0.6733193277310925,0.5848326121612389,0.5326215895610913,0.6943396226415094,0.5778061224489796
netDebtToEBITDA,0.33411137045681893,-0.45991432068543453,-0.10386894388288602,-0.2167704137678506,0.0986024844720497,-0.3413968006242684,-0.11324286382779597,-0.38254716981132075,-0.5847651775486827,-0.10490463215258855,1.8114901256732496,0.19829842931937172,-0.007645747053201656,0.5931174089068826,-0.21717877094972068,-0.20043336944745396,-0.04047619047619048,0.12608918503331626,-1.0978670012547052,-2.782051282051282,-1.2116279069767442,-0.6690236155880138,-1.0581691086506761,-1.7027514659449707,-1.1665166516651666,12.878787878787879,2.3804226918798665,1.5678776290630976,1.99017199017199,1.0746268656716418,-2.354330708661417,0.5657894736842105,0.7666666666666667
currentRatio,0.9873524451939292,1.1919019104647848,1.0988833746898263,1.180620258219087,1.2573877446590764,1.4765515304689694,1.4275812274368231,1.5081651022245082,1.4100322754168908,1.114431082331175,1.1628458498023715,1.2089345492323675,1.176876809979951,0.9711914641375222,1.0846506130890825,1.441199809554039,1.3185270805812417,1.3920145190562614,1.2717173961341923,1.2831531769048248,1.2361930294906167,1.0788213627992633,1.253781512605042,1.487382840663302,1.6545419367321272,1.6931540342298288,1.601025641025641,1.9636075949367089,1.9029850746268657,1.639247311827957,1.8667122351332877,1.8613333333333333,2.5806451612903225
interestCoverage,-121.56,45.98076923076923,31.390625,26.027397260273972,24.573333333333334,25.75,17.1875,16.11111111111111,11.4,-1.1160714285714286,8.097014925373134,24.298850574712645,23.77659574468085,,34.854838709677416,15.259541984732824,-21.350649350649352,-1442.0,163.0,-7.266187050359712,-6.741007194244604,16.33264864864865,23.44604347826087,,,-1.064,-2.784090909090909,-4.353571428571429,-8.577777777777778,,,,
incomeQuality,0.0,2.740266963292547,1.6645035691109669,1.644808743169399,2.141,2.0724755700325734,1.4738015607580826,1.5693430656934306,2.056390977443609,-3.129251700680272,-2.6750609260763607,0.9318715740015662,1.6750189825360668,1.8713858424725822,1.439232409381663,1.2795933188090052,1.486842105263158,1.8709349593495934,1.9304964539007092,6.737373737373737,2.768421052631579,2.040919191919192,2.19085878962536,2.9571428571428573,5.73968253968254,-10.2,2.0729166666666665,-0.6448275862068965,-3.078048780487805,-1.5577889447236182,0.65625,4.8,6.0
dividendYield,,0.021516191041233416,0.024989699140625987,0.02681358070717863,0.018139062247669625,0.03435660305806734,0.04446173153989415,0.018590960238116832,0.0260454073171945,0.03718440977219569,0.02632997668234345,0.01988416008510756,0.013056287104405661,0.014622830564869625,0.01118528149242824,0.007444739495729287,0.005625108846787495,0.007946051979799628,0.008331007777732399,,,,,,,,,,,,,,
payoutRatio,0.0,0.31590656284760843,0.3419857235561324,0.3394808743169399,0.409,0.41123778501628666,0.5562987736900781,0.2035685320356853,0.43796992481203006,-0.5079365079365079,-0.1852152721364744,0.1855912294440094,0.1776765375854214,0.22233300099700898,0.14498933901918976,0.12636165577342048,0.1324561403508772,0.13922764227642276,0.18439716312056736,0.0,0.0,0.0,0.0,0.0,0.0,0.0,0.0,0.0,0.0,0.0,0.0,0.0,0.0
salesGeneralAndAdministrativeToRevenue,0.0,0.0,0.1812640359319859,0.18633830079992536,0.19026832103627433,0.19485825952338653,0.19287593604533496,0.1882049629390912,0.1978542796510257,0.21080181878673618,0.2019919140124248,0.20538271801400382,0.19867589648649736,0.19957791847162057,0.18451890163156184,0.18840095731062503,0.19716026970954356,0.1841942186417818,0.19933189391779035,0.20175689869187435,0.17824156758687554,0.1601748548313434,0.1483912277893389,0.14516769200238142,0.1370271111004762,0.12945566851113113,0.11278924760981017,0.11181102362204724,0.12637179913535085,0.15314814814814814,0.17457244272345918,0.19660048134777378,0.20900760382140768
researchAndDdevelopementToRevenue,0.0,0.0,0.0,0.0,0.0,0.0,0.0,0.0,0.0,0.0,0.0,0.0,0.0,0.0,0.0,0.0,0.0,0.0,0.0,0.0,0.0,0.0,0.0,0.0,0.0,0.0,0.0,0.0,0.0,0.0,0.0,0.0,0.0
intangiblesToTotalAssets,0.07906764168190128,0.06749881995070016,0.08755050990956321,0.07231997519572127,0.03256954555904667,0.030672632794457276,0.03276869590946076,0.03159412690089145,0.037536573182045244,0.05134925835467922,0.10584192439862543,0.15631127794274188,0.157906239755218,0.17047895867559712,0.09327480796363066,0.07369196757553427,0.050657451112609574,0.053720613949873715,0.05940822931114193,0.06028970377136891,0.1048135593220339,0.07954545454545454,0.0,0.0,0.0,0.0,0.0,0.0,0.0,0.0,0.0,0.0,0.0
capexToOperatingCashFlow,,-0.14471280698193628,-0.28966861598440546,-0.34011627906976744,-0.321345165810369,-0.2286836935166994,-0.4909228441754917,-0.289922480620155,-0.5,-0.5108695652173914,-0.23261463710901914,-0.6252100840336134,-0.2787851314596555,-0.6941928609483218,-0.39358024691358023,-0.4160045402951192,-0.3823008849557522,-0.27267789244975554,-0.4004408523144746,-1.0869565217391304,-0.3973384030418251,-0.8137871131545996,-0.47488911221370433,-0.25015096618357485,-0.13292772861356933,4.294117647058823,-1.2683417085427136,3.157754010695187,0.803486529318542,2.4161290322580644,-4.015873015873016,-0.9398148148148148,-0.28362573099415206
capexToRevenue,,-0.015086115695484745,-0.01702644484165177,-0.01910025886797733,-0.016322269934283883,-0.014770448950587519,-0.016418741145517102,-0.013907137013807977,-0.012897901438340013,-0.015637129865809028,-0.015106991420964402,-0.014799490770210057,-0.012375739525898499,-0.028945906919915585,-0.019913549708917372,-0.02039850837646797,-0.021006224066390043,-0.018299128786498014,-0.02220230578074714,-0.03461281390241574,-0.03199469306526509,-0.042911593919227504,-0.028895789979190012,-0.016441754316332605,-0.008626259242420617,-0.01127268047870287,-0.01748649023139809,-0.02324803149606299,-0.03372131692716994,-0.04623456790123457,-0.027213079488006883,-0.030535499398315284,-0.018912068629362448
capexToDepreciation,,-0.8498212157330155,-0.9150246305418719,-1.0636363636363637,-1.007320644216691,-0.8899082568807339,-0.9878234398782344,-0.8551829268292683,-0.7639664804469274,-0.8473557692307693,-0.8105820105820106,-0.7607361963190185,-0.6641468682505399,-1.6431273644388398,-1.3741379310344828,-1.4400785854616895,-1.4210526315789473,-1.093681917211329,-1.4155844155844155,-2.338709677419355,-2.029126213592233,-3.929676343886861,-3.295788791411435,-2.1135204081632653,-1.055636896046852,-1.311377245508982,-2.2987249544626596,-3.0595854922279795,-4.526785714285714,-5.0608108108108105,-2.53,-2.6025641025641026,-1.7636363636363637
stockBasedCompensationToRevenue,0.0,0.002856417417798654,0.003276960447316559,0.002868537046106486,0.0030604256126782283,0.002740908052686344,0.0026310463468933415,0.002156721782890007,0.0021221410044800753,0.0023732948874348454,0.0023666305098116558,0.002406906429026098,0.00237453213667646,0.0,0.0,0.0,0.0,0.0,0.0,0.0,0.0,0.0,0.0,0.0,0.0,0.0,0.0,0.0,0.0,0.0,0.0,0.0,0.0
grahamNumber,52.27964349196407,52.47419498105642,41.46081496880317,37.75506161271403,30.009945142443513,35.81338331164192,27.12827131452598,33.68165038336044,20.191224063003013,16.257079158269566,27.804127916768678,33.91497319826574,32.83333330372386,24.815161987438444,27.084270821862575,28.750934375506912,23.683767007012342,20.31241143452962,15.200082657098875,5.122426181213735,12.002006604979403,8.672141019443794,6.373382220631932,5.187925281997601,3.27874993762521,0.4537409462859136,2.194368767101485,2.331286200884139,1.4424608371385417,0.9580732264719778,0.7695340082255201,0.37453242163929296,0.43149941634998157
roic,0.4449487554904832,0.2797800140416569,0.26676404195989906,0.3526354862657758,0.3522553516819572,0.2753192753192753,0.20852289960570217,0.19387618665597006,0.17333130606659572,-0.02091350175673415,0.15174825174825174,0.23013281079904202,0.2397039897039897,0.2530104180760384,0.36082818500584407,0.2750034392626221,0.2830578512396694,0.27029053420806,0.3141411708022163,0.26098191214470284,0.2570644718792867,0.28438023529411766,0.44566859504132234,0.324,0.1827694113045179,0.058078602620087336,0.13373362445414846,0.13931428571428572,0.14036363636363636,0.14223627024891347,0.09848088004190676,0.09864253393665158,0.12313432835820895
returnOnTangibleAssets,0.151985111662531,0.10112485939257593,0.10832278925910305,0.12232620320855615,0.07921419518377694,0.09143027324845507,0.06859895992658305,0.08345742520644375,0.03944539185882702,-0.027692307692307693,-0.08601774858500454,0.0847997875024902,0.08545289384894887,0.07640158439975625,0.12162863070539419,0.10954653937947494,0.10121637219213353,0.10101632275947028,0.08663062177439174,0.013748090542980141,0.08633747349288094,0.08888888888888889,0.11585976627712855,0.08917197452229299,0.04595632932937801,0.0011534025374855825,0.02538339502908514,0.038487060384870604,0.0430672268907563,0.04531997267137326,0.028469750889679714,0.02425876010781671,0.03635204081632653
grahamNetNet,-31.53970826580227,-20.740562403697997,-24.289354473386183,-15.011758321273517,-9.696238348868176,-5.6004709576138145,-7.108225108225108,-8.071530758226038,-10.105232388190588,-19.42920353982301,-17.68905268905269,-13.327998030041861,-13.934740882917467,-15.475151515151515,-9.10718345078427,-2.3874714789462765,-1.685702631042219,-1.6173573186970025,-2.1966849683241843,-3.644507944118528,-3.431039560154195,-2.481123738661208,-0.7832629531081408,0.03472476606025919,-0.37099111698920156,-0.7609098528467342,-0.8862565313829939,-0.42599783353493165,-0.5722681601847683,-0.32259872332460665,0.05463791661202875,-0.2339327336693647,-0.0694252149477241
workingCapital,-135000000,2019000000,797000000,1357000000,2012000000,3394000000,2961000000,3952000000,3049000000,1237000000,1442000000,1810000000,1588000000,-243000000,573000000,2780000000,1929000000,1944000000,1223000000,1074000000,881000000,214000000,453000000,676000000,676600000,567000000,586000000,609000000,363000000,118900000,126800000,64600000,78400000
tangibleAssetValue,1636000000,3300000000,2114000000,2373000000,3187000000,4284000000,3935000000,4518000000,3460000000,2199000000,2051000000,3812000000,3430000000,2458000000,3294000000,5201000000,4656000000,3896000000,2908000000,2268000000,1748000000,1437000000,,,,,,,,,,,
netCurrentAssetValue,-3945000000,-1940000000,-3255000000,-725000000,392000000,1369000000,745000000,1473000000,458000000,-1679000000,-1963000000,-774000000,-1416000000,-2478000000,-932000000,1712000000,1378000000,1058000000,494000000,-66000000,-243000000,-89000000,339000000,615000000,441600000,319000000,332000000,340000000,124000000,48100000,93500000,10800000,37400000
investedCapital,1.3039735099337748,0.8700675822977981,0.5550445530324806,0.41984271022383546,0.3751384274640089,0.28987046081970697,0.3960712654179991,0.3245245245245245,0.4157049673858505,0.5713819013394316,0.5895861148197596,0.25886095122690095,0.28512658227848103,0.42278699116950247,0.18198037466547726,0.10482180293501048,0.1133726459958151,0.13486176668914363,0.2483927527761543,0.30366300366300364,0.3224910749702499,0.09934138309549945,0.013686131386861315,0.02913533834586466,0.3312595226003047,0.5164670658682635,0.45317220543806647,0.5099009900990099,0.7138263665594855,0.3154141524958859,0.3362944162436548,0.6296296296296297,0.5332326283987915
averageReceivables,1051500000,1061000000,1105000000,1038000000,1055000000,1204000000,1111500000,1170500000,1184500000,1882500000,1674500000,1704500000,1540500000,1464500000,805000000,804500000,783500000,718000000,705000000,691500000,693500000,687000000,661500000,633500000,578350000,610000000,664500000,623500000,563500000,549500000,538500000,534850000,534150000
averagePayables,6891000000,6979000000,6133500000,6118000000,5926000000,5981500000,5714500000,6004500000,6050500000,6965000000,6171500000,5936500000,6127500000,5988000000,5638000000,5456500000,5106500000,4901500000,4757000000,4587000000,4714000000,4376000000,4146500000,3995500000,3853050000,3733500000,3826500000,3693000000,3636500000,3548650000,3523850000,3510450000,3504350000
averageInventory,5788500000,5612000000,5393000000,5510500000,5410500000,5238000000,5331500000,5393000000,5494000000,6091500000,5671500000,5754500000,5549000000,5182500000,5160000000,4820000000,4475000000,4231500000,4109500000,3829000000,3935000000,3689500000,3398000000,3329000000,3336400000,3372000000,3406500000,3260000000,3125000000,2931000000,2873900000,2853850000,2852500000
daysSalesOutstanding,7.347810127315933,8.194003639287377,9.610545854530455,8.640010261433336,9.083651633413204,12.477603228180596,10.72986237603724,11.581843873174844,11.257250648431974,21.891094599090607,16.470170594615915,17.04766072565245,14.836801223487745,15.146506719982227,5.006746120980437,5.56631602382145,5.987098029045644,4.989428790143259,5.18943251721188,5.611095197173685,6.071847731795683,7.4538396294121485,7.65407395549864,7.460805715419726,4.179189299131392,7.468150817140651,13.554108355272275,13.364173228346456,8.011306950448953,8.56172839506173,6.281596213832419,4.776624548736462,5.19496977968415
daysPayablesOutstanding,61.89015727424541,69.43048325111069,57.46114915153319,58.290448994471106,55.109062742060416,60.71354670760605,53.54552647194567,58.67154544292471,57.137224938875306,73.67837955568463,51.36987379634245,47.49435005716413,51.30654872915224,53.61745597789341,51.461922105194084,52.8588256948279,51.051379638439585,49.22915273665106,50.42370572207084,50.997772119669,58.93617722687413,52.754952311078505,47.48143748143748,44.77333333333333,38.14356755824482,26.537544696066746,39.16733004298679,33.847117794486216,42.082352941176474,32.68450533646204,33.95004061738424,29.673069460613117,28.011627906976745
daysOfInventoryOnHand,54.266468931482265,55.83090299544823,56.22238761536171,59.97584907953095,58.90890782339272,59.251743817374766,60.77718072130283,60.351207976479614,59.97066014669927,69.65050094380717,54.884553826778266,57.22807157480524,53.34869718122236,50.9993532645442,56.38415854578863,54.12184796613289,52.69310613268748,49.69982806380743,51.8558583106267,47.5359643539147,54.33968484209138,52.57642455368061,42.78388278388279,46.27757575757576,55.64942437874585,61.55840286054828,69.79223053653877,75.51150603782183,91.32156862745099,69.07122852168648,67.10939615488762,67.77357392316648,87.71317829457365
receivablesTurnover,49.674664107485604,44.544769085768145,37.97911227154047,42.245320197044336,40.18207816968541,29.252412769116557,34.017211703958694,31.51484375,32.42354740061162,16.67344674556213,22.161276223776223,21.410562180579216,24.600990099009902,24.09796573875803,72.90163934426229,65.57299270072993,60.96442687747036,73.15466666666667,70.3352435530086,65.04968944099379,60.11349693251534,48.968051118210866,47.68702290076336,48.922330097087375,87.337513061651,48.874213836477985,26.92910447761194,27.311827956989248,45.56060606060606,42.63157894736842,58.10625,76.41379310344827,70.26027397260275
payablesTurnover,5.897545200646774,5.2570568849405355,6.352118003025718,6.261746243104432,6.623230043094603,6.011837881219904,6.816629213483146,6.221073558648111,6.388129636860602,4.95396345849518,7.105331841909023,7.6851246424192885,7.114101592115238,6.807484490694416,7.0926227600651615,6.9051855617691915,7.149659863945578,7.414305949008498,7.238658777120316,7.157175398633258,6.1931400571661905,6.918781725888325,7.687214611872146,8.152173913043478,9.56911016366387,13.754098360655737,9.318991097922849,10.783783783783784,8.673469387755102,11.167371090448013,10.751091703056769,12.30071599045346,13.030303030303031
inventoryTurnover,6.726068734283319,6.537598004276551,6.492075763432547,6.085782954335367,6.1960069111153775,6.16015625,6.00554345674124,6.047931967529958,6.086309523809524,5.240450464160706,6.6503228057930555,6.377988807868408,6.8417790740065625,7.156953503050705,6.473449447748513,6.744041708043694,6.92690233672858,7.344089793055068,7.0387418488684315,7.678396871945259,6.717006200177148,6.942275042444821,8.53125,7.887189292543021,6.558917797888386,5.929328621908128,5.229808492922564,4.833700440528634,3.9968652037617556,5.2844,5.438880706921944,5.385579937304075,4.161290322580645
roe,0.8112582781456954,0.3919773272291258,0.44294337453291177,0.44283121597096187,0.2768549280177187,0.2607772350817583,0.20488807674737322,0.24684684684684685,0.13346713497240342,-0.14407056517477948,-0.3287049399198932,0.1934262344744017,0.2083860759493671,0.2160241223346974,0.3137823371989295,0.2220609579100145,0.21685371885105573,0.22117329737019556,0.2060198714202221,0.03626373626373627,0.2261007536691789,0.21734357848518113,0.3166058394160584,0.21052631578947367,0.11998476383951244,0.0029940119760479044,0.07250755287009064,0.09570957095709572,0.13183279742765272,0.10916072408118487,0.06091370558375635,0.07936507936507936,0.08610271903323263
capexPerShare,0.0,-2.74653312788906,-2.80483201208003,-2.963096960926194,-2.2902796271637818,-1.8273155416012559,-1.873015873015873,-1.6051502145922747,-1.598947676118094,-2.079646017699115,-2.091182091182091,-1.83206106870229,-1.4755278310940498,-3.1587878787878787,-1.8117754035007956,-1.5204314457581414,-1.3216398123597797,-1.0274133172868019,-1.1243891126900027,-1.5059950182307966,-1.323446203762953,-1.415614807772638,-0.786583377977506,-0.37121895072160954,-0.18267686211317352,-0.22925435291272195,-0.32751266254914735,-0.3096021177875411,-0.27307290090699066,-0.25117093946999003,-0.10552208322781124,-0.10034515569969579,-0.045424929847752024
