,2021,2020,2019,2018,2017,2016,2015,2014,2013,2012,2011,2010,2009,2008,2007,2006,2005,2004,2003,2002,2001,2000,1999,1998,1997,1996,1995,1994,1993,1992,1991,1990,1989,1988,1987,1986,1985
reportedCurrency,USD,USD,USD,USD,USD,USD,USD,USD,USD,USD,USD,USD,USD,USD,USD,USD,USD,USD,USD,USD,USD,USD,USD,USD,USD,USD,USD,USD,USD,USD,USD,USD,USD,USD,USD,USD,USD
cik,0000009389,0000009389,0000009389,0000009389,0000009389,0000009389,0000009389,0000009389,0000009389,0000009389,0000009389,0000009389,0000009389,0000009389,0000009389,0000009389,0000009389,0000009389,0000009389,0000009389,0000009389,0000009389,0000009389,0000009389,0000009389,0000009389,0000009389,0000009389,0000009389,0000009389,0000009389,0000009389,0000009389,0000009389,0000009389,0000009389,0000009389
fillingDate,2022-02-16,2021-02-17,2020-02-19,2019-02-22,2018-03-01,2017-03-02,2016-02-16,2015-02-20,2014-02-24,2013-02-22,2012-02-22,2011-02-28,2010-02-25,2009-02-25,2008-02-25,2006-12-31,2005-12-31,2005-02-23,2004-03-12,2002-12-31,2001-12-31,2000-12-31,1999-12-31,1998-12-31,1997-12-31,1997-03-31,1996-04-01,1994-12-31,1993-12-31,1992-12-31,1991-12-31,1990-12-31,1989-12-31,1988-12-31,1987-12-31,1986-12-31,1985-12-31
acceptedDate,2022-02-16 13:16:10,2021-02-17 12:02:34,2020-02-19 17:20:47,2019-02-22 15:17:23,2018-02-28 21:58:22,2017-03-02 17:21:35,2016-02-16 16:54:03,2015-02-20 15:05:26,2014-02-24 13:11:42,2013-02-22 13:48:42,2012-02-22 13:39:27,2011-02-28 16:50:48,2010-02-25 15:01:13,2009-02-25 16:58:22,2008-02-25 17:08:32,2006-12-31,2005-12-31,2005-02-23,2004-03-12 16:48:51,2002-12-31,2001-12-31,2000-12-31,1999-12-31,1998-12-31,1997-12-31,1997-03-31,1996-04-01,1994-12-31,1993-12-31,1992-12-31,1991-12-31,1990-12-31,1989-12-31,1988-12-31,1987-12-31,1986-12-31,1985-12-31
calendarYear,2021,2020,2019,2018,2017,2016,2015,2014,2013,2012,2011,2010,2009,2008,2007,2006,2005,2004,2003,2002,2001,2000,1999,1998,1997,1996,1995,1994,1993,1992,1991,1990,1989,1988,1987,1986,1985
period,FY,FY,FY,FY,FY,FY,FY,FY,FY,FY,FY,FY,FY,FY,FY,FY,FY,FY,FY,FY,FY,FY,FY,FY,FY,FY,FY,FY,FY,FY,FY,FY,FY,FY,FY,FY,FY
cashAndCashEquivalents,563000000,1366000000,1798000000,721000000,448000000,597000000,224000000,191400000,416000000,174100000,165800000,152000000,210600000,127400000,151600000,151500000,61000000,198700000,36500000,259200000,83100000,25600000,35800000,34000000,25500000,169200000,5100000.0,10400000,8200000.0,14500000,20800000,30000000,10400000,15700000,16600000,10200000,15000000
shortTermInvestments,0.0,0.0,0.0,0.0,0.0,0.0,0.0,0.0,0.0,0.0,0.0,102600000,100100000,0.0,0.0,0.0,0.0,0.0,0.0,0.0,0.0,0.0,0.0,0.0,0.0,0.0,0.0,0.0,0.0,0.0,0.0,0.0,0.0,0.0,0.0,0.0,0.0
cashAndShortTermInvestments,563000000,1366000000,1798000000,721000000,448000000,597000000,224000000,191400000,416000000,174100000,165800000,254600000,310700000,127400000,151600000,151500000,61000000,198700000,36500000,259200000,83100000,25600000,35800000,34000000,25500000,169200000,5100000.0,10400000,8200000.0,14500000,20800000,30000000,10400000,15700000,16600000,10200000,15000000
netReceivables,2560000000,1738000000,1631000000,1802000000,1634000000,1491000000,885400000,957100000,859400000,930100000,910400000,849700000,562400000,737400000,582700000,579500000,376600000,346800000,250100000,345900000,172000000,230200000,220200000,273500000,301400000,245900000,200000000,204500000,191300000,200900000,246100000,217900000,176200000,133900000,114600000,109000000,98800000
inventory,1795000000,1353000000,1274000000,1271000000,1526000000,1413000000,898400000,1016700000,1028300000,1044400000,1072500000,1083900000,944200000,974200000,998100000,935400000,670300000,629500000,546200000,552500000,449300000,627500000,565900000,483800000,413300000,302000000,318500000,414000000,409300000,375200000,336900000,272500000,165300000,155500000,163000000,185500000,147200000
otherCurrentAssets,305000000,218000000,181000000,146000000,150000000,152000000,176200000,148300000,162000000,190800000,173200000,117500000,106000000,326300000,110500000,94900000,117900000,70600000,90700000,66900000,89100000,86000000,73900000,94300000,57900000,49500000,69100000,69200000,83300000,28600000,30200000,21800000,22100000,26600000,21500000,26500000,3900000.0
totalCurrentAssets,5223000000,4675000000,4884000000,3940000000,3758000000,3653000000,2184000000,2313500000,2465700000,2339400000,2321900000,2305700000,1923300000,2165300000,1842900000,1761300000,1225800000,1245600000,923500000,1224500000,793500000,969300000,895800000,885600000,798100000,766600000,592700000,698100000,692100000,619200000,634000000,542200000,374000000,331700000,315700000,331200000,264900000
propertyPlantEquipmentNet,6922000000,5653000000,4709000000,4542000000,4610000000,4387000000,2685900000,2430700000,2372300000,2288600000,2265400000,2048200000,1949000000,1866900000,1941200000,1876000000,1556600000,1532400000,1471100000,1445900000,904400000,1003700000,1121200000,1174400000,919500000,699000000,628600000,779900000,822700000,709900000,760500000,610100000,434700000,433000000,401900000,366000000,337300000
goodwill,4378000000,4484000000,4419000000,4475000000,4933000000,5095000000,2176500000,2254500000,2404300000,2359400000,2247100000,2105300000,2114800000,1825500000,1863100000,1773700000,0.0,0.0,0.0,1148100000,0.0,0.0,0.0,0.0,0.0,0.0,0.0,0.0,0.0,0.0,0.0,0.0,0.0,0.0,0.0,0.0,0.0
intangibleAssets,1688000000,1883000000,2002000000,2188000000,2462000000,1934000000,195000000,199700000,231100000,213300000,180600000,417600000,420600000,511000000,121900000,116200000,1258600000,1699700000,1336900000,0.0,615700000,676800000,715100000,794800000,0.0,0.0,66100000,93800000,101500000,45100000,40800000,13100000,0.0,0.0,0.0,0.0,0.0
goodwillAndIntangibleAssets,6066000000,6367000000,6421000000,6663000000,7395000000,7029000000,2371500000,2454200000,2635400000,2572700000,2427700000,2522900000,2535400000,2336500000,1985000000,1889900000,1258600000,1699700000,1336900000,1148100000,615700000,676800000,715100000,794800000,0.0,0.0,66100000,93800000,101500000,45100000,40800000,13100000,0.0,0.0,0.0,0.0,0.0
longTermInvestments,184000000,321000000,291000000,302000000,274000000,204000000,34300000,33200000,33700000,32200000,26400000,0.0,0.0,0.0,0.0,0.0,0.0,0.0,0.0,0.0,0.0,0.0,0.0,0.0,0.0,0.0,0.0,0.0,0.0,0.0,0.0,0.0,0.0,0.0,0.0,0.0,0.0
taxAssets,126000000,227000000,241000000,237000000,325000000,443000000,59600000,66500000,0.0,0.0,29700000,0.0,0.0,0.0,4300000.0,34900000,0.0,0.0,0.0,0.0,0.0,0.0,0.0,0.0,0.0,0.0,0.0,0.0,0.0,0.0,0.0,0.0,0.0,0.0,0.0,0.0,0.0
otherNonCurrentAssets,1193000000,1009000000,814000000,870000000,807000000,457000000,2441700000,272900000,312700000,274200000,213500000,50900000,80600000,0.0,247200000,278800000,302400000,0.0,338100000,313900000,0.0,0.0,0.0,0.0,372500000,235200000,325100000,188000000,179300000,189700000,123300000,142200000,129300000,111800000,77300000,35500000,39500000
totalNonCurrentAssets,14491000000,13577000000,12476000000,12614000000,13411000000,12520000000,7593000000,5257500000,5354100000,5167700000,4962700000,4622000000,4565000000,4203400000,4177700000,4079600000,3117600000,3232100000,3146100000,2907900000,1520100000,1680500000,1836300000,1969200000,1292000000,934200000,1019800000,1061700000,1103500000,944700000,924600000,765400000,564000000,544800000,479200000,401500000,376800000
otherAssets,0.0,0.0,0.0,0.0,0.0,0.0,0.0,0.0,0.0,0.0,0.0,0.0,0.0,0.0,0.0,0.0,0.0,0.0,0.0,0.0,0.0,0.0,0.0,0.0,0.0,0.0,0.0,0.0,0.0,0.0,0.0,0.0,0.0,0.0,0.0,0.0,0.0
totalAssets,19714000000,18252000000,17360000000,16554000000,17169000000,16173000000,9777000000,7571000000,7819800000,7507100000,7284600000,6927700000,6488300000,6368700000,6020600000,5840900000,4343400000,4477700000,4069600000,4132400000,2313600000,2649800000,2732100000,2854800000,2090100000,1700800000,1612500000,1759800000,1795600000,1563900000,1558600000,1307600000,938000000,876500000,794900000,732700000,641700000
accountPayables,4759000000,3430000000,3136000000,3095000000,2762000000,2033000000,1500800000,1340000000,998800000,946900000,847300000,700300000,623100000,763700000,763600000,732400000,552400000,453000000,349700000,439600000,258500000,332100000,345500000,350300000,258600000,214300000,195300000,209200000,157300000,140400000,153600000,141500000,105700000,0.0,0.0,0.0,0.0
shortTermDebt,95000000,80000000,1538000000,219000000,453000000,222000000,77300000,175100000,422600000,219800000,447400000,110700000,312300000,303000000,176800000,181300000,116400000,123000000,107600000,127000000,115000000,125700000,104000000,126800000,407000000,175200000,155000000,116700000,123900000,89800000,158900000,83300000,55200000,37100000,46900000,22400000,8000000.0
taxPayables,0.0,0.0,0.0,0.0,0.0,0.0,0.0,0.0,0.0,0.0,0.0,0.0,0.0,0.0,0.0,0.0,0.0,0.0,0.0,0.0,0.0,0.0,0.0,0.0,0.0,0.0,0.0,0.0,0.0,0.0,0.0,0.0,0.0,0.0,0.0,0.0,0.0
deferredRevenue,0.0,0.0,0.0,0.0,0.0,0.0,0.0,0.0,0.0,0.0,0.0,0.0,0.0,0.0,0.0,0.0,0.0,0.0,0.0,0.0,0.0,0.0,0.0,0.0,0.0,0.0,0.0,0.0,0.0,0.0,0.0,0.0,0.0,0.0,0.0,0.0,0.0
otherCurrentLiabilities,1099000000,934000000,903000000,781000000,892000000,714000000,563500000,491700000,506000000,519100000,561400000,572300000,493200000,795700000,572700000,540600000,507200000,420300000,403800000,502300000,201200000,201300000,220600000,210500000,172200000,121500000,147200000,173800000,170000000,128900000,129200000,98200000,58400000,145900000,156500000,142900000,127500000
totalCurrentLiabilities,5953000000,4444000000,5577000000,4095000000,4107000000,2969000000,2141600000,2006800000,1927400000,1685800000,1856100000,1383300000,1428600000,1862400000,1513100000,1454300000,1176000000,996300000,861100000,1068900000,574700000,659100000,670100000,687600000,837800000,511000000,497500000,499700000,451200000,359100000,441700000,323000000,219300000,183000000,203400000,165300000,135500000
longTermDebt,8062000000,7783000000,6337000000,6510000000,6518000000,7310000000,5054200000,2993800000,3182500000,3085300000,2696700000,2701600000,2283900000,2107100000,2181800000,2270400000,1473300000,1537700000,1579300000,1854000000,949100000,1011600000,1092700000,1229800000,366100000,407700000,320400000,377000000,513300000,451700000,333900000,404800000,262800000,196300000,100700000,101600000,89900000
deferredRevenueNonCurrent,0.0,0.0,0.0,0.0,0.0,0.0,0.0,0.0,0.0,0.0,0.0,0.0,0.0,0.0,0.0,0.0,0.0,0.0,0.0,0.0,0.0,0.0,0.0,0.0,0.0,0.0,0.0,0.0,0.0,0.0,0.0,0.0,0.0,0.0,0.0,0.0,0.0
deferredTaxLiabilitiesNonCurrent,665000000,634000000,561000000,645000000,695000000,856000000,172700000,152500000,285600000,207900000,210100000,218800000,131600000,330500000,183100000,102100000,69500000,116400000,113500000,64500000,0.0,0.0,0.0,0.0,60500000,34700000,28000000,56600000,65100000,86500000,103500000,68400000,51200000,56100000,76400000,85200000,71900000
otherNonCurrentLiabilities,1349000000,2054000000,1866000000,1742000000,1803000000,1497000000,1147200000,1178300000,1033000000,1238100000,1143700000,965900000,1061200000,981400000,799000000,847700000,784200000,734300000,701700000,646500000,276000000,281800000,258700000,290700000,139800000,136000000,177900000,193700000,191400000,45600000,43200000,40700000,20400000,19700000,17000000,15300000,13600000
totalNonCurrentLiabilities,10076000000,10471000000,8764000000,8897000000,9016000000,9663000000,6374100000,4324600000,4501100000,4531300000,4050500000,3886300000,3476700000,3419000000,3163900000,3220200000,2327000000,2388400000,2394500000,2565000000,1225100000,1293400000,1351400000,1520500000,566400000,578400000,526300000,627300000,769800000,583800000,480600000,513900000,334400000,272100000,194100000,202100000,175400000
otherLiabilities,0.0,0.0,0.0,0.0,0.0,0.0,0.0,0.0,0.0,0.0,0.0,0.0,0.0,0.0,0.0,0.0,0.0,0.0,0.0,0.0,0.0,0.0,0.0,0.0,0.0,0.0,0.0,0.0,0.0,0.0,0.0,0.0,0.0,0.0,0.0,0.0,0.0
capitalLeaseObligations,420000000,63000000,239000000,0.0,0.0,0.0,0.0,0.0,0.0,0.0,0.0,0.0,0.0,0.0,0.0,0,0.0,0.0,0.0,0.0,0,0,0,0,0,0,0,0,0,0,0,0,0,0,0,0,0
totalLiabilities,16029000000,14915000000,14341000000,12992000000,13123000000,12632000000,8515700000,6331400000,6428500000,6217100000,5906600000,5269600000,4905300000,5281400000,4677000000,4674500000,3503000000,3384700000,3255600000,3633900000,1799800000,1952500000,2021500000,2208100000,1404200000,1089400000,1023800000,1127000000,1221000000,942900000,922300000,836900000,553700000,455100000,397500000,367400000,310900000
preferredStock,0,0.0,0.0,0.0,0.0,0.0,0.0,0.0,0.0,0.0,0.0,0.0,0.0,0.0,0.0,0,0.0,0.0,0.0,0.0,0,0,0,0,0,0,0,0,0,0,0,0,0,0,0,0,0
commonStock,1220000000,1167000000,1178000000,1157000000,1084000000,1038000000,961700000,1131300000,1078400000,1026300000,941700000,893400000,830800000,0.0,0.0,0.0,633600000,610800000,567300000,514500000,478900000,443900000,413000000,0.0,0.0,0.0,0.0,0.0,0.0,0.0,0.0,0.0,0.0,0.0,0.0,0.0,0.0
retainedEarnings,6843000000,6192000000,5803000000,5341000000,4987000000,4739000000,4557500000,4346900000,3913800000,3580800000,3228300000,2829800000,2397100000,2047100000,1765000000,1535300000,1227900000,1007500000,748800000,562000000,410000000,529300000,481200000,397900000,379500000,344500000,336400000,378600000,332200000,482400000,458900000,429700000,410000000,401600000,380900000,332300000,291500000
accumulatedOtherComprehensiveIncomeLoss,-582000000,-954000000,-910000000,-835000000,-656000000,-941000000,-639900000,-522100000,-240700000,-352400000,-335200000,-82100000,-63800000,-182500000,106900000,-29500000,-100700000,33200000,-1400000.0,-138300000,-1000400000,-897500000,-813400000,-708500000,-636600000,-570500000,-518200000,-706100000,-626600000,-532300000,-564700000,-441800000,-280700000,-250800000,-227700000,-261300000,-231700000
othertotalStockholdersEquity,0.0,-3130000000,-3122000000,-2205000000,-1474000000,-1401000000,-3628000000,-3923000000,-3551600000,-3140100000,-2615700000,-2123100000,-1582800000,0.0,0.0,0.0,-925500000,-564900000,-506900000,-445300000,625300000,621600000,629800000,957300000,943000000,837400000,770500000,960300000,869000000,670900000,742100000,482800000,255000000,270600000,244200000,294300000,271000000
totalStockholdersEquity,3627000000,3275000000,2949000000,3458000000,3941000000,3435000000,1251300000,1033100000,1199900000,1114600000,1219100000,1518000000,1581300000,1085800000,1342500000,1165400000,835300000,1086600000,807800000,492900000,513800000,697300000,710600000,646700000,685900000,611400000,588700000,632800000,574600000,621000000,636300000,470700000,384300000,421400000,397400000,365300000,330800000
totalLiabilitiesAndStockholdersEquity,19656000000,18190000000,17290000000,16450000000,17064000000,16067000000,9767000000,7364500000,7628400000,7331700000,7125700000,6787600000,6486600000,6367200000,6019500000,5839900000,4338300000,4471300000,4063400000,4126800000,2313600000,2649800000,2732100000,2854800000,2090100000,1700800000,1612500000,1759800000,1795600000,1563900000,1558600000,1307600000,938000000,876500000,794900000,732700000,641700000
minorityInterest,58000000,62000000,70000000,104000000,105000000,106000000,10000000,206500000,191400000,175400000,158900000,140100000,1700000,1500000,1100000,1000000,5100000,6400000,6200000,5600000,0,0,0,0,0,0,0,0,0,0,0,0,0,0,0,0,0
totalEquity,3685000000,3337000000,3019000000,3562000000,4046000000,3541000000,1261300000,1239600000,1391300000,1290000000,1378000000,1658100000,1583000000,1087300000,1343600000,1166400000,840400000,1093000000,814000000,498500000,513800000,697300000,710600000,646700000,685900000,611400000,588700000,632800000,574600000,621000000,636300000,470700000,384300000,421400000,397400000,365300000,330800000
totalLiabilitiesAndTotalEquity,19714000000,18252000000,17360000000,16554000000,17169000000,16173000000,9777000000,7571000000,7819800000,7507100000,7284600000,6927700000,6488300000,6368700000,6020600000,5840900000,4343400000,4477700000,4069600000,4132400000,2313600000,2649800000,2732100000,2854800000,2090100000,1700800000,1612500000,1759800000,1795600000,1563900000,1558600000,1307600000,938000000,876500000,794900000,732700000,641700000
totalInvestments,0.0,0.0,0.0,0.0,0.0,0.0,0.0,0.0,0.0,0.0,0.0,0.0,0.0,0.0,0.0,0.0,0.0,0.0,0.0,0.0,0.0,0.0,0.0,0.0,0.0,0.0,0.0,0.0,0.0,0.0,0.0,0.0,0.0,0.0,0.0,0.0,0.0
totalDebt,8157000000,7863000000,7875000000,6729000000,6971000000,7532000000,5131500000,3168900000,3605100000,3305100000,3144100000,2812300000,2596200000,2410100000,2358600000,2451700000,1589700000,1660700000,1686900000,1981000000,1064100000,1137300000,1196700000,1356600000,773100000,582900000,475400000,493700000,637200000,541500000,492800000,488100000,318000000,233400000,147600000,124000000,97900000
netDebt,7594000000,6497000000,6077000000,6008000000,6523000000,6935000000,4907500000,2977500000,3189100000,3131000000,2978300000,2660300000,2385600000,2282700000,2207000000,2300200000,1528700000,1462000000,1650400000,1721800000,981000000,1111700000,1160900000,1322600000,747600000,413700000,470300000,483300000,629000000,527000000,472000000,458100000,307600000,217700000,131000000,113800000,82900000
link,https://www.sec.gov/Archives/edgar/data/9389/000155837022001251/0001558370-22-001251-index.htm,https://www.sec.gov/Archives/edgar/data/9389/000155837021001121/0001558370-21-001121-index.htm,https://www.sec.gov/Archives/edgar/data/9389/000155837020001005/0001558370-20-001005-index.htm,https://www.sec.gov/Archives/edgar/data/9389/000155837019000909/0001558370-19-000909-index.htm,https://www.sec.gov/Archives/edgar/data/9389/000155837018001345/0001558370-18-001345-index.htm,https://www.sec.gov/Archives/edgar/data/9389/000155837017001300/0001558370-17-001300-index.htm,https://www.sec.gov/Archives/edgar/data/9389/000110465916097390/0001104659-16-097390-index.htm,https://www.sec.gov/Archives/edgar/data/9389/000110465915012578/0001104659-15-012578-index.htm,https://www.sec.gov/Archives/edgar/data/9389/000110465914012614/0001104659-14-012614-index.htm,https://www.sec.gov/Archives/edgar/data/9389/000110465913013165/0001104659-13-013165-index.htm,https://www.sec.gov/Archives/edgar/data/9389/000110465912011588/0001104659-12-011588-index.htm,https://www.sec.gov/Archives/edgar/data/9389/000000938911000014/0000009389-11-000014-index.htm,https://www.sec.gov/Archives/edgar/data/9389/000000938910000007/0000009389-10-000007-index.htm,https://www.sec.gov/Archives/edgar/data/9389/000000938909000006/0000009389-09-000006-index.htm,https://www.sec.gov/Archives/edgar/data/9389/000000938908000054/0000009389-08-000054-index.htm,,,https://www.sec.gov/Archives/edgar/data/9389/000000938905000060/0000009389-05-000060-index.htm,https://www.sec.gov/Archives/edgar/data/9389/000000938904000059/0000009389-04-000059-index.htm,,,,,,,https://www.sec.gov/Archives/edgar/data/9389/0000009389-97-000006-index.html,https://www.sec.gov/Archives/edgar/data/9389/0000009389-96-000002-index.html,,,,,,,,,,
finalLink,https://www.sec.gov/Archives/edgar/data/9389/000155837022001251/bll-20211231x10k.htm,https://www.sec.gov/Archives/edgar/data/9389/000155837021001121/bll-20201231x10k.htm,https://www.sec.gov/Archives/edgar/data/9389/000155837020001005/bll-20191231x10k1a847a.htm,https://www.sec.gov/Archives/edgar/data/9389/000155837019000909/bll-20181231x10k.htm,https://www.sec.gov/Archives/edgar/data/9389/000155837018001345/bll-20171231x10k.htm,https://www.sec.gov/Archives/edgar/data/9389/000155837017001300/bll-20161231x10k.htm,https://www.sec.gov/Archives/edgar/data/9389/000110465916097390/a15-23354_110k.htm,https://www.sec.gov/Archives/edgar/data/9389/000110465915012578/a14-26052_110k.htm,https://www.sec.gov/Archives/edgar/data/9389/000110465914012614/a13-25784_110k.htm,https://www.sec.gov/Archives/edgar/data/9389/000110465913013165/a12-28116_110k.htm,https://www.sec.gov/Archives/edgar/data/9389/000110465912011588/a12-2233_110k.htm,https://www.sec.gov/Archives/edgar/data/9389/000000938911000014/f10-k.htm,https://www.sec.gov/Archives/edgar/data/9389/000000938910000007/f10-k_main.htm,https://www.sec.gov/Archives/edgar/data/9389/000000938909000006/f10k.htm,https://www.sec.gov/Archives/edgar/data/9389/000000938908000054/f10-k.htm,,,https://www.sec.gov/Archives/edgar/data/9389/000000938905000060/f10-k_2004.htm,https://www.sec.gov/Archives/edgar/data/9389/000000938904000059/f10k_4qtr2003.htm,,,,,,,https://www.sec.gov/Archives/edgar/data/9389/,https://www.sec.gov/Archives/edgar/data/9389/,,,,,,,,,,
