,2021,2020,2019,2018,2017,2016,2015,2014,2013,2012,2011,2010,2009,2008,2007,2006,2005,2004,2003,2002,2001,2000,1999,1998,1997,1996,1995,1994,1993,1992,1991,1990,1989,1988,1987,1986,1985
reportedCurrency,USD,USD,USD,USD,USD,USD,USD,USD,USD,USD,USD,USD,USD,USD,USD,USD,USD,USD,USD,USD,USD,USD,USD,USD,USD,USD,USD,USD,USD,USD,USD,USD,USD,USD,USD,USD,USD
cik,0000065984,0000065984,0000065984,0000065984,0000065984,0000065984,0000065984,0000065984,0000065984,0000065984,0000065984,0000065984,0000065984,0000065984,0000065984,0000065984,0000065984,0000065984,0000065984,0000065984,0000065984,0000065984,0000065984,0000065984,0000065984,0000065984,0000065984,0000065984,0000065984,0000065984,0000065984,0000065984,0000065984,0000065984,0000065984,0000065984,0000065984
fillingDate,2022-02-25,2021-02-26,2020-02-21,2019-02-26,2018-02-26,2017-02-24,2016-02-26,2015-02-26,2014-02-27,2013-02-27,2012-02-28,2011-02-28,2010-02-26,2009-03-02,2008-02-29,2007-03-01,2006-03-10,2005-03-11,2004-03-11,2002-12-31,2001-12-31,2001-03-16,1999-12-31,1999-03-12,1998-03-10,1997-03-10,1996-03-11,1995-03-27,1993-12-31,1992-12-31,1991-12-31,1990-12-31,1989-12-31,1988-12-31,1987-12-31,1986-12-31,1985-12-31
acceptedDate,2022-02-25 10:40:47,2021-02-26 12:31:41,2020-02-21 12:33:43,2019-02-26 12:55:40,2018-02-26 09:03:03,2017-02-24 13:08:57,2016-02-25 19:51:12,2015-02-26 16:01:02,2014-02-27 16:24:17,2013-02-27 16:44:58,2012-02-28 16:06:46,2011-02-28 12:15:43,2010-02-26 09:06:37,2009-03-02 14:42:00,2008-02-29 12:26:32,2007-03-01 15:08:24,2006-03-10 09:07:40,2005-03-10 19:49:15,2004-03-10 18:35:57,2002-12-31,2001-12-31,2001-03-16 00:00:00,1999-12-31,1999-03-12 00:00:00,1998-03-10 00:00:00,1997-03-10 00:00:00,1996-03-11 00:00:00,1995-03-27 00:00:00,1993-12-31,1992-12-31,1991-12-31,1990-12-31,1989-12-31,1988-12-31,1987-12-31,1986-12-31,1985-12-31
calendarYear,2021,2020,2019,2018,2017,2016,2015,2014,2013,2012,2011,2010,2009,2008,2007,2006,2005,2004,2003,2002,2001,2000,1999,1998,1997,1996,1995,1994,1993,1992,1991,1990,1989,1988,1987,1986,1985
period,FY,FY,FY,FY,FY,FY,FY,FY,FY,FY,FY,FY,FY,FY,FY,FY,FY,FY,FY,FY,FY,FY,FY,FY,FY,FY,FY,FY,FY,FY,FY,FY,FY,FY,FY,FY,FY
revenue,11742896000,10113636000,10878673000,11009452000,11074481000,10845645000,11513251000,12494921000,11390947000,10302079000,11229073000,11487577000,10745650000,13093756000,11484398000,10932158000,10106247000,10123724000,9194920000,8305035000,9620899000,10016148000,8773300000,11494800000,9561600000,7163400000,6274400000,5963300000,4485300000,4116500000,4051400000,3982100000,3724000000,3565400000,3454800000,3485900000,3238500000
costOfRevenue,6871030000,5655422000,6699806000,7839136000,7549751000,9370753000,9554179000,8305939000,7930422000,6939151000,4313299000,4434121000,3946344000,6290723000,4921783000,5451877000,4697262000,4747202000,3845171000,2986930000,4792254000,5379227000,4601500000,6375300000,4069700000,2395600000,1837500000,1861300000,1266600000,0.0,0.0,0.0,0.0,0.0,0.0,0.0,0.0
grossProfit,4871866000,4458214000,4178867000,3170316000,3524730000,1474892000,1959072000,4188982000,3460525000,3362928000,6915774000,7053456000,6799306000,6803033000,6562615000,5480281000,5408985000,5376522000,5349749000,5318105000,4828645000,4636921000,4171800000,5119500000,5491900000,4767800000,4436900000,4102000000,3218700000,0.0,0.0,0.0,0.0,0.0,0.0,0.0,0.0
grossProfitRatio,0.4148777269252832,0.4408121866359438,0.38413389206569587,0.2879631066105743,0.3182749602441866,0.13598933027957305,0.17015802052782486,0.33525478072250314,0.303796075954001,0.3264319755264932,0.6158811150305996,0.614007288046905,0.6327496242665637,0.5195631413935008,0.5714374406042005,0.501299103068214,0.5352120327160023,0.5310814478940753,0.5818157199845132,0.6403470906504307,0.5018912473771941,0.4629445371613918,0.47551092519348476,0.4453753001357135,0.5743703982597055,0.6655777982522266,0.7071433125079689,0.6878741636342294,0.7176108621496889,0.0,0.0,0.0,0.0,0.0,0.0,0.0,0.0
researchAndDevelopmentExpenses,0.0,0.0,0.0,0.0,0.0,0.0,0.0,0.0,0.0,0.0,0.0,0.0,0.0,0.0,0.0,0.0,0.0,0.0,0.0,0.0,0.0,0.0,0.0,0.0,0.0,0.0,0.0,0.0,0.0,0.0,0.0,0.0,0.0,0.0,0.0,0.0,0.0
generalAndAdministrativeExpenses,0.0,0.0,0.0,0.0,0.0,0.0,0.0,0.0,0.0,0.0,190595000,211736000,199063000,249292000,0.0,145884000,0.0,0.0,0.0,0.0,0.0,0.0,0.0,0.0,0.0,0.0,0.0,0.0,0.0,0.0,0.0,0.0,0.0,0.0,0.0,0.0,0.0
sellingAndMarketingExpenses,0.0,0.0,0.0,0.0,0.0,0.0,0.0,0.0,0.0,0.0,0.0,0.0,0.0,0.0,0.0,0.0,0.0,0.0,0.0,0.0,0.0,0.0,0.0,0.0,0.0,0.0,0.0,0.0,0.0,0.0,0.0,0.0,0.0,0.0,0.0,0.0,0.0
sellingGeneralAndAdministrativeExpenses,0.0,0.0,0.0,0.0,0.0,0.0,0.0,0.0,0.0,0.0,190595000,211736000,199063000,249292000,0.0,145884000,0.0,0.0,0.0,0.0,0.0,0.0,0.0,0.0,0.0,0.0,0.0,0.0,0.0,0.0,0.0,0.0,0.0,0.0,0.0,0.0,0.0
otherExpenses,2762615000,2662396000,2498343000,2700951000,2281318000,2361357000,2412274000,2182093000,2149095000,2061747000,4505986000,4573595000,4337444000,4270574000,4506247000,3651717000,3666878000,3813569000,3865194000,4272261000,3255303000,3091340000,2920100000,3351900000,3634800000,3089100000,2867700000,2901200000,1974200000,0.0,0.0,0.0,0.0,0.0,0.0,0.0,0.0
operatingExpenses,2762615000,2662396000,2498343000,2700951000,2281318000,2361357000,2412274000,2182093000,2149095000,2061747000,4696581000,4785331000,4536507000,4519866000,4506247000,3797601000,3666878000,3813569000,3865194000,4272261000,3255303000,3091340000,2920100000,3351900000,3634800000,3089100000,2867700000,2901200000,1974200000,0.0,0.0,0.0,0.0,0.0,0.0,0.0,0.0
costAndExpenses,9633645000,8317818000,9198149000,10540087000,9831069000,11732110000,11966453000,10488032000,10079517000,9000898000,9009880000,9219452000,8482851000,10810589000,9428030000,9249478000,8364140000,8560771000,7710365000,7259191000,8047557000,8470567000,7521600000,9727200000,7704500000,5484700000,4705200000,4762500000,3240800000,0.0,0.0,0.0,0.0,0.0,0.0,0.0,0.0
interestIncome,430466000,392818000,547912000,63864000,288197000,145127000,187062000,147686000,199300000,127776000,129134000,185455000,0.0,0.0,0.0,0.0,0.0,0.0,0.0,0.0,0.0,0.0,0.0,0.0,0.0,0.0,0.0,0.0,0.0,0.0,0.0,0.0,0.0,0.0,0.0,0.0,0.0
interestExpense,834694000,785663000,742425000,707348000,662343000,666370000,643469000,627507000,604037000,569284000,551521000,575167000,0.0,0.0,0.0,0.0,0.0,0.0,0.0,0.0,0.0,0.0,0.0,0.0,0.0,0.0,0.0,0.0,0.0,0.0,0.0,0.0,0.0,0.0,0.0,0.0,0.0
depreciationAndAmortization,2242944000,64012000,2182313000,2040555000,2078578000,2123291000,2117236000,2127892000,2012076000,1771649000,1745455000,1705331000,1281838000,0.0,0.0,0.0,0.0,0.0,0.0,0.0,0.0,0.0,0.0,0.0,0.0,0.0,0.0,0.0,0.0,0.0,0.0,0.0,0.0,0.0,0.0,0.0,0.0
ebitda,4387731000,2134822000,4013157000,2573632000,3708844000,1407899000,1961044000,4305253000,3572666000,3240151000,3950611000,4168042000,3165628000,1843533000,1649266000,1575646000,1483042000,1298957000,1440541000,917010000,1206200000,1189836000,951700000,1052300000,772200000,841200000,820800000,473600000,836700000,437600000,482000000,478300000,-472600000,411100000,356600000,451300000,401000000
ebitdaratio,0.3736498219859905,0.21108353118502585,0.36890133566842204,0.23376567698374087,0.3349000282722053,0.1298123809141826,0.17032930142841496,0.3445602417174146,0.3136408237172906,0.3145142839615188,0.3518198697256666,0.36283038625116504,0.29459623196363177,0.14079481853793518,0.1436092688532738,0.14412945733129726,0.14674507757429636,0.12830821938646292,0.15666705093682162,0.11041615116612995,0.12537289914383262,0.11879177504166272,0.10847685591510606,0.09154574242266068,0.0807605421686747,0.11743027054192143,0.13081728930256278,0.07941911357805242,0.1865427061735001,0.10630389894327706,0.1189712198252456,0.12011250345295196,-0.126906552094522,0.11530263084085937,0.10321871020030103,0.12946441378123297,0.12382275744943647
operatingIncome,1845626000,1769195000,1390497000,469365000,1259682000,-886465000,-299165000,2006889000,1354999000,1301181000,2013234000,2267377000,2284526000,2283167000,2056368000,1682680000,1742107000,1562953000,1484555000,1045844000,1573342000,1545581000,1251700000,1767600000,1857100000,1678700000,1569200000,1200800000,1244500000,0.0,0.0,0.0,0.0,0.0,0.0,0.0,0.0
operatingIncomeRatio,0.15716957724908745,0.17493164673911538,0.1278186227309158,0.04263291215584572,0.11374636879145848,-0.08173465017525468,-0.025984407010669706,0.16061638164819128,0.11895402550815135,0.12630275888973477,0.17928764021749613,0.1973764354310748,0.21260007537933956,0.17437066950079105,0.1790575352752491,0.1539202049586184,0.17237922247497017,0.15438518474031887,0.1614538245030952,0.1259289093905083,0.16353378203014085,0.15430892195283058,0.1426715147094024,0.1537738803632947,0.1942248159303882,0.2343440265795572,0.2500956266734668,0.20136501601462278,0.27746193119746726,0.0,0.0,0.0,0.0,0.0,0.0,0.0,0.0
totalOtherIncomeExpensesNet,-535533000,-484048000,-302078000,-643636000,-291759000,-495297000,-500496000,-457035000,-398446000,-401963000,-359599000,-379833000,-400736000,-439634000,-407102000,-106538000,-214271000,-263996000,-181088000,-128834000,-390624000,-355745000,-300000000,-715300000,-1084900000,-837500000,-748400000,-727200000,-501600000,0.0,0.0,0.0,0.0,0.0,0.0,0.0,0.0
incomeBeforeTax,1310093000,1285147000,1088419000,-174271000,967923000,-1381762000,-799661000,1549854000,956553000,899218000,1653635000,1887544000,1883790000,1843533000,1649266000,1576142000,1527836000,1298957000,1303467000,917010000,1182718000,1189836000,951700000,1052300000,772200000,841200000,820800000,473600000,742900000,0.0,0.0,0.0,0.0,0.0,0.0,0.0,0.0
incomeBeforeTaxRatio,0.11156472815564406,0.1270707191755764,0.10005071390600674,-0.01582921656772744,0.08740120643125399,-0.12740247352739278,-0.06945570803589707,0.12403871941247167,0.08397484423375862,0.08728510041516863,0.14726371446690212,0.16431176043477227,0.1753072173391093,0.14079481853793518,0.1436092688532738,0.14417482806230938,0.1511773856308875,0.12830821938646292,0.14175947153428198,0.11041615116612995,0.12293217089172229,0.11879177504166272,0.10847685591510606,0.09154574242266068,0.0807605421686747,0.11743027054192143,0.13081728930256278,0.07941911357805242,0.16562994671482398,0.0,0.0,0.0,0.0,0.0,0.0,0.0,0.0
incomeTaxExpense,191374000,-121506000,-169825000,-1036826000,542570000,-817259000,-642927000,589597000,225981000,30855000,286263000,617239000,632740000,602998000,514417000,443044000,559284000,365908000,490074000,293938000,455693000,478921000,356700000,266700000,471300000,421200000,336200000,131800000,284800000,0.0,0.0,0.0,0.0,0.0,0.0,0.0,0.0
netIncome,1118719000,1406653000,1258244000,862555000,425353000,-564503000,-156734000,960257000,730572000,868363000,1367372000,1270305000,1251050000,1240535000,1134849000,1132602000,923758000,933049000,950467000,623072000,750507000,710915000,595000000,785600000,300900000,420000000,484600000,341800000,551900000,437600000,482000000,478300000,-472600000,411100000,356600000,451300000,401000000
netIncomeRatio,0.09526772612139288,0.1390847960120376,0.11566153335062099,0.07834676966664644,0.03840839132777419,-0.052048817751272514,-0.013613357339295392,0.07685178641785731,0.06413619517323713,0.08429007387732126,0.12177069291472234,0.11058076041623051,0.11642385523444371,0.09474248641871744,0.09881658577140917,0.10360278364070478,0.09140465298344677,0.0921646026699266,0.10336870793873139,0.07502340447692274,0.07800799072934868,0.07097688652364162,0.06781940660868772,0.06834394682813098,0.03146962851405623,0.058631376162157633,0.07723447660334055,0.05731725722334949,0.12304639600472655,0.10630389894327706,0.1189712198252456,0.12011250345295196,-0.126906552094522,0.11530263084085937,0.10321871020030103,0.12946441378123297,0.12382275744943647
eps,1.4852680703505847,6.94,6.36,4.68,2.29,-3.26,-0.99,5.24,3.99,4.77,7.59,6.72,6.39,6.39,5.77,5.46,4.27,4.01,4.09,2.69,3.29,3.0,2.25,3.0,1.03,1.83,2.28,1.49,3.16,2.48,2.64,2.44,-2.31,2.01,1.74,2.21,2.01
epsdiluted,1.4776192128992092,6.9,6.3,4.63,2.28,-3.26,-0.99,5.22,3.99,4.76,7.55,6.66,6.3,6.2,5.6,5.36,4.19,3.93,4.01,2.64,3.23,2.97,2.25,2.99709,1.03,1.83,2.28,1.49,3.16,2.48,2.64,2.44,-2.31,2.01,1.74,2.21,2.01
weightedAverageShsOut,200963049,200106945,195195858,181409597,179671797,178885660,179176356,179506151,178211192,177324813,177430208,186010452,192772032,190925613,196572945,207456838,210141887,226863758,226804370,223047431,220944270,226580449,245127460,246396469,240207539,229084241,227669970,174563758,160135593,176451613,182575758,196024590,237445887,161343284,204942529,204208145,199502488
weightedAverageShsOutDil,202003329,201102220,196999284,183378513,180535893,178885660,179176356,180296885,178570400,177737565,178370695,187814235,195838068,201011588,202780283,211452455,214441362,231193686,231146040,227303103,224733662,228541307,245326883,246572481,240297842,229084241,227669970,174563758,160135593,176451613,182575758,196024590,237445887,161343284,204942529,204208145,199502488
link,https://www.sec.gov/Archives/edgar/data/65984/000006598422000017/0000065984-22-000017-index.htm,https://www.sec.gov/Archives/edgar/data/65984/000006598421000096/0000065984-21-000096-index.htm,https://www.sec.gov/Archives/edgar/data/1348952/000006598420000069/0000065984-20-000069-index.html,https://www.sec.gov/Archives/edgar/data/65984/000006598419000082/etr-12312018x10k.htm,https://www.sec.gov/Archives/edgar/data/65984/000006598418000072/etr-12312017x10k.htm,https://www.sec.gov/Archives/edgar/data/65984/000006598417000067/etr-12312016x10k.htm,https://www.sec.gov/Archives/edgar/data/65984/000006598416000436/etr-12312015x10k.htm,https://www.sec.gov/Archives/edgar/data/65984/000006598415000102/etr-12312014x10k.htm,https://www.sec.gov/Archives/edgar/data/65984/000006598414000065/etr-12312013x10k.htm,https://www.sec.gov/Archives/edgar/data/65984/000006598413000050/a10-k.htm,https://www.sec.gov/Archives/edgar/data/65984/000006598412000067/a10-k.htm,https://www.sec.gov/Archives/edgar/data/65984/000006598411000033/a10-k.htm,https://www.sec.gov/Archives/edgar/data/65984/000006598410000035/a10-k.htm,https://www.sec.gov/Archives/edgar/data/65984/000006598409000062/a10k.htm,https://www.sec.gov/Archives/edgar/data/65984/000006598408000052/a10k.htm,https://www.sec.gov/Archives/edgar/data/65984/000006598407000057/a10-k.htm,https://www.sec.gov/Archives/edgar/data/65984/000006598406000119/a10k.htm,https://www.sec.gov/Archives/edgar/data/65984/000006598405000147/a10-k.htm,https://www.sec.gov/Archives/edgar/data/65984/000006598404000135/a10-kn.htm,,,https://www.sec.gov/Archives/edgar/data/7323/000006598401000070/0000065984-01-000070-index.html,,https://www.sec.gov/Archives/edgar/data/202584/000006598499000060/0000065984-99-000060-index.html,https://www.sec.gov/Archives/edgar/data/202584/000006598498000014/0000065984-98-000014-index.html,https://www.sec.gov/Archives/edgar/data/7323/000006598497000020/0000065984-97-000020-index.html,https://www.sec.gov/Archives/edgar/data/7323/000006598496000046/0000065984-96-000046-index.html,https://www.sec.gov/Archives/edgar/data/7323/000006598495000008/0000065984-95-000008-index.html,,,,,,,,,
finalLink,https://www.sec.gov/Archives/edgar/data/65984/000006598422000017/etr-20211231.htm,https://www.sec.gov/Archives/edgar/data/7323/000006598421000096/etr-20201231.htm,https://www.sec.gov/Archives/edgar/data/7323/000006598420000069/etr-12312019x10k.htm,https://www.sec.gov/Archives/edgar/data/65984/000006598419000082/etr-12312018x10k.htm,https://www.sec.gov/Archives/edgar/data/65984/000006598418000072/etr-12312017x10k.htm,https://www.sec.gov/Archives/edgar/data/65984/000006598417000067/etr-12312016x10k.htm,https://www.sec.gov/Archives/edgar/data/65984/000006598416000436/etr-12312015x10k.htm,https://www.sec.gov/Archives/edgar/data/65984/000006598415000102/etr-12312014x10k.htm,https://www.sec.gov/Archives/edgar/data/65984/000006598414000065/etr-12312013x10k.htm,https://www.sec.gov/Archives/edgar/data/65984/000006598413000050/a10-k.htm,https://www.sec.gov/Archives/edgar/data/65984/000006598412000067/a10-k.htm,https://www.sec.gov/Archives/edgar/data/65984/000006598411000033/a10-k.htm,https://www.sec.gov/Archives/edgar/data/65984/000006598410000035/a10-k.htm,https://www.sec.gov/Archives/edgar/data/65984/000006598409000062/a10k.htm,https://www.sec.gov/Archives/edgar/data/65984/000006598408000052/a10k.htm,https://www.sec.gov/Archives/edgar/data/65984/000006598407000057/a10-k.htm,https://www.sec.gov/Archives/edgar/data/65984/000006598406000119/a10k.htm,https://www.sec.gov/Archives/edgar/data/65984/000006598405000147/a10-k.htm,https://www.sec.gov/Archives/edgar/data/65984/000006598404000135/a10-kn.htm,,,https://www.sec.gov/Archives/edgar/data/7323/000006598401000070/0000065984-01-000070-0001.txt,,https://www.sec.gov/Archives/edgar/data/202584/0000065984-99-000060.txt,https://www.sec.gov/Archives/edgar/data/202584/0000065984-98-000014.txt,https://www.sec.gov/Archives/edgar/data/7323/0000065984-97-000020.txt,https://www.sec.gov/Archives/edgar/data/7323/0000065984-96-000046.txt,https://www.sec.gov/Archives/edgar/data/7323/0000065984-95-000008.txt,,,,,,,,,
