,2021,2020,2019,2018,2017,2016,2015,2014,2013,2012,2011,2010,2009,2008,2007,2006,2005,2004,2003,2002,2001,2000,1999,1998,1997,1996,1995,1994,1993,1992,1991,1990,1989
reportedCurrency,USD,USD,USD,USD,USD,USD,USD,USD,USD,USD,USD,USD,USD,USD,USD,USD,USD,USD,USD,USD,USD,USD,USD,USD,USD,USD,USD,USD,USD,USD,USD,USD,USD
cik,0000079282,0000079282,0000079282,0000079282,0000079282,0000079282,0000079282,0000079282,0000079282,0000079282,0000079282,0000079282,0000079282,0000079282,0000079282,0000079282,0000079282,0000079282,0000079282,0000079282,0000079282,0000079282,0000079282,0000079282,0000079282,0000079282,0000079282,0000079282,0000079282,0000079282,0000079282,0000079282,0000079282
fillingDate,2022-02-23,2021-02-23,2020-02-24,2019-02-26,2018-02-28,2017-02-24,2016-02-26,2015-03-02,2014-02-28,2013-03-01,2012-02-29,2011-03-01,2010-03-01,2009-03-02,2008-02-29,2007-03-01,2006-03-16,2005-03-16,2004-03-15,2003-03-24,2001-12-31,2000-12-31,1999-12-31,1999-03-15,1997-12-31,1996-12-31,1996-03-20,1994-12-31,1993-12-31,1992-12-31,1991-12-31,1990-12-31,1989-12-31
acceptedDate,2022-02-22 18:14:32,2021-02-23 17:02:30,2020-02-24 17:32:24,2019-02-25 19:57:18,2018-02-28 17:25:31,2017-02-24 17:32:00,2016-02-25 17:59:34,2015-02-27 20:44:14,2014-02-28 17:22:08,2013-03-01 16:07:50,2012-02-29 16:52:01,2011-03-01 15:33:07,2010-03-01 15:24:00,2009-03-02 14:42:02,2008-02-29 16:42:57,2007-03-01 16:56:30,2006-03-16 15:09:34,2005-03-16 17:02:54,2004-03-15 16:18:42,2003-03-24 17:24:16,2001-12-31,2000-12-31,1999-12-31,1999-03-15 00:00:00,1997-12-31,1996-12-31,1996-03-20 00:00:00,1994-12-31,1993-12-31,1992-12-31,1991-12-31,1990-12-31,1989-12-31
calendarYear,2021,2020,2019,2018,2017,2016,2015,2014,2013,2012,2011,2010,2009,2008,2007,2006,2005,2004,2003,2002,2001,2000,1999,1998,1997,1996,1995,1994,1993,1992,1991,1990,1989
period,FY,FY,FY,FY,FY,FY,FY,FY,FY,FY,FY,FY,FY,FY,FY,FY,FY,FY,FY,FY,FY,FY,FY,FY,FY,FY,FY,FY,FY,FY,FY,FY,FY
netIncome,587104000,480483000,398514000,344255000,399630000,257491000,243318000,206896000,217112000,184045000,163995000,161752000,153294000,166124000,190959000,172350000,150551000,128843000,110322000,83122000,53913000,33186000,27172000,23053000,19387000,16498000,14799000,13285000,8000000.0,1300000.0,4600000.0,4100000.0,3100000.0
depreciationAndAmortization,152902000,134799000,128715000,109378000,108144000,107666000,108311000,103836000,85417000,78946000,67147000,64081000,63097000,59917000,53199000,47807000,43306000,31056000,25673000,21287000,22396000,13156000,11809000,9381000.0,8051000.0,7471000.0,6487000.0,6304000.0,-6900000.0,-4500000.0,-3700000.0,-3500000.0,-2400000.0
deferredIncomeTax,33616000,15943000,12383000,15008000,-102183000,18163000,22696000,7369000.0,32247000,32723000,30328000,22587000,27851000,25713000,325000.0,11480000,10642000,8840000.0,8370000.0,1191000.0,199000.0,-505000.0,-430000.0,271000.0,199000.0,966000.0,-2191000.0,-1173000.0,500000.0,-200000.0,-200000.0,1000000.0,-400000.0
stockBasedCompensation,61018000,59749000,46994000,33519000,30631000,16052000,15513000,19363000,22603000,15865000,11194000,6845000.0,7358000.0,7314000.0,5667000.0,5416000.0,3337000.0,0.0,0.0,0.0,0.0,0.0,0.0,0.0,0.0,0.0,0.0,0.0,0.0,0.0,0.0,0.0,0.0
changeInWorkingCapital,92036000,154456000,65116000,129643000,-60898000,106738000,-92113000,279796000,-170572000,-34776000,43855000,47906000,134357000,-30870000,-26280000,20590000,-137907000,132906000,7408000.0,84633000,-54373000,10859000,-9657000.0,-11802000,9156000.0,-4978000.0,2735000.0,5269000.0,7800000.0,-5400000.0,7500000.0,1600000.0,-1100000.0
accountsReceivables,-92480000,-120331000,-79887000,318794000,-443043000,-109665000,-26103000,1050000.0,-40729000,-11312000,-20570000,-2555000.0,0.0,0.0,0.0,0.0,0.0,-57800000,-20708000,-73621000,-20084000,-19815000,1102000.0,-3750000.0,1393000.0,-6287000.0,200000.0,-1929000.0,2700000.0,-9900000.0,3200000.0,-14600000,-1100000.0
inventory,0.0,0.0,0.0,0.0,0.0,0.0,0.0,0.0,0.0,0.0,0.0,0.0,0.0,0.0,0.0,0.0,0.0,0.0,0.0,0.0,0.0,0.0,0.0,0.0,0.0,0.0,0.0,0.0,0.0,0.0,0.0,0.0,0.0
accountsPayables,179395000,266529000,166458000,163049000,64178000,96258000,34748000,45113000,66804000,31854000,-2807000.0,28246000,-1819000.0,-5992000.0,533000.0,-3561000.0,4377000.0,62404000,17102000,53815000,9201000.0,18251000,-736000.0,6952000.0,4959000.0,11954000,1608000.0,-2862000.0,-2800000.0,7900000.0,-10800000,17800000,-1400000.0
otherWorkingCapital,34244000,603897000,449441000,384325000,254682000,315580000,208842000,300955000,21159000,191731000,226507000,182652000,134746000,389000.0,31259000,57539000,36949000,174856000,41950000,34542000,-50091000,4282000.0,-6577000.0,3080000.0,14882000,5726000.0,10704000,7969000.0,2700000.0,-5100000.0,300000.0,-7200000.0,-8800000.0
otherNonCashItems,15793000,-123783000,26458000,-64274000,66651000,-130952000,114123000,-232241000,202567000,-56488000,-78988000,-7119000.0,-164372000,113555000,-8530000.0,-32429000,145159000,-131442000,-9048000.0,-96922000,47803000,-12625000,10834000,15410000,-3766000.0,8664000.0,-622000.0,-13031000,11500000,14900000,-10500000,5800000.0,1900000.0
netCashProvidedByOperatingActivities,942469000,721647000,678180000,567529000,441975000,375158000,411848000,385019000,389374000,220315000,237531000,296052000,221585000,341753000,215340000,225214000,215088000,170203000,142725000,93311000,69938000,44071000,39728000,36313000,33027000,28621000,21208000,10654000,20900000,6100000.0,-2300000.0,9000000.0,1100000.0
investmentsInPropertyPlantAndEquipment,-45045000,-70700000,-73108000,-41520000,-24192000,-17765000,-18375000,-24923000,-16366000,-24028000,-13608000,-10454000,-11310000,-14115000,-30643000,-14979000,-13426000,-10152000,-15946000,-7275000.0,-11017000,-4102000.0,-4936000.0,-4510000.0,-2713000.0,-4630000.0,-5321000.0,-2392000.0,-1800000.0,-1200000.0,-1300000.0,-1500000.0,-300000.0
acquisitionsNet,-366780000,-694842000,-353043000,-923874000,-41471000,-122622000,-136000000,-696486000,-367712000,-425054000,-166055000,-157637000,-44682000,-263400000,-212303000,-143737000,-262181000,-202664000,-100270000,-120926000,-131039000,-18226000,-18154000,-29608000,-3067000.0,-12254000,-6005000.0,-1382000.0,0.0,0.0,0.0,0.0,0.0
purchasesOfInvestments,-12375000,-14168000,-17520000,-9284000.0,-10665000,-25872000,-22766000,-17813000,-18102000,-11167000,-12698000,-9285000.0,-11570000,-13774000,-2695000.0,-211000.0,-299000.0,-3142000.0,0.0,-111000.0,-3006000.0,-73000.0,-124000.0,-1146000.0,-253000.0,-881000.0,-1208000.0,-187000.0,-100000.0,-700000.0,-3400000.0,-2200000.0,-4900000.0
salesMaturitiesOfInvestments,10785000,11025000,8494000.0,17923000,9644000.0,18890000,21928000,18278000,15662000,10654000,12950000,9327000.0,10828000,9756000.0,21715000,119000.0,896000.0,1107000.0,106000.0,122000.0,5605000.0,494000.0,627000.0,1030000.0,557000.0,1118000.0,642000.0,2346000.0,0.0,4000000.0,5100000.0,2600000.0,6000000.0
otherInvestingActivites,16735000,9615000.0,21592000,4984000.0,4094000.0,4957000.0,10576000,13631000,5886000.0,14095000,3686000.0,1558000.0,1305000.0,4600000.0,6713000.0,1399000.0,2362000.0,6330000.0,4975000.0,4923000.0,1619000.0,1283000.0,647000.0,220000.0,452000.0,984000.0,1469000.0,1284000.0,-1800000.0,-4600000.0,-1300000.0,-1100000.0,-1700000.0
netCashUsedForInvestingActivites,-396680000,-759070000,-413585000,-951771000,-62590000,-142412000,-144637000,-707313000,-380632000,-435500000,-175725000,-166491000,-55429000,-276933000,-217213000,-157409000,-272648000,-208521000,-111135000,-123267000,-137838000,-20624000,-21940000,-34014000,-5024000.0,-15663000,-10423000,-331000.0,-3700000.0,-2500000.0,-900000.0,-2200000.0,-900000.0
debtRepayment,-73125000,-405000000,-400000000,-370000000,-96750000,-73125000,-45625000,-805000000,-31956000,-101227000,-102072000,-19425000,-29479000,-22522000,-55462000,-127432000,-66117000,-68606000,-28024000,-23722000,-33297000,-4064000.0,-17106000,-7811000.0,-2611000.0,-4223000.0,-2132000.0,-11873000,-11000000,-3900000.0,-5900000.0,-1900000.0,-2400000.0
commonStockIssued,0.0,0.0,24999000,19432000,17422000,15983000,15890000,14808000,12445000,13305000,8667000.0,11119000,10144000,10914000,11320000,11274000,9717000.0,8107000.0,7136000.0,159579000,2844000.0,1746000.0,1664000.0,1845000.0,1044000.0,0.0,106000.0,1742000.0,700000.0,600000.0,600000.0,600000.0,300000.0
commonStockRepurchased,-82564000,-55095000,-58671000,-91250000,-128639000,-18908000,-163750000,-75025000,0.0,0.0,0.0,0.0,0.0,0.0,0.0,0.0,0.0,0.0,-2334000.0,-10142000,0.0,-5535000.0,-1152000.0,-9233000.0,-5860000.0,-1054000.0,0.0,-55000.0,0.0,0.0,0.0,-100000.0,-100000.0
dividendsPaid,-107229000,-100592000,-91344000,-84690000,-77712000,-70262000,-64108000,-59334000,-53546000,-49534000,-46494000,-44496000,-42896000,-40207000,-35125000,-29341000,-23566000000,-20003000,-19492000,-16183000,-11839000,-7525000.0,-6237000.0,-5494000.0,-4636000.0,-4245000.0,-4149000.0,-3542000.0,-3000000.0,-2000000.0,-1600000.0,-1600000.0,-1500000.0
otherFinancingActivites,-80961000,907050000,445800000,864258000,-50901000,-14208000,-36246000,1513941000,47446000,286157000,91414000,-888000.0,14631000,27318000,30884000,65604000,23592434000,250000000,0.0,-4377000.0,89213000,-713000.0,-323000.0,12000000,0.0,0.0,555000.0,55000.0,4100000.0,1500000.0,10000000,4000000.0,1800000.0
netCashUsedProvidedByFinancingActivities,-343879000,346363000,-79216000,337750000,-336580000,-160520000,-293839000,589390000,-25611000,148701000,-48485000,-53690000,-47600000,-24497000,-48383000,-79895000,-29966000,169498000,-42714000,105155000,46921000,-16091000,-23154000,-8693000.0,-12063000,-9522000.0,-5620000.0,-13673000,-9200000.0,-3800000.0,3100000.0,1000000.0,-1900000.0
effectOfForexChangesOnCash,-3569000.0,0.0,0.0,0.0,0.0,0.0,0.0,0.0,0.0,0.0,0.0,0.0,0.0,0.0,0.0,0.0,0.0,0.0,0.0,0.0,0.0,0.0,0.0,0.0,0.0,0.0,0.0,0.0,0.0,0.0,0.0,0.0,0.0
netChangeInCash,198341000,308940000,185379000,-46492000,42805000,72226000,-26628000,267096000,-16869000,-66484000,13321000,75871000,118556000,40323000,-50256000,-12090000,-87526000,131180000,-11124000,75199000,-20979000,7356000.0,-5366000.0,-6394000.0,15940000,3436000.0,5165000.0,-3350000.0,-9200000.0,-3800000.0,3100000.0,1000000.0,-1900000.0
cashAtEndOfPeriod,1470256000,1271915000,962975000,777596000,824088000,515646000,443420000,470048000,202952000,219821000,286305000,272984000,197113000,78557000,38234000,88490000,100580000,188106000,56926000,91247000,16048000,31313000,37459000,42174000,47726000,31786000,28350000,22995000,0.0,0.0,0.0,0.0,0.0
cashAtBeginningOfPeriod,1271915000,962975000,777596000,824088000,781283000,443420000,470048000,202952000,219821000,286305000,272984000,197113000,78557000,38234000,88490000,100580000,188106000,56926000,68050000,16048000,37027000,23957000,42825000,48568000,31786000,28350000,23185000,26345000,18400000,7900000.0,8100000.0,200000.0,1800000.0
operatingCashFlow,942469000,721647000,678180000,567529000,441975000,375158000,411848000,385019000,389374000,220315000,237531000,296052000,221585000,341753000,215340000,225214000,215088000,170203000,142725000,93311000,69938000,44071000,39728000,36313000,33027000,28621000,21208000,10654000,20900000,6100000.0,-2300000.0,9000000.0,1100000.0
capitalExpenditure,-45045000,-70700000,-73108000,-41520000,-24192000,-17765000,-18375000,-24923000,-16366000,-24028000,-13608000,-10454000,-11310000,-14115000,-30643000,-14979000,-13426000,-10152000,-15946000,-7275000.0,-11017000,-4102000.0,-4936000.0,-4510000.0,-2713000.0,-4630000.0,-5321000.0,-2392000.0,-1800000.0,-1200000.0,-1300000.0,-1500000.0,-300000.0
freeCashFlow,897424000,650947000,605072000,526009000,417783000,357393000,393473000,360096000,373008000,196287000,223923000,285598000,210275000,327638000,184697000,210235000,201662000,160051000,126779000,86036000,58921000,39969000,34792000,31803000,30314000,23991000,15887000,8262000.0,19100000,4900000.0,-3600000.0,7500000.0,800000.0
link,https://www.sec.gov/Archives/edgar/data/79282/000095017022001654/0000950170-22-001654-index.htm,https://www.sec.gov/Archives/edgar/data/79282/000156459021007624/0001564590-21-007624-index.htm,https://www.sec.gov/Archives/edgar/data/79282/000156459020006075/0001564590-20-006075-index.htm,https://www.sec.gov/Archives/edgar/data/79282/000007928219000006/0000079282-19-000006-index.htm,https://www.sec.gov/Archives/edgar/data/79282/000007928218000006/0000079282-18-000006-index.htm,https://www.sec.gov/Archives/edgar/data/79282/000007928217000006/0000079282-17-000006-index.htm,https://www.sec.gov/Archives/edgar/data/79282/000007928216000034/0000079282-16-000034-index.htm,https://www.sec.gov/Archives/edgar/data/79282/000119312515070864/0001193125-15-070864-index.htm,https://www.sec.gov/Archives/edgar/data/79282/000119312514077842/0001193125-14-077842-index.htm,https://www.sec.gov/Archives/edgar/data/79282/000119312513087664/0001193125-13-087664-index.htm,https://www.sec.gov/Archives/edgar/data/79282/000119312512089393/0001193125-12-089393-index.htm,https://www.sec.gov/Archives/edgar/data/79282/000119312511051929/0001193125-11-051929-index.htm,https://www.sec.gov/Archives/edgar/data/79282/000119312510044577/0001193125-10-044577-index.htm,https://www.sec.gov/Archives/edgar/data/79282/000119312509042336/0001193125-09-042336-index.htm,https://www.sec.gov/Archives/edgar/data/79282/000118811208000632/0001188112-08-000632-index.htm,https://www.sec.gov/Archives/edgar/data/79282/000118811207000553/0001188112-07-000553-index.htm,https://www.sec.gov/Archives/edgar/data/79282/000118811206000715/0001188112-06-000715-index.htm,https://www.sec.gov/Archives/edgar/data/79282/000114544305000591/0001145443-05-000591-index.htm,https://www.sec.gov/Archives/edgar/data/79282/000114544304000325/0001145443-04-000325-index.htm,https://www.sec.gov/Archives/edgar/data/79282/000007928203000021/0000079282-03-000021-index.htm,,,,https://www.sec.gov/Archives/edgar/data/79282/000007928299000007/0000079282-99-000007-index.html,,,https://www.sec.gov/Archives/edgar/data/79282/000095014496001042/0000950144-96-001042-index.html,,,,,,
finalLink,https://www.sec.gov/Archives/edgar/data/79282/000095017022001654/bro-20211231.htm,https://www.sec.gov/Archives/edgar/data/79282/000156459021007624/bro-10k_20201231.htm,https://www.sec.gov/Archives/edgar/data/79282/000156459020006075/bro-10k_20191231.htm,https://www.sec.gov/Archives/edgar/data/79282/000007928219000006/bro-20181231x10k.htm,https://www.sec.gov/Archives/edgar/data/79282/000007928218000006/bro-20171231x10k.htm,https://www.sec.gov/Archives/edgar/data/79282/000007928217000006/bro-20161231x10k.htm,https://www.sec.gov/Archives/edgar/data/79282/000007928216000034/bro-20151231x10k.htm,https://www.sec.gov/Archives/edgar/data/79282/000119312515070864/d847767d10k.htm,https://www.sec.gov/Archives/edgar/data/79282/000119312514077842/d633916d10k.htm,https://www.sec.gov/Archives/edgar/data/79282/000119312513087664/d441942d10k.htm,https://www.sec.gov/Archives/edgar/data/79282/000119312512089393/d233092d10k.htm,https://www.sec.gov/Archives/edgar/data/79282/000119312511051929/d10k.htm,https://www.sec.gov/Archives/edgar/data/79282/000119312510044577/d10k.htm,https://www.sec.gov/Archives/edgar/data/79282/000119312509042336/d10k.htm,https://www.sec.gov/Archives/edgar/data/79282/000118811208000632/d22761_10-k.htm,https://www.sec.gov/Archives/edgar/data/79282/000118811207000553/t13135_10k.htm,https://www.sec.gov/Archives/edgar/data/79282/000118811206000715/t10k-9239.htm,https://www.sec.gov/Archives/edgar/data/79282/000114544305000591/d16578_10k.htm,https://www.sec.gov/Archives/edgar/data/79282/000114544304000325/d14156-10k.htm,https://www.sec.gov/Archives/edgar/data/79282/000007928203000021/edgar.htm,,,,https://www.sec.gov/Archives/edgar/data/79282/0000079282-99-000007.txt,,,https://www.sec.gov/Archives/edgar/data/79282/0000950144-96-001042.txt,,,,,,
