,2022,2020,2019,2018,2017,2016,2015,2014,2013,2012,2011,2010,2009,2008,2007,2006,2005,2004,2003,2002,2001,2000,1999,1997,1996,1995,1994,1993,1992,1991,1990,1989
reportedCurrency,USD,USD,USD,USD,USD,USD,USD,USD,USD,USD,USD,USD,USD,USD,USD,USD,USD,USD,USD,USD,USD,USD,USD,USD,USD,USD,USD,USD,USD,USD,USD,USD
cik,0000056873,0000056873,0000056873,0000056873,0000056873,0000056873,0000056873,0000056873,0000056873,0000056873,0000056873,0000056873,0000056873,0000056873,0000056873,0000056873,0000056873,0000056873,0000056873,0000056873,0000056873,0000056873,0000056873,0000056873,0000056873,0000056873,0000056873,0000056873,0000056873,0000056873,0000056873,0000056873
fillingDate,2022-03-29,2020-04-01,2019-04-02,2018-04-03,2017-03-28,2016-03-29,2015-03-31,2014-04-01,2013-04-02,2012-03-27,2011-03-29,2010-03-30,2009-03-31,2008-04-01,2007-04-04,2006-04-07,2005-04-15,2004-04-14,2003-05-02,2002-05-01,2001-05-02,2000-04-27,1999-01-02,1997-12-27,1997-03-19,1996-03-22,1995-03-30,1993-12-31,1992-12-31,1991-12-31,1990-12-31,1989-12-31
acceptedDate,2022-03-29 15:21:50,2020-04-01 09:01:18,2019-04-02 16:39:37,2018-04-03 17:16:37,2017-03-28 16:47:20,2016-03-29 15:38:40,2015-03-31 13:33:42,2014-04-01 15:13:54,2013-04-02 14:02:39,2012-03-27 15:28:04,2011-03-29 14:04:28,2010-03-30 13:51:40,2009-03-31 15:23:57,2008-04-01 17:13:20,2007-04-04 11:40:49,2006-04-07 17:19:42,2005-04-15 09:19:34,2004-04-14 16:46:11,2003-05-02 13:47:17,2002-05-01 16:30:27,2001-05-02 00:00:00,2000-04-27 00:00:00,1999-01-02,1997-12-27,1997-03-19 00:00:00,1996-03-22 00:00:00,1995-03-30 00:00:00,1993-12-31,1992-12-31,1991-12-31,1990-12-31,1989-12-31
calendarYear,2022,2020,2019,2018,2017,2016,2015,2014,2013,2012,2011,2010,2009,2008,2007,2006,2005,2004,2003,2002,2001,2000,1998,1997,1996,1995,1994,1993,1992,1991,1990,1989
period,FY,FY,FY,FY,FY,FY,FY,FY,FY,FY,FY,FY,FY,FY,FY,FY,FY,FY,FY,FY,FY,FY,FY,FY,FY,FY,FY,FY,FY,FY,FY,FY
netIncome,1655000000,1659000000,3110000000,1907000000,1975000000,2039000000,1728000000,1519000000,1497000000,602000000,1116000000,70000000,1249000000,1181000000,1115000000,958000000,-104000000,315000000,1205000000,1043000000,877000000,628000000,411000000,412000000,350000000,303000000,242200000,-12200000,-5900000.0,100700000,83300000,-16300000
depreciationAndAmortization,2824000000,3289000000,2465000000,2436000000,2340000000,2089000000,1948000000,1703000000,1652000000,1638000000,1600000000,1525000000,1442000000,1356000000,1272000000,1265000000,1256000000,1209000000,1087000000,1076000000,1008000000,961000000,447100000,394100000,356800000,324500000,293100000,343100000,251800000,242000000,244700000,241200000
deferredIncomeTax,-31000000,-56000000,-45000000,-694000000,201000000,317000000,73000000,72000000,176000000,31000000,37000000,222000000,341000000,-86000000,-60000000,-63000000,230000000,331000000,468000000,258000000,213000000,308000000,-19900000,65400000,0.0,0.0,0.0,0.0,-34300000,-21600000,0.0,0.0
stockBasedCompensation,203000000,155000000,154000000,151000000,141000000,165000000,155000000,107000000,82000000,81000000,79000000,83000000,0.0,0.0,0.0,0.0,0.0,0.0,0.0,0.0,0.0,0.0,0.0,0.0,0.0,0.0,0.0,0.0,0.0,0.0,0.0,0.0
changeInWorkingCapital,-796000000,118000000,-391000000,-560000000,559000000,-587000000,-617000000,1223000000,-1318000000,-1331000000,-185000000,159000000,1152000000,-749000000,-577000000,-320000000,38000000,75000000,-69000000,202000000,22000000,230000000,-216000000,57000000,98000000,-215100000,-242900000,0.0,0.0,0.0,0.0,25600000
accountsReceivables,-61000000,0.0,0.0,0.0,0.0,0.0,0.0,0.0,0.0,0.0,0.0,0.0,0.0,0.0,0.0,0.0,0.0,0.0,0.0,0.0,0.0,0.0,0.0,0.0,0.0,0.0,0.0,0.0,0.0,0.0,0.0,0.0
inventory,80000000,-351000000,-354000000,-23000000,-382000000,-184000000,-147000000,-131000000,-78000000,-361000000,-88000000,-45000000,-148000000,-383000000,-173000000,-157000000,-236000000,-20000000,-62000000,-121000000,-114000000,-271000000,71800000,-98300000,-140800000,10400000,-51800000,-12200000,-21300000,-120900000,-93400000,-136900000
accountsPayables,438000000,342000000,213000000,158000000,16000000,440000000,135000000,3000000.0,58000000,82000000,315000000,54000000,0.0,0.0,0.0,0.0,0.0,0.0,0.0,0.0,0.0,0.0,0.0,0.0,0.0,0.0,0.0,0.0,0.0,0.0,0.0,0.0
otherWorkingCapital,-4149000000,-3353000000,-3471000000,-3080000000,-2520000000,-3079000000,-2492000000,-1875000000,-3098000000,-1780000000,-449000000,-264000000,-423000000,-1575000000,-826000000,-249000000,71000000,33000000,-42000000,27000000,-175000000,-197000000,-519000000,-303000000,-360000000,-458000000,-242900000,0.0,0.0,0.0,0.0,0.0
otherNonCashItems,2335000000,-501000000,-1129000000,173000000,-944000000,810000000,876000000,-1244000000,744000000,1637000000,719000000,863000000,-1288000000,879000000,601000000,352000000,910000000,285000000,492000000,-232000000,161000000,-569000000,520000000,-74900000,-327000000,386100000,457900000,286400000,321200000,127300000,169800000,157200000
netCashProvidedByOperatingActivities,6190000000,4664000000,4164000000,3413000000,4272000000,4833000000,4163000000,3380000000,2833000000,2658000000,3366000000,2922000000,2896000000,2581000000,2351000000,2192000000,2330000000,2215000000,3183000000,2347000000,2281000000,1558000000,1142200000,853600000,477800000,798500000,750300000,617300000,532800000,448400000,497800000,407700000
investmentsInPropertyPlantAndEquipment,-2614000000,-3128000000,-2967000000,-2809000000,-3699000000,-3349000000,-2831000000,-2330000000,0.0,0.0,0.0,-2296500000,-2149000000,-2126000000,-1683000000,-1306000000,-1634000000,-2000000000,-1891000000,-2139000000,-1623000000,-1701000000,-923500000,-612200000,-733900000,-726100000,-534000000,-376100000,-241200000,-208100000,-234200000,-131300000
acquisitionsNet,0.0,327000000,1928000000,-16000000,-401000000,-168000000,-252000000,-2344000000,-122000000,-51000000,-7000000.0,-36000000,-80000000,-90000000,0.0,0.0,-25000000,-87000000,-126000000,-103000000,-67000000,-230000000,0.0,0.0,0.0,0.0,0.0,0.0,0.0,0.0,0.0,0.0
purchasesOfInvestments,0.0,0.0,-392000000,0.0,0.0,0.0,0.0,0.0,0.0,0.0,0.0,0.0,0.0,0.0,0.0,0.0,0.0,0.0,0.0,0.0,0.0,0.0,0.0,0.0,0.0,0.0,0.0,0.0,0.0,0.0,-13800000,-15000000
salesMaturitiesOfInvestments,0.0,0.0,235000000,0.0,0.0,0.0,0.0,0.0,0.0,0.0,0.0,0.0,0.0,0.0,0.0,0.0,0.0,0.0,0.0,0.0,0.0,0.0,0.0,0.0,0.0,0.0,50500000,0.0,0.0,19100000,30100000,0.0
otherInvestingActivites,3000000.0,190000000,10000000,118000000,225000000,-53000000,23000000,-97000000,-2061000000,-1857000000,-1954000000,5500000.0,50000000,-2000000.0,96000000,27000000,51000000,61000000,110000000,277000000,167000000,111000000,163900000,32800000,-123000000,60500000,-63000000,7800000.0,-23100000,1100000.0,27100000,313000000
netCashUsedForInvestingActivites,-2611000000,-2611000000,-1186000000,-2707000000,-3875000000,-3570000000,-3060000000,-4771000000,-2183000000,-1908000000,-1961000000,-2327000000,-2179000000,-2218000000,-1587000000,-1279000000,-1608000000,-2026000000,-1907000000,-1965000000,-1523000000,-1820000000,-759600000,-579400000,-856900000,-665600000,-546500000,-368300000,-264300000,-187900000,-190800000,166700000
debtRepayment,-2614000000,-2304000000,-1372000000,-788000000,-1355000000,-1530000000,-375000000,-1455000000,-1445000000,-177000000,-553000000,-561000000,0.0,0.0,0.0,0.0,0.0,0.0,0.0,0.0,0.0,0.0,0.0,0.0,0.0,0.0,0.0,0.0,0.0,0.0,0.0,0.0
commonStockIssued,172000000,55000000,65000000,51000000,68000000,120000000,110000000,196000000,110000000,118000000,29000000,51000000,172000000,188000000,168000000,78000000,25000000,39000000,41000000,72000000,57000000,67000000,52600000,41500000,48100000,38600000,55400000,250600000,53300000,23300000,22000000,17400000
commonStockRepurchased,-1647000000,-465000000,-2010000000,-1633000000,-1766000000,-703000000,-1283000000,-609000000,-1261000000,-1547000000,-545000000,-218000000,-637000000,-1421000000,-633000000,-252000000,-319000000,-301000000,-785000000,-732000000,-581000000,-6000000.0,-121900000,-85200000,-300000.0,-200000.0,-300000.0,0.0,0.0,-800000.0,-300000.0,-250600000
dividendsPaid,-589000000,-486000000,-437000000,-443000000,-429000000,-385000000,-338000000,-319000000,-267000000,-257000000,-250000000,-238000000,-227000000,-202000000,-140000000,0.0,0.0,0.0,0.0,0.0,0.0,0.0,0.0,0.0,0.0,0.0,0.0,0.0,0.0,0.0,0.0,-2300000.0
otherFinancingActivites,1233000000,1117000000,858000000,2132000000,3130000000,1244000000,650000000,3741000000,2263000000,476000000,315000000,532000000,-77000000,1125000000,-180000000,-673000000,-443000000,61000000,-522000000,278000000,-354000000,219000000,-257400000,-232000000,331300000,-198600000,-352900000,-482300000,-221700000,-333600000,-389600000,-434500000
netCashUsedProvidedByFinancingActivities,-3445000000,-2083000000,-2896000000,-681000000,-352000000,-1254000000,-1236000000,1554000000,-600000000,-1387000000,-1004000000,-434000000,-769000000,-310000000,-785000000,-847000000,-737000000,-201000000,-1266000000,-382000000,-878000000,280000000,-326700000,-275700000,379100000,-160200000,-297800000,-231700000,-168400000,-311100000,-367900000,-670000000
effectOfForexChangesOnCash,0.0,0.0,0.0,0.0,0.0,0.0,0.0,0.0,0.0,0.0,0.0,0.0,0.0,0.0,0.0,0.0,0.0,0.0,0.0,0.0,0.0,0.0,0.0,0.0,0.0,0.0,0.0,0.0,0.0,0.0,0.0,0.0
netChangeInCash,134000000,-30000000,82000000,25000000,45000000,9000000.0,-133000000,163000000,50000000,-637000000,401000000,161000000,-52000000,53000000,-21000000,66000000,-15000000,-12000000,10000000,0.0,-120000000,18000000,-326700000,-275700000,379100000,-160200000,-297800000,-231700000,-168400000,-311100000,-367900000,-670000000
cashAtEndOfPeriod,0.0,399000000,429000000,347000000,322000000,277000000,268000000,401000000,238000000,188000000,825000000,424000000,263000000,242000000,189000000,210000000,144000000,159000000,171000000,161000000,161000000,281000000,0.0,0.0,0.0,0.0,0.0,0.0,0.0,0.0,0.0,0.0
cashAtBeginningOfPeriod,399000000,429000000,347000000,322000000,277000000,268000000,401000000,238000000,188000000,825000000,424000000,263000000,315000000,189000000,210000000,144000000,159000000,171000000,161000000,161000000,281000000,263000000,65500000,67100000,0.0,27200000,121300000,104000000,4000000.0,54500000,115500000,211000000
operatingCashFlow,6190000000,4664000000,4164000000,3413000000,4272000000,4833000000,4163000000,3380000000,2833000000,2658000000,3366000000,2922000000,2896000000,2581000000,2351000000,2192000000,2330000000,2215000000,3183000000,2347000000,2281000000,1558000000,1142200000,853600000,477800000,798500000,750300000,617300000,532800000,448400000,497800000,407700000
capitalExpenditure,-2614000000,-3128000000,-2967000000,-2809000000,-3699000000,-3349000000,-2831000000,-2330000000,-2062000000,-1898000000,-1919000000,-2297000000,-2149000000,-2126000000,-1683000000,-1306000000,-1634000000,-2000000000,-1891000000,-2139000000,-1623000000,-1701000000,-923500000,-612200000,-733900000,-726100000,-534000000,-376100000,-241200000,-208100000,-234200000,-131300000
freeCashFlow,3576000000,1536000000,1197000000,604000000,573000000,1484000000,1332000000,1050000000,771000000,760000000,1447000000,625000000,747000000,455000000,668000000,886000000,696000000,215000000,1292000000,208000000,658000000,-143000000,218700000,241400000,-256100000,72400000,216300000,241200000,291600000,240300000,263600000,276400000
link,https://www.sec.gov/Archives/edgar/data/56873/000155837022004595/0001558370-22-004595-index.htm,https://www.sec.gov/Archives/edgar/data/56873/000155837020003501/0001558370-20-003501-index.htm,https://www.sec.gov/Archives/edgar/data/56873/000155837019002756/0001558370-19-002756-index.htm,https://www.sec.gov/Archives/edgar/data/56873/000155837018002753/0001558370-18-002753-index.htm,https://www.sec.gov/Archives/edgar/data/56873/000155837017002198/0001558370-17-002198-index.htm,https://www.sec.gov/Archives/edgar/data/56873/000110465916108277/0001104659-16-108277-index.htm,https://www.sec.gov/Archives/edgar/data/56873/000110465915024557/0001104659-15-024557-index.htm,https://www.sec.gov/Archives/edgar/data/56873/000110465914024819/0001104659-14-024819-index.htm,https://www.sec.gov/Archives/edgar/data/56873/000110465913026395/0001104659-13-026395-index.htm,https://www.sec.gov/Archives/edgar/data/56873/000110465912021358/0001104659-12-021358-index.htm,https://www.sec.gov/Archives/edgar/data/56873/000110465911017372/0001104659-11-017372-index.htm,https://www.sec.gov/Archives/edgar/data/56873/000110465910017258/0001104659-10-017258-index.htm,https://www.sec.gov/Archives/edgar/data/56873/000110465909021710/0001104659-09-021710-index.htm,https://www.sec.gov/Archives/edgar/data/56873/000110465908021727/0001104659-08-021727-index.htm,https://www.sec.gov/Archives/edgar/data/56873/000120677407000901/0001206774-07-000901-index.htm,https://www.sec.gov/Archives/edgar/data/56873/000120677406000702/0001206774-06-000702-index.htm,https://www.sec.gov/Archives/edgar/data/56873/000119312505077143/0001193125-05-077143-index.htm,https://www.sec.gov/Archives/edgar/data/56873/000119312504062346/0001193125-04-062346-index.htm,https://www.sec.gov/Archives/edgar/data/56873/000095016803001570/0000950168-03-001570-index.htm,https://www.sec.gov/Archives/edgar/data/56873/000095010902002476/0000950109-02-002476-index.html,https://www.sec.gov/Archives/edgar/data/56873/000095015201501370/0000950152-01-501370-index.html,https://www.sec.gov/Archives/edgar/data/56873/000095015200003212/0000950152-00-003212-index.html,,,https://www.sec.gov/Archives/edgar/data/56873/000095013197001919/0000950131-97-001919-index.html,https://www.sec.gov/Archives/edgar/data/56873/000095013196001197/0000950131-96-001197-index.html,https://www.sec.gov/Archives/edgar/data/56873/000005687395000014/0000056873-95-000014-index.html,,,,,
finalLink,https://www.sec.gov/Archives/edgar/data/56873/000155837022004595/kr-20220129x10k.htm,https://www.sec.gov/Archives/edgar/data/56873/000155837020003501/kr-20200201x10k.htm,https://www.sec.gov/Archives/edgar/data/56873/000155837019002756/kr-20190202x10k.htm,https://www.sec.gov/Archives/edgar/data/56873/000155837018002753/kr-20180203x10k.htm,https://www.sec.gov/Archives/edgar/data/56873/000155837017002198/kr-20170128x10k.htm,https://www.sec.gov/Archives/edgar/data/56873/000110465916108277/a15-23178_110k.htm,https://www.sec.gov/Archives/edgar/data/56873/000110465915024557/a15-1850_110k.htm,https://www.sec.gov/Archives/edgar/data/56873/000110465914024819/a14-2996_110k.htm,https://www.sec.gov/Archives/edgar/data/56873/000110465913026395/a13-2426_110k.htm,https://www.sec.gov/Archives/edgar/data/56873/000110465912021358/a12-1263_110k.htm,https://www.sec.gov/Archives/edgar/data/56873/000110465911017372/a11-2299_110k.htm,https://www.sec.gov/Archives/edgar/data/56873/000110465910017258/a09-36165_110k.htm,https://www.sec.gov/Archives/edgar/data/56873/000110465909021710/a09-1837_110k.htm,https://www.sec.gov/Archives/edgar/data/56873/000110465908021727/a08-9380_110k.htm,https://www.sec.gov/Archives/edgar/data/56873/000120677407000901/kroger_10k.htm,https://www.sec.gov/Archives/edgar/data/56873/000120677406000702/kc120844.htm,https://www.sec.gov/Archives/edgar/data/56873/000119312505077143/d10k.htm,https://www.sec.gov/Archives/edgar/data/56873/000119312504062346/d10k.htm,https://www.sec.gov/Archives/edgar/data/56873/000095016803001570/d10k.htm,https://www.sec.gov/Archives/edgar/data/56873/000095010902002476/d10k.htm,https://www.sec.gov/Archives/edgar/data/56873/000095015201501370/l87047ae10-k.txt,https://www.sec.gov/Archives/edgar/data/56873/0000950152-00-003212.txt,,,https://www.sec.gov/Archives/edgar/data/56873/0000950131-97-001919.txt,https://www.sec.gov/Archives/edgar/data/56873/0000950131-96-001197.txt,https://www.sec.gov/Archives/edgar/data/56873/0000056873-95-000014.txt,,,,,
