,2022,2020,2019,2018,2017,2016,2015,2014,2013,2012,2011,2010,2009,2008,2007,2006,2005,2004,2003,2002,2001,2000,1999,1997,1996,1995,1994,1988
period,FY,FY,FY,FY,FY,FY,FY,FY,FY,FY,FY,FY,FY,FY,FY,FY,FY,FY,FY,FY,FY,FY,FY,FY,FY,FY,FY,FY
revenuePerShare,172.57571964956196,153.04881101376722,149.58271604938273,137.05251396648043,122.43842887473461,113.69565217391305,110.67857142857143,95.69552529182879,90.69272590926134,76.64009497964722,64.69537153652394,59.335756263532325,58.282208588957054,50.89492753623188,46.23146853146853,41.818370165745854,38.338315217391305,36.00468540829986,33.222079589216946,30.362424242424243,29.76913730255164,27.353437876960193,27.562017715996777,26.119417658995452,23.949571836346337,24.849891622997518,25.277112307001243,30.05205047318612
netIncomePerShare,2.071339173967459,2.076345431789737,3.8395061728395063,2.13072625698324,2.096602972399151,2.110766045548654,1.763265306122449,1.477626459143969,1.4032620922384702,0.5105156037991859,0.878463476070529,0.054129291679554596,0.9578220858895705,0.8557971014492753,0.7797202797202797,0.6616022099447514,-0.07065217391304347,0.21084337349397592,0.7734274711168164,0.6321212121212121,0.5328068043742406,0.37876960193003617,0.40165901788017855,0.40505891050950904,0.3330161750713606,0.31454244973549367,0.26665316152443697,0.055205047318611984
operatingCashFlowPerShare,7.747183979974968,5.83729662077597,5.140740740740741,3.8134078212290503,4.535031847133758,5.003105590062112,4.247959183673469,3.2879377431906613,2.655605549306337,2.254070556309362,2.64955919395466,2.2595112898236933,2.2208588957055215,1.8702898550724638,1.6440559440559441,1.5138121546961325,1.5828804347826086,1.4825970548862115,2.0430038510911426,1.4224242424242424,1.3857837181044959,0.9396863691194209,1.1162407061380535,0.8392191408031964,0.45461465271170315,0.8289179739729099,0.8260523001312348,0.8343848580441641
freeCashFlowPerShare,4.475594493116396,1.9224030037546933,1.4777777777777779,0.6748603351955307,0.60828025477707,1.536231884057971,1.3591836734693878,1.0214007782101167,0.7227221597300337,0.6445047489823609,1.1390113350125946,0.4832972471388803,0.5728527607361963,0.32971014492753625,0.4671328671328671,0.611878453038674,0.47282608695652173,0.14390896921017404,0.8292682926829268,0.12606060606060607,0.3997569866342649,-0.08624849215922799,0.21372950659463516,0.23733306067231913,-0.24367269267364414,0.07515799789059321,0.23813822806662147,0.32302839116719245
cashPerShare,4.55819774718398,0.9987484355444305,1.0592592592592593,0.7754189944134078,0.6836518046709129,0.5734989648033126,0.27346938775510204,0.7801556420233463,0.4461942257217848,0.31886024423337855,1.2988035264483626,0.6557377049180327,0.20168711656441718,0.1753623188405797,0.13216783216783218,0.14502762430939226,7.243206521739131,0.10642570281124498,0.10975609756097561,0.09757575757575758,0.09781287970838397,0.16948130277442702,0.1182499785000039,0.06390492520174293,0.0,0.0,0.029946184944115134,0.33280757097791797
bookValuePerShare,11.829787234042554,10.76595744680851,9.735802469135802,7.744134078212291,7.110403397027601,7.0600414078674945,5.522448979591837,5.237354085603113,3.9435695538057742,3.3760176390773404,4.168765743073048,3.7364676770801113,3.9693251533742333,3.5608695652173914,3.4426573426573426,3.031767955801105,2.404891304347826,2.6847389558232932,2.4711168164313224,2.1224242424242425,1.876670716889429,1.6182147165259348,-0.37918174923968195,-0.7717748658979724,-1.1246431969552806,-1.6640645113069188,-2.3711433277257634,-4.225552050473186
tangibleBookValuePerShare,6.772215269086358,5.581977471839799,4.371604938271605,3.2469273743016758,2.6687898089171975,3.150103519668737,2.429591836734694,2.477626459143969,2.7868391451068617,2.4109565807327002,3.2714105793450883,2.841014537581194,2.3006134969325154,2.0072463768115942,1.9097902097902097,1.5179558011049723,0.970108695652174,0.5870147255689424,0.17650834403080873,-0.055757575757575756,-0.33414337788578374,-0.6501809408926418,-0.4270681041694356,-0.8101178210190181,-1.1627021883920077,-1.7087025487281273,-2.3711433277257634,7.277602523659306
shareholdersEquityPerShare,11.829787234042554,10.76595744680851,9.735802469135802,7.744134078212291,7.110403397027601,7.0600414078674945,5.522448979591837,5.237354085603113,3.9435695538057742,3.3760176390773404,4.168765743073048,3.7364676770801113,3.9693251533742333,3.5608695652173914,3.4426573426573426,3.031767955801105,2.404891304347826,2.6847389558232932,2.4711168164313224,2.1224242424242425,1.876670716889429,1.6182147165259348,-0.37918174923968195,-0.7717748658979724,-1.1246431969552806,-1.6640645113069188,-2.3711433277257634,-4.225552050473186
interestDebtPerShare,26.991239048811014,19.118898623279097,19.566666666666666,18.089385474860336,15.49787685774947,13.00207039337474,12.391836734693877,11.432879377431906,8.752343457067866,7.293080054274085,6.564861460957179,6.61769254562326,6.183282208588957,5.8847826086956525,4.937062937062937,4.994475138121547,5.415081521739131,5.598393574297189,5.503209242618742,5.362424242424242,4.987849331713244,4.852231604342581,3.155613062615807,3.434152365072124,3.4814462416745955,3.622947688372518,4.299919849916767,7.148264984227129
marketCap,37393199201,23714320000,23198399190,25051050000,30351240942.000004,38553060000,34760600980,21582861028,15719298000,14079648000,14546080000,14490306000,13248640000,17132699999.999998,18025150000,14653759999.999998,13240639999.999998,14514210000,10329540000,18793500000,19505100000,12538625000,16691863500,9678684750,6371687500,4154248500,2781656500,506566000
enterpriseValue,56567199201,37988320000,37998399190,40293050000,44106240942,50354060000,46148600980,32491861028,24356298000,22056648000,21613080000,22122306000,21048640000,25093700000,24928150000,21738760000,21067640000,22719210000,18732540000,27480500000,27554100000,20302625000,19799863500,13106684750,10030687500,7644248500,6660056500,5025566000
peRatio,22.59407806706949,14.294345991561181,7.4592923440514465,13.136366019926585,15.36771693265823,18.907827366356056,20.116088530092593,14.208598438446344,10.500533066132265,23.388119601328903,13.034121863799282,207.00437142857143,10.607397918334668,14.506943268416595,16.166053811659193,15.296200417536534,-127.31384615384616,46.076857142857136,8.572232365145227,18.01869606903164,22.240706955530218,19.96596337579618,40.612806569343064,23.49195327669903,18.204821428571428,13.710391089108912,11.484956647398844,14.473314285714288
priceToSalesRatio,0.2711853040221049,0.19392506092275483,0.19146596449381817,0.20422828585870115,0.26315268250431345,0.3510248565965583,0.3204775824459503,0.21939375886149937,0.16247168504718298,0.15579312634164694,0.17698329460146733,0.18884060313033504,0.1743242105263158,0.2439339360717591,0.27264978596602685,0.24199891004574503,0.23462168196477298,0.2698259931958878,0.1995660741885626,0.3751347359176015,0.3980632653061224,0.2764734741576998,0.5918470907350282,0.3643122953287914,0.25313604942195383,0.17354200434455677,0.12115703577230814,0.02658720411483756
pocfratio,6.040904555896607,5.084545454545455,5.57118136167147,7.339891590975681,7.104691231741574,7.977045313469894,8.349892140283451,6.38546184260355,5.548640310624779,5.297083521444695,4.3214735591206175,4.959036960985626,4.574806629834254,6.638008523827973,7.667014036580179,6.6851094890510945,5.6826781115879825,6.5526907449209935,3.2452214891611684,8.007456327226247,8.551117930732135,8.047897946084724,14.613783488005602,11.338665358481725,13.335469861866889,5.202565435190984,3.70739237638278,0.9575916824196598
pfcfRatio,10.456711185961968,15.439010416666667,19.38045045112782,41.47524834437086,52.96900687958116,25.979150943396228,26.096547282282284,20.55510574095238,20.388194552529182,18.525852631578946,10.05257774706289,23.1844896,17.73579651941098,37.65428571428571,26.98375748502994,16.539232505643337,19.02390804597701,67.5079534883721,7.995,90.35336538461539,29.643009118541034,-87.6826923076923,76.32310699588477,40.09397162386081,-24.87968566966029,57.3791229281768,12.860177993527508,2.473466796875
pbRatio,3.9561150233812947,2.756837944664032,2.9417194002028912,3.614348578848651,4.531388614810392,5.652941348973607,6.422875273466372,4.008703757057949,3.7364625623960066,3.53671137905049,2.7466163141993953,2.998821605960265,2.559629057187017,3.486507936507936,3.661415803371928,3.3379863325740318,3.740293785310734,3.618601346297681,2.6829974025974024,5.366504854368932,6.31437358368404,4.673360044726053,-43.02026675257732,-12.329534713375795,-5.39059856175973,-2.5915461634435433,-1.2915710173190325,-0.18908771929824564
ptbRatio,3.9561150233812947,2.756837944664032,2.9417194002028912,3.614348578848651,4.531388614810392,5.652941348973607,6.422875273466372,4.008703757057949,3.7364625623960066,3.53671137905049,2.7466163141993953,2.998821605960265,2.559629057187017,3.486507936507936,3.661415803371928,3.3379863325740318,3.740293785310734,3.618601346297681,2.6829974025974024,5.366504854368932,6.31437358368404,4.673360044726053,-43.02026675257732,-12.329534713375795,-5.39059856175973,-2.5915461634435433,-1.2915710173190325,-0.18908771929824564
evToSales,0.41024018914626365,0.31065142371162685,0.3136164737293871,0.3284884479300843,0.3824118968067489,0.45847273058362925,0.42546997630572075,0.33028575377890723,0.2517420801852177,0.24405966317746255,0.26296803708525474,0.28830237316408847,0.2769557894736842,0.3572819819178472,0.37706508750434875,0.3590038478688091,0.3733146684622745,0.42236080385194547,0.361911514683153,0.5485348716515629,0.5623285714285714,0.4476676883048157,0.7020481331773215,0.49334455339330746,0.3985017480433833,0.31933530370122815,0.29008351808215477,0.26376770062457355
enterpriseValueOverEBITDA,10.407948335050598,6.310352159468438,5.355658800563777,8.87707644855695,7.612399196064895,8.904343059239611,9.109475124358468,7.357758384963768,5.529239046538025,7.548476386036961,5.740525896414343,8.41472270825409,6.176244131455399,7.8836632108074145,8.254354304635761,7.791670250896058,13.66254215304799,11.480146538655887,6.178278364116095,9.860243989953355,10.964623955431755,9.760877403846154,17.661103826598875,12.202480914253794,10.881631047949664,9.339338423946243,9.683129543471939,46.61935064935065
evToOperatingCashFlow,9.13848129256866,8.145008576329332,9.125456097502402,11.805757398183417,10.32449460252809,10.418799917235672,11.085419404275763,9.612976635502958,8.597351923755737,8.298212189616253,6.420998217468806,7.570946611909651,7.268176795580111,9.72247191011236,10.60321139940451,9.917317518248176,9.041905579399142,10.256979683972911,5.885183788878416,11.708777162334895,12.079833406400702,13.031209884467266,17.33484810015759,15.354597879568885,20.99348576810381,9.57326048841578,8.876524723443955,9.500124763705104
evToFreeCashFlow,15.818568009228187,24.731979166666665,31.744694394319133,66.7103476821192,76.97424248167539,33.93130727762803,34.646096831831834,30.94462955047619,31.590529182879376,29.021905263157894,14.936475466482378,35.3956896,28.17756358768407,55.15098901098901,37.31758982035928,24.535846501128667,30.269597701149426,105.6707441860465,14.498869969040248,132.11778846153845,41.875531914893614,-141.9763986013986,90.53435528120713,54.294468724109365,-39.16707340882468,105.58354281767956,30.790829865926952,24.538896484375
earningsYield,0.0442593850048471,0.06995773018159492,0.13406097440294976,0.07612455366142337,0.06507147446702906,0.05288814947503519,0.04971145352159558,0.07037991849316745,0.09523326041659112,0.04275675073695025,0.07672170096685843,0.004830815857166854,0.09427382735133567,0.06893250917835485,0.06185801505119236,0.06537571244513354,-0.007854605215457864,0.02170286911929757,0.11665572716694064,0.05549791151195892,0.04496259952525237,0.050085236618847756,0.024622775042463053,0.042567767278503414,0.05493050310455433,0.07293737964881013,0.08707042008961208,0.06909267499200498
freeCashFlowYield,0.0956323630074521,0.06477099069254358,0.05159838789721249,0.024110765816203313,0.01887896449094058,0.038492405012727916,0.0383192454228966,0.04864971324412496,0.049047991837803444,0.05397862219282755,0.09947697249018292,0.04313228443898976,0.05638314574175161,0.0265574019273086,0.03705933099031076,0.06046229773109428,0.05256543490344878,0.014813069398885643,0.12507817385866166,0.011067656370553649,0.03373476680457931,-0.011404759293782213,0.013102191975150048,0.02494140539085127,-0.040193433843075325,0.0174279415398477,0.07775942140950905,0.40429085252464636
debtToEquity,2.0350190435886586,1.407928388746803,1.5308141009383718,1.7355359976915308,1.7654523738429382,1.4234604105571846,1.8054323725055432,1.7929049034175335,1.459710007130972,1.7206731976890228,1.3791540785498488,1.5473923841059603,1.4499613601236476,1.3286528286528287,1.2500507820434694,1.5211845102505694,2.231638418079096,2.023435552231364,2.1355844155844155,2.402055968018275,2.657818064098414,2.998509131569139,-8.322164948453608,-4.4496815286624205,-3.095600676818951,-2.1771678103555834,-1.805822537957933,-2.7222844344904815
debtToAssets,0.8079085686346412,0.8099257557009015,0.7931161131224094,0.8136677689060946,0.8165182851664156,0.7988022538867746,0.8219007723524021,0.8161264984119395,0.8293444750932987,0.8304225592094053,0.7746862369708573,0.7907591044905382,0.7729093964068761,0.7796313736041975,0.767947207164742,0.7856654623571917,0.8233858767263676,0.8012782401902497,0.8084767684807482,0.8165243359354535,0.8301814183617372,0.8506623622397863,1.057910447761194,1.124583399460403,1.2029184549356222,1.3177403369672944,1.4574845465938782,1.5806241872561768
netDebtToEBITDA,3.5278748850046,2.37109634551495,2.0859760394644113,3.358008371888081,2.3740075940628236,2.0868258178603005,2.2479273588630084,2.470335144927536,1.9607264472190693,2.7299794661190964,1.8770252324037184,2.903004944845949,2.288732394366197,2.50109959158027,2.2857615894039736,2.539426523297491,5.075875486381323,4.146033350176857,2.7714379947229553,3.1169716541083603,3.2029446876243535,3.7326923076923078,2.772277227722772,3.191509170468299,3.9694076806248644,4.263897373243738,5.638848502471649,41.92022263450835
currentRatio,0.7458187833118912,0.7645861124763041,0.7568306010928961,0.7830527576248503,0.8040435458786936,0.7626243157813584,0.7814610190300798,0.8248482017748715,0.7198155014922674,0.8045030203185063,0.9443618339529121,0.96577651024112,0.9445536767597326,0.8187363332949706,0.8910433979686058,0.9629188384214445,1.0112075769534332,1.0059076262083781,0.9925106990014265,1.004922515952598,0.9686996959399035,0.9656075418994413,0.8374060150375939,0.897078804347826,0.8673055657943236,0.8214424951267056,0.898580375782881,1.1408775981524248
interestCoverage,6.089316987740806,3.7330016583747927,4.216129032258064,3.469217970049917,6.582375478927203,7.419087136929461,6.42827868852459,6.1512415349887135,5.982683982683983,2.9379310344827587,4.870535714285714,2.1733067729083664,,,,,,,,,,,,,,,,-0.26262626262626265
incomeQuality,3.7401812688821754,2.811332127787824,1.3389067524115756,1.789722076560042,2.163037974683544,2.3702795487984307,2.4091435185185186,2.2251481237656354,1.8924515698062792,4.415282392026578,3.0161290322580645,41.74285714285714,2.3186549239391514,2.1854360711261642,2.1085201793721975,2.288100208768267,-22.403846153846153,7.031746031746032,2.64149377593361,2.250239693192713,2.6009122006841503,2.4808917197452227,2.7790754257907544,2.071844660194175,1.3651428571428572,2.6353135313531353,3.097853014037985,15.114285714285714
dividendYield,0.015751527352178215,0.020493946273812617,0.018837506692633132,0.017683889497645808,0.014134512681698968,0.009986237149528468,0.009723652367071359,0.014780246214167488,0.016985491336826874,0.018253297241521946,0.017186760969278323,0.0164247739143673,0.017133834114293995,0.011790319097398543,0.007766925656651956,,,,,,,,,,,,,6.607233805664019
payoutRatio,0.3558912386706949,0.29294755877034356,0.1405144694533762,0.23230204509701102,0.21721518987341773,0.18881804806277588,0.19560185185185186,0.21000658327847269,0.17835671342685372,0.4269102990033223,0.22401433691756273,3.4,0.18174539631705364,0.1710414902624894,0.12556053811659193,0.0,0.0,0.0,0.0,0.0,0.0,0.0,0.0,0.0,0.0,0.0,0.0,95.62857142857143
salesGeneralAndAdministrativeToRevenue,0.16827425156648873,0.1802332237541501,0.1748815635265182,0.1789633301266896,0.1737777122692631,0.169980879541109,0.16473516802655233,0.16070139771283354,0.15996733883887504,0.17664372496514485,0.1759602866563652,0.18305031733413263,0.17819736842105263,0.18223108136968746,0.18889443511669768,0.193020989876637,0.20007442322004465,0.20462530906657247,0.19849304482225658,0.20226356341570523,0.1999387755102041,0.19615452460751456,0.18685955394816153,0.19543042119923212,0.1953835763378491,0.19659119391762053,0.19719849645674264,0.0
researchAndDdevelopementToRevenue,0.0,0.0,0.0,0.0,0.0,0.0,0.0,0.0,0.0,0.0,0.0,0.0,0.0,0.0,0.0,0.0,0.0,0.0,0.0,0.0,0.0,0.0,0.0,0.0,0.0,0.0,0.0,0.0
intangiblesToTotalAssets,0.0818563337815263,0.09152377585292558,0.11398814208510415,0.108207651154663,0.11461443637857828,0.11142578989291088,0.10017672470218615,0.09688876746012773,0.05005679052409541,0.048475038337025045,0.048500319081046586,0.05014506560429567,0.0978415406488303,0.09614780931880354,0.10332312043365544,0.10702079875012206,0.10692499145966522,0.1552715021799445,0.17784300069644812,0.18829569864305548,0.2000549752611325,0.2093398641879105,0.007313432835820896,0.006189493731153785,0.0068669527896995704,0.008523290386521309,0.0,0.0
capexToOperatingCashFlow,-0.4222940226171244,-0.6706689536878216,-0.712536023054755,-0.8230295927336654,-0.8658707865168539,-0.6929443409890337,-0.6800384338217631,-0.6893491124260355,-0.7278503353335687,-0.7140707298720843,-0.5701128936423054,-0.7861054072553045,-0.7420580110497238,-0.8237117396358,-0.7158655891110166,-0.5958029197080292,-0.7012875536480687,-0.9029345372460497,-0.5940936223688345,-0.9113762249680443,-0.7115300306882946,-1.0917843388960204,-0.8085274032568727,-0.7171977507029054,-1.5359983256592717,-0.9093299937382593,-0.7117153138744502,-1.6317088217149907
capexToRevenue,-0.018957414713390578,-0.025579379487431105,-0.02448787573661709,-0.02290032772985929,-0.03207123472953172,-0.030492579440954203,-0.026100585442308578,-0.023684879288437103,-0.02131244121507788,-0.0210016155088853,-0.02334862329508815,-0.02993496930916294,-0.028276315789473684,-0.030269808500035595,-0.025457185642328812,-0.021567882681287467,-0.02895417656022965,-0.037180941049617965,-0.036534003091190106,-0.042696315222164556,-0.03312244897959184,-0.03750661492326689,-0.03274474346700706,-0.023043625550494974,-0.029156569067577767,-0.03033252569136937,-0.02325875143189411,-58.76927822331894
capexToDepreciation,-0.9256373937677054,-0.951048951048951,-1.2036511156186613,-1.15311986863711,-1.5807692307692307,-1.6031594064145525,-1.4532854209445585,-1.3681738109219026,-1.24818401937046,-1.1587301587301588,-1.199375,-1.5062295081967214,-1.4902912621359223,-1.5678466076696165,-1.3231132075471699,-1.032411067193676,-1.3009554140127388,-1.6542597187758479,-1.7396504139834406,-1.987918215613383,-1.6101190476190477,-1.7700312174817898,-2.065533437709685,-1.5534128393808677,-2.0568946188340806,-2.2375963020030816,-1.8219037871033776,-0.7828500925354719
stockBasedCompensationToRevenue,0.001472209329310745,0.0012675204029897126,0.0012710255690728115,0.0012310250933459425,0.0012225044868515742,0.0015023217700081944,0.0014290324067671599,0.0010876747141041932,0.0008475364595714773,0.0008962754774603316,0.0009611991872391682,0.0010816728135222135,0.0,0.0,0.0,0.0,0.0,0.0,0.0,0.0,0.0,0.0,0.0,0.0,0.0,0.0,0.0,0.0
grahamNumber,23.480391577769335,22.42680422350184,29.00112338773005,19.268216599001235,18.314559513846202,18.311121016683277,14.801848213560229,13.195612599945516,11.158489477372463,6.227276120233556,9.077303565797116,2.1332317845789017,9.248941247760419,8.280464460549279,7.7715487059820845,6.717964612957416,1.955247547045346,3.5688004867070875,6.557641853498185,5.494238906074689,4.743186257084247,3.7136151174235503,1.8511590429912346,2.6521352609988127,2.902894840469884,3.4317525956642685,3.771755487465631,2.290985709275961
roic,0.10612581265451881,0.07258246541772805,0.10962925683610132,0.09065217391304348,0.1453161344893212,0.17088789066233395,0.1637863520075184,0.14669465977605511,0.20331004045605003,0.08892909331292186,0.14136702299967607,0.07094089342610052,0.15729688101655756,0.16906686260102866,0.16400176030511956,0.1478172441345246,0.05983328623905058,0.09412248253185368,0.17752173313095074,0.17343037788560506,0.1896182236685451,0.1768262788037261,0.27930444697833523,0.29737861185582365,0.27869537275064266,0.33153225806451614,0.32382064253902365,0.021233156390363415
returnOnTangibleAssets,0.036722286322889854,0.040351218563019896,0.09208539365765553,0.05748824309658748,0.061105782618112066,0.06769588313413015,0.06284779050736497,0.057442141884737556,0.06392518575454778,0.026949592622437103,0.049899396378269616,0.0031912468657396852,0.05964660936007641,0.05859588191515753,0.058613257635493875,0.052378348824494256,-0.0056830601092896175,0.01847507331378299,0.07291099413081624,0.06732072548893049,0.06027077176826335,0.04420978528687082,0.061795218764095626,0.06579367614180773,0.06050129645635264,0.06057576969212315,0.05144762835354844,0.007585609016038145
grahamNetNet,-38.13204005006258,-38.84167709637046,-30.566975308641975,-28.019832402234638,-26.163216560509554,-22.917701863354036,-21.482142857142858,-18.90321011673152,-15.567819647544058,-13.441528154681139,-10.581116183879093,-11.042568821527993,-11.149923312883436,-10.236231884057972,-9.241258741258742,-9.063881215469614,-2.317255434782609,-8.952141900937082,-8.655808729139922,-7.773181818181818,-7.5284021871202915,-7.579312424607961,-5.628356931207831,-5.71924501738214,-5.620361560418649,-5.853811465539435,-6.4115662735495915,-9.8596214511041
workingCapital,-4149000000,-3353000000,-3471000000,-3080000000,-2520000000,-3079000000,-2492000000,-1875000000,-3098000000,-1780000000,-449000000,-264000000,-423000000,-1575000000,-826000000,-249000000,71000000,33000000,-42000000,27000000,-175000000,-197000000,-519000000,-303000000,-360000000,-458000000,-242900000,305000000
tangibleAssetValue,5411000000,4460000000,3541000000,2906000000,2514000000,3043000000,2381000000,2547000000,2973000000,2843000000,4156000000,3674000000,3000000000,2770000000,2731000000,2198000000,1428000000,877000000,275000000,-92000000,-550000000,-1078000000,-437000000,-824000000,-1222000000,-1646000000,,
netCurrentAssetValue,-27483000000,-25764000000,-19429000000,-19149000000,-19467000000,-17185000000,-16203000000,-15067000000,-12486000000,-12170000000,-10588000000,-10811000000,-10734000000,-10271000000,-9537000000,-9626000000,-10466000000,-10554000000,-10686000000,-10073000000,-9685000000,-9752000000,-4415000000,-4445000000,-4654000000,-4541000000,-4709300000,-4823000000
investedCapital,2.221223021582734,1.705766100906766,1.9311437991377125,2.2491703938825567,2.1016721409375934,1.770967741935484,2.1537324464153733,2.100668647845468,2.1095792726408367,2.050992213011806,1.4901812688821752,1.6672185430463575,1.5577666151468315,1.6526251526251525,1.4340849075766808,1.6473804100227791,2.2516949152542374,2.0852655198204935,2.227012987012987,2.526556253569389,2.657818064098414,2.998509131569139,-8.322164948453608,-4.4496815286624205,-3.095600676818951,-2.1771678103555834,-1.8134373403909552,
averageReceivables,1767000000,1706000000,1647500000,1671500000,1677500000,1720000000,1486000000,1411000000,1378500000,1327500000,1275500000,1307500000,1325000000,1246000000,1242000000,1196000000,1267000000,1223000000,1191500000,1192500000,1196500000,1164000000,1081500000,1053500000,1015000000,997000000,988400000,923500000
averagePayables,6733000000,6349000000,6204000000,6103500000,6083500000,6038500000,5700500000,5615000000,5436500000,5339000000,5288000000,5119500000,5085500000,5199500000,5076500000,4949500000,4973500000,4703500000,4813500000,4677000000,4680500000,4608000000,4067500000,4065500000,3999500000,3944500000,3887300000,3577000000
averageInventory,7718500000,7084000000,6965000000,6808500000,6822500000,6626000000,6386000000,6367500000,6115000000,6099000000,6025000000,5993000000,5971500000,5969500000,5846500000,5785000000,5720000000,5626500000,5629500000,5631000000,5575000000,5511000000,4407000000,4445000000,4399000000,4335000000,4349500000,4060500000
daysSalesOutstanding,4.838854722673474,5.092079224113962,4.7868556147967185,4.871149989401771,5.218490163607515,5.762633160338705,4.2602682893099155,4.140686149936468,3.96497193827454,3.832794830371567,3.752631130686588,4.323889330535754,4.5336842105263155,4.084715597636507,4.295351756893709,4.135055240863376,5.3552822766417405,5.021286088750906,4.774053323029366,4.947003872410076,5.1174489795918365,5.005953430940202,5.914441726057511,5.509278428125118,4.698263875094354,4.391344306124154,4.3051339120435905,4.942528735632184
daysPayablesOutstanding,23.537825176916176,24.318267676873674,23.30531961978629,22.35129936651962,23.726508904828943,24.454009544306167,21.56399101880438,22.80023804039008,21.484555934320433,22.100945533890958,24.134637946407622,24.08239763899725,23.820606515948363,27.487495118912584,27.705477401975457,28.437397124986283,31.164451827242527,28.159800186694252,31.64427400158688,30.134210670915984,30.70379266044797,31.395847709339655,30.288063931608047,32.52800560112022,31.629116117850955,31.058680517184218,29.92271242581773,26.96134646519158
daysOfInventoryOnHand,27.625608220146244,27.13350263395387,26.332434084346747,24.926773431456585,26.756552926191592,26.332459998128567,24.27869772663486,26.39707952596688,24.438444924406046,26.10862449995804,28.354060099801337,30.3475355337698,30.283706714022266,32.95105896353595,33.56849246732516,35.93525732470098,37.72994779307072,38.39051895955799,40.30349113991007,41.89708225726688,41.448081327151876,43.12411868830818,29.33838219579055,32.96609321864373,32.855942439997904,31.986407337827384,33.89813451718268,31.39334862385321
receivablesTurnover,75.43107221006565,71.67995310668229,76.25047199496538,74.93097128894318,69.9436021831413,63.339100346020764,85.67535545023696,88.14964157706093,92.05613701236918,95.23076923076923,97.26508875739646,84.41474147414742,80.50847457627118,89.35750636132316,84.97557840616966,88.26967930029154,68.15700483091787,72.69054054054054,76.4549483013294,73.7820324005891,71.32459970887919,72.91318327974277,61.713347921225385,66.25187032418953,77.68827160493827,83.11805555555556,84.7824963072378,73.84883720930233
payablesTurnover,15.506955177743432,15.009292802016066,15.661660339990098,16.330146807784228,15.383636988655896,14.925977653631286,16.926365795724465,16.00860479409957,16.98894783377542,16.515130515130515,15.123491838183108,15.156298200514138,15.322867608581895,13.278765432098766,13.17429022082019,12.835211267605635,11.712062256809338,12.96173969914977,11.534472239170226,12.112479201331114,11.887782204515272,11.625741192884549,12.050951847704367,11.221099887766554,11.54,11.751948051948052,12.198092031425364,13.537899543378995
inventoryTurnover,13.212378786064887,13.452004517221908,13.86123283669296,14.642889943364457,13.641518061271148,13.861219195849547,15.033755274261603,13.827287205804282,14.935483870967742,13.980054751662104,12.872935964559002,12.027335781313749,12.052685737806133,11.077033985581874,10.873291386417877,10.15715559518502,9.674012855831037,9.507555768769489,9.056287425149701,8.711823839157491,8.806197737333989,8.463941086846114,12.441040462427745,11.071982281284606,11.109101516919486,11.41109709962169,10.767554179566563,11.626666666666667
roe,0.1750952179432924,0.19286212508718903,0.39436976921126043,0.27514067234165346,0.29486413854882054,0.29897360703812315,0.31929046563192903,0.28213224368499257,0.3558355122415023,0.15121828686259733,0.2107250755287009,0.014486754966887417,0.24130602782071098,0.24033374033374033,0.22648791387365427,0.21822323462414578,-0.02937853107344633,0.07853403141361257,0.312987012987013,0.297829811536265,0.2839106506960181,0.2340663436451733,-1.059278350515464,-0.5248407643312102,-0.2961082910321489,-0.18902058640049907,-0.11245763105353578,-0.013064576334453154
capexPerShare,-3.271589486858573,-3.9148936170212765,-3.662962962962963,-3.1385474860335196,-3.926751592356688,-3.4668737060041406,-2.8887755102040815,-2.2665369649805447,-1.932883389576303,-1.6095658073270014,-1.5105478589420656,-1.776214042684813,-1.6480061349693251,-1.5405797101449274,-1.176923076923077,-0.9019337016574586,-1.110054347826087,-1.3386880856760375,-1.2137355584082157,-1.2963636363636364,-0.9860267314702309,-1.025934861278649,-0.9025111995434183,-0.6018860801308773,-0.6982873453853473,-0.7537599760823167,-0.5879140720646133,-0.5113564668769716
