,2021,2020,2019,2018,2017,2016,2015,2014,2013,2012,2011,2010,2009,2008,2007,2006,2005,2004,2003,2002,2001,2000,1999,1998,1997,1996,1995,1994
reportedCurrency,USD,USD,USD,USD,USD,USD,USD,USD,USD,USD,USD,USD,USD,USD,USD,USD,USD,USD,USD,USD,USD,USD,USD,USD,USD,USD,USD,USD
cik,0000728535,0000728535,0000728535,0000728535,0000728535,0000728535,0000728535,0000728535,0000728535,0000728535,0000728535,0000728535,0000728535,0000728535,0000728535,0000728535,0000728535,0000728535,0000728535,0000728535,0000728535,0000728535,0000728535,0000728535,0000728535,0000728535,0000728535,0000728535
fillingDate,2022-02-25,2021-02-23,2020-03-02,2019-02-22,2018-02-23,2017-02-23,2016-02-23,2015-02-24,2014-02-21,2013-02-22,2012-02-24,2011-02-25,2010-02-26,2009-02-27,2008-02-29,2007-02-28,2006-03-10,2005-03-11,2004-03-04,2003-03-11,2002-03-08,2001-03-12,1999-12-31,1998-12-31,1997-12-31,1997-02-26,1996-04-01,1995-03-29
acceptedDate,2022-02-25 15:53:19,2021-02-22 18:09:24,2020-03-02 15:06:58,2019-02-22 12:09:34,2018-02-23 16:42:32,2017-02-23 16:10:12,2016-02-23 16:38:30,2015-02-24 15:17:28,2014-02-21 17:11:04,2013-02-22 16:52:50,2012-02-24 17:05:26,2011-02-25 16:28:28,2010-02-26 16:55:31,2009-02-27 15:41:42,2008-02-29 11:26:31,2007-02-28 16:11:07,2006-03-10 15:41:27,2005-03-11 15:54:42,2004-03-04 17:05:11,2003-03-10 20:52:19,2002-03-08 00:00:00,2001-03-12 00:00:00,1999-12-31,1998-12-31,1997-12-31,1997-02-26 00:00:00,1996-04-01 00:00:00,1995-03-29 00:00:00
calendarYear,2021,2020,2019,2018,2017,2016,2015,2014,2013,2012,2011,2010,2009,2008,2007,2006,2005,2004,2003,2002,2001,2000,1999,1998,1997,1996,1995,1994
period,FY,FY,FY,FY,FY,FY,FY,FY,FY,FY,FY,FY,FY,FY,FY,FY,FY,FY,FY,FY,FY,FY,FY,FY,FY,FY,FY,FY
cashAndCashEquivalents,355549000,313302000,35000000,7600000.0,14612000,6377000.0,5566000.0,5961000.0,5831000.0,5589000.0,5450000.0,7651000.0,7843000.0,2373000.0,14957000,7371000.0,7412000.0,23838000,61229000,80628000,49245000,5370000.0,12606000,9227000.0,3701000.0,3786000.0,4260000.0,2142000.0
shortTermInvestments,0.0,0.0,0.0,0.0,0.0,0.0,0.0,0.0,0.0,0.0,0.0,0.0,0.0,0.0,0.0,0.0,0.0,0.0,0.0,0.0,0.0,0.0,0.0,0.0,0.0,0.0,0.0,0.0
cashAndShortTermInvestments,355549000,313302000,35000000,7600000.0,14612000,6377000.0,5566000.0,5961000.0,5831000.0,5589000.0,5450000.0,7651000.0,7843000.0,2373000.0,14957000,7371000.0,7412000.0,23838000,61229000,80628000,49245000,5370000.0,12606000,9227000.0,3701000.0,3786000.0,4260000.0,2142000.0
netReceivables,1503379000,1310252000,1242160000,1326209000,1204266000,813214000,654542000,653795000,568519000,466011000,411479000,351187000,310339000,280614000,330202000,346251000,343501000,308564000,256032000,237156000,233246000,225797000,238573000,185304000,171909000,159783000,143002000,138295000
inventory,0.0,23804000,21106000,21977000,20688000,18577000,23191000,27740000,26248000,23065000,20932000,17336000,17273000,18214000,15445000,13921000,11138000,9692000.0,8640000.0,9515000.0,8915000.0,7233000.0,7825000.0,6917000.0,6339000.0,6772000.0,6447000.0,16277000
otherCurrentAssets,444915000,194759000,183033000,147195000,99162000,107513000,176068000,192634000,79605000,59867000,75681000,86471000,57010000,95086000,128290000,103700000,112639000,121948000,97103000,105882000,93393000,92571000,36137000,23823000,18003000,31766000,33369000,24519000
totalCurrentAssets,2303843000,1842117000,1481299000,1502981000,1338728000,945681000,859367000,880130000,680203000,554532000,513542000,462645000,392465000,396287000,488894000,471243000,474690000,464042000,423004000,433181000,384799000,330971000,295141000,225271000,199952000,202107000,187078000,181233000
propertyPlantEquipmentNet,4067655000,3688894000,3620866000,3445111000,2983331000,2818791000,2701329000,2482532000,2112204000,1885474000,1726870000,1479484000,1444671000,1386530000,1358723000,1283551000,1054059000,1011379000,884965000,844562000,831711000,845175000,785885000,925400000,796807000,813253000,809010000,789696000
goodwill,0.0,105367000,96326000,40087000,39764000,0.0,0.0,0.0,0.0,0.0,0.0,0.0,0.0,0.0,0.0,0.0,0.0,0.0,0.0,0.0,0.0,0.0,0.0,0.0,0.0,0.0,0.0,0.0
intangibleAssets,0.0,106800000,106500000,65100000,73700000,0.0,0.0,0.0,0.0,0.0,0.0,0.0,0.0,0.0,0.0,0.0,0.0,0.0,0.0,0.0,0.0,0.0,0.0,0.0,0.0,0.0,0.0,0.0
goodwillAndIntangibleAssets,0.0,212167000,202826000,105187000,113464000,0.0,0.0,0.0,0.0,0.0,0.0,0.0,0.0,0.0,0.0,0.0,0.0,0.0,0.0,0.0,0.0,0.0,0.0,0.0,0.0,0.0,0.0,0.0
longTermInvestments,0.0,0.0,0.0,0.0,0.0,0.0,0.0,0.0,0.0,0.0,0.0,0.0,0.0,0.0,0.0,0.0,0.0,0.0,0.0,0.0,0.0,0.0,0.0,0.0,0.0,0.0,0.0,0.0
taxAssets,0.0,0.0,0.0,0.0,0.0,0.0,0.0,0.0,0.0,0.0,0.0,0.0,0.0,0.0,0.0,0.0,0.0,0.0,0.0,0.0,0.0,0.0,0.0,0.0,0.0,0.0,0.0,0.0
otherNonCurrentAssets,419611000,185215000,165857000,38368000,29826000,64516000,75871000,34455000,26997000,24635000,26920000,19531000,19778000,10636000,15129000,15263000,20125000,16285000,39102000,40985000,43788000,55775000,46438000,20808000,25160000,25565000,20694000,22770000
totalNonCurrentAssets,4487266000,4086276000,3989549000,3588666000,3126621000,2883307000,2777200000,2516987000,2139201000,1910109000,1753790000,1499015000,1464449000,1397166000,1373852000,1298814000,1074184000,1027664000,924067000,885547000,875499000,900950000,832323000,946208000,821967000,838818000,829704000,812466000
otherAssets,0.0,0.0,0.0,0.0,0.0,0.0,0.0,0.0,0.0,0.0,0.0,0.0,0.0,0.0,0.0,0.0,0.0,0.0,0.0,0.0,0.0,0.0,0.0,0.0,0.0,0.0,0.0,0.0
totalAssets,6791109000,5928393000,5470848000,5091647000,4465349000,3828988000,3636567000,3397117000,2819404000,2464641000,2267332000,1961660000,1856914000,1793453000,1862746000,1770057000,1548874000,1491706000,1347071000,1318728000,1260298000,1231921000,1127464000,1171479000,1021919000,1040925000,1016782000,993699000
accountPayables,769496000,587510000,602601000,709736000,598594000,384308000,340332000,325838000,305465000,266722000,251625000,192103000,191347000,196059000,189987000,170672000,162749000,180018000,158886000,117931000,163291000,158585000,180009000,147967000,138509000,83846000,90127000,48847000
shortTermDebt,355972000,0.0,0.0,250706000,0.0,0.0,0.0,250000000,250000000,100000000,50000000,200000000,0.0,118500000,234000000,214000000,0.0,0.0,171777000,124148000,10000000,84400000,60000000,16350000,17500000,49750000,30310000,68075000
taxPayables,0.0,0.0,0.0,0.0,0.0,0.0,0.0,0.0,0.0,0.0,0.0,0.0,0.0,0.0,20070000,23703000,27487000,25414000,23499000,10742000,0.0,0.0,0.0,0.0,0.0,0.0,0.0,0.0
deferredRevenue,0.0,0.0,0.0,0.0,0.0,0.0,0.0,0.0,0.0,0.0,0.0,0.0,0.0,0.0,0.0,0.0,0.0,0.0,0.0,0.0,0.0,0.0,0.0,0.0,0.0,0.0,0.0,0.0
otherCurrentLiabilities,600892000,497293000,433165000,391906000,323250000,188826000,192085000,195232000,156831000,136038000,136890000,117846000,77871000,93329000,100445000,94058000,113337000,128203000,94987000,83250000,92543000,82289000,30621000,41724000,49079000,62544000,64162000,60999000
totalCurrentLiabilities,1726360000,1084803000,1035766000,1352348000,921844000,573134000,532417000,771070000,712296000,502760000,438515000,509949000,269218000,407888000,524432000,478730000,276086000,308221000,425650000,325329000,265834000,325274000,270630000,206041000,205088000,196140000,184599000,177921000
longTermDebt,945257000,1305424000,1295740000,898398000,1085600000,986300000,1005000000,683539000,458417000,585347000,699177000,454207000,565000000,515000000,679100000,182400000,124000000,0.0,0.0,104815000,212950000,222694000,267639000,417045000,322790000,332571000,339015000,299243000
deferredRevenueNonCurrent,0.0,0.0,0.0,0.0,0.0,0.0,0.0,0.0,0.0,0.0,0.0,0.0,0.0,0.0,0.0,0.0,0.0,0.0,0.0,0.0,0.0,0.0,0.0,0.0,0.0,0.0,0.0,0.0
deferredTaxLiabilitiesNonCurrent,745442000,692022000,699078000,643461000,541870000,790634000,740220000,678424000,577965000,531624000,516715000,385003000,343262000,311064000,281564000,294534000,285929000,282241000,213994000,181948000,177265000,173282000,180441000,165570000,140909000,142159000,122729000,121887000
otherNonCurrentLiabilities,256234000,245961000,173241000,96056000,76710000,64859000,58578000,59561000,58274000,53050000,45382000,39480000,35581000,30490000,34453000,54656000,45834000,40294000,4291000.0,116149000,145932000,82668000,7368000.0,7166000.0,15168000,12800000,13500000,16750000
totalNonCurrentLiabilities,1946933000,2243407000,2168059000,1637915000,1704180000,1841793000,1803798000,1421524000,1094656000,1170021000,1261274000,878690000,943843000,856554000,995117000,531590000,455763000,322535000,218285000,402912000,536147000,478644000,455448000,589781000,478867000,487530000,475244000,437880000
otherLiabilities,0.0,0.0,0.0,0.0,0.0,0.0,0.0,0.0,0.0,0.0,0.0,0.0,0.0,0.0,0.0,0.0,0.0,0.0,0.0,0.0,0.0,0.0,0.0,0.0,0.0,0.0,0.0,0.0
capitalLeaseObligations,0,0.0,0.0,0.0,0.0,0.0,0.0,0.0,0.0,0.0,0.0,0.0,0.0,0.0,0.0,0.0,0.0,0.0,66844000,141290000,0,0,0,0,0,0,0,0
totalLiabilities,3673293000,3328210000,3203825000,2990263000,2626024000,2414927000,2336215000,2192594000,1806952000,1672781000,1699789000,1388639000,1213061000,1264442000,1519549000,1010320000,731849000,630756000,643935000,728241000,801981000,803918000,726078000,795822000,683955000,683670000,659843000,615801000
preferredStock,0,0.0,0.0,0.0,0.0,0.0,0.0,0.0,0.0,0.0,0.0,0.0,0.0,0.0,0.0,0.0,0.0,0.0,0.0,0.0,0,0,0,0,0,0,0,0
commonStock,0.0,1671000.0,1671000.0,1671000.0,1671000.0,1671000.0,1671000.0,1671000.0,1671000.0,1671000.0,1671000.0,1671000.0,1671000.0,1671000.0,1671000.0,1671000.0,1671000.0,418000.0,418000.0,418000.0,390000.0,390000.0,390000.0,390000.0,390000.0,390000.0,390000.0,390000.0
retainedEarnings,0.0,4984739000,4592938000,4188435000,3803844000,3218943000,2885843000,2555972000,2274784000,1985213000,1758290000,1563527000,1423820000,1343077000,1192628000,1035804000,863586000,694230000,555262000,459803000,407987000,385221000,350928000,326145000,286409000,282364000,267823000,277718000
accumulatedOtherComprehensiveIncomeLoss,0.0,-2219816000,-2019940000,-1884132000,-1687133000,-1440124000,-1318122000,-1237225000,-1147610000,-1019232000,-931273000,-858852000,0.0,-1186000.0,-993000.0,-148000.0,-537502000,-438644000,-460556000,0.0,-432258000,-489282000,-453509000,-492633000,-420671000,-404992000,-375798000,-299539000
othertotalStockholdersEquity,0.0,-166456000,-307640000,-204590000,-279057000,-366429000,-269040000,-115895000,-116393000,-175792000,-261145000,-133325000,-781638000,-814551000,-850109000,-277590000,489270000,604946000,608012000,130266000,482198000,531674000,503577000,541755000,471836000,479493000,464524000,399329000
totalStockholdersEquity,3117816000,2600138000,2267029000,2101384000,1839325000,1414061000,1300352000,1204523000,1012452000,791860000,567543000,573021000,643853000,529011000,343197000,759737000,817025000,860950000,703136000,590487000,458317000,428003000,401386000,375657000,337964000,357255000,356939000,377898000
totalLiabilitiesAndStockholdersEquity,6791109000,5928348000,5470854000,5091647000,4465349000,3828988000,3636567000,3397117000,2819404000,2464641000,2267332000,1961660000,1856914000,1793453000,1862746000,1770057000,1548874000,1491706000,1347071000,1318728000,1260298000,1231921000,1127464000,1171479000,1021919000,1040925000,1016782000,993699000
minorityInterest,0,45000,-6000,0,0,0,0,0,0,0,0,0,0,0,0,0,0,0,0,0,0,0,0,0,0,0,0,0
totalEquity,3117816000,2600183000,2267023000,2101384000,1839325000,1414061000,1300352000,1204523000,1012452000,791860000,567543000,573021000,643853000,529011000,343197000,759737000,817025000,860950000,703136000,590487000,458317000,428003000,401386000,375657000,337964000,357255000,356939000,377898000
totalLiabilitiesAndTotalEquity,6791109000,5928393000,5470848000,5091647000,4465349000,3828988000,3636567000,3397117000,2819404000,2464641000,2267332000,1961660000,1856914000,1793453000,1862746000,1770057000,1548874000,1491706000,1347071000,1318728000,1260298000,1231921000,1127464000,1171479000,1021919000,1040925000,1016782000,993699000
totalInvestments,0.0,0.0,0.0,0.0,0.0,0.0,0.0,0.0,0.0,0.0,0.0,0.0,0.0,0.0,0.0,0.0,0.0,0.0,0.0,0.0,0.0,0.0,0.0,0.0,0.0,0.0,0.0,0.0
totalDebt,1301229000,1305424000,1295740000,1149104000,1085600000,986300000,1005000000,933539000,708417000,685347000,749177000,654207000,565000000,633500000,913100000,396400000,124000000,0.0,171777000,228963000,222950000,307094000,327639000,433395000,340290000,382321000,369325000,367318000
netDebt,945680000,992122000,1260740000,1141504000,1070988000,979923000,999434000,927578000,702586000,679758000,743727000,646556000,557157000,631127000,898143000,389029000,116588000,-23838000,110548000,148335000,173705000,301724000,315033000,424168000,336589000,378535000,365065000,365176000
link,https://www.sec.gov/Archives/edgar/data/728535/000143774922004457/0001437749-22-004457-index.htm,https://www.sec.gov/Archives/edgar/data/728535/000143774921003667/0001437749-21-003667-index.htm,https://www.sec.gov/Archives/edgar/data/728535/000143774920004119/0001437749-20-004119-index.html,https://www.sec.gov/Archives/edgar/data/728535/000143774919003134/0001437749-19-003134-index.html,https://www.sec.gov/Archives/edgar/data/728535/000143774918003239/0001437749-18-003239-index.html,https://www.sec.gov/Archives/edgar/data/728535/000143774917003083/0001437749-17-003083-index.html,https://www.sec.gov/Archives/edgar/data/728535/000143774916025879/0001437749-16-025879-index.html,https://www.sec.gov/Archives/edgar/data/728535/000143774915003305/jbht20141231_10k.htm,https://www.sec.gov/Archives/edgar/data/728535/000143774914002605/jbht20131231_10k.htm,https://www.sec.gov/Archives/edgar/data/728535/000143774913001883/0001437749-13-001883-index.html,https://www.sec.gov/Archives/edgar/data/728535/000143774912001745/0001437749-12-001745-index.html,https://www.sec.gov/Archives/edgar/data/728535/000143774911001088/jbh_10k-123110.htm,https://www.sec.gov/Archives/edgar/data/728535/000143774910000493/0001437749-10-000493-index.html,https://www.sec.gov/Archives/edgar/data/728535/000110465909013065/0001104659-09-013065-index.html,https://www.sec.gov/Archives/edgar/data/728535/000110465908014088/a08-2564_110k.htm,https://www.sec.gov/Archives/edgar/data/728535/000110465907014908/a07-5539_110k.htm,https://www.sec.gov/Archives/edgar/data/728535/000110465906015770/a06-1990_110k.htm,https://www.sec.gov/Archives/edgar/data/728535/000110465905010620/a05-1778_110k.htm,https://www.sec.gov/Archives/edgar/data/728535/000110465904006498/a04-3086_110k.htm,https://www.sec.gov/Archives/edgar/data/728535/000110465903003945/j8280_10k.htm,https://www.sec.gov/Archives/edgar/data/728535/000110465902000654/j3125_10k405.htm,https://www.sec.gov/Archives/edgar/data/728535/000091205701007504/0000912057-01-007504-index.html,,,,https://www.sec.gov/Archives/edgar/data/728535/000091205797006927/0000912057-97-006927-index.html,https://www.sec.gov/Archives/edgar/data/728535/000091205796005725/0000912057-96-005725-index.html,https://www.sec.gov/Archives/edgar/data/728535/000091205795001864/0000912057-95-001864-index.html
finalLink,https://www.sec.gov/Archives/edgar/data/728535/000143774922004457/jbht20211231_10k.htm,https://www.sec.gov/Archives/edgar/data/728535/000143774921003667/jbht20201231_10k.htm,https://www.sec.gov/Archives/edgar/data/728535/000143774920004119/jbht20191231_10k.htm,https://www.sec.gov/Archives/edgar/data/728535/000143774919003134/jbht20181231_10k.htm,https://www.sec.gov/Archives/edgar/data/728535/000143774918003239/jbht20171231_10k.htm,https://www.sec.gov/Archives/edgar/data/728535/000143774917003083/jbht20161231_10k.htm,https://www.sec.gov/Archives/edgar/data/728535/000143774916025879/jbht20151231_10k.htm,https://www.sec.gov/Archives/edgar/data/728535/000143774915003305/jbht20141231_10k.htm,https://www.sec.gov/Archives/edgar/data/728535/000143774914002605/jbht20131231_10k.htm,https://www.sec.gov/Archives/edgar/data/728535/000143774913001883/jbht_10k-123112.htm,https://www.sec.gov/Archives/edgar/data/728535/000143774912001745/jbht_10k-123111.htm,https://www.sec.gov/Archives/edgar/data/728535/000143774911001088/jbh_10k-123110.htm,https://www.sec.gov/Archives/edgar/data/728535/000143774910000493/jbhunt_10k-123109.htm,https://www.sec.gov/Archives/edgar/data/728535/000110465909013065/a09-1357_110k.htm,https://www.sec.gov/Archives/edgar/data/728535/000110465908014088/a08-2564_110k.htm,https://www.sec.gov/Archives/edgar/data/728535/000110465907014908/a07-5539_110k.htm,https://www.sec.gov/Archives/edgar/data/728535/000110465906015770/a06-1990_110k.htm,https://www.sec.gov/Archives/edgar/data/728535/000110465905010620/a05-1778_110k.htm,https://www.sec.gov/Archives/edgar/data/728535/000110465904006498/a04-3086_110k.htm,https://www.sec.gov/Archives/edgar/data/728535/000110465903003945/j8280_10k.htm,https://www.sec.gov/Archives/edgar/data/728535/000110465902000654/j3125_10k405.htm,https://www.sec.gov/Archives/edgar/data/728535/000091205701007504/a2041002z10-k.txt,,,,https://www.sec.gov/Archives/edgar/data/728535/0000912057-97-006927.txt,https://www.sec.gov/Archives/edgar/data/728535/0000912057-96-005725.txt,https://www.sec.gov/Archives/edgar/data/728535/0000912057-95-001864.txt
