,2021,2020,2019,2018,2017,2016,2015,2014,2013,2012,2011,2010,2009,2008,2007,2006,2005,2004,2003,2002,2001,2000,1999,1998,1997,1996,1995,1994,1993,1992,1991,1990,1989,1988,1987,1986,1985
period,FY,FY,FY,FY,FY,FY,FY,FY,FY,FY,FY,FY,FY,FY,FY,FY,FY,FY,FY,FY,FY,FY,FY,FY,FY,FY,FY,FY,FY,FY,FY,FY,FY,FY,FY,FY,FY
currentRatio,1.3345090247688778,1.6981120074336078,1.4301483153530816,1.111386270397856,1.452228359679078,1.6500172734473963,1.6140863270706984,1.1414398173966047,0.9549442928220852,1.1029755748269552,1.171093349144271,0.9072377826017896,1.4577962840523293,0.9715583689640294,0.9322352564298136,0.9843607043636288,1.719355563121636,1.5055495894179824,0.9937836250440503,1.3315167107758608,1.447516119081833,1.0175144647281984,1.0905701511288475,1.0933309389878714,0.9749570915899516,1.030422147445702,1.013429108500046,1.0186150032879762,1.760710553814002,1.758364312267658,2.3688811188811187,1.8592233009708738,1.7228682170542635,1.5642201834862386,1.5862068965517242,1.4647887323943662,1.5862068965517242
quickRatio,1.0767904724391204,1.4966348728755359,1.2330584321169067,0.9862912504769482,1.3222172081176424,1.4300163661552099,1.2398326875362733,0.8556369719999481,0.8063361299235149,0.9380221179091416,0.9507747739530005,0.7036742889975272,1.1818749117815301,0.6937860393049072,0.6581577783201635,0.7386668894784116,1.2710278681280471,1.0784534473640668,0.745356513567485,0.9768080927307433,1.0626594039889554,0.7106839157141364,0.9281269630122307,0.9441373318902548,0.8562665782493368,0.8339400428265524,0.797739966088657,0.789322227280647,1.4702194357366771,1.3345724907063197,1.6398601398601398,1.372168284789644,1.193798449612403,1.0871559633027523,1.1120689655172413,1.017605633802817,1.0804597701149425
cashRatio,0.2059529877893371,0.28881004200762717,0.033791416207907966,0.00561985524436018,0.01585083810275925,0.011126542832915165,0.01045421164237806,0.007730815619852931,0.00818620348843739,0.011116636168350704,0.012428309179845616,0.015003461130426768,0.029132524571165375,0.005817773506452751,0.0285203801446136,0.015396987863722766,0.026846707185442218,0.07734060949773053,0.14384823211558792,0.247835268297631,0.18524718433308004,0.016509158432582993,0.04658020175146879,0.04478234914410239,0.018045911998751756,0.019302539002753135,0.02307704808801781,0.012039051039506298,0.035527690700104496,0.022304832713754646,0.043706293706293704,0.13592233009708737,0.03488372093023256,0.016055045871559634,0.04310344827586207,0.045774647887323945,0.06896551724137931
daysOfSalesOutstanding,45.09530869631605,49.62780648265726,49.468154633508405,56.18959546013093,61.13817826050188,45.278768427962106,38.61045541390053,38.70528888363379,37.15763216189749,33.648800786551085,33.17761808342328,33.79036822341462,35.36134374294677,27.4452503695796,34.53501949483352,37.975393233206745,40.08373192356915,40.4234152168186,38.40265892024924,38.50815388324853,40.534489038496794,38.14761713663885,42.57996902800046,36.72617922837837,40.37001091172058,39.22708824898369,38.59988537410564,41.799961245477604,49.08854931922813,42.38322368421053,45.44456566207555,48.09589513625388,42.8568623601021,43.41696383087112,47.409217877094974,49.43081452404317,48.85171102661597
daysOfInventoryOutstanding,0,1.0612900416370608,0.9639111844722975,1.0611731210212316,1.208659956584331,1.2101634306606992,1.6086286591832983,1.8951513429518099,1.9730107601507232,1.9147343381373454,2.6922774685999395,2.9306515049621975,3.5564810009476964,3.1698255528150097,2.8974775291524812,2.8041981583732754,2.4517859318290647,2.5275216772504616,2.5968529133484792,3.168564656336445,3.1936940252729724,2.383744763074256,2.7857268956207677,2.844956007896943,2.94553072092292,3.3295661345442253,3.6117536188062815,11.000640658878773,0,0,0,0,0,0,0,0,0
operatingCycle,45.09530869631605,50.68909652429432,50.4320658179807,57.250768581152165,62.346838217086216,46.488931858622806,40.21908407308383,40.600440226585604,39.13064292204821,35.56353512468843,35.86989555202322,36.72101972837682,38.91782474389447,30.61507592239461,37.432497023986,40.77959139158002,42.53551785539821,42.95093689406906,40.999511833597715,41.676718539584975,43.72818306376977,40.531361899713104,45.36569592362123,39.57113523627531,43.315541632643495,42.55665438352791,42.21163899291192,52.80060190435638,49.08854931922813,42.38322368421053,45.44456566207555,48.09589513625388,42.8568623601021,43.41696383087112,47.409217877094974,49.43081452404317,48.85171102661597
daysOfPayablesOutstanding,27.272564318453504,26.19385449345444,27.520792365876574,34.270044420126716,34.971799983161304,25.035015756599666,23.606908233244376,22.260718215022777,22.961205876616912,22.141850081797923,32.36405111964742,32.47501996179932,39.39801829956225,34.12061205991863,35.641506204667685,34.379578197391254,35.825615785531376,46.94587260578555,47.755043054431304,39.271886335934134,58.497082566556244,52.264090039006064,64.08382271614042,60.85869677902081,64.36070588804428,41.2242767449786,50.4911615328298,33.01273540973468,18.055519010656493,19.810040705563093,12.816673847479535,14.209761766414875,9.869273743016759,27.967247596153843,21.58521560574949,27.6479949077021,25.076335877862594
cashConversionCycle,17.82274437786255,24.49524203083988,22.911273452104126,22.98072416102545,27.37503823392491,21.45391610202314,16.612175839839452,18.339722011562827,16.169437045431298,13.421685042890505,3.5058444323758025,4.245999766577498,-0.4801935556677819,-3.505536137524018,1.790990819318317,6.400013194188766,6.7099020698668355,-3.9949357117164936,-6.755531220833589,2.404832203650841,-14.768899502786475,-11.73272813929296,-18.718126792519186,-21.2875615427455,-21.045164255400785,1.3323776385493105,-8.279522539917878,19.787866494621696,31.033030308571636,22.573182978647434,32.62789181459601,33.886133369839,32.987588617085336,15.449716234717275,25.824002271345485,21.782819616341072,23.77537514875338
grossProfitMargin,0.1536630994201163,0.15045556132870055,0.12799879719698015,0.12254247711574191,0.13103068223292416,0.14528502123192288,0.14958467242631526,0.13345468718296064,0.1304995495625358,0.13020209773332436,0.3731141930732285,0.43083365296027265,0.4465993261368436,0.4380109771237128,0.4424961868523989,0.4555312265342383,0.46989145109864483,0.49765016578408805,0.5009622066276579,0.5123987604353601,0.514891884750072,0.4873653461529026,0.49866288391661323,0.5181263534220809,0.4946207019015732,0.5006732815514129,0.5181815156501322,0.5527752958137663,0.2555588206484474,0.35350877192982455,0.36697122596481657,0.40651948947913075,0.12134301983114078,0.15206316861946,0.15013966480446927,0.22914622178606478,0.20304182509505703
operatingProfitMargin,0.08592242368738054,0.07400130731121946,0.08006594031504623,0.0790517655858925,0.08676307116088199,0.10998772168356175,0.11566498794533495,0.10243257538268552,0.10326809346680345,0.10488666621826397,0.09813309145757683,0.09163737302243188,0.07741059981188272,0.0960405879725387,0.10567325873900649,0.11197549750044096,0.10994600528981274,0.11134452725872296,0.07628410306439079,0.04491464424797343,0.034380244773973306,0.02935087044486627,0.03786172914120914,0.05595266796551747,0.027607425117030775,0.04060069359434147,0.015785094936123796,0.07030136609691447,0.07699089039083162,0.07576754385964912,0.08100368198554479,0.09813728872024836,0.12134301983114078,0.15206316861946,0.15013966480446927,0.22914622178606478,0.20304182509505703
pretaxProfitMargin,0.08216199762300443,0.0691143002808156,0.0742908710262166,0.07438506935794999,0.08279203979988783,0.10614008874130705,0.11154532757691697,0.09806289606858618,0.09912453436441224,0.09983046421548651,0.09183731175066415,0.08427448638916459,0.06994865641001947,0.08634537022671568,0.09313937165516824,0.10646465866603445,0.10666137237807231,0.1084932850086535,0.0689258831733628,0.03329661735515057,0.020512258933821515,0.019644545781497994,0.024001099227264747,0.040368630364004024,0.011794437596024427,0.023991288368977123,-0.002547652942372756,0.053948282586715315,0.06347340581839553,0.06381578947368421,0.06641210964134733,0.0857192135219041,0.10268996662085215,0.13550687722873153,0.13547486033519554,0.21491658488714427,0.19391634980988592
netProfitMargin,0.06252359614348822,0.052511925141852815,0.05633447525426998,0.05683019856123259,0.09545260577547914,0.06591300471866272,0.06904645159079882,0.0607891633380321,0.0613085588848275,0.06139569296020954,0.05677379506508069,0.052621006805088195,0.04259173526474556,0.053750285039187364,0.061071681444076174,0.06609160432417555,0.06627803519231279,0.05249386789100674,0.039227538957759475,0.023050991020007242,0.015685817059903205,0.01669793334434957,0.015602866010161984,0.02543238916871377,0.007312654250295311,0.014874746762733159,-0.001604762521030154,0.033448133944903986,0.03741796454109119,0.04254385964912281,0.038047183962907405,0.05174197999310107,0.06008246612998233,0.08405501782985227,0.09043296089385475,0.1211972522080471,0.12395437262357414
effectiveTaxRate,0.2390204966732415,0.24021620810029654,0.2417039337930224,0.235999925095737,-0.1529200875614669,0.37899990945635004,0.3810009518938631,0.380100264471941,0.38149965315914214,0.38500042604544615,0.3818003381978337,0.3755997923013882,0.39110002320724063,0.3774966173860152,0.34429790153423967,0.3792155523506053,0.3786125781563787,0.5161556045904612,0.43087361159966375,0.30770772375646316,0.2352954830323569,0.14999646568177,0.34991035775405427,0.3699962337243086,0.3799912720925158,0.37999383217920324,0.37010159651669083,0.3799963160803094,0.4104938271604938,0.3642611683848797,0.3942505133470226,0.39436619718309857,0.4149139579349904,0.37969924812030076,0.422680412371134,0.4360730593607306,0.3607843137254902
returnOnAssets,0.11202971414536271,0.08535787016818892,0.09437659390280995,0.09615454488498515,0.15368630760999868,0.11284704992546334,0.11748305476016253,0.11032649155151265,0.12143772229875534,0.1259225988693688,0.11335172793397702,0.10175922433041404,0.07347405426422549,0.11184736929264386,0.1144192498601527,0.1242626649876247,0.13384626509322256,0.09804612973333887,0.07086411926320142,0.039292409048719674,0.026140642927307667,0.029283533603209948,0.02830156883057907,0.03998108374115114,0.011122212230127828,0.021245526815092345,-0.0021341841220635298,0.040648123828241754,0.044294990723562154,0.05421265893530809,0.053643530090367236,0.06626905235255136,0.07954250064985703,0.10992671552298468,0.10347582900519377,0.13096500530222693,0.1263565891472868
returnOnEquity,0.24401889014617925,0.19461851640182176,0.22775182849447448,0.23298216794265114,0.3731058948255474,0.30556673297686593,0.32855334555566496,0.3111538758496102,0.3381710935432001,0.39193039173591293,0.45283969672782504,0.348358960666363,0.21190395944415882,0.37918493188232383,0.6210252420621393,0.2895107122596372,0.2537388696796304,0.1698774609443057,0.13576178719337367,0.08775129681093741,0.07188256163310547,0.08428679238229639,0.07949704274688206,0.12468022690912188,0.033630800913706786,0.06190256259534506,-0.006079470161568223,0.1068859851070924,0.11104651162790698,0.12572909915748542,0.12928637627432807,0.15698587127158556,0.17435897435897435,0.21985343104596936,0.213520197856554,0.2494949494949495,0.21223958333333334
returnOnCapitalEmployed,0.20643273733802012,0.14722943106249703,0.16545917302092725,0.18212531279258493,0.17603728511741906,0.2214534189800894,0.23056037884767167,0.24049150681613848,0.273696459792284,0.27025084599932414,0.24290730018367065,0.23945881790521667,0.15618292166762404,0.2586800330551075,0.2755623867044655,0.28858143599568503,0.2701942507314651,0.2621266851713372,0.20146599654229716,0.10163388527671158,0.07261097435402387,0.0699401200246623,0.09036756244500102,0.10673290257893309,0.05253228636033647,0.0714536834815959,0.025649406440650675,0.10406752817555756,0.08451806443198122,0.09165354330708661,0.10520630805789587,0.12714249168585315,0.1570099069348544,0.2073265783320343,0.180046403712297,0.27340823970037453,0.22849462365591397
netIncomePerEBT,0.7609795033267585,0.7597837918997035,0.7582960662069775,0.764000074904263,1.152920087561467,0.6210000905436499,0.6189990481061369,0.619899735528059,0.6185003468408579,0.6149995739545538,0.6181996618021663,0.6244002076986118,0.6088999767927593,0.6225033826139847,0.6557020984657603,0.6207844476493948,0.6213874218436213,0.4838443954095389,0.5691263884003362,0.6922922762435368,0.7647045169676431,0.8500035343182301,0.6500896422459457,0.6300037662756914,0.6200087279074842,0.6200061678207968,0.6298984034833092,0.6200036839196905,0.5895061728395061,0.6666666666666666,0.5728952772073922,0.6036217303822937,0.5850860420650096,0.6203007518796992,0.6675257731958762,0.5639269406392694,0.6392156862745098
ebtPerEbit,0.9562346369783746,0.9339605311315503,0.9278710864306885,0.9409665781231416,0.954231318602925,0.9650176139358132,0.9643828228265152,0.9573409211105516,0.9598757083307323,0.9517936627687665,0.9358444780104135,0.9196519237684286,0.9036056635654975,0.8990508289204225,0.8813901716157477,0.9507853150249697,0.9701250363477755,0.9743926143451646,0.9035418967328359,0.7413309826372038,0.596629229043471,0.669300279131381,0.633914503422446,0.7214782034858895,0.42721976229317177,0.5909083378891042,-0.1613961115015226,0.7673859781379571,1,1,1,1,1,1,1,1,1
ebitPerRevenue,0.08592242368738054,0.07400130731121946,0.08006594031504623,0.0790517655858925,0.08676307116088199,0.10998772168356175,0.11566498794533495,0.10243257538268552,0.10326809346680345,0.10488666621826397,0.09813309145757683,0.09163737302243188,0.07741059981188272,0.0960405879725387,0.10567325873900649,0.11197549750044096,0.10994600528981274,0.11134452725872296,0.07628410306439079,0.04491464424797343,0.034380244773973306,0.02935087044486627,0.03786172914120914,0.05595266796551747,0.027607425117030775,0.04060069359434147,0.015785094936123796,0.07030136609691447,0.06347340581839553,0.06381578947368421,0.06641210964134733,0.0857192135219041,0.10268996662085215,0.13550687722873153,0.13547486033519554,0.21491658488714427,0.19391634980988592
debtRatio,0.540897370370583,0.5614017154395803,0.5856176227158935,0.5872879639927906,0.5880893072411585,0.6306958914470351,0.6424231974826807,0.645427873105342,0.6408985728898732,0.6787118286192594,0.7496868566226736,0.7078897464392402,0.6532671949266363,0.7050321363314233,0.8157574892121631,0.5707838787112506,0.4725038963789178,0.42284203455640723,0.4780260283236741,0.5522298760623874,0.6363423571250609,0.6525726893201755,0.6439921806816005,0.6793309995313617,0.6692849433272109,0.6567908350745731,0.6489522827902147,0.6197057660317662,0.6012291280148423,0.5688137487774207,0.5852720630647952,0.578087033355423,0.5438003639199376,0.5,0.5153815421494207,0.4750795334040297,0.4046511627906977
debtEquityRatio,1.1781622135494847,1.2800128300882492,1.4132262975021492,1.4229969391600963,1.4277107090916505,1.7077954911421784,1.796601996997736,1.8203006501328742,1.7847285599712381,2.112470638749274,2.9949959738733454,2.423364937759698,1.8840651515175049,2.390199825712509,4.427629029391283,1.3298286117432743,0.895748600104036,0.732627911028515,0.9158043394165567,1.233288793826113,1.7498390851746717,1.8782999184585154,1.8089270677103835,2.1184804223001303,2.0237510504077356,1.9136751060167108,1.8486155897786456,1.6295428925265547,1.507267441860465,1.3191834089436163,1.4105653382761816,1.369440083725798,1.192022792022792,1,1.0634789777411378,0.9050505050505051,0.6796875
longTermDebtToCapitalization,0.23264583235398428,0.33424741432859084,0.36368902951608706,0.2994877627774285,0.37115481593545135,0.4108965276472997,0.4359421034184801,0.3620320730992944,0.3116640570982188,0.4250247057994913,0.5519586017430845,0.4421676589812583,0.4673851990275079,0.4932898216589672,0.6642883623839256,0.1936024166336743,0.13177120692861508,,,0.1507474449951244,0.31723591357835257,0.34223916815353383,0.40004334666118607,0.5261056487810047,0.4885176631545174,0.48210853171669377,0.4871227121332732,0.4419212542144103,0.46872586872586874,0.41207849114116973,0.42098202307485916,0.4186188013386066,0.37433155080213903,0.30348027842227376,0.3386041439476554,0.2794759825327511,0.21792260692464357
totalDebtToCapitalization,0.2944593232248144,,,0.35351737954424073,,,,0.4366285916872383,0.4116623636081538,0.46394784211014434,0.5689721429005408,0.5330769832500563,,0.5449410801274138,0.7268185787278009,0.3428659406281436,,,,0.2794105802672524,0.32725788861048605,0.41775983305604564,0.4494208017557697,0.5356825024843891,0.501714696853981,0.5169461961989031,0.5085272022294923,0.4929013869804191,,,,,,,,,
interestCoverage,22.849119279688797,14.987788986969315,13.419373125594324,16.845697182576,21.67062706270627,28.5055744445323,27.981936896430387,23.366212816338614,24.84846395794735,20.7433489827856,15.582748702118703,12.412518745983004,9.040468117685661,10.142853100149985,,,,,,,,,,,,,,,-4.695652173913044,-5.339449541284404,-4.5514018691588785,-6.902777777777778,-5.5638297872340425,-8.184615384615384,-9.238095238095237,-15.10344827586207,-21.25
cashFlowToDebtRatio,0.9405707988370994,0.8601488864920517,0.8476600243876087,0.9466862877511522,0.7877238393515107,0.8660073000101389,0.8689631840796019,0.6928248310997184,0.8107527063862103,0.7996591507659624,0.8485204430995612,0.6543464071769333,0.6317221238938053,0.7973891081294396,0.5013744387252218,1.0672628657921293,2.676225806451613,,,0.76153352288361,0.7696748149809375,0.40727920441298104,0.4140929498625011,0.4219430311840238,0.47235005436539423,0.3740181679792635,0.4746957286942395,0.46632345814798076,,,,,,,,,
companyEquityMultiplier,2.1781622135494847,2.2800301368619666,2.4132236508663985,2.4229969391600963,2.4277107090916505,2.7077954911421784,2.796601996997736,2.8203006501328742,2.784728559971238,3.112470638749274,3.9949959738733454,3.423364937759698,2.884065151517505,3.390199825712509,5.427629029391283,2.3298286117432743,1.895748600104036,1.732627911028515,1.9158043394165567,2.2332887938261132,2.7498390851746715,2.8782999184585156,2.8089270677103837,3.1184804223001303,3.0237510504077356,2.9136751060167105,2.8486155897786456,2.6295428925265547,2.5069767441860464,2.3191834089436165,2.4101019462465247,2.368916797488226,2.192022792022792,2,2.0634789777411378,1.905050505050505,1.6796875
receivablesTurnover,8.093968320696245,7.3547477889749455,7.378484253236298,6.495864528139984,5.970083021525145,8.061173319691987,9.453397948489172,9.430235777269633,9.823015589628492,10.847340513421358,11.001392537650768,10.801894717059572,10.322005935444787,13.299204601338493,10.56898201706834,9.6114870426367,9.105938556219632,9.02942015270738,9.504550212473442,9.4785120342728,9.00467746499404,9.568094350234945,8.572105812476684,9.938414713120062,9.041364908178164,9.304794627713838,9.455986629557628,8.732065512129868,7.435542607428988,8.611898016997166,8.031763417305585,7.5890052356020945,8.516722408026755,8.406852248394005,7.698924731182796,7.384057971014493,7.471590909090909
payablesTurnover,13.383413299094473,13.934566220149444,13.262699530867025,10.65070110576327,10.4369806580086,14.579579399856366,15.461575755438806,16.396595854381626,15.896377653741018,16.484620691206576,11.277945355191257,11.23940802590277,9.264425363345127,10.697346207009115,10.240869112097144,10.616767835380145,10.188240787961831,7.774911397749114,7.643171833893484,9.294180495374414,6.239627413635779,6.983762650944288,5.6956652167391635,5.997499442443248,5.671162162747547,8.854006154139732,7.228987983623109,11.05633918152599,20.215425531914892,18.425,28.478527607361965,25.686567164179106,36.98347107438016,13.050980392156863,16.90972222222222,13.201680672268907,14.555555555555555
inventoryTurnover,,343.9210636867753,378.6655927224486,343.9589570915048,301.9873356535189,301.61215481509396,226.90134103747144,192.59675558759915,184.99645687290462,190.626967266421,135.57295050640167,124.54568527918782,102.6295374283564,115.14829252223565,125.97164130786662,130.16198548954816,148.8710720057461,144.41023524556334,140.55474537037037,115.19411455596426,114.28771733034212,153.12042029586618,131.0250479233227,128.29723868729218,123.916548351475,109.62389249852333,101.05894214363269,33.179885728328316,,,,,,,,,
fixedAssetTurnover,2.9914783825078577,2.6123203865440425,2.5312336882944577,2.500608543527335,2.4099129463006284,2.3256279021750816,2.290593259836177,2.4835293160370138,2.6439543718315086,2.681012838151043,2.6214144666361685,2.5640594964190218,2.2173359886091712,2.6915703230366455,2.5685139649509137,2.592796858091342,2.9674799987476983,2.7548070505715465,2.7497912346815974,2.661599740457184,2.5252822194247764,2.5562126186884373,2.602254782824459,1.9900886103306679,1.9506505339436024,1.8281494196762877,1.6714564714898457,1.5291973113704513,1.497799295774648,1.6061993659739344,1.9251772118666317,1.7204747774480713,1.722936400541272,1.694432455761761,1.4702258726899384,1.388283378746594,1.2994071146245059
assetTurnover,1.7917989536024235,1.6254949697160765,1.6752901926721415,1.6919621489863692,1.6100797496455483,1.7120604713308059,1.701507493193443,1.8149039317750906,1.9807629555750081,2.0510005311118333,1.9965501302852868,1.933813708797651,1.725077736502606,2.0808702541967925,1.873523819135835,1.8801580966036686,2.0194663994618027,1.8677634869069375,1.8064890417802772,1.704586540969783,1.66651458623278,1.7537220325004608,1.8138698885285915,1.5720537884161816,1.5209542047853108,1.4282950260585536,1.3299065089665238,1.2152583428180967,1.1837894248608534,1.2742769316752829,1.4099211690059603,1.2807598851336426,1.3238887444762153,1.3077948034643572,1.1442269276867758,1.080593849416755,1.0193798449612403
operatingCashFlowPerShare,11.645745713361372,10.627735660494587,10.34099358243727,10.006740359113271,7.7916133287207945,7.673894603550724,7.664107190153244,5.5481715260393845,4.898873724152036,4.663041193631814,5.436403760229154,3.5235608530889513,2.8214587796336845,4.034519112502596,3.407960754537198,2.8473559876431036,2.112983101050705,2.436358060611041,2.090593871904365,1.1441141732283464,1.2110113044259156,0.884091893362315,0.9566713138038307,1.288435211753194,1.0959915501407986,0.9375661339166239,1.2118686608021458,1.11317494594256,0.7949052906596995,0.9657582110412299,0.6801152737752162,0.6170212765957447,0.5575158786167961,0.6014134275618375,0.3609341825902335,0.34915014164305946,0.18785714285714286
freeCashFlowPerShare,2.629407958589453,3.6374893042023237,2.2994568607423873,0.8480388222608006,2.990578627239082,1.9380347630499077,1.3004729008322935,-1.3878599509228222,0.690199654494173,0.9235994218871724,1.1409151376014979,1.3633119677635148,0.029777949930041184,1.6125824640991646,-1.7596587609987047,-3.1654653017545984,-1.0023190271603,-2.061360009761842,-1.1063723716074385,-1.4718766404199475,0.03795371065800252,-1.4131629961133687,-0.701068662914744,-2.734842326095788,-0.7047276943139813,-1.171100387267037,-1.288983867997733,-0.7232657443492541,-1.0711952971913783,-1.0566037735849056,-0.41354466858789624,-0.2475177304964539,-0.40225829216654907,-0.03180212014134275,-0.2208067940552017,-0.17280453257790368,-0.265
cashPerShare,3.383152225626582,2.965368615208388,0.3295268029004535,0.06991024122942678,0.13313530322558448,0.057293012864172585,0.04884693672838558,0.05113439129396714,0.04973497510325658,0.04755409644336625,0.04660810658817303,0.06297628957102108,0.06199852967913804,0.018952765841892562,0.1113418791966293,0.04960930401599128,0.04719402247082382,0.1475043073138821,0.38485004113776605,0.5290551181102362,0.34753262948183977,0.03795842002155247,0.0888887146433785,0.06501078208788154,0.025235570917971677,0.0248234230777883,0.02944700454044469,0.013920454519606999,0.022207707380796866,0.012578616352201259,0.018011527377521614,0.059574468085106386,0.012702893436838392,0.0049469964664310955,0.010615711252653927,0.009206798866855524,0.008571428571428572
payoutRatio,0.16356600762875162,0.22574327862697244,0.21656530833591572,0.21445509972732008,0.14770139144905087,0.2290957902288875,0.22789331398410712,0.24974919421972722,0.15424584236320835,0.26882527694181485,0.2421850073539139,0.3001247388749455,0.4081943782753692,0.24997881281998874,0.22918445672675405,0.2170200771077326,0.18308242206154038,0.0498304343069686,0,0,0,0.049397089397089394,0.22332257356858567,0.15161090590772253,0.6441140242829492,0.34248247795613834,-3.5599078341013826,0.19179540503069914,0.20157068062827224,0.18041237113402062,0.23297491039426524,0.18666666666666668,0.18627450980392157,0.14242424242424243,0.14671814671814673,0.11336032388663968,0.1411042944785276
operatingCashFlowSalesRatio,0.10058083699763533,0.11652057219926627,0.11983808857317492,0.12627474296199806,0.11894358604021828,0.130294919089571,0.14113735659732313,0.10490393144626638,0.10284603777085115,0.10841665051098125,0.14042725591041172,0.11284557603364716,0.1114228015237936,0.13535737282161062,0.13118001409209837,0.12712279224648412,0.10609421851536767,0.14131918049038208,0.13668142063860275,0.07756754568514596,0.08170194328918895,0.05789218620035576,0.06634139710416205,0.09929692641510664,0.10341428766280725,0.09617971572855655,0.12965076078315368,0.14184238005765148,0.11920854148300519,0.15153508771929824,0.1287331242329197,0.1500517419799931,0.15511486353818968,0.21676006113092205,0.17807262569832402,0.24190382728164866,0.2
freeCashFlowOperatingCashFlowRatio,0.22578270411423174,0.34226381050514804,0.22236324221762338,0.08474675986656138,0.3838202052732084,0.25254904623698843,0.16968354807238684,-0.250147268232271,0.14088945609914494,0.19806803833268863,0.2098657840589468,0.38691313265339494,0.0105540971021761,0.3996963254187898,-0.5163377420517469,-1.1117209493621518,-0.4743620650169353,-0.8460825373282166,-0.5292143952376658,-1.2864770622207693,0.03134050897732504,-1.5984345142436818,-0.7328208265461809,-2.122607563925892,-0.6430046784789966,-1.249085632364768,-1.063633304243171,-0.649732323733573,-1.3475760065735416,-1.0940665701881331,-0.6080508474576272,-0.4011494252873563,-0.7215189873417721,-0.052878965922444184,-0.611764705882353,-0.4949290060851927,-1.4106463878326996
cashFlowCoverageRatios,0.9405707988370994,,,0.9466862877511522,,,,0.6928248310997184,0.8107527063862103,0.7996591507659624,0.8485204430995612,0.6543464071769333,,0.7973891081294396,0.5013744387252218,1.0672628657921293,,,,0.76153352288361,0.7696748149809375,0.40727920441298104,0.4140929498625011,0.4219430311840238,0.47235005436539423,0.3740181679792635,0.4746957286942395,0.46632345814798076,,,,,,,,,
shortTermCoverageRatios,3.4381861494724304,,,4.339110352364921,,,,2.587116,2.297404,5.48044,12.71384,2.14039,,4.262835443037975,1.956431623931624,1.976929906542056,,,1.9362894916083062,1.404476914650256,17.1599,1.4819075829383885,2.261216666666667,11.184587155963303,9.184914285714285,2.8742713567839195,5.784130649950511,2.5161806830701434,,,,,,,,,
capitalExpenditureCoverageRatio,-1.2916270474891907,-1.5203663960896086,-1.2859474426745814,-1.092593782955858,-1.622902939301005,-1.337880425418605,-1.2043600938876493,-0.7999057594342598,-1.1639945605363262,-1.2469885823242184,-1.2656077661552674,-1.6310902308639013,-1.0106666742176262,-1.66582355288368,-0.6594836837912551,-0.47354741652870913,-0.6782594477486869,-0.5416875896823508,-0.653930543103855,-0.4373540485154649,-1.032354515975719,-0.38484710486962836,-0.5770937102557667,-0.3202451731535397,-0.6086409936006665,-0.4446251337031417,-0.4845822162027696,-0.6061589420378581,-0.42597129856492827,-0.47753973738769867,-0.621870882740448,-0.7136997538966365,-0.5808823529411765,-0.9497767857142857,-0.6204379562043796,-0.6689280868385346,-0.4148264984227129
dividendPaidAndCapexCoverageRatio,-1.4868992529652385,-1.7985571293794278,-1.4796577654796321,-1.2213929957244998,-2.0094485931676873,-1.583388328637105,-1.3911539159994775,-0.9046302965879449,-1.3035064227679178,-1.539177055745753,-1.44462649901486,-2.1135583764114565,-1.1998863728047764,-1.9958592950528848,-0.7094012458548982,-0.5002772991886781,-0.7353001783676589,-0.5471738492988301,,,,-0.38696892442112296,-0.5951327142487421,-0.3242777395535569,-0.6259945709957199,-0.4553487838896425,-0.4951548444494655,-0.6232453044383155,-0.4377697841726619,-0.48937677053824363,-0.6496902959394356,-0.7480653482373173,-0.6062931696085956,-1.0023557126030624,-0.6505102040816326,-0.6953455571227081,-0.43044189852700493
dividendPayoutRatio,0.16356600762875162,0.22574327862697244,0.2165653083359157,0.21445509972732008,0.14770139144905087,0.2290957902288875,0.2278933139841071,0.2497491942197272,0.15424584236320835,0.26882527694181485,0.24218500735391393,0.30012473887494556,0.4081943782753692,0.24997881281998874,0.22918445672675403,0.2170200771077326,0.18308242206154038,0.0498304343069686,,,,0.0493970893970894,0.22332257356858567,0.15161090590772253,0.6441140242829492,0.34248247795613834,-3.5599078341013826,0.19179540503069914,0.20157068062827224,0.18041237113402064,0.23297491039426524,0.18666666666666668,0.18627450980392157,0.14242424242424243,0.1467181467181467,0.11336032388663966,0.1411042944785276
priceBookValueRatio,6.468482415073885,5.471755777445111,5.232336051034196,5.534392754790402,7.203394307973309,7.787079714050527,6.370585244731164,7.704750214819611,8.744020672449535,9.972462774213389,10.45616232778838,8.766900696169362,6.024017873645072,5.270849982325509,11.546875409750085,4.801218581455161,4.603822869133488,4.028254306046994,2.976577177978371,1.7305071915215746,2.1533851299973596,1.5648834589068301,1.1206874793683634,2.420402131715235,2.3867020082020574,1.480858713576437,1.5451986696256224,1.7814330884259775,2.096846918604651,2.0901132209980555,2.422632437442076,1.8512244897959182,1.6816681481481484,2.7551492338441044,2.5789288540807918,4.431112727272727,3.3136979166666665
priceToBookRatio,6.468482415073885,5.471755777445111,5.232336051034196,5.534392754790402,7.203394307973309,7.787079714050527,6.370585244731164,7.704750214819611,8.744020672449535,9.972462774213389,10.45616232778838,8.766900696169362,6.024017873645072,5.270849982325509,11.546875409750085,4.801218581455161,4.603822869133488,4.028254306046994,2.976577177978371,1.7305071915215746,2.1533851299973596,1.5648834589068301,1.1206874793683634,2.420402131715235,2.3867020082020574,1.480858713576437,1.5451986696256224,1.7814330884259775,2.096846918604651,2.0901132209980555,2.422632437442076,1.8512244897959182,1.6816681481481484,2.7551492338441044,2.5789288540807918,4.431112727272727,3.3136979166666665
priceToSalesRatio,1.6573830900511837,1.476387936214936,1.2942197115934981,1.3499773049068942,1.8428622186358077,1.6797306988770735,1.338797220163639,1.5052530456467206,1.5852428445914424,1.5621811307638438,1.3109186792912144,1.3242752255036367,1.2108002850791413,0.7471543965167743,1.1355208273935722,1.0960569862259077,1.2025447048174471,1.2447716618647642,0.8600637898469221,0.45457910232102516,0.46989985389026834,0.3100167766496933,0.21995706979347435,0.4937158881129903,0.5189625614105973,0.355839846240755,0.40787714170163986,0.5574689001168432,0.706548476834166,0.7072466447368421,0.7129470612300559,0.6101569506726457,0.57948706067151,1.053356851757514,1.0922628142458102,2.152503238469087,1.935300380228137
priceEarningsRatio,26.50812160976123,28.115288712548686,22.973848709017666,23.75457659983961,19.306567941901296,25.484055931704045,19.389804824409655,24.761864829038938,25.85679509396778,25.444474285456657,23.09020698349455,25.1662844538274,28.42805717008099,13.90047319697098,18.593246502200493,16.58390649513985,18.143940165518416,23.712706109774366,21.92499995406405,19.720588235294116,29.956989304143267,18.56617643970894,14.09722224431195,19.412878783734016,70.96774216962872,23.92241373360841,-254.16666725230414,16.66666669761339,18.88260052356021,16.62394175257732,18.738497491039425,11.7923,9.644861437908498,12.531754545454547,12.078149420849421,17.760330364372468,15.613006134969327
priceToFreeCashFlowsRatio,72.98220626933252,37.02004122580644,48.567990948933804,126.14988865108823,40.36677046389826,51.04655596802233,55.902738883272775,-57.36169629152088,109.40312923705977,72.74799053328987,44.48183596432052,30.33054720984649,1029.6209131935227,13.810146455015973,-16.764614056907888,-7.755573560194163,-23.894588799589553,-10.410602174473816,-11.890210147680405,-4.555408935688366,183.5130183386017,-3.3501974032867983,-4.524342860815799,-2.3424567986504172,-7.804432895678929,-2.961957862634579,-2.957756178843586,-6.048952316878123,-4.398264268292683,-4.265932142857143,-9.108085017421603,-10.136647564469914,-5.177767719298245,-91.89953333333334,-10.0264125,-17.97869508196721,-6.859622641509434
priceToOperatingCashFlowsRatio,16.47811988371253,12.670620375002182,10.799735935401108,10.69079432070723,15.493582125669919,12.891759023407088,9.485775080677906,14.348871628493137,15.41374737375381,14.409051777573726,9.335215381033583,11.735287036053391,10.866719096275668,5.51986479156521,8.656202968512796,8.622033601187058,11.334686485703832,8.808228702893453,6.292470372553441,5.86042910479861,5.7513913986969625,5.355071158943177,3.3155326748413465,4.972116518985006,5.018286864796934,3.6997390098867093,3.1459679776490588,3.930199844998803,5.926995398520954,4.667213748191027,5.5381788135593215,4.066310344827586,3.7358577215189874,4.859552291421856,6.133805294117648,8.898177687626776,9.676501901140684
priceCashFlowRatio,16.47811988371253,12.670620375002182,10.799735935401108,10.69079432070723,15.493582125669919,12.891759023407088,9.485775080677906,14.348871628493137,15.41374737375381,14.409051777573726,9.335215381033583,11.735287036053391,10.866719096275668,5.51986479156521,8.656202968512796,8.622033601187058,11.334686485703832,8.808228702893453,6.292470372553441,5.86042910479861,5.7513913986969625,5.355071158943177,3.3155326748413465,4.972116518985006,5.018286864796934,3.6997390098867093,3.1459679776490588,3.930199844998803,5.926995398520954,4.667213748191027,5.5381788135593215,4.066310344827586,3.7358577215189874,4.859552291421856,6.133805294117648,8.898177687626776,9.676501901140684
priceEarningsToGrowthRatio,0.5265134947317336,-19.0847391666962,2.893076713523141,-0.8491252722524656,0.3161383020388779,7.203581137342585,1.1665850351684481,2.453698917236033,2.441458238403092,1.2631125729016859,0.6837923233887385,0.4727296933208286,-0.8708888784672594,117.6877123705321,2.5016368021142457,1.3681722858490384,0.3956690566215461,0.4664794644545776,0.28671153786083764,0.4265150478796169,-3.395125454469572,1.3924632329781703,-0.44305555624980414,0.05958408339561925,-1.524492239199432,0.022427262875257883,2.404279284819093,3.3333333395226754,5.904850312319757,4.858984782609382,5.312465561151327,3.396170838567358,2.791500690894603,3.6219313667326785,3.4858962451178512,5.122212991511979,4.464640172586385
priceSalesRatio,1.6573830900511837,1.476387936214936,1.2942197115934981,1.3499773049068942,1.8428622186358077,1.6797306988770735,1.338797220163639,1.5052530456467206,1.5852428445914424,1.5621811307638438,1.3109186792912144,1.3242752255036367,1.2108002850791413,0.7471543965167743,1.1355208273935722,1.0960569862259077,1.2025447048174471,1.2447716618647642,0.8600637898469221,0.45457910232102516,0.46989985389026834,0.3100167766496933,0.21995706979347435,0.4937158881129903,0.5189625614105973,0.355839846240755,0.40787714170163986,0.5574689001168432,0.706548476834166,0.7072466447368421,0.7129470612300559,0.6101569506726457,0.57948706067151,1.053356851757514,1.0922628142458102,2.152503238469087,1.935300380228137
dividendYield,0.006170411092746792,0.008029200088783599,0.00942660113587802,0.009027948733414516,0.007650318373183907,0.008989769557987646,0.011753254663874398,0.010086041416672272,0.005965389051607285,0.010565173165926553,0.010488646010277594,0.01192566743118495,0.014358855965189628,0.01798347504273891,0.012326220528492983,0.013086185523979735,0.010090554774286498,0.002101423349839794,,,,0.002660595710565368,0.015841601252948503,0.007809810569401834,0.009076152130405574,0.014316384699717296,0.014006194724847855,0.011507724280474368,0.01067494280656779,0.010852562756727063,0.012432955764231986,0.01582953848415209,0.019313342239607692,0.011365067988496617,0.012147402851705113,0.006382782389793968,0.009037612184272983
enterpriseValueMultiple,13.174163836058762,12.26405109160065,10.627960228715082,11.43223879648931,14.213175466147325,11.076406476190213,8.79618991613234,11.022407172903401,11.510457922854203,11.294344332040522,10.146173009371239,10.408534743281772,10.068821996540626,6.107702840526488,9.168576709796673,7.504303454657503,7.8082116128816255,7.619178075214653,6.930292720915237,5.302236117719024,6.245462489305144,5.493908427561188,3.8454369992797925,6.330034007414027,7.672899783882464,5.651177955907534,7.227619207833938,5.906239697685001,7.61114262295082,6.3245690949227376,6.418996018957346,4.893302938196555,4.362899890470975,5.646374262101535,5.515865140324963,8.146920547945204,7.8934482758620685
priceFairValue,6.468482415073885,5.471755777445111,5.232336051034196,5.534392754790402,7.203394307973309,7.787079714050527,6.370585244731164,7.704750214819611,8.744020672449535,9.972462774213389,10.45616232778838,8.766900696169362,6.024017873645072,5.270849982325509,11.546875409750085,4.801218581455161,4.603822869133488,4.028254306046994,2.976577177978371,1.7305071915215746,2.1533851299973596,1.5648834589068301,1.1206874793683634,2.420402131715235,2.3867020082020574,1.480858713576437,1.5451986696256224,1.7814330884259775,2.096846918604651,2.0901132209980555,2.422632437442076,1.8512244897959182,1.6816681481481484,2.7551492338441044,2.5789288540807918,4.431112727272727,3.3136979166666665
