,2021,2020,2019,2018,2017,2016,2015,2014,2013,2012,2011,2010,2009,2008,2007,2006,2005,2004,2003,2002,2001,2000,1999,1998,1997
period,FY,FY,FY,FY,FY,FY,FY,FY,FY,FY,FY,FY,FY,FY,FY,FY,FY,FY,FY,FY,FY,FY,FY,FY,FY
revenuePerShare,18.495105101067338,17.793514537684427,19.152048750824804,17.594594200810416,16.875776639211363,16.594476791464725,16.229913143199692,15.657545610723174,14.031044474083613,12.498447908339994,12.076942612205116,11.121658060814687,11.61578786722625,12.405400900150026,12.473085434916147,12.879821479938284,12.919774610421122,13.155094027691671,13.515252837977297,13.256997154973428,11.477278282704829,12.311729950716845,11.875352910092852,8.454768329603791,7.128157418623733
netIncomePerShare,3.2345965950199447,5.614838619398484,3.3738339522065957,3.7742619073444206,2.9991503988585513,3.335946394301142,3.7994539685021924,2.8977326914409267,4.926452520022864,1.9294564348521184,1.8715998709615425,1.1407917383820998,1.762792827165204,1.0437739623270545,11.146929879921574,7.615301470524141,3.9388536405629346,2.6678784121437564,3.770092879256966,4.770873369477696,2.3114153018821804,2.1421090949820787,1.8083490601645655,1.532052125839147,1.028773678795928
operatingCashFlowPerShare,0.13792794350217374,7.442728262635328,7.641025475152347,7.4484828567589485,5.885238990855438,6.745431480336987,5.20887333763382,4.54345511434525,5.111175353644194,4.282900346389555,4.161682441846898,2.6957329317269076,4.710995803128577,4.675012502083681,5.296056008549382,4.602287288290722,4.244019267753473,4.034511262657574,5.038957688338494,4.695689516345483,4.659929779338237,4.755600358422939,4.580146448252434,3.542302882716862,1.5285399042357548
freeCashFlowPerShare,0.13792794350217374,7.442728262635328,7.641025475152347,7.4484828567589485,5.885238990855438,6.745431480336987,5.20887333763382,4.54345511434525,5.111175353644194,4.282900346389555,1.1004715394699813,-3.4755163511187606,1.3317970240366273,-0.12557092848808135,-4.23443482358485,-0.9941074432754248,0.696407067239427,1.4261210994007025,0.6811351909184726,-10.681432175640131,-10.03491033532588,-3.703237007168459,-5.442364308900128,-24.387291035935238,-12.823235897421565
cashPerShare,2.8984716646498017,10.736137448952839,4.172219275206686,3.5185549135755303,2.8196835073610482,2.3219204371726896,4.715666151911436,11.516692904127664,15.539562814961794,6.9409672262190245,12.579574859464765,3.4974182444061963,11.132231972529569,2.109518253042174,13.557645217479111,6.326548757420176,2.3500188723331594,2.2482481354149053,0.23411764705882354,0.5934295990122926,1.137352503277705,4.031824036738351,0.1817015173246773,0.2001777017243649,0.45440350638033244
bookValuePerShare,37.353745285978626,38.57682688116527,36.77457271868652,38.09683879250195,37.70644659186718,37.643008164460205,37.20204468596673,37.21559354362495,37.720862543610096,33.953270716759924,33.398982792584405,31.358598680436028,33.925997710797404,29.432130355059176,30.872230496722455,28.096216037168436,26.217678882757877,27.57963703995942,24.769484004127968,23.185248805625637,28.875058332037067,35.358450940860216,27.77271835132483,33.36374555745689,7.133928032628449
tangibleBookValuePerShare,51.43471440553709,53.654322059932866,51.844561462524744,53.19005936471498,52.54851806213114,51.60149627557493,51.39034084615334,51.62314731953308,46.27839501711553,37.53566480149214,37.15700822963355,35.60092512908778,38.68034338038917,29.432130355059176,36.3745655887377,33.531210502000505,32.861351259054224,34.96591143925304,33.33638802889577,32.25262762359762,28.875058332037067,35.358450940860216,27.77271835132483,33.36374555745689,7.133928032628449
shareholdersEquityPerShare,37.353745285978626,38.57682688116527,36.77457271868652,38.09683879250195,37.70644659186718,37.643008164460205,37.20204468596673,37.21559354362495,37.720862543610096,33.953270716759924,33.398982792584405,31.358598680436028,33.925997710797404,29.432130355059176,30.872230496722455,28.096216037168436,26.217678882757877,27.57963703995942,24.769484004127968,23.185248805625637,28.875058332037067,35.358450940860216,27.77271835132483,33.36374555745689,7.133928032628449
interestDebtPerShare,88.15899937893369,86.72251093322011,79.08115433879753,73.7302637010751,69.04528179518776,66.41500178902514,62.86991679209753,68.86665273141767,78.6354097542066,62.12318811617373,62.44822331889658,58.54905335628227,53.73982449446776,54.54149024837473,35.3254403015845,36.18288717845905,43.372701619425925,47.07785229855906,51.64829721362229,54.12568575876322,47.94273460589765,47.81153393817204,50.14847135200423,50.82144267474003,34.474967801008944
marketCap,17695533900,14186300991.20325,22196428761.672,20146514885.987247,18413369491.620003,20024453664.86,17834864756.529,21248753659.267002,16437708000,15989281500.24,14940817587.079,12927482260.56,8501213893.15,5195133880.0199995,10614699480,14202460144.163,8679372000,6173499632.915999,4847906903.099999,3308510400.0000005,3307573500,2926241351.4240003,2016027812.5,1975220000,1374279668.25
enterpriseValue,30588432900,25565316991.20325,33363284761.672,30610912885.987247,28250213491.620003,29463672664.86,26327659756.529,29572658659.267002,25594079000,23859672500.239998,21821747587.079002,20234535260.559998,13772051893.15,11225539880.02,13305818480,17627609144.163002,13244130000,10945969632.916,9829940903.099998,8294772400,7524448500,6060175351.424,5325576812.5,5051778000,2688972668.25
peRatio,35.0275518667271,16.25514163215215,42.5598882559373,34.565700580061744,39.817942456453714,39.050388885907346,30.585973659212904,47.89951930693107,21.92246846205244,55.202076645054376,54.79269612650406,81.26811921997586,36.79956146878544,41.48407659400153,8.01296867946463,16.25674354182582,19.80271599755414,21.736373642831236,13.27022983313351,7.445177695816446,15.89934961928934,19.126010480032424,16.831650852424527,21.21337743792422,34.56785562556595
priceToSalesRatio,6.125945182839839,5.129396826394338,7.497370013420426,7.414777829544425,7.0764149439217,7.850202548537332,7.160235422990652,8.864735664888748,7.697217423797927,8.52185829641517,8.491387786869305,8.335987178624766,5.5846408131324115,3.490415130354743,7.161018856646713,9.611934699004323,6.037257022818727,4.408178449954836,3.7017434745591875,2.6793397920187756,3.2019786481415866,3.327720894139214,2.5630817231655656,3.8439846880491664,4.989017204794871
pocfratio,821.4434082257914,12.26297585768408,18.791979750222875,17.51497714485805,20.29144410032564,19.312330779689724,22.310006688085352,30.54943858953523,21.130169193470845,24.86866221152844,24.641477198940176,34.3913886679454,13.769913137455942,9.262007102804738,16.86538055032111,26.899668631068664,18.37880440191509,14.37348868913589,9.928640424146227,7.564384288261924,7.886384932868864,8.615105961844648,6.645529863267472,9.174822446315847,23.265666732973305
pfcfRatio,821.4434082257915,12.26297585768408,18.791979750222875,17.51497714485805,20.29144410032564,19.31233077968972,22.310006688085352,30.549438589535235,21.130169193470845,24.86866221152844,93.18732863313396,-26.67517273229253,48.70862588608392,-344.82502854241335,-21.093724126418874,-124.53382563166294,112.00345842151448,40.66274738124909,73.45090911032999,-3.32539676477151,-3.662215084337029,-11.063294334306239,-5.592698002635411,-1.3326613420125466,-2.7732859540664565
pbRatio,3.03316305052091,2.365928055232599,3.9045999826678237,3.4244312949576425,3.167097639631666,3.46066933415251,3.1237530082274336,3.7296194896715957,2.863137073685373,3.1369585242173685,3.0704528828575355,2.9564458522134096,1.9121030294520784,1.4711812729028986,2.8932149884499805,4.406287410241479,2.975091744345717,2.102638331170921,2.019824029909635,1.5320085757018695,1.272724701623395,1.1587046352377128,1.095949615553137,0.9741112533072943,4.984981603031006
ptbRatio,3.03316305052091,2.365928055232599,3.9045999826678237,3.4244312949576425,3.167097639631666,3.46066933415251,3.1237530082274336,3.7296194896715957,2.863137073685373,3.1369585242173685,3.0704528828575355,2.9564458522134096,1.9121030294520784,1.4711812729028986,2.8932149884499805,4.406287410241479,2.975091744345717,2.102638331170921,2.019824029909635,1.5320085757018695,1.272724701623395,1.1587046352377128,1.095949615553137,0.9741112533072943,4.984981603031006
evToSales,10.58928564875766,9.243752541395969,11.26924035425436,11.2661231728473,10.85679799191876,11.550667105032892,10.569872245548355,12.337373105554114,11.984833337157504,12.716565659493025,12.402060320267505,13.047770872760193,9.047174209442739,7.5420181940473,8.976534589408677,11.930005525338627,9.212442657559116,7.81595372459576,7.505903129056494,6.717377632259846,7.284229189779453,6.891629813537908,6.770684664566392,9.83128830177076,9.761718240513176
enterpriseValueOverEBITDA,18.545334054409306,12.844124051248876,20.665712826700744,19.052467028568042,19.423069407294907,18.18703687931819,15.909451136499271,19.35475887216274,14.524858576870168,20.617418501526885,19.730439393956026,23.111395556662195,15.72999594890169,16.00559474502781,8.245697677589193,15.323105948190795,18.76117138595306,20.38515048274912,17.071826979727298,13.149357336258664,21.006570443473528,21.17846482038665,22.20516943940626,29.975541446626714,34.241779065695475
evToOperatingCashFlow,1419.943965277133,22.099267825458362,28.246083114274466,26.612515495383374,31.13159860004739,28.415866021194475,32.9338222222724,42.516758118025514,32.90040312317624,37.10974354146285,35.9900047285941,53.83057215899205,22.30739758777471,20.013157024003938,21.14121955327323,33.38695126920389,28.04480263589759,25.4850214733112,20.13197665885003,18.96468151264347,17.940855215627927,17.841676926091665,17.554956100881444,23.465318388941274,45.52256967698793
evToFreeCashFlow,1419.943965277133,22.099267825458362,28.246083114274466,26.612515495383374,31.13159860004739,28.415866021194475,32.9338222222724,42.516758118025514,32.90040312317624,37.10974354146285,136.10435653166888,-41.75288833153813,78.90846316520752,-745.0909252635073,-26.441564815109217,-154.56713704382483,170.90964228565528,72.09738794717498,148.933985380746,-8.33710823562048,-8.331227952460356,-22.911816073436672,-14.773775747277897,-3.4083845085759856,-5.426326463246304
earningsYield,0.02854895494280622,0.06151899642769227,0.023496302292581688,0.02893041319049156,0.025114306222468293,0.025607939601361658,0.03269472507698922,0.020877036230618286,0.045615301111322816,0.018115260525975,0.01825060766659892,0.012304948233060598,0.027174236868236373,0.024105634790593286,0.12479769234126259,0.06151293445868609,0.0504981235969607,0.046005834111606976,0.0753566451052091,0.1343151286452054,0.0628956544729845,0.052284819201788124,0.05941187877337382,0.04714006541043529,0.028928609597073548
freeCashFlowYield,0.0012173693159944724,0.0815462748687866,0.053214191016150915,0.05709399399893448,0.049281854709589235,0.05178038898607071,0.04482293591306046,0.03273382576472458,0.04732569771892772,0.04021125026727119,0.010731072718447228,-0.037488042159495236,0.0205302445266825,-0.002900021510117849,-0.04740746555737629,-0.008029946843179194,0.008928295733838808,0.024592534061314616,0.0136145353694385,-0.30071599593581444,-0.2730587846347179,-0.0903889899140705,-0.17880457688378246,-0.7503781857210843,-0.36058308323153787
debtToEquity,2.262692105957813,2.1760469293036806,2.077828735337583,1.8710584818969227,1.7589760295784782,1.6929888642041238,1.6142600800254316,1.7704855880805253,2.0068282451277644,1.7485295949727933,1.7887672785726587,1.7806166659386553,1.511418798282142,1.7477908070955834,1.1442464549276676,1.2878206492501612,1.6543303399733869,1.7069786752577336,2.0851583829931553,2.3344880278200955,1.6603510910558013,1.3521953780763922,1.8056738529382026,1.5232535144238712,4.832536527328391
debtToAssets,0.6406612486320532,0.6351586892925468,0.6234779530376104,0.5945016500154494,0.5817489909397642,0.5792449496311807,0.5708835451930677,0.6026032788537222,0.650653193435594,0.6355751507163769,0.63380041596524,0.6281019485456647,0.5895067684436172,0.6763762934003077,0.6137892258991335,0.603225861684481,0.589253780567148,0.5892852965852784,0.6222362035293705,0.6435150547577886,0.641716493118504,0.5944022857252986,0.661526555299836,0.6126683281481282,0.8351685868219293
netDebtToEBITDA,7.816782234854525,5.716866062542296,6.916916032747222,6.513121598542072,6.763195039832461,5.826545319643934,5.1320819364242185,5.447842076224846,5.196318799061114,6.8008957380290305,6.221489447501524,8.345938765673507,6.020182107254137,8.598271051156981,1.6677030219351192,2.977370361806477,6.466276544657921,8.88797634079388,8.652383904800113,7.904513547617991,11.772568014628904,10.952143645945455,13.799274501219589,18.255254257402243,16.741496771893186
currentRatio,2.679769458837873,4.9693514375018335,3.1037785806273717,3.4671127214110045,2.5653152777267825,2.142560923948184,2.3161777603907043,2.4459060846201757,3.8258165318512285,5.870498964797894,9.001872558477913,4.973064535224351,4.895325777908745,1.4075535732712658,0.0,0.0,0.0,0.0,0.0,0.0,0.0,0.0,0.0,0.0,2.6387596899224808
interestCoverage,0.0,0.0,0.0,2.416082270313723,2.4249828429212696,2.0002083086067786,1.965231052577997,1.7593731554845604,1.517454350161117,1.5757682003269142,1.5696304020744372,1.614778921865536,0.8565512199806091,1.192681599576427,,,,,,,,,,,
incomeQuality,0.042641466856958486,1.3255462475665356,2.2647900232774854,1.9734939014870112,1.962302054973737,2.022044326569615,1.3709531371654553,1.5679345192071432,1.03749611568782,2.2197445192473677,2.2235962432017136,2.3630368638100987,2.6724614092652392,4.478951066819982,0.47511342276306157,0.604347353299719,1.0774757467624323,1.512254548143245,1.3365606232310125,0.9842410713281111,2.01605041532072,2.2200551641197923,2.532777851990382,2.3121294784775324,1.4857883086829662
dividendYield,0.03863986268309203,0.048561214119676496,0.03001807214818866,0.029167724707002303,0.028597590475749033,0.0335402908484143,0.06875291832819266,0.03954415461132443,0.0274440937872847,0.02332181092655119,0.022260963836921072,0.02537624832028115,0.04203258552145397,0.23787009700609346,0.10772514117375655,0.027573603166275888,0.08099537616316019,0.055530091582442404,0.06473123479317087,0.0898685402349045,0.08360751469317311,0.0716697547514125,0.09002504770752015,0.06445206103623899,0.012389035793333692
payoutRatio,1.3534597942552193,0.7893694133446083,1.2775657962855729,1.0082028388239108,1.1386972119566041,1.3097614009770178,2.1028749489801166,1.8941459972814019,0.601642280521358,1.2874123942689453,1.2197382269995123,2.0622799738483204,1.5467807145887262,9.867821323623355,0.8631981822162166,0.44825699519822354,1.6039284312741278,1.2070228190566057,0.858998363087906,0.6690872513124939,1.3293051069066297,1.370756480476869,1.5152701709858403,1.3672458974138673,0.42826240064392795
salesGeneralAndAdministrativeToRevenue,0.05256937479856305,0.04812983107988398,0.047550769076952284,0.044798894105280825,0.04370164437933404,0.041253008836374186,0.03866957922709018,0.041275378619423125,0.0540046330223892,0.043907396974950795,0.04628632938643703,0.0513656142233319,0.049562850755691085,0.0486193227626982,0.047144652628468536,0.04018378625677287,0.03858489811391626,0.038298707929152104,0.0346350261295574,0.03829860635896805,0.03708888282228663,0.04055140540829451,0.0374476838502652,0.04379513746309699,0.04285543144038539
researchAndDdevelopementToRevenue,0.0,0.0,0.0,0.0,0.0,0.0,0.0,0.0,0.0,0.0,0.0,0.0,0.0,0.0,0.0,0.0,0.0,0.0,0.0,0.0,0.0,0.0,0.0,0.0,0.0
intangiblesToTotalAssets,0.0,0.0,0.0,0.0,0.0,0.0,0.0,0.0,0.0,0.0,0.0,0.0,0.0,0.0,0.0,0.0,0.0,0.0,0.0,0.0,0.0,0.0,0.0,0.0,0.0
capexToOperatingCashFlow,,,,,,,,,,,-0.7355705162882137,-2.289265828307524,-0.7173003161768517,-1.026860019824998,-1.799544947551392,-1.2160029092066162,-0.8359085990653236,-0.6465194898325053,-0.8648261737750244,-3.2747313548859114,-3.153446684930723,-1.7787107258938244,-2.188251155370081,-7.884586621579566,-9.389205844012935
capexToRevenue,,,,,,,,,,,-0.2534756519653589,-0.5548857237923038,-0.29091429851489475,-0.38697527546358507,-0.7640844666593357,-0.4345087189510458,-0.2745877778434721,-0.19827985704748066,-0.3224373638926474,-1.1599249447086748,-1.2803418853063666,-0.6870551416780292,-0.8439758239634664,-3.303413272822455,-2.013392095432747
capexToDepreciation,,,,,,,,,,,-1.0155128602134869,-2.54312278534508,-1.376655755235777,-1.8937355949590164,-3.9193087363051857,-2.31979447822835,-1.4749496527064239,-1.0978212310380682,-2.0062667179786864,-7.682828315337206,-8.807529151655201,-4.537469019902366,-5.529289765865117,-22.50721313214352,-14.304051788615789
stockBasedCompensationToRevenue,0.017607017327645268,0.015960597117677132,0.013834535469954692,0.014764769185698155,0.013589533895243644,0.012902125590986429,0.011716217263303947,0.011722579660058123,0.021144544773005786,0.015818111175008674,0.0,0.021183850441448437,0.017497794381865252,0.015524052674012362,0.0,0.0,0.0,0.0,0.0,0.0,0.0,0.0,0.0,0.0,0.0
grahamNumber,52.13968440208041,69.81088590749918,52.835634711474675,56.87897298218015,50.442683786150646,53.15485669748145,56.394306159097965,49.25869411547212,64.66201251543745,38.392779595210214,37.50285945643444,28.370877353235446,36.682439558021194,26.290892999470294,87.99396708373925,69.38390299154615,48.20291482965909,40.68820665939372,45.83801090256561,49.88799892818074,38.75178270230607,41.281803924491015,33.6156556592126,33.91293911493532,12.850367356376733
roic,0.0,0.0,0.0,0.046320106952180716,0.04837307444018012,0.04542546575206677,0.04829493488984304,0.043114504637720125,0.03514482703719966,0.04321414669631247,0.042762677439639296,0.04689463259646823,0.023097438861612325,0.030965027167998656,0.038585526312198595,0.040094084602522846,0.039597843590573674,0.03867516130639433,0.04077307582299342,0.04079031729160459,0.049002270844848296,0.044315802319432364,0.04433206312843784,0.03495076063745016,0.027187455885215428
returnOnTangibleAssets,0.022597887731410294,0.038180057126132906,0.024502528904874137,0.028773364687255342,0.02387122847428069,0.027201077380894598,0.03172596620922839,0.02230684354073239,0.03718885356600312,0.01873263399459887,0.01844548651468183,0.01191705617427526,0.01870755171615999,0.011476912967751425,0.11835369984749795,0.09011170887492571,0.049233192786458616,0.031337289539665115,0.042722222871911214,0.052731968127503276,0.028680183800670295,0.02457218937857245,0.022038827019790343,0.017786141853994023,0.02377010512872484
grahamNetNet,-82.19997534942983,-76.41715602778703,-75.62382910041272,-69.01916442585238,-65.6312941825021,-64.3661353804118,-59.48517961048016,-63.145010418776,-67.14933377573078,-53.252020050626165,-46.722129752287344,-52.09777861445783,-42.33754292254864,-57.28638731455243,-43.88447815952676,-44.27882427803105,-44.43766737962147,-47.740498600387006,-54.53353199174406,-57.463240109506685,-50.21747850047777,-47.50392025089606,-53.77730052087265,-52.06962452283796,-35.21713863043611
workingCapital,1212424000,2435729000,1342804000,1310101000,937915000,768675000,1042959000,1864159000,2450647000,1860779000,2529752000,1308795000,1467303000,177728000,,,,,,,,,,,105700000
tangibleAssetValue,,,,,,,,,,,,,,,,,,,,,,,,,
netCurrentAssetValue,-12388153000,-11469215000,-11289583000,-10201382000,-9732676000,-9478279000,-8657155000,-8830405000,-9800751000,-7584637000,-6523553000,-6745858000,-5435658000,-6766565000,,,,,,,,,,,-1226637000
investedCapital,2.287546323118536,2.1760469293036806,2.077828735337583,1.8710584818969227,1.766716024903521,1.6929888642041238,1.6142600800254316,1.7704855880805253,2.0068282451277644,1.7485295949727933,1.7887672785726587,1.7806166659386553,1.511418798282142,1.7761092548368618,1.1442464549276676,1.2878206492501612,1.6543303399733869,1.7069786752577336,2.0851583829931553,2.3344880278200955,1.6603510910558013,1.3521953780763922,1.8056738529382026,1.5232535144238712,4.832536527328391
averageReceivables,1335714500,1296194000,1271854500,1208593500,1124977500,1093940000,1074471000,1017394000,1003630500,1175627500,1134501500,1069347500,829717000,817468500,677134000,676623000,674431000,660847000,657309500,658326000,669870000,661523000,662278000,668512000,660326000
averagePayables,324194500,336264000,356908500,306454500,333882000,317394000,305486500,289763500,269367000,267683000,245701500,261161500,278176500,254027500,240978000,219599000,169222000,169643500,171860500,164442000,168905500,196801000,176458000,164707500,180032000
averageInventory,,,,,,,,,,,,,,,,,,,,,,,,,
daysSalesOutstanding,173.77176687422823,171.06454239562987,153.8028843847891,150.58925293219622,133.78654774111132,127.59245654338604,124.96001117703761,112.46851686985138,121.53346532186957,205.24651608752913,201.80166988154767,198.2925405144686,87.09652625818772,83.0698703305563,14.300187075529806,14.093243980384221,13.371836384061323,6.646006862006548,5.135141429474629,6.047158175706154,15.386862062890014,11.145671874662394,13.161204936915496,29.00269924705214,32.40810858887465
daysPayablesOutstanding,108.87845532495633,117.79260439360058,125.91999725877193,98.74342854125351,125.77232037054746,118.27750604081048,110.87558717113993,102.70482900456436,95.8014811972471,106.01609376162502,91.3163657767636,128.90181589721493,152.79161792816183,121.62725491717423,109.96077377198333,75.54188984863839,1.6237980180562586,2.3241796666006667,6.009872176184452,-6.46627154163576,1.808087891538102,79.06418940616015,24.383314344400404,-16.611635324606286,96.97801891110441
daysOfInventoryOnHand,0.0,0.0,0.0,0.0,0.0,0.0,0.0,0.0,0.0,0.0,0.0,0.0,0.0,0.0,0.0,0.0,0.0,0.0,0.0,0.0,0.0,0.0,0.0,0.0,0.0
receivablesTurnover,2.1004562856529976,2.1336975792203945,2.373167456904326,2.4238117454792314,2.7282264634431477,2.860670684523476,2.9209344378409567,3.245352656533901,3.003288016459771,1.7783493087129558,1.808706539515979,1.8407147291219832,4.190752670410748,4.393891534290008,25.524141612425527,25.89893430554582,27.296176046176047,54.920196078431374,71.07886024423338,60.35893049173917,23.72153584715014,32.74813794130791,27.733023059022635,12.58503551310311,11.262613459808652
payablesTurnover,3.3523620344413296,3.0986665239216804,2.898665882670777,3.69644851705254,2.9020693815987935,3.085962937653254,3.2919780567800836,3.553873790917649,3.8099619696745197,3.442873502024088,3.997092929566389,2.8316125530073792,2.388874500770143,3.0009721114610195,3.319365510803613,4.831756271008607,224.78165137614678,157.04465762487595,60.73340485449913,-56.44674796747967,201.87071751777634,4.61650214517423,14.96925294258948,-21.97255073733392,3.7637394957983195
inventoryTurnover,,,,,,,,,,,,,,,,,,,,,,,,,
roe,0.08659363526350612,0.1455495195780312,0.09174366152437241,0.09907021230557467,0.07953945995816619,0.08862061128926195,0.10213024581241402,0.07786340121229397,0.13060285973914995,0.05682682092537568,0.05603763092381049,0.036378913165332726,0.05195994063880313,0.035463758475357425,0.36106655400571025,0.2710436686723177,0.15023655061826743,0.09673363026055551,0.15220716259687364,0.20577192893095447,0.08004885307253734,0.060582662361677676,0.06511242570096862,0.04591966819794695,0.14420858664267786
capexPerShare,0.0,0.0,0.0,0.0,0.0,0.0,0.0,0.0,0.0,0.0,-3.061210902376916,-6.171249282845668,-3.3791987790919498,-4.800583430571762,-9.530490832134232,-5.596394731566147,-3.5476122005140462,-2.608390163256871,-4.35782249742002,-15.377121691985614,-14.69484011466412,-8.458837365591398,-10.022510757152563,-27.9295939186521,-14.35177580165732
