,2021,2020,2019,2018,2017,2016,2015,2014,2013,2012,2011,2010,2009,2008,2007,2006,2005,2004,2003,2002,2001,2000,1999,1998,1997,1996,1995,1994,1993,1992,1991,1990,1989
reportedCurrency,USD,USD,USD,USD,USD,USD,USD,USD,USD,USD,USD,USD,USD,USD,USD,USD,USD,USD,USD,USD,USD,USD,USD,USD,USD,USD,USD,USD,USD,USD,USD,USD,USD
cik,0001748790,0001748790,0001748790,0001748790,0001748790,0001748790,0001748790,0001748790,0001748790,0001748790,0001748790,0001748790,0001748790,0001748790,0001748790,0001748790,0001748790,0001748790,0001748790,0001748790,0001748790,0001748790,0001748790,0001748790,0001748790,0001748790,0001748790,0001748790,0001748790,0001748790,0001748790,0001748790,0001748790
fillingDate,2021-08-24,2020-08-27,2021-08-17,2018-06-30,2017-06-30,2016-06-30,2015-06-30,2014-06-30,2013-06-30,2012-06-30,2011-06-30,2010-06-30,2009-06-30,2008-06-30,2007-06-30,2006-06-30,2005-06-30,2004-06-30,2003-06-30,2002-06-30,2001-06-30,2000-06-30,1999-06-30,1998-06-30,1997-06-30,1996-06-30,1995-06-30,1994-06-30,1993-06-30,1992-06-30,1991-06-30,1990-06-30,1989-06-30
acceptedDate,2021-08-24 06:11:18,2020-08-27 13:43:47,2019-09-03 07:55:13,2018-06-30,2017-06-30,2016-06-30,2015-06-30,2014-06-30,2013-06-30,2012-06-30,2011-06-30,2010-06-30,2009-06-30,2008-06-30,2007-06-30,2006-06-30,2005-06-30,2004-06-30,2003-06-30,2002-06-30,2001-06-30,2000-06-30,1999-06-30,1998-06-30,1997-06-30,1996-06-30,1995-06-30,1994-06-30,1993-06-30,1992-06-30,1991-06-30,1990-06-30,1989-06-30
calendarYear,2021,2020,2019,2018,2017,2016,2015,2014,2013,2012,2011,2010,2009,2008,2007,2006,2005,2004,2003,2002,2001,2000,1999,1998,1997,1996,1995,1994,1993,1992,1991,1990,1989
period,FY,FY,FY,FY,FY,FY,FY,FY,FY,FY,FY,FY,FY,FY,FY,FY,FY,FY,FY,FY,FY,FY,FY,FY,FY,FY,FY,FY,FY,FY,FY,FY,FY
cashAndCashEquivalents,850000000,742600000,601600000,617013493.085213,560952877.976209,518603762.035577,703982682.405544,509443199.57821,360385847.394983,365965982.356674,239830707.735716,227000382.441678,152209703.973916,230767022.894921,97285835.453774,84519374.897968,160734437.429469,91588536.750774,95342694.660809,1298896520.662088,164622913.509183,117917487.611201,125899520.700658,164014824.655612,132558630.252607,74655074.655075,61716558.360854,63396295.349092,26671832.519489,33124173.632432,9117680.892672,11449013.262263,1733484.333711
shortTermInvestments,0.0,0.0,0.0,0.0,0.0,0.0,0.0,0.0,0.0,0.0,0.0,0.0,0.0,0.0,0.0,0.0,0.0,0.0,0.0,0.0,0.0,0.0,0.0,0.0,0.0,0.0,0.0,0.0,0.0,0.0,0.0,0.0,0.0
cashAndShortTermInvestments,850000000,742600000,601600000,617013493.085213,560952877.976209,518603762.035577,703982682.405544,509443199.57821,360385847.394983,365965982.356674,239830707.735716,227000382.441678,152209703.973916,230767022.894921,97285835.453774,84519374.897968,160734437.429469,91588536.750774,95342694.660809,1298896520.662088,164622913.509183,117917487.611201,125899520.700658,164014824.655612,132558630.252607,74655074.655075,61716558.360854,63396295.349092,26671832.519489,33124173.632432,9117680.892672,11449013.262263,1733484.333711
netReceivables,1864000000,1615900000,1864300000,1198345954.59546,1326706005.257969,1346841222.598799,1383896727.208578,1395861185.907696,1669602197.541455,1621876087.356981,1859542996.387577,1457272765.9032,880814798.075992,1132404014.504262,1711874469.889737,1207833068.669209,1181032116.387593,995798113.695632,942848287.200496,711518973.088616,663543628.133882,485939459.072183,604731579.017637,644574536.108714,765509133.658889,825300825.300825,825680906.217819,654597201.417559,465996219.130133,480544412.82149,358848882.242417,379614823.275589,268401661.004153
inventory,1991000000,1831900000,1953800000,1350512136.604716,1304227929.114668,1251406867.32025,1212320298.158738,1328450110.15497,1656004453.489327,1702519598.01052,1692602013.551931,1248459609.909489,790586564.22507,1069545832.894825,1008566581.849025,1024250159.540523,1098072406.746576,957554655.983668,865159151.551088,532034680.779192,514484877.247235,408919935.518538,588777185.885369,600311640.582805,728884065.83469,724500724.500725,842796775.682682,620378502.794929,457864676.922666,487197185.308025,356785152.804939,395905514.309284,325289543.223858
otherCurrentAssets,561000000,344300000,790400000,99887010.39792824,91410842.98273993,94227598.41525507,108358804.14387417,91325060.72645807,144647143.1048479,124956505.72077703,120022230.29733038,80652700.46317911,47051037.86680508,72329962.39989996,61407972.858355045,55653670.916134834,104462134.38253021,88861855.12231731,84696655.25698686,42337574.597455025,26688711.644546032,31464565.04865992,0.0,9.5367431640625e-07,9.5367431640625e-07,75363825.36382508,30183587.230566025,-2.384185791015625e-07,143895498.36006403,57120767.31730211,27267916.71459806,8260359.159843922,12616836.542091012
totalCurrentAssets,5266000000,4534700000,5210100000,3265758594.683317,3283297655.331586,3211079450.369881,3408558511.916734,3325079556.367334,3830639641.530613,3815318173.444952,3911997947.972554,3013385458.717546,1870662104.141783,2505046832.693908,2879134860.050891,2372256274.023835,2544301094.946168,2133803161.552391,1988046788.66938,2584787749.127351,1369340130.534846,1044241447.250582,1319408285.603664,1408901001.347132,1626951829.746187,1699820449.82045,1760377827.491921,1338371999.56158,1094428226.932352,1057986539.079249,752019632.654626,795229710.00698,608041525.103813
propertyPlantEquipmentNet,4293000000,4140100000,3975000000,2681841991.610666,2762605509.29218,2706051703.047241,2563359839.594563,2918824260.455307,4456227127.955684,4776797592.975418,4806553662.655238,4079887817.107891,3063482583.852536,3467628514.843907,3253095843.935539,3188435909.232573,3355064507.274225,3317462647.957436,2894375117.914993,1791915324.850805,1706138403.678245,1457221326.646367,2338420047.796425,2371882818.174481,2860975462.711762,2790587790.587791,2367813642.981428,2031111760.622557,1578276698.218449,1529701424.526963,1338417117.220752,1373818135.668507,1041901849.754624
goodwill,5419000000,5339300000,5156000000,2024376744.065746,2031318765.430025,1800380677.084117,1553975108.274939,1690172670.269456,1755477883.132409,1683279775.671859,1637453775.944253,1303786172.608677,1111954030.409659,1144841706.451335,1127056827.820187,1293836541.458275,1347256534.602129,1442134921.800169,1318559146.160688,404121157.527305,322407801.472727,255776464.266523,271758721.512396,317165684.771205,370470850.666184,519908019.90802,581016299.137105,506472543.93336,411531653.09517,336057638.437577,227233406.188888,217827114.664636,6722536.806342
intangibleAssets,1835000000,1994300000,2306800000,348859110.942188,375633627.994728,313555658.333707,288923521.095047,305232831.830079,344141562.554186,362998137.421454,373426244.576021,256150936.98211,97895212.577073,107729547.172339,110178117.048346,107448687.315415,0.0,0.0,1318559146.160688,404121157.527305,322407801.472727,255776464.266523,0.0,0.0,0.0,0.0,0.0,0.0,0.0,0.0,0.0,0.0,0.0
goodwillAndIntangibleAssets,7254000000,7333600000,7462800000,2373235855.007934,2406952393.424753,2113936335.417824,1842898629.369986,1995405502.099535,2099619445.686595,2046277913.093313,2010880020.520274,1559937109.590787,1209849242.986732,1252571253.623674,1237234944.868533,1401285228.77369,1347256534.602129,1442134921.800169,1318559146.160688,404121157.527305,322407801.472727,255776464.266523,271758721.512396,317165684.771205,370470850.666184,519908019.90802,581016299.137105,506472543.93336,411531653.09517,336057638.437577,227233406.188888,217827114.664636,6722536.806342
longTermInvestments,0.0,77700000,98900000,435825413.52751,411498647.263394,449014116.247573,457603724.043397,487882953.282995,461228177.445997,507910841.844567,478699527.606182,399354098.499979,417164347.741873,305010476.363602,250296861.747243,213264866.950624,36904870.832952,9019023.847977,14486699.188745,0.0,81086735.761343,102632993.014508,131039638.990134,171526480.137569,242885995.056369,274365274.365274,146088562.195945,157678564.904461,132659100.473611,132330860.766869,0.0,0.0,0.0
taxAssets,139000000,135400000,1011700000,65100489.363843,66635007.944779,47767459.175255,77798625.279342,95091042.612085,162169068.326382,146959494.033608,141931898.33914,351421408.235244,131468508.893695,84384956.133217,48091603.053435,289918523.025779,134352029.767896,166956813.5579,134355712.47608,128589122.846526,62256650.490144,57376559.794615,96727680.538311,100134713.160296,55465123.289323,42210042.210042,39132133.091865,20941142.084688,31314420.077354,19277801.432744,16551248.13068,13546227.55251,9073612.684032
otherNonCurrentAssets,236000000,220600000,-593500000,169758222.6465149,143460077.0745859,203137405.3347826,185757949.96088314,307680720.0557356,325707037.06069756,306506744.1717644,325438727.7429838,208218246.71737576,123720825.1283207,106198754.3173151,86429177.2688713,70717264.51076698,130005794.97971725,122351098.71286583,93253914.77778053,68629658.82220602,43987895.67418289,41554719.68475795,83710497.8571701,87842913.28073168,134291915.35540056,158681408.68140888,123291076.31120968,111330240.03507328,95883127.03321886,175265371.37051868,494364814.60178685,594567390.0628209,601679879.199698
totalNonCurrentAssets,11922000000,11907400000,11954900000,5725761972.156467,5791151634.999693,5519907019.222675,5127418768.248171,5804884478.505658,7504950856.475355,7784452586.118671,7763503836.863818,6598818680.151277,4945685508.603157,5215793955.281714,4875148430.873621,5163621792.493432,5003583737.456919,5057924505.876348,4455030590.518287,2393255264.046842,2215877487.076642,1914562063.406771,2921656586.694436,3048552609.5242825,3664089347.079038,3785752535.752536,3257341713.7175527,2827534251.580139,2249664998.897803,2192633096.534672,2076566586.142107,2199758867.948474,1659377878.444696
otherAssets,0.0,0.0,0.0,0.0,0.0,0.0,0.0,0.0,0.0,0.0,0.0,0.0,0.0,0.0,0.0,0.0,0.0,0.0,0.0,0.0,0.0,0.0,0.0,0.0,0.0,0.0,0.0,0.0,0.0,0.0,0.0,0.0,0.0
totalAssets,17188000000,16442100000,17165000000,8991520566.839785,9074449290.33128,8730986469.592556,8535977280.164906,9129964034.872992,11335590498.005968,11599770759.563623,11675501784.836372,9612204138.868822,6816347612.74494,7720840787.975622,7754283290.924512,7535878066.517267,7547884832.403087,7191727667.428739,6443077379.187667,4978043013.174192,3585217617.6114883,2958803510.657353,4241064872.2981,4457453610.871414,5291041176.825225,5485572985.572986,5017719541.209474,4165906251.141719,3344093225.830155,3250619635.6139207,2828586218.796733,2994988577.955454,2267419403.548509
accountPayables,2574000000,2170800000,0.0,2590800696.561302,2575787720.901162,2432017331.989127,2342647436.684103,1786393507.447229,1996495614.955693,1995210512.31144,1973366393.775517,1450303828.666128,965555089.259773,1277542312.071258,1145801526.717557,1145723571.926804,1138866013.968951,859953436.667576,726356359.324044,401587659.047405,333889560.784434,286106633.231835,279836050.253001,341687204.732964,408075601.37457,423832923.832924,523774013.7069,319757407.475065,211409409.422783,261944886.418812,154285823.842939,0.0,0.0
shortTermDebt,103000000,206300000,794200000,1810886894.976199,1123604099.483217,921861680.546793,1011382128.631134,521588491.159358,1081248802.212143,939476431.217635,380693841.780134,1171716313.262228,771620880.007748,648195099.549373,1169296013.570823,856769712.530238,556013053.954311,509330145.213275,680133681.912514,196937281.837631,255609477.299286,135530479.431608,257539952.737614,294754877.920078,387502260.806656,532744282.744283,246227051.596179,108295641.372255,88156391.74087,130331891.625395,84443421.910349,82768576.686338,109788599.471499
taxPayables,0.0,0.0,0.0,0.0,0.0,0.0,0.0,0.0,0.0,0.0,0.0,0.0,0.0,0.0,0.0,0.0,0.0,0.0,0.0,0.0,0.0,0.0,0.0,0.0,0.0,0.0,0.0,0.0,0.0,0.0,0.0,0.0,0.0
deferredRevenue,0.0,0.0,0.0,0.0,0.0,0.0,0.0,0.0,0.0,0.0,0.0,0.0,1533395.74523,0.0,0.0,0.0,0.0,0.0,0.0,0.0,0.0,0.0,0.0,0.0,0.0,0.0,0.0,0.0,0.0,0.0,0.0,0.0,0.0
otherCurrentLiabilities,1668000000,1596500000,3747600000,266464751.12135506,309098522.6105795,311846086.11053896,315588775.2023349,986593104.4871669,1212206941.237669,1361729127.862947,1226834533.911891,960098584.9657927,643945507.9575169,697658843.6773467,671840542.8329091,653374096.5554099,664211425.2600117,711873649.7682319,632226504.595315,599988740.0067551,475446895.587432,406054092.78165805,471088503.491274,463798166.1627861,581027310.5444031,528964278.96427894,524839316.7856251,393611486.6099161,318465474.51252794,301911570.26645505,221520763.832969,146795481.94682398,123449603.62400901
totalCurrentLiabilities,4345000000,3973600000,4541800000,4668152342.658856,4008490342.994959,3665725098.646459,3669618340.517572,3294575103.093754,4289951358.405505,4296416071.392022,3580894769.467542,3582118726.894149,2382654872.970268,2623396255.297978,2986938083.121289,2655867381.012452,2359090493.183274,2081157231.649083,2038716545.831873,1198513680.891791,1064945933.671152,827691205.445101,1008464506.481889,1100240248.815828,1376605172.725629,1485541485.541486,1294840382.088704,821664535.457236,618031275.676181,694188348.310662,460250009.586257,229564058.633162,233238203.095508
longTermDebt,6648000000,6494100000,5309000000,2650534122.679938,3476709012.724772,3437748614.540505,2563759319.056896,2992919954.055021,2892395301.9338,3055856888.470434,3260479233.909754,1628436663.40883,1513784420.699228,1751035677.040977,1370059372.349449,1504207417.52126,1505169731.905938,1405849081.667611,969530765.706277,925233644.859813,981664906.130239,837781360.081199,1070479699.870496,1232718536.406697,1285268583.830711,1089349839.349839,1166648911.615355,1003432830.367908,695074181.201194,617626933.793485,465461865.86909,837208896.503585,657121177.802945
deferredRevenueNonCurrent,0.0,0.0,0.0,0.0,0.0,0.0,0.0,0.0,0.0,0.0,0.0,0.0,17432288.472092,0.0,0.0,0.0,0.0,0.0,0.0,0.0,0.0,0.0,0.0,0.0,0.0,0.0,0.0,0.0,0.0,0.0,0.0,0.0,0.0
deferredTaxLiabilitiesNonCurrent,696000000,672400000,1011700000,161508847.658415,215190115.61184,212791460.241882,229700690.81187,252038337.695596,256623196.473713,217266717.154144,261099117.200693,381166872.052012,169641992.446008,174797409.133093,166666666.666667,401596889.33082,223259218.592735,271619439.142564,232797886.963318,199864880.081072,169521797.482178,147650606.006329,282773260.704129,254527169.22332,240549828.178694,214357714.357714,164056674.123788,128862664.864272,134948998.336684,142418334.341782,106923578.358066,89229170.632654,59889769.724424
otherNonCurrentLiabilities,678000000,614900000,693500000,427476648.4793215,483428490.9219103,564460522.8438191,487964163.1767626,452200274.916677,519178294.7151308,571565998.7309899,566658829.0618382,515701355.5432799,250669851.82554913,298217583.0694313,193044953.35029602,323607545.1536777,133894531.36914015,141787444.6798241,78430315.607903,83267650.03940988,57766006.84823108,36957430.294345975,61147381.2098639,76482310.36173892,96762524.86887312,170100170.1001711,97652782.2165401,77508311.7167809,71081021.50286293,72240025.69676304,56621802.98324299,36373659.49616206,43833899.58474898
totalNonCurrentLiabilities,8022000000,7781400000,7014200000,3239519618.817674,4175327619.258522,4215000597.626206,3281424173.045529,3697158566.667294,3668196793.122644,3844689604.355568,4088237180.172285,2525304891.004122,1951528553.442877,2224050669.243501,1729770992.366412,2229411852.005758,1862323481.867813,1819255965.489999,1280758968.277498,1208366174.980295,1208952710.460648,1022389396.381874,1414400341.784489,1563728015.991756,1622580936.878278,1473807723.807724,1428358367.955683,1209803806.948961,901104201.040741,832285293.83203,629007247.210399,962811726.632401,760844847.112118
otherLiabilities,0.0,0.0,0.0,0.0,0.0,0.0,0.0,7394317133.334589,0.0,0.0,0.0,0.0,0.0,4448101338.487003,3459541984.7328243,4458823704.011517,0.0,0.0,0.0,0.0,0.0,2044778792.7637482,0.0,0.0,0.0,0.0,2856716735.9113665,0.0,1802208402.081482,0.0,0.0,0.0,0.0
capitalLeaseObligations,462000000,465700000,0.0,6460353.90634,9790450.942428,13676577.784897,5492842.606345,8661758.336942,9856082.937113,12383077.1435,15390205.844003,16742446.776867,1856215.902121,3348609.370366,43002544.529262,48010566.776985,58559795.040717,69844998.636659,101339514.324987,0,0,0,0,0,0,0,0,0,0,0,0,0,0
totalLiabilities,12367000000,11755000000,11556000000,7907671961.47653,8183817962.253481,7880725696.272665,6951042513.563101,6991733669.761048,7958148151.528149,8141105675.74759,7669131949.639826,6107423617.898271,4334183426.413145,4847446924.54148,4716709075.487701,4885279233.01821,4221413975.051087,3900413197.139082,3319475514.109371,2406879855.872086,2273898644.1318,1850080601.826975,2422864848.266378,2663968264.807584,2999186109.603907,2959349209.349209,2723198750.044388,2031468342.406196,1519135476.716922,1526473642.142692,1089257256.796656,1192375785.265563,994083050.207626
preferredStock,0,0.0,0.0,0.0,0.0,0.0,0.0,0.0,0.0,0.0,0.0,0.0,0.0,0.0,0.0,0.0,0.0,0.0,0.0,0,0,0,0,0,0,0,0,0,0,0,0,0,0
commonStock,15000000,15700000,16300000,1392156571.785573,1415519381.664233,1453236952.719778,1678412960.775591,2716591033.19713,3487319419.221187,3872935300.980412,4350298185.238228,3424807716.823184,1969445072.150305,2302025430.296304,2326378286.68363,2085380151.674804,2552917314.789398,1926365613.048919,2112565021.696359,1673685395.788763,715237060.057256,580273449.161144,1239169036.461462,398490239.193459,482606860.794598,498251748.251748,435850999.609389,434973512.111359,382915945.785265,384051572.806251,378052839.449365,372737800.621867,294089845.224613
retainedEarnings,452000000,246500000,323700000,524878907.374862,286420641.346018,139782670.007617,451511662.24363,588811267.817802,513155132.92023,512413778.987658,676741551.41825,590829898.440488,713271136.649772,943733795.122511,932824427.480916,589632092.132797,1103257388.59914,1128636449.44103,1021009082.823491,759261344.443193,370682220.623281,306346647.561048,275630498.925248,239876337.043636,438897932.115512,695993195.993196,546358438.975889,479564502.575719,401966586.729548,340871299.554042,299696307.373749,224894504.727457,177112117.780294
accumulatedOtherComprehensiveIncomeLoss,-766000000,-1049300000,-722400000,-901567235.144274,-880840877.135524,-804705701.727455,-665632654.026523,-1276291261.039034,-708360331.091379,-1017254436.416481,-1085009512.002223,-558449836.399949,-251396197.178552,-424507993.60894,-265903307.888041,-62703135.898844,-389559886.540397,-244142878.117331,-142037032.045926,-1412228352.662988,-991819884.365926,-933488566.481581,-1301384494.199009,-1263261776.84796,-1484897811.539157,-1378520128.520129,-1169915841.056781,-967108983.961127,-809800201.735459,0.0,0.0,0.0,0.0
othertotalStockholdersEquity,0.0,5413000000,5991400000,0.0,0.0,0.0,2.384185791015625e-07,-2.384185791015625e-07,0.0,0.0,0.0,0.0,9.5367431640625e-07,9.5367431640625e-07,9.5367431640625e-07,9.5367431640625e-07,0.0,417112374.24054956,4.76837158203125e-07,1550444769.7331378,1217219577.165076,1155591378.589767,1604784982.8440208,2418380546.674695,2855248085.8503647,2710498960.4989605,2482227193.636589,2187008878.009572,1849875418.333878,999223121.1109362,877735342.612831,873119328.637604,676835787.0894679
totalStockholdersEquity,4764000000,4625900000,5609000000,1015468244.016161,821099145.874727,788313920.99994,1464291968.992698,2029111039.975898,3292114221.050038,3368094643.551589,3942030224.654255,3457187778.863723,2431320011.621526,2821251231.809876,2993299406.276506,2612309107.908758,3266614816.848141,3227971558.613168,2991537072.473924,2571163157.302106,1311318973.479687,1108722908.830378,1818200024.031722,1793485346.06383,2291855067.221318,2526223776.223776,2294520791.165086,2134437908.735523,1824957749.113232,1724145993.471229,1555484489.435945,1470751633.986928,1148037750.094375
totalLiabilitiesAndStockholdersEquity,17131000000,16380900000,17165000000,8923140205.492691,9004917108.128208,8669039617.272606,8415334482.555799,9020844709.736946,11250262372.578186,11509200319.29918,11611162174.29408,9564611396.761993,6765503438.034671,7668698156.3513565,7710008481.764208,7497588340.926969,7488028791.899228,7128384755.75225,6311012586.583296,4978043013.174192,3585217617.6114874,2958803510.6573534,4241064872.2981,4457453610.871414,5291041176.825225,5485572985.572985,5017719541.209474,4165906251.141719,3344093225.830154,3250619635.613921,2644741746.232601,2663127419.252491,2142120800.302001
minorityInterest,57000000,61200000,0,68380361.347094,69532182.203072,61946852.31995,120642797.609107,109119325.136046,85328125.427782,90570440.264443,64339610.542292,47592742.106829,50844174.710269,52142631.6242655,44274809.160304,38289725.590298,59856040.503859,63342911.676489,132064792.604371,0.0,9e-07,-4e-07,0.0,0.0,0.0,1e-06,0.0,0.0,1e-06,-3e-07,183844472.564132,331861158.702963,125298603.246508
totalEquity,4821000000,4687100000,5609000000,1083848605.363255,890631328.077799,850260773.319891,1584934766.601805,2138230365.111944,3377442346.477819,3458665083.816033,4006369835.196546,3504780520.970551,2482164186.331795,2873393863.434142,3037574215.436811,2650598833.499057,3326470857.352,3291314470.289657,3123601865.078296,2571163157.302106,1311318973.4796884,1108722908.830378,1818200024.031722,1793485346.06383,2291855067.221318,2526223776.223777,2294520791.165086,2134437908.735523,1824957749.113233,1724145993.4712286,1739328962.000077,1802612792.689891,1273336353.340883
totalLiabilitiesAndTotalEquity,17188000000,16442100000,17165000000,8991520566.839785,9074449290.33128,8730986469.592556,8535977280.164906,9129964034.872992,11335590498.005968,11599770759.563623,11675501784.836372,9612204138.868822,6816347612.74494,7720840787.975622,7754283290.924512,7535878066.517267,7547884832.403087,7191727667.428739,6443077379.187667,4978043013.174192,3585217617.6114883,2958803510.657353,4241064872.2981,4457453610.871414,5291041176.825225,5485572985.572986,5017719541.209474,4165906251.141719,3344093225.830155,3250619635.6139207,2828586218.796733,2994988577.955454,2267419403.548509
totalInvestments,0.0,0.0,0.0,0.0,0.0,0.0,0.0,0.0,0.0,0.0,0.0,0.0,0.0,0.0,0.0,0.0,0.0,0.0,0.0,0.0,81086735.761343,102632993.014508,131039638.990134,171526480.137569,242885995.056369,274365274.365274,146088562.195945,157678564.904461,132659100.473611,132330860.766869,0.0,0.0,0.0
totalDebt,6751000000,6700400000,6103200000,4461421017.6561365,4600313112.207989,4359610295.087297,3575141447.6880302,3514508445.214379,3973644104.145943,3995333319.6880693,3641173075.689888,2800152976.6710577,2285405300.706976,2399230776.59035,2539355385.920272,2360977130.051498,2061182785.860249,1915179226.8808858,1649664447.618791,1122170926.697444,1237274383.429525,973311839.512807,1328019652.60811,1527473414.326775,1672770844.6373668,1622094122.094122,1412875963.211534,1111728471.740163,783230572.942064,747958825.41888,549905287.779439,919977473.189923,766909777.274444
netDebt,5901000000,5957800000,5501600000,3844407524.570924,4039360234.2317796,3841006533.0517206,2871158765.282486,3005065245.636169,3613258256.7509604,3629367337.331395,3401342367.954172,2573152594.2293797,2133195596.73306,2168463753.6954293,2442069550.466498,2276457755.15353,1900448348.43078,1823590690.130112,1554321752.957982,-176725593.96464396,1072651469.920342,855394351.901606,1202120131.9074519,1363458589.671163,1540212214.3847597,1547439047.4390469,1351159404.85068,1048332176.3910711,756558740.422575,714834651.786448,540787606.886767,908528459.92766,765176292.940733
link,https://www.sec.gov/Archives/edgar/data/1748790/000174879021000031/0001748790-21-000031-index.htm,https://www.sec.gov/Archives/edgar/data/1748790/000174879020000025/0001748790-20-000025-index.htm,,,,,,,,,,,,,,,,,,,,,,,,,,,,,,,
finalLink,https://www.sec.gov/Archives/edgar/data/1748790/000174879021000031/amcr-20210630.htm,https://www.sec.gov/Archives/edgar/data/1748790/000174879020000025/amcr-20200630.htm,,,,,,,,,,,,,,,,,,,,,,,,,,,,,,,
