,2021,2020,2019,2018,2017,2016,2015,2014,2013,2012
period,FY,FY,FY,FY,FY,FY,FY,FY,FY,FY
revenuePerShare,8.292069632495165,7.7921875,8.013386427179531,8.004717907307372,7.857010061842442,8.152081137009029,7.982115199478238,8.473693464936042,9.401651736274756,10.281083069051624
netIncomePerShare,0.6054158607350096,0.382625,0.3644836058629162,0.6218857791944128,0.5153977592484229,0.21121533180601532,0.5649548440672161,0.44096246973260717,0.45444633391601197,0.34790532804260693
operatingCashFlowPerShare,0.941972920696325,0.865125,0.6575446920274507,0,0,0,0,0,0,0
freeCashFlowPerShare,0.6402321083172147,0.6154375,0.37609082436668645,0.4853114160840005,0.5595993761219893,0.6493941274903691,0.564124394494827,0.6473122940072669,0.4318980476178144,0.2826414589429999
cashPerShare,0.5480335267569311,0.464125,0.509700923494027,0.5332412869114277,0.4847501537990054,0.44622591811699963,0.585383903546935,0.42245891000763747,0.2988026261462424,0.30152919366950154
bookValuePerShare,3.0715667311411994,2.8911875,4.752181648733373,0.8775976527665379,0.7095568146169435,0.6782945456891585,1.2176051629741376,1.6826528235972287,2.729553288326041,2.7750635606423244
tangibleBookValuePerShare,-1.5686653771760155,-1.6540625,-1.5706176395831568,-1.114326548824371,-1.310336212709086,-1.0873133385802212,-0.21450512453698764,0.1184383970581377,1.0594667944542115,1.1637036917876908
shareholdersEquityPerShare,3.0715667311411994,2.8911875,4.752181648733373,0.8775976527665379,0.7095568146169435,0.6782945456891585,1.2176051629741376,1.6826528235972287,2.729553288326041,2.7750635606423244
interestDebtPerShare,4.451321727917472,4.3170625,5.347030415995933,4.042858835544495,4.147354833215284,3.9252651831410685,3.1360267200513903,3.10274247691989,3.481742932924621,3.4840281748406374
marketCap,17929560000,16576000000,12522983000,12195833999.999998,14233560000,13074750000,12507040000,11468109000,11494133000,8981380000
enterpriseValue,23830560000,22533800000,18024583000,16040241524.570923,18272920234.23178,16915756533.05172,15378198765.282486,14473174245.636168,15107391256.75096,12610747337.331394
peRatio,19.094313099041536,27.076118915387127,29.109676894467686,16.9484499447044,23.86506301062782,53.263178879136674,18.40855089431298,21.566461213279027,20.970572956060586,21.27015427338826
priceToSalesRatio,1.3941031024026125,1.3295367956687387,1.3240344885919095,1.316723477585414,1.5654810039934826,1.3800157053058462,1.3029127919225985,1.1222969109458787,1.0136516717833775,0.7197685253877257
pocfratio,12.27211498973306,11.97514809998555,16.135785336941115,,,,,,,
pfcfRatio,18.05595166163142,16.833553366507566,28.21127055643163,21.718013734454733,21.980010208801012,17.323840059158595,18.43565018902115,14.691517661633103,22.06539263736861,26.181580110978523
pbRatio,3.7635516372795967,3.583302708662098,2.232658762702799,12.010059469477516,17.334764104323618,16.585714969253974,8.541356686265054,5.651789761163696,3.491413793150191,2.6666055887697127
ptbRatio,3.7635516372795967,3.583302708662098,2.232658762702799,12.010059469477516,17.334764104323618,16.585714969253974,8.541356686265054,5.651789761163696,3.491413793150191,2.6666055887697127
evToSales,1.8529321203638909,1.8074032484459595,1.905709648770379,1.731785017862902,2.0097508644483875,1.7854268481417497,1.602013896814503,1.416379871124256,1.3322999136769333,1.0106263196778453
enterpriseValueOverEBITDA,12.366663207057602,13.594232625482626,14.275766671946776,14.844258425281614,18.100685420429144,24.527620245551088,14.46115437021116,17.346577852922586,15.440934723822403,13.632554102444958
evToOperatingCashFlow,16.31112936344969,16.279294899580986,23.224562556371602,,,,,,,
evToFreeCashFlow,23.9985498489426,22.883924037778005,40.60505293985132,28.564031433570058,28.21774547569414,22.41311387661371,22.667800932433643,18.54123422175854,29.001797682918717,36.76153237828162
earningsYield,0.05237161425043336,0.03693291505791506,0.034352837498861095,0.05900244584387219,0.041902256849465275,0.018774696160534694,0.05432258116030924,0.0463682933472773,0.04768586924617125,0.047014233519271205
freeCashFlowYield,0.055383400373461476,0.059405164092664095,0.03544682604775556,0.04604472638368127,0.045495884237560104,0.057723922443588364,0.05424273023988722,0.06806648727731512,0.04531983710575178,0.03819479174905405
debtToEquity,1.3954659949622166,1.4038565468341295,0.9465145302192904,2.6101595380246625,4.234213407956954,4.360887868350566,1.7508525439913007,1.4749907201187822,0.8785829129012586,0.9072954331378568
debtToAssets,0.7195136141494065,0.7149330073409115,0.6732304107194873,0.8794588081841879,0.9018528508361652,0.90261572660992,0.8143229867440339,0.7658007899105937,0.7020497214439828,0.7018333245107901
netDebtToEBITDA,3.0622729631551633,3.5942326254826256,4.3573578330429275,3.5577630610742643,4.001286491835566,5.569407990668042,2.6999436513897996,3.601670051907018,3.693032366383733,3.923442858723309
currentRatio,1.2119677790563868,1.1412069659754378,1.1471443040204323,0.6995826946005852,0.8190858339148342,0.8759738834632056,0.9288591334639947,1.0092589946560742,0.8929331177671884,0.88802343861655
interestCoverage,8.633986928104575,4.804253262445626,3.808080808080808,0,0,0,0,0,0,0
incomeQuality,1.5559105431309903,2.2610258085592942,1.804044630404463,0,0,0,0,0,0,0
dividendYield,0.04138417228309005,0.04591578185328186,0.05427620559734051,0.04293161390960422,0.03432896788119718,0.03694177208481776,0.03833642689263862,0.04074466003585997,0.037967670119079366,0.05054656807840209
payoutRatio,0.7902023429179978,1.2432211695524338,1.5799628079962809,0.7276243093923024,0.8192629815745893,1.967636214665946,0.705718065559247,0.878718130311614,0.7962037962037953,1.075133301017935
salesGeneralAndAdministrativeToRevenue,0,0,0.10057939142754435,0.06570376967732844,0.08591363586418961,0.13279483723052848,0.07772737676605596,0.0646617649768736,0.07882304652603966,0.08674720534081308
researchAndDdevelopementToRevenue,0.007775445144234508,0.007804291157008221,0.006766615212196824,0.007028575720829884,0.007592572244805467,0.007154002101624383,0.0065440396179723085,0.00700241399008601,0.00527955059435183,0.005585217626651604
intangiblesToTotalAssets,0.42203863160344424,0.44602575096855024,0.4347684241188465,0.2639415477466951,0.2652450100734304,0.24211884221560062,0.21589778989364689,0.2185556804471348,0.18522364988889964,0.17640675453919857
capexToOperatingCashFlow,-0.3203285420944558,-0.2886143620864037,-0.4280376240175235,,,,,,,
capexToRevenue,-0.0363890832750175,-0.032043312612793265,-0.03512296208580914,-0.039928748484297845,-0.04166575101637472,-0.037033105834653406,-0.03360452776795469,-0.033372030884331216,-0.03828478990446912,-0.05782053490145906
capexToDepreciation,-0.8153310104529616,-0.6131062001227747,-0.7333333333333333,,,,,,,
stockBasedCompensationToRevenue,0.004509758183656014,0.0027270904351313413,0.001966547546044702,0,0,0,0,0,0,0
grahamNumber,6.468418846026017,4.989029353162672,6.242761954338253,3.5042436776675348,2.868508293005788,1.7954079395568534,3.934154106936909,4.085915045361262,5.282972498029277,4.660776379971253
roic,0.10285758779101456,0.07972089665958215,0.06271785284238544,0,0,0,0,0,0,0
returnOnTangibleAssets,0.09452385745923092,0.06721194488664434,0.04434045886499969,0.10872666656655272,0.08945160323643962,0.03709726443769285,0.10151004207825075,0.07453252220272111,0.059344894026975,0.044198776660132215
grahamNetNet,-5.882333978078659,-5.552828125,-7.268724053206812,-4.940491689691785,-5.163948855665797,-4.927110293949289,-3.8275213177047687,-3.9565217063393163,-4.574710578917512,-4.702540025432907
workingCapital,921000000,561100000,668300000,-1402393747.9755392,-725192687.663373,-454645648.27657795,-261059828.6008377,30504453.273580074,-459311716.87489223,-481097897.9470701
tangibleAssetValue,-2433000000,-2646500000,-1853800000,-1289387249.64468,-1516321065.3469543,-1263675562.0979328,-257963862.76818085,142824863.01240826,1277822900.7912254,1412387170.7227201
netCurrentAssetValue,-7101000000,-7220300000,-6345900000,-4641913366.793213,-4900520306.921895,-4669646245.902784,-3542484001.6463666,-3666654113.3937144,-4127508509.9975357,-4325787502.302638
investedCapital,1.417086481947943,1.4484532739575002,1.0881083972187555,4.393461877262933,5.602628056940942,5.530297231789757,2.441549583958593,1.7320434298440979,1.2070189055829683,1.186229528121297
averageReceivables,1739950000,1615900000,1740100000,1407122977.29773,1471303002.6289845,1481370611.2993994,1499898363.604289,1505880592.953848,1642751098.7707276,1618888043.6784906
averagePayables,2372400000,2170800000,,2380800348.280651,2373293860.450581,2301408665.9945636,2256723718.3420515,1978596753.7236145,2083647807.4778466,2083005256.15572
averageInventory,1911450000,1831900000,1892850000,1591206068.3023582,1568063964.557334,1541653433.660125,1522110149.079369,1580175055.077485,1743952226.7446635,1767209799.00526
daysSalesOutstanding,52.9010185833139,47.30727892520554,71.94492609587448,47.22349797727252,53.2600813097448,51.8871599460777,52.62078903015058,49.8598595831721,53.742565571857426,47.4417078791756
daysPayablesOutstanding,92.7544673709152,79.77668143374949,0,127.50030151561805,130.90183886941657,118.86029758297971,111.48764258555096,78.66679540188103,78.05653036686574,70.258283638087
daysOfInventoryOnHand,71.7459768980156,67.3221405557793,93.10976485487852,66.4623507497689,66.28101875034608,61.16016966269479,57.69486692015431,58.500499795538175,64.7444256542097,59.95162118399746
receivablesTurnover,6.899678111587983,7.715514573921654,5.073325108619858,7.729202952641613,6.853162650602588,7.034495632046853,6.936422024969311,7.320518008903276,6.79163705930582,7.693652195860674
payablesTurnover,3.935120435120435,4.575271789202137,,2.8627383281543817,2.7883489120738187,3.0708319550115815,3.273905444003933,4.639822915568674,4.676098185308772,5.195116947066063
inventoryTurnover,5.087393269713711,5.4216933238713905,3.920104411915242,5.491831027377092,5.5068556108771975,5.967936354869779,6.326386028502928,6.239262934089299,5.637550975421581,6.088242365953356
roe,0.19710327455919396,0.13234181456581423,0.07669816366553753,0.7086228834295314,0.7263657379242592,0.3113917591529754,0.4639885418087833,0.2620638455827766,0.16649110162443878,0.12536841785421293
capexPerShare,-0.30174081237911027,-0.2496875,-0.2814538676607642,-0.3196183680086311,-0.32736822496987816,-0.3018968835195371,-0.26823521186787963,-0.28278436001620116,-0.3599402614782663,-0.5944577224188993
