,2022,2021,2020,2019,2018,2017,2016,2015,2014,2013,2012,2011,2010,2009,2008,2007,2006,2005,2004,2003,2002,2001,2000,1999,1998,1997,1996
period,FY,FY,FY,FY,FY,FY,FY,FY,FY,FY,FY,FY,FY,FY,FY,FY,FY,FY,FY,FY,FY,FY,FY,FY,FY,FY,FY
revenueGrowth,0.03182760797042647,0.0804081183187355,0.034504212800077115,0.025973792452406105,0.07366597165913742,0.3368605791565581,0.801678640347818,0.09717740392587018,0.060288051930488876,0.11522509614659528,0.12717598259213928,0.12448386603456187,0.1262244612370557,0.09482392872295291,0.06882652290018643,0.1695606619358595,0.08570512752842362,0.11648282492913961,16.390509316770185,-0.9308771984056247,0.17205353472173648,0.17722001889692882,0.4091026711185309,0.30387461906835,0.44579071597167585,0.28904665314401623,0.642238507661559
grossProfitGrowth,-0.006548283964408151,0.10618262388682943,0.013414897445124146,-0.010595422891240262,0.09808122351322189,0.37322567483411,0.534838497033619,0.08753315649867374,0.0516831907113507,0.11537652945381155,0.13925081433224756,0.12429987074536837,0.1661851526190177,0.08972691807542263,0.07655467138225759,0.1576619187060663,0.053772496964151366,0.09845678402875141,20.54936170212766,-0.9445725957478925,0.18436721758429625,0.14610150010645298,0.3835858250276855,0.2981598619896492,0.4588926174496644,0.30917078528281167,0.6172291296625222
ebitgrowth,-0.040521214047354204,0.4957217556647124,2.3434805747738157,-1.4699614826672003,0.17263022055373065,0.6240830713537201,0.009132859065564315,0.07203957538905494,0.05455928703401804,0.17644802454929037,0.24142857142857144,0.22854914196567863,0.40185893931109895,0.1074780502573418,0.06274131274131274,0.09730651499263873,-0.035128478526729595,-0.0001566773502454044,37.699625,-1.0315058620594595,0.24553503544011968,-0.017053837475048458,0.2685137614678899,0.3281884646628757,0.503052503052503,0.36046511627906974,0.644808743169399
operatingIncomeGrowth,-0.040521214047354204,0.4957217556647124,2.3434805747738157,-1.4699614826672003,0.17263022055373065,0.6240830713537201,0.009132859065564315,0.07203957538905494,0.05455928703401804,0.17644802454929037,0.24142857142857144,0.22854914196567863,0.40185893931109895,0.1074780502573418,0.06274131274131274,0.09730651499263873,-0.035128478526729595,-0.0001566773502454044,37.699625,-1.0315058620594595,0.24553503544011968,-0.017053837475048458,0.2685137614678899,0.3281884646628757,0.503052503052503,0.36046511627906974,0.644808743169399
netIncomeGrowth,-0.010432968179447054,0.6226118500604595,1.5198642192607492,-1.9279589336755527,0.9128542735996429,2.173512747875354,-0.5287049399198932,0.004189710072063013,-0.036492814467947686,0.2682776981363916,0.22904606091115026,0.23962558502340095,0.39651416122004357,0.14008941877794337,0.0484375,0.10396853689669844,-0.035128987517337035,0.015018329457211557,17.14390909090909,-1.0711297341687844,0.25646525458844177,0.011996184900758086,0.23474111675126905,0.4296081277213353,0.4176954732510288,0.4378698224852071,0.6095238095238096
epsgrowth,0.022682463987676142,0.6275071633237821,1.521674140508221,-1.9240331491712706,0.905263157894737,1.9921259842519683,-0.5942492012779552,0.14233576642335755,0.014814814814814828,0.33004926108374405,0.29712460063897755,0.30779907860749905,0.4133856640213921,0.20952428571428572,0.12903225806451607,0.15527878554112698,0.012579245283018826,0.025805789802716333,17.110601808543812,-1.070742699075514,0.23636160330763326,-0.051724093341298745,0.09434159843547014,0.39473736149652844,0.3790282193093235,0.5630259250750866,0.41037764151056594
epsdilutedGrowth,0.02408082210265487,0.6282420749279539,1.5186846038863975,-1.927877947295423,0.9074074074074076,1.9999999999999996,-0.5961538461538461,0.14705882352941171,0.01492537313432837,0.33002481389578164,0.30000000000000004,0.3061794083765708,0.40711557593501013,0.210525258121886,0.12972965960558952,0.15625134765709234,0.012656954014585971,0.025975341542429486,17.0066417212348,-1.0712666666666666,0.23853324636077644,0.009258333333333419,0.11724214982217222,0.4077653360362446,0.3672606282891397,0.42436463571313104,0.5330063782331381
weightedAverageSharesGrowth,-0.03299492385786802,-0.003372681281618887,-0.0029424127784783522,0.0046452702702702705,0.004666949512091642,0.059325842696629216,0.08009708737864078,-0.055479138010087116,-0.04884430876580898,-0.04696591853699086,-0.05350118017309206,-0.05219985085756898,-0.009966777408637873,-0.058394160583941604,-0.07073643410852713,-0.04739927078044953,-0.04377951365903173,-0.01112578269400846,0.0020671486880466474,0.00547267933153409,0.016258659722379762,0.07974036215827414,0.11718546907650872,0.01904981625826014,0.03643925225663754,-0.08137113001729798,0.13813839285714286
weightedAverageSharesDilutedGrowth,-0.03286978508217446,-0.00419639110365086,-0.0016757436112274822,0.004206983592763988,0.003800675675675676,0.059507829977628636,0.07971014492753623,-0.0552259242355089,-0.05028175119202427,-0.04826732673267327,-0.053125,-0.05185185185185185,-0.00881057268722467,-0.058091286307053944,-0.07129094412331406,-0.04559622651918462,-0.04585650869405015,-0.01151326396034879,0.008574078717201165,-0.0019205028225571785,0.01447935332009785,0.014498219928791281,0.08905975555066331,0.015061676896490078,0.03812307644720766,0.01209175647437252,0.04956393040400051
dividendsperShareGrowth,0,0,0,0,0,0,0,0,0,0,0,0,0,0,0,0,0,0,0,0,0,0,-1,0,0,0,0
operatingCashFlowGrowth,-0.473180429260391,0.452722216279816,0.058776896942242356,0.16938153886902396,-0.09747206119643817,1.1427839672173135,-0.15742339231765215,0.1681371313335014,0.1707245093699277,-0.01281864530225783,0.3235010603431656,-0.10722891566265061,0.44132969486479784,0.09746800980125238,-0.11022286821705427,0.13050670142901744,0.3206529012004094,0.18013957359626095,-10.761875,-1.1160109630360069,0.15750925998455736,0.6602199680451826,-0.10810273405136703,0.7569141193595342,-0.014347202295552367,0.7780612244897959,0.4411764705882353
freeCashFlowGrowth,-0.7744154057771664,1.1816108510382908,-0.12203604173253241,0.08075170842824601,-0.20736661550961452,2.687416777629827,-0.5003326679973387,0.29848812095032395,0.2667578659370725,-0.16246562786434462,0.2842848734549735,-0.18356559346468043,0.5312729948491538,0.5829935934769948,-0.06379498364231188,-0.18813274959163165,1.3852407952949624,12.589754627636676,1.1957584269662922,-1.5031802120141342,0.23775367389783064,3.531472966545109,-0.8260137931034482,3.7697368421052633,0.2459016393442623,-0.46255506607929514,0.4551282051282051
tenYRevenueGrowthPerShare,3.178099734366022,3.6630713680178886,4.103327821371164,4.595213120292452,5.370422663993013,5.856294864452989,5.670290978290099,3.5402951898774417,3.412957881791109,67.7025730484082,3.036174720812268,2.908782434973399,2.5920580348224633,2.9827726595821384,3.3827913511435104,4.3154992703968675,5.075202601024113,4.350654646898228,3.7391006004610645,-0.7269259376164259,2.972184327423164,2.4441828817279214,2.15898745549776,1.504554816772613,0.9574475095347187,0.40322898100109694,0
fiveYRevenueGrowthPerShare,0.3098333954732355,0.5491526667498148,1.3837115592571854,1.6687444034708054,1.9131021584249068,2.1897947852035777,2.0100786501573156,1.1409166732242841,1.09657137379498,1.1868174604070374,1.1494470102769982,1.2159856115193168,1.1207248496222988,1.104845051758607,30.416693113297367,0.8777735396659665,0.7639024435242033,0.6937878742082968,0.8921928035769259,-0.8604948224392065,1.8307456453680944,2.4441828817279214,2.15898745549776,1.504554816772613,0.9574475095347187,0.40322898100109694,0
threeYRevenueGrowthPerShare,0.20017744908726084,0.14865761363702482,0.1323550405658718,0.37729555757529876,1.2496665882769147,1.445323856830113,1.1599917460669598,0.5152757007737852,0.5534526076840445,0.6533401323082341,0.6072494762576864,0.5692306459791163,0.5213132138713507,0.6419324759614092,0.6033709108995589,0.5738983519331501,21.24745385188054,0.3470308036710132,0.3759724042538334,-0.9135564587607563,0.5859841840242684,0.7595275811746272,1.2512273465475772,1.504554816772613,0.9574475095347187,0.40322898100109694,0
tenYOperatingCFGrowthPerShare,1.1939083907301102,4.63105228253505,2.6388412720987535,3.988758308481275,3.995416470445398,4.324459058124735,2.1238408684548347,4.530608865318717,4.3368253590589845,-43.239260793720014,3.704966704729047,2.8324151855994524,5.255982226771087,2.4306111497989304,4.0746241991521375,4.040129124820659,7.220269434061297,4.951896996513752,3.9872723664183938,-1.5119489647170823,3.4370866663293183,2.8956299569094015,1.533561203616066,2.1735244290555693,0.8407157473918496,0.9355599226086562,0
fiveYOperatingCFGrowthPerShare,-0.11824246585205055,2.2738958085371146,0.7521112009554715,1.0406086658819245,1.1578404849072181,1.488108471735492,0.7199851833559698,1.076832378055913,1.444740332573859,1.3150072979839325,1.1399625935162094,0.8162021967885298,1.6630020428012706,1.1829824983663175,-19.245843471208435,1.1986210034626048,1.110125839719861,1.3492217152752464,0.5715248071692297,-1.2781249443008647,1.2924047013482398,2.8956299569094015,1.533561203616066,2.1735244290555693,0.8407157473918496,0.9355599226086562,0
threeYOperatingCFGrowthPerShare,-0.1567290286335952,0.8016793194881684,0.11036622303938579,1.1150997294539111,0.41753556264507924,0.9515410815511381,0.18749551108922616,0.5767901059970728,0.7827720997199025,0.3643194546299332,0.9175254000944053,0.5983049162847177,0.6247203579418347,0.32442475004112353,0.5694056333546144,0.9560736254277197,-17.056814254139677,0.34139750789172557,0.2802223059130202,-1.2020669419733754,0.3981574005560061,1.1163669417340538,0.3089551886368116,2.1735244290555693,0.8407157473918496,0.9355599226086562,0
tenYNetIncomeGrowthPerShare,1.8621872552639909,2.6318647060552127,1.917571879940965,-8.893097280946847,9.346684683006403,5.131194314806957,1.3718115898865424,4.484806485059855,4.295292182206898,-85.21674662014827,3.4768593191946473,3.2625706373434578,2.054621256268628,1.3933842352901493,1.773091807655229,2.362015503875969,3.540810774804648,3.500100253083339,3.3841899071379027,-1.2721306627046425,2.8467730795763613,2.1113605727099163,2.3196385932148815,2.0035867021931644,1.1410094260336503,0.5652347422003867,0
fiveYNetIncomeGrowthPerShare,0.5277200830257744,3.4723728627716017,0.19863302841112487,-3.4441101129774077,1.680452415215959,0.8735024086318189,-0.18793338178774135,1.4340826681610952,2.229436038514443,2.8600516182537015,2.2725841645885287,1.92071061252095,1.2533361569036294,0.6396956369641427,-22.817518248175183,0.36798905514399066,0.45942929746960093,0.3555994505791209,0.4596515239385787,-1.1271039068747966,1.457633335028468,2.1113605727099163,2.3196385932148815,2.0035867021931644,1.1410094260336503,0.5652347422003867,0
threeYNetIncomeGrowthPerShare,-1.8686963656510498,-0.21590704172219885,-0.08305039490326968,-6.268493677563477,1.4888604287698917,0.3897765670457775,-0.5300651514849131,0.43322205631187244,0.7504808073478096,1.2601005706168062,1.3956171662347399,1.2337733528289563,0.9269435123042505,0.5831395358388433,0.3193518734118268,0.20030007411754236,-17.68614161180737,0.1698377211215505,0.4090909120569669,-1.081975990778291,0.2807264983453008,0.4532213333006665,1.1208567020101894,2.0035867021931644,1.1410094260336503,0.5652347422003867,0
tenYShareholdersEquityGrowthPerShare,5.041309204934835,4.3693315543061395,3.9483967020784045,4.127392110748817,7.828541614826583,5.062595119248704,4.491155211260923,1.5297111043966602,0.8185256382756424,1.948040546879752,1.228691992796952,1.9561578550973469,2.1941359960699813,2.5659820358730356,2.8417294069118886,5.415265207673368,9.182194001698127,8.66945461768333,7.3324445259047515,5.962707474862836,6.078632042475901,4.480927167456655,3.7095860612476574,2.6621332010492575,1.524457184625771,0.6596542401735175,0
fiveYShareholdersEquityGrowthPerShare,0.4765210893772334,0.5559541223214064,2.0431807124198755,3.4189385189081327,3.1713069388362154,3.0915834175338035,2.4508289655066196,0.626060746863613,0.1603221200768673,1.1164929227887808,0.4817234553421192,0.5912568447027515,0.5557297654937128,0.5672593039553288,0.3928893950636455,0.5041214234422462,0.8577502839584394,1.053143204505262,1.2752980485574303,1.7581008373865519,3.265124548915578,4.480927167456655,3.7095860612476574,2.6621332010492575,1.524457184625771,0.6596542401735175,0
threeYShareholdersEquityGrowthPerShare,0.423379268929171,0.01605712275427616,0.1532138486129501,0.1975805433549976,2.5003449352714058,3.2598954554312067,1.7239145843680528,0.5505062320479327,-0.06478770640200952,0.3645060368814957,0.2080533186663091,0.6706553693975211,0.41287553746738975,0.2825429574154597,0.0029812213949243697,0.2777909376596375,0.46239003124265443,0.3660061096071941,0.5202618592305253,0.4784117721416656,0.9329258805899696,1.1711309666236844,1.8376910968848963,2.6621332010492575,1.524457184625771,0.6596542401735175,0
tenYDividendperShareGrowthPerShare,0,0,0,0,0,0,0,0,0,0,0,0,0,-1,0,0,0,0,0,0,0,0,0,0,0,0,0
fiveYDividendperShareGrowthPerShare,0,0,0,0,0,0,0,0,0,0,0,0,0,0,0,0,0,0,-1,0,0,0,0,0,0,0,0
threeYDividendperShareGrowthPerShare,0,0,0,0,0,0,0,0,0,0,0,0,0,0,0,0,0,0,0,0,-1,0,0,0,0,0,0
receivablesGrowth,0,-1,0.12289395441030723,0.1161504424778761,-0.34445250181290793,-0.1085972850678733,0,0,0,0,0,0,0,0,0,0,0,0,0,0,0,0,-1,0,-1,-0.2631578947368421,0
inventoryGrowth,0.2742923840093376,-0.026973310618966496,-0.003959276018099547,0.11570378316978512,0.1059041105450485,-0.006827239646508404,1.7860384281162498,0.00038636144112817543,0.06545230009262118,0.12024440857735762,0.08006474909724816,0.18137687555163284,0.005918910920390648,0.05396132252027448,0.05983471074380165,0.04935434354647079,-0.06326413564631354,0.17091447997975812,0.20009817351598175,0.22460962073448618,0.2063999082547146,0.14606841472513113,0,-1,0.5813692480359147,0.18641810918774968,0
assetGrowth,0.04952647854657905,0.057288526968622605,0.4498414955707641,-0.1733689263322884,0.04019972486880318,-0.012552511760118732,3.4578637510513035,0.286842959702731,0.007231104651162791,0.18182598986515502,-0.02180214240705734,0.0396558501113683,0.12477280542319595,0.13872573698047772,-0.04569476325201516,0.041648131672597864,0.003195230360043555,0.21101447943871066,0.13520398773006134,0.16806419336836928,0.237602655291071,0.20778888652342678,0.3077552092453161,0.4291791791791792,0.4658840792369773,0.5932203389830508,0
bookValueperShareGrowth,0.0955408606400538,0.1686951054415928,0.11170825568772037,-0.21796521909504543,0.3264563086256335,0.15447813820485318,1.2857681679413386,0.6142881074388324,-0.2617894333578279,0.3011045976803472,-0.026316662080234407,0.07707392382284993,0.15192141674360451,0.34653766638746,-0.08911710524588455,0.045660896067888285,0.05302671187649892,0.16045832499957993,0.19672477351475778,-0.016376690710500037,0.2915026648238883,0.16378108313082884,0.28602260013324593,0.45066164059032626,0.5210741632316381,0.6596542401735159,1.5160151713930372
debtGrowth,0.5678585877446861,-0.06740127314590871,1.4234168757180035,-0.24880239520958083,-0.10183808408997437,-0.13946967222040726,8.704623513870542,-0.01662769550532606,1.8374493180980465,0.021845574387947268,-0.00375234521575985,-0.003738317757009346,-0.0003736920777279522,-0.0033519553072625698,-0.0011160714285714285,-0.003008037505888113,-0.04307070907838976,0.5217093075381716,-0.05050769230769231,2.5826489555200354,0.3319221827970146,-0.4302941586504949,-0.12630937880633375,0.7655913978494624,0.49517684887459806,6.068181818181818,0
rdexpenseGrowth,0,0,0,0,0,0,0,0,0,0,0,0,0,0,0,0,0,0,0,0,0,0,0,0,0,0,0
sgaexpensesGrowth,0,0,0,0,0,0,0,0,0,0,0,0,0,0,0,0,0,0,-1,0,0,0,0,0,0,0,0
