,2021,2020,2019,2018,2017,2016,2015,2014,2013,2012,2011,2010,2009,2008,2007,2006,2005,2004,2003,2002,2001,2000,1999,1998,1997,1996,1995,1994
period,FY,FY,FY,FY,FY,FY,FY,FY,FY,FY,FY,FY,FY,FY,FY,FY,FY,FY,FY,FY,FY,FY,FY,FY,FY,FY,FY,FY
revenueGrowth,0.19156541099995453,0.27085708082288446,0.13184107517500057,0.15996688519069177,0.16603188548272688,0.06056895242406937,-0.03937962892161147,0.030472625221570005,-0.10377326964158258,-0.0010150647194305056,0.743869043696039,0.19769822183163446,-0.39715019455006034,-0.07671015502544826,0.3190347657979926,-0.006966395271713874,0.3931502126653117,0.131264223774025,-0.1919235660075662,-0.22173425923241136,0.4036163308006608,0.7775284629981025,-0.27702992369030266,0.1303547199069587,0.4848179594186214,0.570750452079566,0.8153467377923677,0.45753588516746413
grossProfitGrowth,0.2352511854073282,0.24350043544665417,0.042557308216945526,0.1810129867405074,0.2039232289020604,0.1390287837279994,-0.05754736667126451,0.05675908178323571,-0.12845181787778892,-0.03862157371586764,0.9062061609912665,0.5335829549338411,-0.5238014967666933,-0.10682416708092511,0.365402610107254,-0.07708864900228983,0.4791249599312935,0.26883986346278993,-0.2082237093945842,-0.2946292875480561,0.4209440357999384,1.0727265841959102,-0.3521426234870788,0.09198071084122164,0.4189052204764318,0.5885668276972624,1.0461285008237233,0.7518037518037518
ebitgrowth,0.41483355601671545,0.26593074717876336,-0.09616287859567497,0.20445112715972674,0.32882257703460377,0.45227114646021715,-0.1434196381157149,0.05808670864825233,-0.28203576611812164,-0.12410693509605027,2.6933659275669553,1.5435952804871085,-2.157326343276409,-0.1534105935565245,0.9040837209602604,-0.46822655785993594,0.9591267092191903,1.143553293637635,-0.43354036252567446,-0.46584494446722563,0.4716136880859983,31.246699029126212,-1.0625759416767921,0.1289437585733882,-0.17859154929577464,0.6542404473438956,1.6758104738154613,2.517543859649123
operatingIncomeGrowth,0.41483355601671545,0.26593074717876336,-0.09616287859567497,0.20445112715972674,0.32882257703460377,0.45227114646021715,-0.1434196381157149,0.05808670864825233,-0.28203576611812164,-0.12410693509605027,2.6933659275669553,1.5435952804871085,-2.157326343276409,-0.1534105935565245,0.9040837209602604,-0.46822655785993594,0.9591267092191903,1.143553293637635,-0.43354036252567446,-0.46584494446722563,0.4716136880859983,31.246699029126212,-1.0625759416767921,0.1289437585733882,-0.17859154929577464,0.6542404473438956,1.6758104738154613,2.517543859649123
netIncomeGrowth,0.7080190830754817,0.03501820746042291,0.46537241435186627,-0.13369421084230668,0.3146608141142667,0.9238197717925049,-0.3716776346835291,0.07291921737865668,-0.281563196497424,-0.0484248975440787,2.7422892133772963,1.4056419192613991,-2.4575126085055543,-0.3200447644187253,0.3880804937285124,-0.18479520886231907,0.9150311242054813,0.7763628809470009,-0.36534422619653417,2.2416957845327894,-0.7372595528727571,5.474438775510204,-0.7076808351976137,0.27229601518026564,-0.1282051282051282,1.0631399317406143,0.9403973509933775,3.3142857142857145
epsgrowth,0.7384020618556701,0.030544488711819327,0.4678362573099416,-0.13344594594594594,0.3097345132743364,1,-0.3561253561253562,0.07339449541284397,-0.27814569536423844,-0.04631578947368416,2.8306451612903225,1.4039087947882736,-2.5427135678391957,-0.2574626865671642,0.3958333333333335,-0.19327731092436976,0.9039999999999999,0.7361111111111112,-0.3739130434782608,2.194444444444444,-0.7410071942446043,5.177777777777777,-0.7151898734177216,0.27419354838709686,-0.46320346320346323,0.9250000000000002,0.7518248175182479,14.222222222222223
epsdilutedGrowth,0.7363636363636362,0.02803738317757009,0.4686274509803923,-0.13265306122448983,0.309576837416481,1.0044642857142856,-0.35446685878962536,0.08099688473520257,-0.2770270270270271,-0.0472103004291845,2.7886178861788617,1.4006514657980456,-2.574358974358974,-0.2528735632183908,0.40322580645161277,-0.1982758620689654,0.9173553719008264,0.7285714285714286,-0.3636363636363637,2.235294117647059,-0.7424242424242424,5.1395348837209305,-0.7171052631578948,0.22580645161290325,-0.46320346320346323,0.9250000000000002,0.7518248175182479,14.222222222222223
weightedAverageSharesGrowth,-0.01728987161744166,0.004767611003953785,-0.0018740485845496527,-0.0007797121456144387,0.003842970699754281,-0.03951762980490751,-0.022491808018504242,-0.00043952338806302647,-0.004232740789592014,-0.0027860648925930134,-0.01987084827602372,0.002343571038395799,-0.05726103857271006,-0.08386514209186002,-0.007546884833228446,0.011607061004553186,0.007026505826358116,0.02717880906346639,0.01145646277715315,0.009722371677606801,0.02021660253489738,0.03819939136282298,0.031023420332091614,-0.0012440876494959098,0.6282176231152898,0.07077961939840392,0.10846488840500816,0.1790757381258023
weightedAverageSharesDilutedGrowth,-0.016252650232587575,0.006728300275885797,-0.0027259210308937716,-0.0006540471548948762,0.00447764050032211,-0.0422844087696471,-0.02627321286239427,-0.00674701642443578,-0.005213139226668704,-0.0012033906264675496,-0.015499843961302403,0.01633451392926997,-0.07601256926391656,-0.08874700797214694,-0.009275001592380094,0.015337240192225416,-0.0038900093657550333,0.03600893292604666,-0.0092017050367763,0.016331067283583633,0.004523171517002139,0.05028798324461122,0.03558437450577258,-0.1651073301392085,1.0261805117621203,0.07077961939840392,0.10846488840500816,0.1790757381258023
dividendsperShareGrowth,0.08953180731355546,0.10095882640749017,0.1767990388020338,0.1697294409781468,-0.010416030339245042,-0.8814456486155772,9.40926565754706,0.1245215878418867,0.1432698102868028,0.3991417705393097,0.667741873247899,0.0002012587687626195,-0.001544125738335287,0.24614986662296673,0.004529087316235699,2.986380824265625,0,0,0,0,0,0,0,0,0,0,0,0
operatingCashFlowGrowth,0.2283362846783034,0.5432939567875957,-0.062229888049986984,0.1384271973250962,0.42118031423095553,0.2538182490353289,-0.22208641572707688,-0.1470693876835876,-0.03019168090635577,0.1438968567700804,0.8382447521214828,1.288383311870158,-0.707136603434729,0.09413839518181193,0.9376461517471578,-0.37803980384224495,0.4491516456615677,0.41996775726172253,-0.13304136287304566,-0.30366642315367304,0.6154080715357778,1.0647342600163532,1.4314115308151094,-0.7871349978840457,2.652241112828439,1.9013452914798206,0.9734513274336283,-0.6270627062706271
freeCashFlowGrowth,0.20122250065337371,0.5909606763888101,-0.12048695574357726,0.11631099127725199,0.43013098337122485,0.2996527498817207,-0.21264043048480147,-0.1517156263601295,-0.05136303323111103,0.14508267326412053,0.8487037773169411,1.4074876915449273,-0.7160392370001244,0.15932314045822388,1.183071689889335,-0.4601194470540867,0.5198419848444156,1.6148669671351485,-0.47773098904772293,-0.12344794748558335,0.5966614250997414,1.9883106796116505,2.5653495440729484,-1.1832869080779944,6.01171875,6.757575757575758,-0.4,-0.7970479704797048
tenYRevenueGrowthPerShare,1.3653290703905134,2.470800692967277,2.278909160467314,0.8490427448464741,0.6052447347790493,0.8367195683716367,0.6328467828401775,1.2986407011045946,1.4556231004586087,1.1797511119634398,0.6771126782533606,0.29684390697489144,0.8582010624416073,1.0376370394172976,1.2882504914776336,0.5700666254191624,1.3462435161927402,1.7774975831121518,1.5219454479696275,2.15667913927086,3.0954771361079794,1.976791932291094,0.7386520872389961,1.4794816279294956,1.1908139912600821,1.4023968237385236,0.6377124406750543,0
fiveYRevenueGrowthPerShare,1.3450528630424068,1.1355497483815318,0.6592429970435382,0.5084720711729552,0.16953433446447788,0.0086463753835386,0.6252492809393417,0.9761476566782079,0.22577194512371612,0.37255032834421264,0.820974737229609,0.004674668673869284,0.1631927874096612,1.0033278704308777,0.5881028673046915,-0.0790027758403266,0.29080979884431046,0.5975005025432413,0.01712608779262914,0.4408704490038633,0.7047463165284847,0.8176523902230848,0.7386520872389961,1.4794816279294956,1.1908139912600821,1.4023968237385236,0.6377124406750543,0
threeYRevenueGrowthPerShare,0.739096355727291,0.6650049813346681,0.5290760831242522,0.4889444788163271,0.26044976668843517,0.11868620236124945,-0.08815962063114373,-0.07048150772549813,0.6042099749802939,1.1297663346860887,0.3594994199329684,-0.2299354771122364,-0.14347003044051987,0.31485235202864303,0.8049092905491595,0.49564023163211773,0.21725142968112363,-0.321813432035988,-0.1527975399917835,0.8155898827831111,0.6517473208817157,0.358760690851232,-0.2762843881331111,0.5139908364544571,1.1908139912600821,1.4023968237385236,0.6377124406750543,0
tenYOperatingCFGrowthPerShare,1.8813810310718535,3.3234343853076664,5.42625576537974,1.1248124672416782,1.2273549787976106,2.071641362047293,0.44669192709637034,1.61600181464084,3.2380477580581943,2.7298293985101334,1.2423623778406463,0.893109050405483,0.6490995115109797,11.518813379730258,1.23406196635152,1.5667155046431078,10.31165928418027,12.994515300453587,9.123377440246243,10.810662122246185,16.12611622602987,9.81605844282238,4.438581375694313,1.3061932135540062,9.820586212687886,3.8239611295247875,0.78034626813779,0
fiveYOperatingCFGrowthPerShare,1.9094663406977626,2.038552030258677,0.57432574837902,0.42984244589114057,0.2222842863134648,-0.009653079409460783,0.4228600801479793,3.0819098410836734,0.48604657341627716,0.8222888109897432,2.101581171389605,0.016749255447459397,-0.3591230780476184,1.8518943039014806,1.046782801944739,-0.2770260541541791,0.8619232227245134,1.5731922230669912,3.3896484391459145,0.09149928572237315,2.55021853746093,5.075255491807098,4.438581375694313,1.3061932135540062,9.820586212687886,3.8239611295247875,0.78034626813779,0
threeYOperatingCFGrowthPerShare,0.8037897593403641,0.6441373204703442,0.5154390006829797,1.1055841810496008,0.47075231110819854,-0.11353669046053401,-0.3386312982827725,-0.046696435464846496,1.0953019580694736,3.9116874034405043,0.33016596125210435,-0.1529702731186515,-0.27564583699970596,0.43360022755354527,0.7273810198063899,0.22308349145636278,0.7051262820484866,-0.18285528862735267,-0.06404190641516047,1.171643909757328,6.426141107941826,-0.0004184403484716982,0.1274098670504985,0.295362174666304,9.820586212687886,3.8239611295247875,0.78034626813779,0
tenYNetIncomeGrowthPerShare,1.8395579198831895,5.237886760470771,-3.4506503014573755,1.5807120147800353,1.2092785938816142,1.3594305624524579,-0.050735836020014635,1.808406101284479,3.5246771618716,2.9350287513887197,12.239252214273918,-0.10701541433416657,-14.76065482618485,1.5235214182624799,3.3312662826293926,0.6581052392768522,2.9644761412160587,2.649384352144411,1.1102502832372498,2.363124350490197,0.04754490277165118,3.0675987020409927,-0.34774601425829615,1.3005304348049407,0.8059227930366224,2.3728522760795525,0.7505266709759777,0
fiveYNetIncomeGrowthPerShare,1.9844906504071207,2.4393622672624815,1.1461381406620437,0.569108435802995,0.30579112700993727,-0.04856196500537224,0.8136754071666146,-2.141888425085906,0.6446995987624972,0.6919081070343351,1.4798573061731553,-0.47660746778115154,-3.4594400289793623,1.7510660094257042,1.3257934252033603,4.338715329030102,0.7061469751586861,4.5950357252237435,-0.08271142545602729,0.8622747126609834,-0.689418682756759,1.323642803895795,-0.34774601425829615,1.3005304348049407,0.8059227930366224,2.3728522760795525,0.7505266709759777,0
threeYNetIncomeGrowthPerShare,1.62852621905065,0.3111579130463499,0.66694232400114,1.274222204197854,0.6861066264663078,0.3819586479452035,-0.502204700777998,-0.261001750470837,1.6286907826577792,-2.4744667813996184,1.3889173547646463,-0.5356258903498952,-2.604894285714646,-0.16347208560711804,1.1433567275299965,1.6501804429070215,1.0635339340441277,2.4837498063220695,-0.48120489806961714,4.156157607325089,-0.5446507088438187,1.2523657809320896,-0.806616497743609,0.3141933070475969,0.8059227930366224,2.3728522760795525,0.7505266709759777,0
tenYShareholdersEquityGrowthPerShare,0.281540081783313,0.2912551192295863,0.3280916631562547,-0.37223050086873294,-0.5292774905410234,-0.7538830729550601,-0.8325587415611515,0.6400945560142942,0.7962309211578489,0.837475456311827,0.8057815731932474,0.4036225124350239,0.8265283473539436,1.3461792713141285,2.024681192749269,2.4996633320759294,2.7522594633155677,4.225523027636282,3.5258965138802,3.1948538539317237,2.67283689513513,2.6368560084140964,1.7237630285258565,1.7287499291124022,1.308712791059886,0.9903227454105952,0.6027617290609462,0
fiveYShareholdersEquityGrowthPerShare,3.9580145394308683,5.5458218800536265,-0.22905191339016215,-0.5056228900477613,-0.5735421631860853,-0.741521516003779,-0.8027359829077708,0.7226732723293943,0.2698191046748003,0.10379612900483949,-0.04782431698052603,-0.1511819494147144,-0.04793637751367524,0.41455654159327066,0.6646873530608031,0.8964794054253489,0.6536200089844743,0.9184939999954462,0.6585970248114187,0.8169665235864815,0.84534739584531,1.269118323997492,1.7237630285258565,1.7287499291124022,1.308712791059886,0.9903227454105952,0.6027617290609462,0
threeYShareholdersEquityGrowthPerShare,1.1148224460688452,1.005275311068694,2.8541847668303375,2.9911756137506336,-0.6164554390790211,-0.789125303962974,-0.869357066683932,0.2922061198081735,0.5925400238798576,0.5493254122896798,0.03595747537818992,-0.2689839424252813,-0.285757047204582,0.06454274752381675,0.33634855719643847,0.5390231548044031,0.4336561116836568,0.4227484576180793,0.24445303949599656,0.5400950119372332,0.3459778252123737,0.5752743357671984,0.36850319115654573,0.7025300015811892,1.308712791059886,0.9903227454105952,0.6027617290609462,0
tenYDividendperShareGrowthPerShare,2.627164184741886,4.552085355777259,4.043969518606375,3.2795590660713687,3.55914998166621,3.6280042022012724,154.61628055686842,0,0,0,0,0,0,0,0,0,0,0,0,0,0,0,0,0,0,0,0,0
fiveYDividendperShareGrowthPerShare,0.6339974267226491,-0.8222011475125576,0.6810396944524818,0.6063621434933465,0.5700257501493888,1.21981021843895,30.226778340256107,2.0005058983745214,1.6641309267688769,1.9038695583383933,1.0848648068012998,3.9834241259609917,0,0,0,0,0,0,0,0,0,0,0,0,0,0,0,0
threeYDividendperShareGrowthPerShare,0.4116053508008123,0.5155099895113008,0.3621984360440012,-0.8627679436189285,0.2212096930787071,0.3877313146246213,12.3824806788864,0.7987808484539657,1.667714141015551,1.3338769360223197,0.6655017994903256,0.24447606586338672,0.24986086117060372,3.990126753127675,0,0,0,0,0,0,0,0,0,0,0,0,0,0
receivablesGrowth,0.15674954381262482,0.11360374420732607,0.6635945973318111,0.09860280383284895,-0.060553701718182584,0.0211516566830114,0.18840317884358512,-0.054720357535403816,-0.2399647622348365,0.1262417501757267,0.46104856574836695,1.0944071418034387,-0.5733033089131105,-0.15307308684436802,0.32189434392894734,0.3201537732055291,-0.10611015282759213,0.6676269935356879,-0.19303191988621185,-0.31095263088507086,-0.16586160390081958,0.7206354873259551,-0.07892140743176587,0.1292239138507241,0.32334152334152333,0.5738592420726991,0.7425876010781671,0
inventoryGrowth,0.20167660194433956,0.038403960396039605,0.3548390558515633,0.2712963923011018,0.04917159890357626,0.13065298169294906,-0.058728903797202255,0.0346899982346859,-0.025128994686555974,0.13039445573445885,0.43312672690613097,0.08515259071976143,-0.19423918650383393,-0.14181033677643498,0.19194667331617524,0.2534387828285506,0.06201580254524116,0.30376856170232497,-0.19880439359041038,-0.1810063741423812,0.3961817982293116,0.4434798160449668,-0.1658141517476556,0.3436426116838488,0.3187311178247734,0.6591478696741855,0.4971857410881801,0
assetGrowth,0.10680692589192195,0.030131932939898205,0.6031224930401278,0.01575926855505061,0.1148108427480719,0.028267646247046214,-0.1286685742265644,0.04752979607770007,0.036674059684238675,0.09085340435857309,0.19668645650331093,0.08242550708705657,-0.25551822357524867,0.048697571772578115,0.010345043861211461,0.14788860648228513,0.1263550105829629,0.23462732989673818,0.0547808860227588,-0.009776826883523024,0.24553994253695138,0.390310429680106,0.02357272022733144,0.15268368942157373,0.8845398428731762,0.30477759472817134,0.6986940298507462,0
bookValueperShareGrowth,0.2894679887154667,-0.002381026598549944,0.6439880099918157,0.22267395401966164,0.9174463621833755,0.7024209402845624,-0.882503304733489,0.05422149077490656,0.054698688639354405,0.1621749820428154,0.29924312565750016,0.02607875225422168,-0.2229109192977847,-0.08319828745626948,0.0025354576233571056,0.15821170065984885,0.15088534363024636,0.1545829675094092,0.07891637503370341,0.14212908814111602,0.009893404258455684,0.3352321660605032,-0.00182754034488104,0.18193563949532368,0.15996905345299195,0.24180825466597541,0.6027617290609458,0.7810685695774395
debtGrowth,-0.006645377329180802,0.042696666629666216,-0.07808500061130982,0.2671532119392982,-0.340097443175037,0.39190061734896015,-0.0242466040410497,0.21964088483315286,0.05963834539599673,0.2201533063000845,0.1497927485561714,0.1633704723695763,0.3435024194156481,0,0,0,0,0,0,0,0,-1,-0.3209302325581395,-0.14342629482071714,7.096774193548387,-0.8739837398373984,-0.004048582995951417,0
rdexpenseGrowth,0.07480691405128585,0.21494732992982013,0.16808934274336632,0.1553362309488109,0.09477660631096002,-0.09302018785713209,-0.016410581516268775,0.10584996474196035,0.07704161947467308,0.17291661811204076,0.17175324675324674,-0.11280531304598304,-0.09393301510099446,-0.06294670101231278,0.11093816257557329,0.15736003314946354,0.21249924280486457,0.046032106928670734,-0.06651519790680845,-0.19215677456348448,0.4448943454617081,0.49500303582270794,-0.09455744914788346,0.3564504101416853,0,0,0,0
sgaexpensesGrowth,0,-1,0.35112510317392304,0.13892884295313046,0.02619142380449079,-0.06750412914389084,0.05704494852003211,-0.0074907429372995165,0.04064229095221995,0.008756709642666696,0.022301119068439172,-0.1294883962941372,-0.11098594927519162,-0.09069470814468623,0.2085159158622053,0.41659082347371823,0.2060867047839618,-0.020584169840075925,-0.12614079039740114,-0.17998239118656312,0.3228757974742139,0.3454394776494224,-0.17863036303630364,0.1048313582497721,0.09262948207171315,0.5386973180076629,0.8484419263456091,0
