,2021,2020,2019,2018,2017,2016,2015,2014,2013,2012,2011,2010,2009,2008,2007,2006,2005,2004,2003,2002,2001,2000,1999,1998,1997,1996,1995,1994,1993,1992,1991,1990,1989,1988,1987,1986
reportedCurrency,USD,USD,USD,USD,USD,USD,USD,USD,USD,USD,USD,USD,USD,USD,USD,USD,USD,USD,USD,USD,USD,USD,USD,USD,USD,USD,USD,USD,USD,USD,USD,USD,USD,USD,USD,USD
cik,0000319201,0000319201,0000319201,0000319201,0000319201,0000319201,0000319201,0000319201,0000319201,0000319201,0000319201,0000319201,0000319201,0000319201,0000319201,0000319201,0000319201,0000319201,0000319201,0000319201,0000319201,0000319201,0000319201,0000319201,0000319201,0000319201,0000319201,0000319201,0000319201,0000319201,0000319201,0000319201,0000319201,0000319201,0000319201,0000319201
fillingDate,2021-08-06,2020-08-07,2019-08-16,2018-08-06,2017-08-04,2016-08-05,2015-08-07,2014-08-08,2013-08-08,2012-08-06,2011-08-05,2010-08-06,2009-08-07,2008-08-07,2007-08-20,2007-01-29,2005-09-02,2004-08-30,2003-09-16,2002-09-20,2001-09-21,2000-09-28,1999-09-28,1998-09-28,1997-09-29,1996-09-27,1995-09-27,1994-09-28,1993-06-30,1992-06-30,1991-06-30,1990-06-30,1989-06-30,1988-06-30,1987-06-30,1986-06-30
acceptedDate,2021-08-06 16:53:10,2020-08-07 18:36:10,2019-08-16 16:58:19,2018-08-06 16:48:30,2017-08-04 17:12:04,2016-08-05 17:00:53,2015-08-07 16:31:43,2014-08-08 16:20:32,2013-08-08 16:10:34,2012-08-06 17:18:59,2011-08-05 17:09:55,2010-08-05 19:25:05,2009-08-06 18:47:45,2008-08-07 06:16:46,2007-08-17 18:30:31,2007-01-29 08:02:41,2005-09-02 12:48:09,2004-08-30 17:27:34,2003-09-15 20:20:05,2002-09-20 13:45:11,2001-09-21 00:00:00,2000-09-28 00:00:00,1999-09-28 00:00:00,1998-09-28 00:00:00,1997-09-29 00:00:00,1996-09-27 00:00:00,1995-09-27 00:00:00,1994-09-28 00:00:00,1993-06-30,1992-06-30,1991-06-30,1990-06-30,1989-06-30,1988-06-30,1987-06-30,1986-06-30
calendarYear,2021,2020,2019,2018,2017,2016,2015,2014,2013,2012,2011,2010,2009,2008,2007,2006,2005,2004,2003,2002,2001,2000,1999,1998,1997,1996,1995,1994,1993,1992,1991,1990,1989,1988,1987,1986
period,FY,FY,FY,FY,FY,FY,FY,FY,FY,FY,FY,FY,FY,FY,FY,FY,FY,FY,FY,FY,FY,FY,FY,FY,FY,FY,FY,FY,FY,FY,FY,FY,FY,FY,FY,FY
revenue,6918734000,5806424000,4568904000,4036701000,3480014000,2984493000,2814049000,2929408000,2842781000,3171944000,3175167000,1820760000,1520216000,2521716000,2731229000,2070627000,2085153000,1496718000,1323049000,1637282000,2103757000,1498812000,843200000,1166300000,1031800000,694900000,442400000,243700000,167200000,156000000,148400000,167900000,165500000,112900000,88200000,82500000
costOfRevenue,2772165000,2449561000,1869377000,1447369000,1287547000,1163391000,1215229000,1232962000,1237452000,1330016000,1259243000,815662000,864824000,1145416000,1190323000,942091000,862353000,670013000,671505000,814393000,937152000,677805000,447100000,554900000,471900000,300300000,194000000,122300000,97900000,89300000,73700000,82300000,84800000,96000000,47400000,41100000
grossProfit,4146569000,3356863000,2699527000,2589332000,2192467000,1821102000,1598820000,1696446000,1605329000,1841928000,1915924000,1005098000,655392000,1376300000,1540906000,1128536000,1222800000,826705000,651544000,822889000,1166605000,821007000,396100000,611400000,559900000,394600000,248400000,121400000,69300000,66700000,74700000,85600000,80700000,16900000,40800000,41400000
grossProfitRatio,0.5993248186734741,0.5781291548808699,0.59084782696244,0.6414475582907924,0.630016718323547,0.6101880620929585,0.568156418029679,0.5791088165253867,0.5647037179438023,0.580693732297922,0.6034088915638138,0.5520211340319428,0.431117683276587,0.5457791440431833,0.5641804477032135,0.5450213872416423,0.5864317870199452,0.5523451979598027,0.49245643963299923,0.5025945438843156,0.5545341025603242,0.5477718352935524,0.46975806451612906,0.5242218983108977,0.5426439232409381,0.5678514894229385,0.5614828209764918,0.49815346737792365,0.4144736842105263,0.42756410256410254,0.5033692722371967,0.509827278141751,0.48761329305135953,0.14968999114260406,0.46258503401360546,0.5018181818181818
researchAndDevelopmentExpenses,928487000,863864000,711030000,608712000,526870000,481258000,530616000,539469000,487832000,452937000,386163000,329560000,371463000,409973000,437513000,393823000,340277000,280641000,268291000,287408000,355772000,246227000,164700000,181900000,134100000,0.0,0.0,0.0,0.0,0.0,0.0,0.0,0.0,0.0,0.0,0.0
generalAndAdministrativeExpenses,0.0,0.0,599124000,443426000,389336000,379399000,406864000,384907000,387812000,372666000,369431000,361372000,415126000,466951000,513525000,424922000,299961000,248706000,253933000,290588000,354368000,267877000,199100000,242400000,219400000,200800000,130500000,70600000,0.0,0.0,0.0,0.0,0.0,0.0,0.0,0.0
sellingAndMarketingExpenses,0.0,0.0,0.0,0.0,0.0,0.0,0.0,0.0,0.0,0.0,0.0,0.0,0.0,0.0,0.0,0.0,0.0,0.0,0.0,0.0,0.0,0.0,0.0,0.0,0.0,0.0,0.0,0.0,0.0,0.0,0.0,0.0,0.0,0.0,0.0,0.0
sellingGeneralAndAdministrativeExpenses,729602000,734149000,599124000,443426000,389336000,379399000,406864000,384907000,387812000,372666000,369431000,361372000,415126000,466951000,513525000,424922000,299961000,248706000,253933000,290588000,354368000,267877000,199100000,242400000,219400000,200800000,130500000,70600000,48300000,69600000,60600000,64000000,56200000,0.0,27100000,24100000
otherExpenses,0.0,0.0,0.0,0.0,0.0,0.0,0.0,0.0,0.0,0.0,0.0,0.0,0.0,0.0,0.0,0.0,0.0,0.0,19961000,0.0,0.0,0.0,-100000.0,0.0,0.0,16300000,10600000,10700000,9600000.0,10700000,9100000.0,8700000.0,6400000.0,4700000.0,3700000.0,2900000.0
operatingExpenses,1658089000,1598013000,1310154000,1052138000,916206000,860657000,937480000,924376000,875644000,825603000,755594000,690932000,786589000,876924000,951038000,818745000,640238000,529347000,542185000,577996000,710140000,514104000,363700000,424300000,353500000,217100000,141100000,81300000,57900000,80300000,69700000,72700000,62600000,4700000.0,30800000,27000000
costAndExpenses,4430254000,4047574000,3179531000,2499507000,2203753000,2024048000,2152709000,2157338000,2113096000,2155619000,2014837000,1506594000,1651413000,2022340000,2141361000,1760836000,1502591000,1199360000,1213690000,1392389000,1647292000,1191909000,810800000,979200000,825400000,517400000,335100000,203600000,155800000,169600000,143400000,155000000,147400000,100700000,78200000,68100000
interestIncome,8929000.0,21646000,40367000,36869000,23270000,14507000,12545000,13555000,14976000,15321000,15513000,17512000,30749000,0.0,0.0,0.0,0.0,0.0,0.0,0.0,0.0,0.0,0.0,0.0,0.0,0.0,0.0,0.0,0.0,0.0,0.0,0.0,0.0,0.0,0.0,0.0
interestExpense,157328000,160274000,124604000,114376000,122476000,122887000,106009000,53812000,54176000,54197000,54328000,54517000,55339000,0.0,0.0,0.0,0.0,0.0,0.0,0.0,0.0,0.0,0.0,0.0,0.0,0.0,0.0,0.0,0.0,0.0,0.0,0.0,0.0,0.0,0.0,0.0
depreciationAndAmortization,333335000,348049000,233224000,62684000,57836000,66932000,80536000,83072000,87534000,92133000,0.0,87348000,135848000,126376000,109290000,69436000,70853000,82926000,71448000,69590000,55649000,63338000,48200000,38900000,52300000,16300000,10600000,10700000,9600000.0,10700000,9100000.0,8700000.0,6400000.0,4700000.0,3700000.0,2900000.0
ebitda,2852056000,1826794000,1654659000,1632991000,1353558000,1048011000,620676000,871345000,832331000,1120424000,1164394000,433046000,-411344000,686610000,787897000,451395000,694548000,407642000,251966000,357046000,261858000,416415000,98500000,245200000,226300000,205200000,99400000,51000000,18900000,-2800000.0,-400000.0,22700000,24400000,18500000,16500000,19800000
ebitdaratio,0.4122222360333552,0.31461601839617637,0.362156657263974,0.4045360307835532,0.38895188352690535,0.3511521052319439,0.22056332352421723,0.2974474706152233,0.29278759074300836,0.3532294391073739,0.3667189788757568,0.2378380456512665,-0.27058260141979823,0.2722788767648696,0.28847709218084605,0.21799918575388036,0.3330921040326537,0.2723572509985181,0.19044343784697318,0.2180723907060604,0.1244716000944976,0.2778300413927831,0.1168168880455408,0.21023750321529625,0.21932545066873424,0.2952942869477623,0.22468354430379747,0.20927369716865,0.11303827751196172,-0.017948717948717947,-0.0026954177897574125,0.13519952352590828,0.1474320241691843,0.16386182462356066,0.1870748299319728,0.24
operatingIncome,2488480000,1758850000,1389373000,1537194000,1276261000,960445000,661340000,772070000,729685000,1016325000,1160330000,314166000,-577941000,499376000,589868000,309791000,582562000,297358000,138722000,244893000,458468000,311541000,-10300000,164600000,145800000,177500000,107300000,40100000,11400000,-13600000,5000000.0,12900000,18100000,12200000,10000000,14400000
operatingIncomeRatio,0.3596727378159068,0.3029144960822703,0.30409327926347324,0.38080452329761355,0.36674019127509255,0.3218117784159655,0.2350136760234097,0.26355837083806694,0.2566799904741167,0.3204107638722499,0.36543904619819995,0.1725466288802478,-0.38017031790219286,0.19803023020831848,0.21597163767666497,0.14961217061305584,0.27938573332508454,0.1986733639870704,0.10485023608347083,0.14957288970378957,0.21792821129056256,0.20785862403023195,-0.012215370018975331,0.1411300694503987,0.14130645473929057,0.2554324363217729,0.24254068716094032,0.1645465736561346,0.06818181818181818,-0.08717948717948718,0.03369272237196765,0.0768314472900536,0.10936555891238671,0.10806023029229407,0.11337868480725624,0.17454545454545456
totalOtherIncomeExpensesNet,-128026000,-442139000,-93142000,-81263000,-103015000,-102253000,-227209000,-37609000,-39064000,-42231000,-50264000,-22985000,-24590000,60858000,87367000,68067000,37755000,27358000,41796000,42563000,54116000,41536000,60600000,41700000,28200000,11400000,-18500000,200000.0,-2100000.0,-2700000.0,-1500000.0,1100000.0,-100000.0,1600000.0,2800000.0,2500000.0
incomeBeforeTax,2360454000,1316711000,1296231000,1455931000,1173246000,858192000,434131000,734461000,690621000,974094000,1110066000,291181000,-602531000,560234000,677235000,377858000,620317000,324716000,180518000,287456000,512584000,353077000,50300000,206300000,174000000,188900000,88800000,40300000,9300000.0,-16300000,3500000.0,14000000,18000000,13800000,12800000,16900000
incomeBeforeTaxRatio,0.3411684854483494,0.22676797285213757,0.283707208555925,0.3606734806466964,0.3371382988689126,0.2875503477475069,0.15427272232999498,0.2507199406842611,0.24293851689595505,0.3070968466025882,0.34960869774723663,0.1599227794986709,-0.39634565088119056,0.22216379639896008,0.2479598012469844,0.18248482223017473,0.29749231830949574,0.21695202436263877,0.13644090279347174,0.17556902231869648,0.2436517145278661,0.23557123908802438,0.05965370018975332,0.17688416359427248,0.1686373328164373,0.2718376744855375,0.2007233273056058,0.16536725482150186,0.05562200956937799,-0.10448717948717949,0.02358490566037736,0.08338296605122096,0.10876132930513595,0.12223206377325066,0.14512471655328799,0.20484848484848484
incomeTaxExpense,283101000,101686000,121214000,653666000,247170000,153770000,67973000,151706000,147472000,218079000,315578000,78881000,-79163000,201151000,150509000,1507000.0,157000000,81015000,43327000,71290000,139526000,99279000,11100000,72200000,68600000,68000000,30200000,10100000,2300000.0,300000.0,1100000.0,4600000.0,6300000.0,5000000.0,5300000.0,7000000.0
netIncome,2078292000,1216785000,1175617000,802265000,926076000,704422000,366158000,582755000,543149000,756015000,794488000,212300000,-523368000,359083000,528098000,380452000,466695000,243701000,137191000,216166000,66683000,253798000,39200000,134100000,105400000,120900000,58600000,30200000,7000000.0,-13800000,-10600000,9400000.0,11700000,8800000.0,7500000.0,9900000.0
netIncomeRatio,0.30038616891471764,0.20955841323334293,0.25730831726821135,0.19874273571413884,0.26611272253502427,0.2360273587507158,0.1301178479834573,0.19893268537533865,0.19106255459002996,0.23834437177957746,0.2502192798048103,0.11659966167973813,-0.3442721297499829,0.14239628887630487,0.19335544547894007,0.18373758286741165,0.22381810831147642,0.16282359135120977,0.10369306049889308,0.1320273477629388,0.03169710189912618,0.16933277822702247,0.046489563567362426,0.11497899339792506,0.10215157976352006,0.1739818678946611,0.13245931283905968,0.12392285597045548,0.041866028708133975,-0.08846153846153847,-0.07142857142857142,0.05598570577724836,0.07069486404833837,0.07794508414526129,0.08503401360544217,0.12
eps,13.49,7.76,7.53,5.13,5.92,4.52,2.26,3.51,3.27,4.53,4.75,1.24,-3.07,1.99,2.68,1.92,2.38,1.25,0.72,1.15,0.36,1.39,0.225,0.79,0.62,1.155,0.6,0.3425,0.0225,-0.0475,-0.035,0.0325,0.0425,0.0325,0.0275,0.035
epsdiluted,13.37,7.7,7.49,5.1,5.88,4.49,2.24,3.47,3.21,4.44,4.66,1.23,-3.07,1.95,2.61,1.86,2.32,1.21,0.7,1.1,0.34,1.32,0.215,0.76,0.62,1.155,0.6,0.3425,0.0225,-0.0475,-0.035,0.0325,0.0425,0.0325,0.0275,0.035
weightedAverageShsOut,154086000,156797000,156053000,156346000,156468000,155869000,162282000,166016000,166089000,166795000,167261000,170652000,170253000,180594000,197126000,198625000,196346000,194976000,189817000,187667000,185860000,182177000,175474000,170194000,170406000,104658000,97740000,88176000,74784000,74564000,73192000,71948000,71424000,71132000,69704000,68176000
weightedAverageShsOutDil,155437000,158005000,156949000,157378000,157481000,156779000,163701000,168118000,169260000,170147000,170352000,173034000,170253000,184259000,202204000,204097000,201014000,201799000,194785000,196594000,193435000,192564000,183344000,177044000,212056000,104658000,97740000,88176000,74784000,74564000,73192000,71948000,71424000,71132000,69704000,68176000
link,https://www.sec.gov/Archives/edgar/data/319201/000031920121000029/0000319201-21-000029-index.htm,https://www.sec.gov/Archives/edgar/data/319201/000031920120000047/0000319201-20-000047-index.htm,https://www.sec.gov/Archives/edgar/data/319201/000031920119000031/klac10k2019.htm,https://www.sec.gov/Archives/edgar/data/319201/000031920118000045/0000319201-18-000045-index.html,https://www.sec.gov/Archives/edgar/data/319201/000031920117000034/0000319201-17-000034-index.html,https://www.sec.gov/Archives/edgar/data/319201/000031920116000090/0000319201-16-000090-index.html,https://www.sec.gov/Archives/edgar/data/319201/000031920115000053/0000319201-15-000053-index.html,https://www.sec.gov/Archives/edgar/data/319201/000031920114000038/0000319201-14-000038-index.html,https://www.sec.gov/Archives/edgar/data/319201/000031920113000033/0000319201-13-000033-index.html,https://www.sec.gov/Archives/edgar/data/319201/000031920112000008/0000319201-12-000008-index.html,https://www.sec.gov/Archives/edgar/data/319201/000144530511002394/0001445305-11-002394-index.html,https://www.sec.gov/Archives/edgar/data/319201/000119312510179757/0001193125-10-179757-index.html,https://www.sec.gov/Archives/edgar/data/319201/000119312509167528/0001193125-09-167528-index.html,https://www.sec.gov/Archives/edgar/data/319201/000119312508169062/0001193125-08-169062-index.html,https://www.sec.gov/Archives/edgar/data/319201/000119312507185381/0001193125-07-185381-index.html,https://www.sec.gov/Archives/edgar/data/319201/000119312507014655/d10k.htm,https://www.sec.gov/Archives/edgar/data/319201/000120677405001516/kt71640.htm,https://www.sec.gov/Archives/edgar/data/319201/000120677404001081/kl71293.htm,https://www.sec.gov/Archives/edgar/data/319201/000031920103000112/fy2003kla10k.htm,https://www.sec.gov/Archives/edgar/data/319201/000031920102000008/0000319201-02-000008-index.html,https://www.sec.gov/Archives/edgar/data/319201/000109581101505048/0001095811-01-505048-index.html,https://www.sec.gov/Archives/edgar/data/319201/000109581100003641/0001095811-00-003641-index.html,https://www.sec.gov/Archives/edgar/data/319201/000089161899004364/0000891618-99-004364-index.html,https://www.sec.gov/Archives/edgar/data/319201/000089161898004336/0000891618-98-004336-index.html,https://www.sec.gov/Archives/edgar/data/319201/000089161897003921/0000891618-97-003921-index.html,https://www.sec.gov/Archives/edgar/data/319201/000089161896002153/0000891618-96-002153-index.html,https://www.sec.gov/Archives/edgar/data/319201/000089161895000564/0000891618-95-000564-index.html,https://www.sec.gov/Archives/edgar/data/319201/000089161894000204/0000891618-94-000204-index.html,,,,,,,,
finalLink,https://www.sec.gov/Archives/edgar/data/319201/000031920121000029/klac-20210630.htm,https://www.sec.gov/Archives/edgar/data/319201/000031920120000047/klac-20200630.htm,https://www.sec.gov/Archives/edgar/data/319201/000031920119000031/klac10k2019.htm,https://www.sec.gov/Archives/edgar/data/319201/000031920118000045/klac10k2018.htm,https://www.sec.gov/Archives/edgar/data/319201/000031920117000034/klac10k2017.htm,https://www.sec.gov/Archives/edgar/data/319201/000031920116000090/klac10k2016.htm,https://www.sec.gov/Archives/edgar/data/319201/000031920115000053/klac10k2015.htm,https://www.sec.gov/Archives/edgar/data/319201/000031920114000038/klac10k2014.htm,https://www.sec.gov/Archives/edgar/data/319201/000031920113000033/klac10k2013.htm,https://www.sec.gov/Archives/edgar/data/319201/000031920112000008/klac10k2012.htm,https://www.sec.gov/Archives/edgar/data/319201/000144530511002394/klac10k2011.htm,https://www.sec.gov/Archives/edgar/data/319201/000119312510179757/d10k.htm,https://www.sec.gov/Archives/edgar/data/319201/000119312509167528/d10k.htm,https://www.sec.gov/Archives/edgar/data/319201/000119312508169062/d10k.htm,https://www.sec.gov/Archives/edgar/data/319201/000119312507185381/d10k.htm,https://www.sec.gov/Archives/edgar/data/319201/000119312507014655/d10k.htm,https://www.sec.gov/Archives/edgar/data/319201/000120677405001516/kt71640.htm,https://www.sec.gov/Archives/edgar/data/319201/000120677404001081/kl71293.htm,https://www.sec.gov/Archives/edgar/data/319201/000031920103000112/fy2003kla10k.htm,https://www.sec.gov/Archives/edgar/data/319201/000031920102000008/fy02_10k0920.txt,https://www.sec.gov/Archives/edgar/data/319201/000109581101505048/f75863e10-k.txt,https://www.sec.gov/Archives/edgar/data/319201/000109581100003641/f65839e10-k.txt,https://www.sec.gov/Archives/edgar/data/319201/0000891618-99-004364.txt,https://www.sec.gov/Archives/edgar/data/319201/0000891618-98-004336.txt,https://www.sec.gov/Archives/edgar/data/319201/0000891618-97-003921.txt,https://www.sec.gov/Archives/edgar/data/319201/0000891618-96-002153.txt,https://www.sec.gov/Archives/edgar/data/319201/0000891618-95-000564.txt,https://www.sec.gov/Archives/edgar/data/319201/0000891618-94-000204.txt,,,,,,,,
