,2021,2020,2019,2018,2017,2016,2015,2014,2013,2012,2011,2010,2009,2008,2007,2006,2005,2004,2003,2002,2001,2000,1999,1998,1997,1996,1995,1994
reportedCurrency,USD,USD,USD,USD,USD,USD,USD,USD,USD,USD,USD,USD,USD,USD,USD,USD,USD,USD,USD,USD,USD,USD,USD,USD,USD,USD,USD,USD
cik,0000051434,0000051434,0000051434,0000051434,0000051434,0000051434,0000051434,0000051434,0000051434,0000051434,0000051434,0000051434,0000051434,0000051434,0000051434,0000051434,0000051434,0000051434,0000051434,0000051434,0000051434,0000051434,0000051434,0000051434,0000051434,0000051434,0000051434,0000051434
fillingDate,2022-02-18,2021-02-19,2020-02-19,2019-02-20,2018-02-22,2017-02-22,2016-02-25,2015-02-26,2014-02-27,2013-02-26,2012-02-27,2011-02-25,2010-02-25,2009-02-26,2008-02-29,2007-02-28,2006-03-06,2005-03-10,2003-12-31,2002-12-31,2001-12-31,2001-03-26,1999-12-31,1998-12-31,1997-12-31,1997-03-28,1995-12-31,1994-12-31
acceptedDate,2022-02-18 17:20:34,2021-02-19 13:23:31,2020-02-19 14:44:30,2019-02-20 16:24:56,2018-02-22 16:39:45,2017-02-22 16:55:20,2016-02-25 11:26:51,2015-02-26 14:50:59,2014-02-27 14:31:09,2013-02-26 13:14:27,2012-02-27 14:25:06,2011-02-25 13:01:02,2010-02-25 17:17:49,2009-02-26 13:01:33,2008-02-29 09:41:47,2007-02-28 16:55:58,2006-03-06 17:08:36,2005-03-10 17:28:05,2003-12-31,2002-12-31,2001-12-31,2001-03-26 00:00:00,1999-12-31,1998-12-31,1997-12-31,1997-03-28 00:00:00,1995-12-31,1994-12-31
calendarYear,2021,2020,2019,2018,2017,2016,2015,2014,2013,2012,2011,2010,2009,2008,2007,2006,2005,2004,2003,2002,2001,2000,1999,1998,1997,1996,1995,1994
period,FY,FY,FY,FY,FY,FY,FY,FY,FY,FY,FY,FY,FY,FY,FY,FY,FY,FY,FY,FY,FY,FY,FY,FY,FY,FY,FY,FY
cashAndCashEquivalents,1295000000,595000000,511000000,589000000,1018000000,1033000000,1050000000,1881000000,1802000000,1302000000,3994000000,2073000000,1892000000,1144000000,905000000,1624000000,1641000000,2596000000,2363000000,1074000000,1224000000,1198000000,453000000,477000000,398000000,352000000,312000000,270000000
shortTermInvestments,245000000,4850000000,0.0,0.0,0.0,0.0,0.0,0.0,0.0,0.0,0.0,0.0,0.0,0.0,0.0,0.0,0.0,0.0,0.0,0.0,0.0,0.0,0.0,0.0,0.0,0.0,0.0,0.0
cashAndShortTermInvestments,1540000000,5445000000,511000000,589000000,1018000000,1033000000,1050000000,1881000000,1802000000,1302000000,3994000000,2073000000,1892000000,1144000000,905000000,1624000000,1641000000,2596000000,2363000000,1074000000,1224000000,1198000000,453000000,477000000,398000000,352000000,312000000,270000000
netReceivables,3610000000,3419000000,3673000000,3916000000,3287000000,3001000000,2675000000,3083000000,3756000000,3562000000,3486000000,3039000000,2695000000,3288000000,3152000000,2704000000,2926000000,2994000000,2894000000,2780000000,2650000000,3433000000,3227000000,2469000000,2404000000,2553000000,2571000000,2241000000
inventory,1814000000,2050000000,2208000000,2241000000,2313000000,2438000000,2228000000,2424000000,2825000000,2730000000,2320000000,2347000000,2179000000,2495000000,2071000000,1909000000,2434000000,2718000000,2983000000,2879000000,2733000000,3182000000,3203000000,2719000000,2760000000,2840000000,2784000000,2075000000
otherCurrentAssets,132000000,322000000,247000000,250000000,1659000000,497000000,524000000,571000000,642000000,1311000000,656000000,569000000,785000000,433000000,607000000,2400000000,408000000,1011000000,1097000000,1005000000,1705000000,2642000000,358000000,345000000,383000000,253000000,206000000,244000000
totalCurrentAssets,7096000000,11236000000,6639000000,6996000000,8277000000,6969000000,6477000000,7959000000,9025000000,8905000000,10456000000,8028000000,7551000000,7360000000,6735000000,8637000000,7409000000,9319000000,9337000000,7738000000,8312000000,10455000000,7241000000,6010000000,5945000000,5998000000,5873000000,4830000000
propertyPlantEquipmentNet,10806000000,12676000000,13438000000,13067000000,13265000000,13990000000,11980000000,12728000000,13672000000,13949000000,12477000000,12749000000,13445000000,14796000000,10141000000,8993000000,11801000000,13432000000,14275000000,14167000000,14461000000,16011000000,14381000000,12079000000,12369000000,13217000000,10997000000,9139000000
goodwill,3130000000,3315000000,3347000000,3374000000,3411000000,3364000000,3335000000,3773000000,3987000000,4315000000,2346000000,2308000000,2290000000,2027000000,3650000000,2929000000,5043000000,4994000000,5341000000,5307000000,6543000000,6310000000,2596000000,2625000000,2557000000,2748000000,1355000000,763000000
intangibleAssets,268000000,317000000,368000000,393000000,482000000,547000000,395000000,539000000,648000000,866000000,0.0,0.0,0.0,0.0,0.0,0.0,310000000,330000000,300000000,180000000,1000000.0,3000000.0,6000000.0,4000000.0,2557000000,2748000000,1355000000,763000000
goodwillAndIntangibleAssets,3398000000,3632000000,3715000000,3767000000,3893000000,3911000000,3730000000,4312000000,4635000000,5181000000,2346000000,2308000000,2290000000,2027000000,3650000000,2929000000,5353000000,5324000000,5641000000,5487000000,6544000000,6313000000,2602000000,2629000000,2557000000,2748000000,1355000000,763000000
longTermInvestments,3026000000,3435000000,8809000000,8718000000,7441000000,7393000000,7242000000,2393000000,2860000000,2995000000,632000000,1092000000,1077000000,1274000000,1276000000,641000000,625000000,679000000,773000000,227000000,0.0,0.0,0.0,0.0,0.0,0.0,0.0,0.0
taxAssets,0.0,0.0,0.0,0.0,0.0,0.0,0.0,0.0,0.0,0.0,0.0,0.0,0.0,0.0,0.0,0.0,0.0,0.0,0.0,0.0,0.0,0.0,0.0,0.0,0.0,0.0,0.0,0.0
otherNonCurrentAssets,917000000,739000000,870000000,1028000000,1027000000,1082000000,1158000000,1292000000,1336000000,1123000000,1082000000,1191000000,1185000000,1456000000,2357000000,2834000000,3583000000,5463000000,5499000000,6173000000,7841000000,9330000000,6044000000,5638000000,5883000000,6289000000,5752000000,3104000000
totalNonCurrentAssets,18147000000,20482000000,26832000000,26580000000,25626000000,26376000000,24110000000,20725000000,22503000000,23248000000,16537000000,17340000000,17997000000,19553000000,17424000000,15397000000,21362000000,24898000000,26188000000,26054000000,28846000000,31654000000,23027000000,20346000000,20809000000,22254000000,18104000000,13006000000
otherAssets,0.0,0.0,0.0,0.0,0.0,0.0,0.0,0.0,0.0,0.0,0.0,0.0,0.0,0.0,0.0,0.0,0.0,0.0,0.0,0.0,0.0,0.0,0.0,0.0,0.0,0.0,0.0,0.0
totalAssets,25243000000,31718000000,33471000000,33576000000,33903000000,33345000000,30587000000,28684000000,31528000000,32153000000,26993000000,25368000000,25548000000,26913000000,24159000000,24034000000,28771000000,34217000000,35525000000,33792000000,37158000000,42109000000,30268000000,26356000000,26754000000,28252000000,23977000000,17836000000
accountPayables,2606000000,2320000000,2423000000,2413000000,2458000000,2309000000,2078000000,2664000000,2900000000,2775000000,2500000000,2556000000,2058000000,2119000000,2145000000,1907000000,2085000000,2279000000,2294000000,2014000000,1719000000,2113000000,1870000000,1525000000,1338000000,1426000000,1464000000,1204000000
shortTermDebt,196000000,4249000000,4388000000,639000000,311000000,239000000,426000000,742000000,661000000,444000000,719000000,313000000,304000000,828000000,267000000,692000000,1181000000,506000000,2087000000,0.0,957000000,2115000000,920000000,1074000000,2212000000,3296000000,2283000000,2083000000
taxPayables,0.0,0.0,0.0,0.0,0.0,0.0,0.0,0.0,0.0,0.0,0.0,0.0,0.0,0.0,0.0,0.0,0.0,0.0,0.0,0.0,0.0,0.0,0.0,0.0,0.0,0.0,0.0,0.0
deferredRevenue,0.0,0.0,0.0,0.0,0.0,0.0,0.0,0.0,0.0,0.0,0.0,0.0,0.0,0.0,0.0,0.0,0.0,0.0,0.0,0.0,0.0,0.0,0.0,0.0,0.0,0.0,0.0,0.0
otherCurrentLiabilities,1342000000,1715000000,1835000000,1642000000,2333000000,1524000000,1420000000,1503000000,1566000000,1779000000,1519000000,1634000000,1650000000,1808000000,1430000000,2042000000,1578000000,2087000000,2422000000,2565000000,2698000000,3185000000,1592000000,1037000000,1330000000,1172000000,1116000000,747000000
totalCurrentLiabilities,4144000000,8284000000,8646000000,4694000000,5102000000,4072000000,3924000000,4909000000,5127000000,4998000000,4738000000,4503000000,4012000000,4755000000,3842000000,4641000000,4844000000,4872000000,6803000000,4579000000,5374000000,7413000000,4382000000,3636000000,4880000000,5894000000,4863000000,4034000000
longTermDebt,7718000000,10471000000,11682000000,16313000000,17137000000,17359000000,15177000000,10681000000,10870000000,11732000000,9189000000,8358000000,8729000000,11246000000,6353000000,6531000000,11023000000,14132000000,13450000000,14847000000,14262000000,14453000000,9325000000,8212000000,7604000000,7141000000,6396000000,4464000000
deferredRevenueNonCurrent,0.0,0.0,0.0,0.0,0.0,0.0,0.0,0.0,0.0,0.0,0.0,0.0,0.0,0.0,0.0,0.0,0.0,0.0,0.0,0.0,0.0,0.0,0.0,0.0,0.0,0.0,0.0,0.0
deferredTaxLiabilitiesNonCurrent,2618000000,2743000000,2633000000,2600000000,2291000000,3376000000,3231000000,3063000000,3765000000,3026000000,2497000000,2793000000,2425000000,1957000000,2919000000,2233000000,726000000,1697000000,1598000000,1765000000,3977000000,4699000000,3344000000,2860000000,2681000000,2768000000,1974000000,1612000000
otherNonCurrentLiabilities,1681000000,2352000000,2792000000,2586000000,2832000000,4179000000,4346000000,4768000000,3482000000,5761000000,3609000000,2630000000,4127000000,4554000000,2145000000,2453000000,3616000000,3714000000,3637000000,3778000000,1980000000,2155000000,1332000000,1138000000,1236000000,1240000000,980000000,0.0
totalNonCurrentLiabilities,12017000000,15566000000,17107000000,21499000000,22260000000,24914000000,22754000000,18512000000,18117000000,20519000000,15295000000,13781000000,15281000000,17757000000,11417000000,11217000000,15365000000,19543000000,18685000000,20390000000,20219000000,21307000000,14001000000,12210000000,11521000000,11149000000,9350000000,6076000000
otherLiabilities,0.0,0.0,0.0,0.0,0.0,0.0,0.0,0.0,0.0,0.0,0.0,0.0,0.0,0.0,0.0,0.0,0.0,0.0,0.0,0.0,0.0,0.0,0.0,0.0,0.0,0.0,0.0,0.0
capitalLeaseObligations,236000000,315000000,304000000,0.0,0.0,0.0,0.0,0.0,0.0,0.0,0.0,0.0,0.0,0.0,0.0,0.0,0.0,0.0,0.0,0.0,0,0,0,0,0,0,0,0
totalLiabilities,16161000000,23850000000,25753000000,26193000000,27362000000,28986000000,26678000000,23421000000,23244000000,25517000000,20033000000,18284000000,19293000000,22512000000,15259000000,15858000000,20209000000,24415000000,25488000000,24969000000,25593000000,28720000000,18383000000,15846000000,16401000000,17043000000,14213000000,10110000000
preferredStock,0,0.0,0.0,0.0,0.0,0.0,0.0,0.0,0.0,0.0,0.0,0.0,0.0,0.0,0.0,0.0,0.0,0.0,0.0,0.0,0,0,0,0,0,0,0,0
commonStock,449000000,449000000,449000000,449000000,449000000,449000000,449000000,449000000,447000000,440000000,439000000,439000000,437000000,434000000,494000000,493000000,491000000,487000000,485000000,485000000,484000000,484000000,415000000,308000000,303000000,301000000,263000000,128000000
retainedEarnings,9029000000,8070000000,8408000000,7465000000,6180000000,4818000000,4649000000,4409000000,4446000000,3662000000,3330000000,2416000000,1949000000,1430000000,4375000000,3737000000,3172000000,2562000000,3082000000,3260000000,4622000000,6308000000,6613000000,5116000000,5186000000,5639000000,5627000000,4711000000
accumulatedOtherComprehensiveIncomeLoss,-1666000000,-4342000000,-4739000000,-4500000000,-4633000000,-5362000000,-5708000000,-4646000000,-2759000000,-3840000000,-3005000000,-1822000000,-2077000000,-3322000000,-471000000,-1564000000,-1935000000,-1357000000,-1690000000,-2645000000,-15461000000,-14043000000,-15146000000,-10567000000,-9958000000,-9514000000,-8416000000,-7051000000
othertotalStockholdersEquity,0.0,3677000000,3595000000,3948000000,4526000000,4436000000,4494000000,4903000000,5971000000,6042000000,5856000000,5801000000,5714000000,5627000000,4274000000,5297000000,6623000000,6562000000,6360000000,6274000000,21920000000,20640000000,20003000000,15653000000,14822000000,14783000000,12290000000,9938000000
totalStockholdersEquity,9082000000,7854000000,7713000000,7362000000,6522000000,4341000000,3884000000,5115000000,8105000000,6304000000,6620000000,6834000000,6023000000,4169000000,8672000000,7963000000,8351000000,8254000000,8237000000,7374000000,11565000000,13389000000,11885000000,10510000000,10353000000,11209000000,9764000000,7726000000
totalLiabilitiesAndStockholdersEquity,25243000000,31704000000,33466000000,33555000000,33884000000,33327000000,30562000000,28536000000,31349000000,31821000000,26653000000,25118000000,25316000000,26681000000,23931000000,23821000000,28560000000,32669000000,33725000000,32343000000,37158000000,42109000000,30268000000,26356000000,26754000000,28252000000,23977000000,17836000000
minorityInterest,0,14000000,5000000,21000000,19000000,18000000,25000000,148000000,179000000,332000000,340000000,250000000,232000000,232000000,228000000,213000000,211000000,1548000000,1800000000,1449000000,0,0,0,0,0,0,0,0
totalEquity,9082000000,7868000000,7718000000,7383000000,6541000000,4359000000,3909000000,5263000000,8284000000,6636000000,6960000000,7084000000,6255000000,4401000000,8900000000,8176000000,8562000000,9802000000,10037000000,8823000000,11565000000,13389000000,11885000000,10510000000,10353000000,11209000000,9764000000,7726000000
totalLiabilitiesAndTotalEquity,25243000000,31718000000,33471000000,33576000000,33903000000,33345000000,30587000000,28684000000,31528000000,32153000000,26993000000,25368000000,25548000000,26913000000,24159000000,24034000000,28771000000,34217000000,35525000000,33792000000,37158000000,42109000000,30268000000,26356000000,26754000000,28252000000,23977000000,17836000000
totalInvestments,3271000000,8285000000,0.0,0.0,0.0,0.0,0.0,0.0,0.0,0.0,0.0,0.0,0.0,0.0,0.0,0.0,0.0,0.0,0.0,0.0,0.0,0.0,0.0,0.0,0.0,0.0,0.0,0.0
totalDebt,7914000000,14720000000,16070000000,16952000000,17448000000,17598000000,15603000000,11423000000,11531000000,12176000000,9908000000,8671000000,9033000000,12074000000,6620000000,7223000000,12204000000,14638000000,15537000000,14847000000,15219000000,16568000000,10245000000,9286000000,9816000000,10437000000,8679000000,6547000000
netDebt,6619000000,14125000000,15559000000,16363000000,16430000000,16565000000,14553000000,9542000000,9729000000,10874000000,5914000000,6598000000,7141000000,10930000000,5715000000,5599000000,10563000000,12042000000,13174000000,13773000000,13995000000,15370000000,9792000000,8809000000,9418000000,10085000000,8367000000,6277000000
link,https://www.sec.gov/Archives/edgar/data/51434/000005143422000016/0000051434-22-000016-index.htm,https://www.sec.gov/Archives/edgar/data/51434/000005143421000012/0000051434-21-000012-index.htm,https://www.sec.gov/Archives/edgar/data/51434/000005143420000011/0000051434-20-000011-index.html,https://www.sec.gov/Archives/edgar/data/51434/000005143419000007/0000051434-19-000007-index.html,https://www.sec.gov/Archives/edgar/data/51434/000005143418000008/0000051434-18-000008-index.html,https://www.sec.gov/Archives/edgar/data/51434/000005143417000007/0000051434-17-000007-index.html,https://www.sec.gov/Archives/edgar/data/51434/000005143416000042/0000051434-16-000042-index.html,https://www.sec.gov/Archives/edgar/data/51434/000005143415000009/ip10-k123114.htm,https://www.sec.gov/Archives/edgar/data/51434/000005143414000003/ip10-k123113.htm,https://www.sec.gov/Archives/edgar/data/51434/000005143413000004/0000051434-13-000004-index.html,https://www.sec.gov/Archives/edgar/data/51434/000119312512081097/0001193125-12-081097-index.html,https://www.sec.gov/Archives/edgar/data/51434/000119312511046928/d10k.htm,https://www.sec.gov/Archives/edgar/data/51434/000119312510040916/0001193125-10-040916-index.html,https://www.sec.gov/Archives/edgar/data/51434/000119312509038657/0001193125-09-038657-index.html,https://www.sec.gov/Archives/edgar/data/51434/000119312508042850/d10k.htm,https://www.sec.gov/Archives/edgar/data/51434/000119312507042746/d10k.htm,https://www.sec.gov/Archives/edgar/data/51434/000119312506046215/d10k.htm,https://www.sec.gov/Archives/edgar/data/51434/000095011705000925/a39372.htm,,,,https://www.sec.gov/Archives/edgar/data/51434/000095011701000558/0000950117-01-000558-index.html,,,,https://www.sec.gov/Archives/edgar/data/51434/000091205797010800/0000912057-97-010800-index.html,,
finalLink,https://www.sec.gov/Archives/edgar/data/51434/000005143422000016/ip-20211231.htm,https://www.sec.gov/Archives/edgar/data/51434/000005143421000012/ip-20201231.htm,https://www.sec.gov/Archives/edgar/data/51434/000005143420000011/a10-k123119.htm,https://www.sec.gov/Archives/edgar/data/51434/000005143419000007/a10-k123118.htm,https://www.sec.gov/Archives/edgar/data/51434/000005143418000008/ip10-k123117.htm,https://www.sec.gov/Archives/edgar/data/51434/000005143417000007/ip10-k123116.htm,https://www.sec.gov/Archives/edgar/data/51434/000005143416000042/ip10-k123115.htm,https://www.sec.gov/Archives/edgar/data/51434/000005143415000009/ip10-k123114.htm,https://www.sec.gov/Archives/edgar/data/51434/000005143414000003/ip10-k123113.htm,https://www.sec.gov/Archives/edgar/data/51434/000005143413000004/ip10-k123112.htm,https://www.sec.gov/Archives/edgar/data/51434/000119312512081097/d263096d10k.htm,https://www.sec.gov/Archives/edgar/data/51434/000119312511046928/d10k.htm,https://www.sec.gov/Archives/edgar/data/51434/000119312510040916/d10k.htm,https://www.sec.gov/Archives/edgar/data/51434/000119312509038657/d10k.htm,https://www.sec.gov/Archives/edgar/data/51434/000119312508042850/d10k.htm,https://www.sec.gov/Archives/edgar/data/51434/000119312507042746/d10k.htm,https://www.sec.gov/Archives/edgar/data/51434/000119312506046215/d10k.htm,https://www.sec.gov/Archives/edgar/data/51434/000095011705000925/a39372.htm,,,,https://www.sec.gov/Archives/edgar/data/51434/000095011701000558/0000950117-01-000558-0001.txt,,,,https://www.sec.gov/Archives/edgar/data/51434/0000912057-97-010800.txt,,
