,2021,2020,2019,2018,2017,2016,2015,2014,2013,2012,2011,2010,2009,2008,2007,2006,2005,2004,2003,2002,2001,2000,1999,1998,1997,1996,1995,1994,1993,1992,1991,1990,1989
reportedCurrency,USD,USD,USD,USD,USD,USD,USD,USD,USD,USD,USD,USD,USD,USD,USD,USD,USD,USD,USD,USD,USD,USD,USD,USD,USD,USD,USD,USD,USD,USD,USD,USD,USD
cik,0000016732,0000016732,0000016732,0000016732,0000016732,0000016732,0000016732,0000016732,0000016732,0000016732,0000016732,0000016732,0000016732,0000016732,0000016732,0000016732,0000016732,0000016732,0000016732,0000016732,0000016732,0000016732,0000016732,0000016732,0000016732,0000016732,0000016732,0000016732,0000016732,0000016732,0000016732,0000016732,0000016732
fillingDate,2021-09-23,2020-09-24,2019-09-26,2018-09-27,2017-09-27,2016-09-22,2015-09-29,2014-09-24,2013-09-26,2012-09-27,2011-09-28,2010-09-29,2009-09-30,2008-10-01,2007-09-26,2006-10-11,2005-10-11,2004-10-12,2003-10-09,2002-10-11,2001-07-29,2000-07-30,1999-08-01,1998-08-02,1997-08-03,1996-07-28,1995-10-06,1994-10-07,1993-07-31,1992-07-31,1991-07-31,1990-07-31,1989-07-31
acceptedDate,2021-09-23 07:58:14,2020-09-24 07:47:14,2019-09-26 09:01:36,2018-09-27 08:32:50,2017-09-27 16:56:36,2016-09-22 08:31:16,2015-09-29 07:40:33,2014-09-24 08:34:06,2013-09-26 07:43:24,2012-09-27 09:03:28,2011-09-28 09:01:38,2010-09-29 16:34:19,2009-09-30 09:22:11,2008-10-01 08:44:56,2007-09-26 16:47:33,2006-10-11 16:15:50,2005-10-11 16:47:56,2004-10-12 10:35:17,2003-10-09 16:34:51,2002-10-11 12:57:43,2001-07-29,2000-07-30,1999-08-01,1998-08-02,1997-08-03,1996-07-28,1995-10-06 00:00:00,1994-10-07 00:00:00,1993-07-31,1992-07-31,1991-07-31,1990-07-31,1989-07-31
calendarYear,2021,2020,2019,2018,2017,2016,2015,2014,2013,2012,2011,2010,2009,2008,2007,2006,2005,2004,2003,2002,2001,2000,1999,1998,1997,1996,1995,1994,1993,1992,1991,1990,1989
period,FY,FY,FY,FY,FY,FY,FY,FY,FY,FY,FY,FY,FY,FY,FY,FY,FY,FY,FY,FY,FY,FY,FY,FY,FY,FY,FY,FY,FY,FY,FY,FY,FY
netIncome,1002000000,1628000000,211000000,261000000,887000000,563000000,666000000,818000000,458000000,774000000,805000000,844000000,736000000,1165000000,854000000,766000000,707000000,647000000,595000000,525000000,649000000,714000000,724000000,660000000,713000000,802000000,698000000,630000000,8200000.0,490500000,401500000,4400000.0,13100000
depreciationAndAmortization,317000000,328000000,446000000,394000000,318000000,308000000,303000000,305000000,407000000,262000000,268000000,251000000,264000000,294000000,283000000,289000000,279000000,260000000,243000000,319000000,266000000,251000000,255000000,261000000,328000000,326000000,294000000,255000000,242200000,216200000,208600000,200900000,192300000
deferredIncomeTax,137000000,-6000000.0,14000000,-133000000,93000000,-30000000,-33000000,11000000,-171000000,45000000,46000000,54000000,144000000,29000000,10000000,29000000,47000000,51000000,72000000,5000000.0,4000000.0,17000000,78000000,-21000000,-24000000,32000000,40000000,34000000,-48000000,34400000,35500000,3900000.0,-67800000
stockBasedCompensation,64000000,61000000,58000000,61000000,60000000,64000000,57000000,57000000,113000000,79000000,87000000,88000000,84000000,0.0,0.0,0.0,0.0,0.0,0.0,0.0,0.0,0.0,0.0,0.0,0.0,0.0,0.0,0.0,0.0,0.0,0.0,0.0,0.0
changeInWorkingCapital,571000000,728000000,-120000000,-803000000,152000000,66000000,176000000,172000000,-762000000,-273000000,352000000,-301000000,633000000,-258000000,398000000,-360000000,368000000,635000000,-14000000,420000000,-35000000,-12000000,-489000000,35000000,-787000000,-28000000,-519000000,100300000,-366200000,-38600000,-126900000,-2000000.0,-155800000
accountsReceivables,-20000000,-30000000,-11000000,56000000,28000000,24000000,12000000,-38000000,-48000000,-18000000,-15000000,21000000,27000000,0.0,0.0,0.0,0.0,0.0,0.0,0.0,0.0,0.0,0.0,0.0,0.0,0.0,0.0,0.0,0.0,0.0,0.0,0.0,0.0
inventory,-77000000,-20000000,36000000,-84000000,46000000,59000000,-14000000,-56000000,-146000000,32000000,-14000000,105000000,-14000000,-91000000,-29000000,-2000000.0,6000000.0,-67000000,-33000000,-30000000,-1000000.0,23000000,-58000000,-29000000,-31000000,-27000000,63000000,18000000,-90200000,7100000.0,48700000,10700000,-113200000
accountsPayables,0.0,0.0,0.0,0.0,0.0,0.0,0.0,0.0,0.0,0.0,0.0,0.0,0.0,0.0,0.0,0.0,0.0,0.0,0.0,0.0,0.0,0.0,0.0,0.0,0.0,0.0,0.0,0.0,0.0,0.0,0.0,0.0,0.0
otherWorkingCapital,-119000000,-690000000,-1418000000,-1298000000,-495000000,-647000000,-713000000,-889000000,-1061000000,-299000000,-26000000,-378000000,-77000000,-710000000,-452000000,-850000000,-490000000,-858000000,-1493000000,-1479000000,-1899000000,-1864000000,-1852000000,-1363000000,-1398000000,-611000000,-583000000,-64000000,-164300000,201900000,240500000,367400000,369400000
otherNonCashItems,-1056000000,-1343000000,789000000,1525000000,-219000000,492000000,13000000,-464000000,974000000,233000000,-416000000,121000000,-695000000,-464000000,-871000000,502000000,-411000000,-849000000,-23000000,-252000000,222000000,195000000,364000000,478000000,957000000,81000000,672000000,-51300000,816200000,41800000,286500000,241200000,375500000
netCashProvidedByOperatingActivities,1035000000,1396000000,1398000000,1305000000,1291000000,1463000000,1182000000,899000000,1019000000,1120000000,1142000000,1057000000,1166000000,766000000,674000000,1226000000,990000000,744000000,873000000,1017000000,1106000000,1165000000,932000000,1413000000,1187000000,1213000000,1185000000,968000000,652400000,744300000,805200000,448400000,357300000
investmentsInPropertyPlantAndEquipment,-275000000,-299000000,-384000000,-407000000,-338000000,-341000000,-380000000,-347000000,-336000000,-323000000,-272000000,-315000000,-345000000,-298000000,-334000000,-309000000,-332000000,-288000000,-283000000,-269000000,-200000000,-200000000,-297000000,-256000000,-331000000,-416000000,-391000000,-421000000,-366300000,-336500000,-361100000,-387600000,-284100000
acquisitionsNet,109000000,2537000000,523000000,-6771000000,0.0,0.0,-232000000,191000000,-1806000000,0.0,0.0,0.0,-28000000,819000000,906000000,0.0,0.0,-9000000.0,-177000000,-15000000,-911000000,0.0,-105000000,-478000000,-228000000,-186000000,-1255000000,0.0,0.0,0.0,0.0,0.0,0.0
purchasesOfInvestments,0.0,0.0,0.0,0.0,0.0,0.0,0.0,0.0,0.0,0.0,0.0,0.0,0.0,0.0,0.0,0.0,0.0,0.0,-4000000.0,0.0,0.0,0.0,0.0,0.0,0.0,0.0,0.0,0.0,0.0,0.0,0.0,-4900000.0,-29900000
salesMaturitiesOfInvestments,0.0,30000000,0.0,0.0,0.0,0.0,0.0,0.0,0.0,0.0,0.0,0.0,0.0,0.0,0.0,0.0,0.0,0.0,0.0,0.0,0.0,0.0,0.0,0.0,0.0,0.0,0.0,0.0,0.0,7200000.0,9700000.0,8600000.0,38900000
otherInvestingActivites,8000000.0,4000000.0,14000000,-19000000,-30000000,-13000000,9000000.0,22000000,-12000000,0.0,11000000,15000000,-5000000.0,10000000,31000000,15000000,18000000,22000000,32000000,-4000000.0,-11000000,-4000000.0,80000000,343000000,261000000,-7000000.0,-12000000,12000000,-235000000,-57700000,-127300000,-3600000.0,-198100000
netCashUsedForInvestingActivites,-158000000,2272000000,153000000,-7197000000,-368000000,-354000000,-603000000,-134000000,-2154000000,-323000000,-261000000,-300000000,-378000000,531000000,603000000,-294000000,-314000000,-275000000,-432000000,-288000000,-1122000000,-204000000,-322000000,-391000000,-298000000,-609000000,-1658000000,-409000000,-601300000,-387000000,-478700000,-387500000,-473200000
debtRepayment,-1501000000,-7408000000,-6998000000,-10007000000,-490000000,0.0,-309000000,-702000000,-400000000,0.0,-700000000,0.0,-300000000,0.0,0.0,0.0,0.0,0.0,0.0,0.0,0.0,0.0,0.0,0.0,0.0,0.0,0.0,0.0,0.0,0.0,0.0,0.0,0.0
commonStockIssued,2000000.0,23000000,0.0,0.0,2000000.0,2000000.0,9000000.0,18000000,83000000,112000000,96000000,139000000,72000000,47000000,165000000,236000000,71000000,25000000,17000000,14000000,24000000,20000000,57000000,102000000,106000000,64000000,37000000,16000000,35500000,19200000,47700000,0.0,0.0
commonStockRepurchased,-36000000,0.0,0.0,-86000000,-437000000,-143000000,-244000000,-76000000,-153000000,-412000000,-728000000,-472000000,-527000000,-903000000,-1140000000,-506000000,-110000000,-56000000,-24000000,-5000000.0,-618000000,-394000000,-1026000000,-669000000,-1696000000,-244000000,-24000000,-145000000,-42300000,-149600000,-175600000,-28700000,0.0
dividendsPaid,-439000000,-426000000,-423000000,-426000000,-420000000,-390000000,-394000000,-391000000,-367000000,-373000000,-378000000,-365000000,-350000000,-329000000,-308000000,-292000000,-275000000,-259000000,-259000000,-286000000,-374000000,-384000000,-386000000,-367000000,-350000000,-338000000,-295000000,-266000000,-216400000,-166400000,-137500000,-124300000,-86700000
otherFinancingActivites,305000000,4824000000,5830000000,16326000000,434000000,-540000000,412000000,226000000,2074000000,-247000000,1010000000,142000000,291000000,-115000000,-580000000,244000000,-354000000,-185000000,-166000000,-449000000,983000000,-185000000,741000000,-71000000,1030000000,-113000000,708000000,-139000000,126000000,-132700000,45800000,51200000,249800000
netCashUsedProvidedByFinancingActivities,-1669000000,-2987000000,-1591000000,5807000000,-911000000,-1071000000,-526000000,-925000000,1237000000,-920000000,-700000000,-556000000,-814000000,-1300000000,-1863000000,-318000000,-668000000,-475000000,-432000000,-726000000,15000000,-943000000,-614000000,-1005000000,-910000000,-631000000,426000000,-534000000,-97200000,-429500000,-219600000,-101800000,163100000
effectOfForexChangesOnCash,2000000.0,-1000000.0,-7000000.0,-8000000.0,11000000,5000000.0,-32000000,-9000000.0,-36000000,-26000000,49000000,2000000.0,-4000000.0,13000000,0.0,3000000.0,0.0,6000000.0,2000000.0,-6000000.0,-2000000.0,3000000.0,-6000000.0,-18000000,13000000,8000000.0,4000000.0,6000000.0,-3400000.0,5400000.0,-8700000.0,700000.0,-12100000
netChangeInCash,-790000000,828000000,-18000000,-93000000,23000000,43000000,21000000,-101000000,-2000000.0,-149000000,230000000,203000000,-30000000,10000000,-586000000,617000000,8000000.0,0.0,11000000,-3000000.0,-3000000.0,21000000,-10000000,-1000000.0,-8000000.0,-19000000,-43000000,-534000000,-97200000,-429500000,-219600000,-101800000,163100000
cashAtEndOfPeriod,69000000,859000000,31000000,226000000,319000000,296000000,253000000,232000000,333000000,335000000,484000000,254000000,51000000,81000000,71000000,657000000,40000000,32000000,32000000,21000000,24000000,27000000,6000000.0,16000000,26000000,34000000,53000000,0.0,0.0,0.0,0.0,0.0,0.0
cashAtBeginningOfPeriod,859000000,31000000,49000000,319000000,296000000,253000000,232000000,333000000,335000000,484000000,254000000,51000000,81000000,71000000,657000000,40000000,32000000,32000000,21000000,24000000,27000000,6000000.0,16000000,17000000,34000000,53000000,96000000,63000000,112100000,178900000,80700000,120900000,112000000
operatingCashFlow,1035000000,1396000000,1398000000,1305000000,1291000000,1463000000,1182000000,899000000,1019000000,1120000000,1142000000,1057000000,1166000000,766000000,674000000,1226000000,990000000,744000000,873000000,1017000000,1106000000,1165000000,932000000,1413000000,1187000000,1213000000,1185000000,968000000,652400000,744300000,805200000,448400000,357300000
capitalExpenditure,-275000000,-299000000,-384000000,-407000000,-338000000,-341000000,-380000000,-347000000,-336000000,-323000000,-272000000,-315000000,-345000000,-298000000,-334000000,-309000000,-332000000,-288000000,-283000000,-269000000,-200000000,-200000000,-297000000,-256000000,-331000000,-416000000,-391000000,-421000000,-366300000,-336500000,-361100000,-387600000,-284100000
freeCashFlow,760000000,1097000000,1014000000,898000000,953000000,1122000000,802000000,552000000,683000000,797000000,870000000,742000000,821000000,468000000,340000000,917000000,658000000,456000000,590000000,748000000,906000000,965000000,635000000,1157000000,856000000,797000000,794000000,547000000,286100000,407800000,444100000,60800000,73200000
link,https://www.sec.gov/Archives/edgar/data/16732/000001673221000103/0000016732-21-000103-index.htm,https://www.sec.gov/Archives/edgar/data/16732/000001673220000111/0000016732-20-000111-index.htm,https://www.sec.gov/Archives/edgar/data/16732/000001673219000070/0000016732-19-000070-index.html,https://www.sec.gov/Archives/edgar/data/16732/000001673218000062/0000016732-18-000062-index.html,https://www.sec.gov/Archives/edgar/data/16732/000001673217000058/0000016732-17-000058-index.html,https://www.sec.gov/Archives/edgar/data/16732/000001673216000146/cpb-7312016x10xk.htm,https://www.sec.gov/Archives/edgar/data/16732/000001673215000034/0000016732-15-000034-index.html,https://www.sec.gov/Archives/edgar/data/16732/000001673214000023/0000016732-14-000023-index.html,https://www.sec.gov/Archives/edgar/data/16732/000001673213000023/0000016732-13-000023-index.html,https://www.sec.gov/Archives/edgar/data/16732/000001673212000024/0000016732-12-000024-index.html,https://www.sec.gov/Archives/edgar/data/16732/000095012311087197/0000950123-11-087197-index.html,https://www.sec.gov/Archives/edgar/data/16732/000095012310090083/0000950123-10-090083-index.html,https://www.sec.gov/Archives/edgar/data/16732/000095012309047208/0000950123-09-047208-index.html,https://www.sec.gov/Archives/edgar/data/16732/000089322008002633/0000893220-08-002633-index.html,https://www.sec.gov/Archives/edgar/data/16732/000089322007003194/0000893220-07-003194-index.html,https://www.sec.gov/Archives/edgar/data/16732/000089322006002166/w23178e10vk.htm,https://www.sec.gov/Archives/edgar/data/16732/000089322005002271/w12996e10vk.htm,https://www.sec.gov/Archives/edgar/data/16732/000089322004002108/w99443e10vk.htm,https://www.sec.gov/Archives/edgar/data/16732/000089322003001648/w90322e10vk.htm,https://www.sec.gov/Archives/edgar/data/16732/000089322002001206/0000893220-02-001206-index.html,,,,,,,https://www.sec.gov/Archives/edgar/data/16732/000089322095000638/0000893220-95-000638-index.html,https://www.sec.gov/Archives/edgar/data/16732/000089322094000416/0000893220-94-000416-index.html,,,,,
finalLink,https://www.sec.gov/Archives/edgar/data/16732/000001673221000103/cpb-20210801.htm,https://www.sec.gov/Archives/edgar/data/16732/000001673220000111/cpb-20200802.htm,https://www.sec.gov/Archives/edgar/data/16732/000001673219000070/cpb-7282019x10xk.htm,https://www.sec.gov/Archives/edgar/data/16732/000001673218000062/cpb-7292018x10xk.htm,https://www.sec.gov/Archives/edgar/data/16732/000001673217000058/cpb-7302017x10xk.htm,https://www.sec.gov/Archives/edgar/data/16732/000001673216000146/cpb-7312016x10xk.htm,https://www.sec.gov/Archives/edgar/data/16732/000001673215000034/cpb-822015x10k.htm,https://www.sec.gov/Archives/edgar/data/16732/000001673214000023/cpb-832014x10k.htm,https://www.sec.gov/Archives/edgar/data/16732/000001673213000023/cpb-7282013x10k.htm,https://www.sec.gov/Archives/edgar/data/16732/000001673212000024/cpb-07292012x10k.htm,https://www.sec.gov/Archives/edgar/data/16732/000095012311087197/w83891e10vk.htm,https://www.sec.gov/Archives/edgar/data/16732/000095012310090083/w79425e10vk.htm,https://www.sec.gov/Archives/edgar/data/16732/000095012309047208/w75715e10vk.htm,https://www.sec.gov/Archives/edgar/data/16732/000089322008002633/w64216e10vk.htm,https://www.sec.gov/Archives/edgar/data/16732/000089322007003194/w39657e10vk.htm,https://www.sec.gov/Archives/edgar/data/16732/000089322006002166/w23178e10vk.htm,https://www.sec.gov/Archives/edgar/data/16732/000089322005002271/w12996e10vk.htm,https://www.sec.gov/Archives/edgar/data/16732/000089322004002108/w99443e10vk.htm,https://www.sec.gov/Archives/edgar/data/16732/000089322003001648/w90322e10vk.htm,https://www.sec.gov/Archives/edgar/data/16732/000089322002001206/w64292e10vk.htm,,,,,,,https://www.sec.gov/Archives/edgar/data/16732/0000893220-95-000638.txt,https://www.sec.gov/Archives/edgar/data/16732/0000893220-94-000416.txt,,,,,
