,2021,2020,2019,2018,2017,2016,2015,2014,2013,2012,2011,2010,2009,2008,2007,2006,2005,2004,2003,2002,2001,2000
period,FY,FY,FY,FY,FY,FY,FY,FY,FY,FY,FY,FY,FY,FY,FY,FY,FY,FY,FY,FY,FY,FY
revenuePerShare,16.00364354261111,12.417094017094017,12.936164067013287,10.91820580474934,9.337212772306774,7.84566289527125,7.141060197663971,6.418849744052996,6.275065911601328,6.082635399218314,4.9810090702947845,4.005102040816326,3.052575997586181,2.5005330200947147,1.7646550888601058,1.1271772630076247,0.7202674017045274,0.45773767713042934,0.4311398929616148,0.43899525176611137,0.3206167496548622,0.24863188957994808
netIncomePerShare,4.777466381102765,3.021652421652422,3.9841132293471984,3.3066549399003224,1.9695613249776187,2.134899912967798,1.763402216232405,1.2610659439927732,1.8588888908588987,1.8330541596873255,1.403344671201814,1.0821995464852607,0.6748423184268398,0.5839356603304439,0.4245107627783211,0.21789718509646647,0.2982416120140671,0.07742458868805588,-0.04525616787531627,-0.11228140752524976,-0.10361890579676424,-0.17297958573803254
operatingCashFlowPerShare,5.855941720448267,4.230199430199431,4.616406701328712,3.428906479038405,3.4136078782453,3.025529445894981,2.3117699910152743,2.002710027100271,2.4378870699788835,2.273031825795645,1.9206349206349207,1.4965986394557824,1.1171311527727006,0.7952002469326337,0.604110679366422,0.301981350923834,0.2242720907391566,0.09997130956974248,-0.03693670814639239,-0.0862362170168413,-0.11511626103277646,-0.1195719168487701
freeCashFlowPerShare,4.865190596595265,3.2572649572649572,3.3870595031773543,2.8795074758135444,2.844524022679797,2.8691615897882214,2.069182389937107,1.6847335140018067,2.1481109477973024,1.8771635957565607,1.685657596371882,1.2244897959183674,0.962159323666452,0.4923276544543618,0.5336011912628973,0.24737700108579602,0.12905300510090928,0.025973083759567597,-0.04881157293753586,-0.12151577766806249,-0.1494097755440768,-0.15277077379951812
cashPerShare,11.85790362067798,14.733618233618234,9.305892547660312,8.980064497214894,5.850790808713817,7.41108210037714,4.671458520515125,3.711231556760012,3.888152843994731,3.6973757677275265,2.917233560090703,2.580498866213152,1.6114418507493864,1.2900200918566533,1.2554871225538138,0.7251030598881539,0.40929886259227577,0.4354283942922533,0.5311897438791539,0.30987864269997134,0.4136131664262336,0.8352570926953176
bookValuePerShare,33.355100990345015,27.725071225071225,23.87001733102253,19.580181764878336,14.10086541330946,16.761821874093414,12.936507936507937,10.175850647395363,9.700020212300071,9.99469570072585,7.498866213151928,5.774943310657596,4.460003713567868,3.6204382482644695,2.610069930891479,1.7835636491215336,1.4022463010486963,1.038567193317438,1.3119115475417855,0.38814831068931677,0.48578652643988396,0.8472945966642387
tangibleBookValuePerShare,32.3357624224657,26.623931623931625,22.719237435008665,18.704778657285253,13.427931960608774,16.08703220191471,12.185384845762204,9.356519120746762,9.058689693322671,9.320491345616974,6.966269841269841,5.2562358276643995,3.9755861924904696,3.143252365723235,2.215878218627287,1.4083621417099927,0.9904001520767988,0.5453786971906462,0.6008540496816125,0.37249559615021244,0.46526129647726744,0.8472945966642387
shareholdersEquityPerShare,33.355100990345015,27.725071225071225,23.87001733102253,19.580181764878336,14.10086541330946,16.761821874093414,12.936507936507937,10.175850647395363,9.700020212300071,9.99469570072585,7.498866213151928,5.774943310657596,4.460003713567868,3.6204382482644695,2.610069930891479,1.7835636491215336,1.4022463010486963,1.038567193317438,1.3119115475417855,0.38814831068931677,0.48578652643988396,0.8472945966642387
interestDebtPerShare,0,0,0,0,0,0,0,0,0,0,0,0,0,0,0,0,0,0.002008330118026494,0.0081125313919693,0.020413139015366236,0.014903749205019622,0.036233914196597
marketCap,96974671728.21,87473879883,65874935653.8,57814175545.200005,47789725877.7,26431979995.8,20065534851.600002,18246312258.3,16698795879.97184,22805400477.600002,17895584196,12854856470.4,12564041841.702,4013272710,8890284962.169,3607573363.263,4768818635.07,1296843671.079,420070374.504,235154045.313,305143746.2775,185906238.102
enterpriseValue,95683771728.21,85851279883,64707335653.8,56956275545.200005,47141525877.7,25395379995.8,19350934851.600002,17646012258.3,15916695879.97184,22251700477.600002,17429784196,12575056470.4,12342604841.702,3818649710,8767459962.169,3573183363.263,4763310635.07,1291681671.079,410460374.504,220896045.313,297058746.2775,167129238.102
peRatio,56.889986934301305,82.47584375165,47.7596865466541,51.25824589520348,72.40867557227273,35.91789644761516,34.078693701766305,43.56808084598854,24.886432011880533,34.732562408772466,36.14539324580893,33.66908452173913,54.01426378383188,19.6425749944938,61.50871376996202,50.07458446592361,50.65989584071642,55.236547877970864,-43.65274597360491,-12.76554178996797,-18.27208061541916,-10.036508022566538
priceToSalesRatio,16.983007605507787,20.07018169121696,14.709151647605225,15.523918034799422,15.273650764709641,9.773694718162993,8.415339226472069,8.559512247642726,7.372211328405739,10.466954505966587,10.183568085130599,9.097562965605096,11.941098609444499,4.587022010037501,14.796722127079631,9.680031134487312,20.97677746382039,9.343052175233964,4.582169342830651,3.2650307588375775,5.905284118930582,6.982656178710937
pocfratio,46.41268868010434,58.91290401602909,41.21820526454761,49.430724645348846,41.77788782035143,25.344692679835074,25.99499268247182,27.433938142083896,18.97590440905891,28.009580542372884,26.410248223140496,24.34631907272727,32.6292135972835,14.424039786511402,43.2223959811218,36.131737826260704,67.36856534490796,42.77894346293913,-53.48489616806723,-16.621009705470737,-16.447137728534468,-14.519387543111527
pfcfRatio,55.86420400265569,76.50999727368145,56.17852264523282,58.86191767990226,50.136095129773395,26.725965617593527,29.042603635258363,32.61181815603217,21.535718184126697,33.91641950862582,30.091784422397847,29.7566122,37.88469342176885,23.29749283068814,48.93375694720938,44.10721672632686,117.07506530503522,164.65765249860334,-40.47310670623374,-11.79544769828451,-12.672082486607142,-11.364156617274894
pbRatio,8.14837886650898,8.988735537481375,7.97150652893342,8.656371735221896,10.113799601646491,4.5747481733185635,4.6453373889570555,5.399275687488903,4.769176866388256,6.37004566285858,6.764281900514061,6.309441675861392,8.1728880379878,3.1681247444279372,10.003989046792189,6.117589919134143,10.774775436170188,4.117852968510663,1.5058606685044649,3.6927456864478643,3.897458856826281,2.0490051592857927
ptbRatio,8.14837886650898,8.988735537481375,7.97150652893342,8.656371735221896,10.113799601646491,4.5747481733185635,4.6453373889570555,5.399275687488903,4.769176866388256,6.37004566285858,6.764281900514061,6.309441675861392,8.1728880379878,3.1681247444279372,10.003989046792189,6.117589919134143,10.774775436170188,4.117852968510663,1.5058606685044649,3.6927456864478643,3.897458856826281,2.0490051592857927
evToSales,16.756934506963102,19.697889106782306,14.448439355543151,15.29355983706568,15.066485307200614,9.390393431371098,8.115641189229995,8.27790601787306,7.026928559433067,10.212823791812008,9.9185023593012,8.899544565038925,11.730640773813688,4.364575132097943,14.592295901936994,9.587754072541738,20.952549222171392,9.305862777310288,4.477342508906463,3.067063471064397,5.74881942750566,6.277390253230168
enterpriseValueOverEBITDA,43.95212298034451,58.125443387271496,38.00278126140835,40.5325046578423,39.42917855277685,23.669848071395283,22.81949864575472,28.306083186236766,16.965141632884077,23.38100291856678,23.04917243586353,20.524002726293453,28.657879582672376,10.598910618479158,35.033265119890835,22.992422241359783,59.146579520078475,41.24801759792432,408.0123006998012,-15.923878699034026,-24.77967519832332,-12.13631821233026
evToOperatingCashFlow,45.79485580942376,57.82009690396013,40.48763337116757,48.6972260133379,41.21122989570767,24.350733527471473,25.069225095996895,26.531367100135316,18.087154409058908,27.32952650159666,25.722822012987013,23.81639483030303,32.05413471244887,13.72454834941686,42.625250804226816,35.787303953758325,67.29075444742678,42.6086647230414,-52.26131582683983,-15.613234754947696,-16.011359148250957,-13.052892697750703
evToFreeCashFlow,55.12055517495824,75.09077222338844,55.182786673887094,57.98847031683975,49.45606995142677,25.677836193933267,28.00830055232306,31.538895904021448,20.527077482553313,33.0929513349197,29.308532362535733,29.108927014814814,37.21698847753732,22.167684747651833,48.25770564822215,43.68675481731486,116.93984324920825,164.00224366163027,-39.54719862260333,-11.08025909475321,-12.336326672653653,-10.216348071520263
earningsYield,0.01757778572097121,0.012124762288109287,0.020938160869693922,0.019509056202283652,0.013810499806779059,0.027841274097397676,0.0293438477645688,0.022952583188939647,0.04018253799992743,0.02879142598898572,0.027666042895132987,0.029700837257821182,0.018513628252012398,0.05090982217353477,0.016257859069203188,0.01997021065008563,0.019739479985197265,0.018103955413890274,-0.022908066324273405,-0.07833588393293796,-0.054728304950457336,-0.0996362477618266
freeCashFlowYield,0.017900550412433366,0.013070187369409153,0.017800396893933944,0.01698891302587375,0.01994570972094212,0.03741679587216511,0.0344321746272768,0.030663730406427253,0.04643448579008007,0.02948424434205604,0.033231661704172064,0.03360597615342784,0.02639588471436308,0.04292307362287374,0.020435790390646236,0.022672026806967324,0.00854152844070198,0.006073206952883542,-0.024707764769784233,-0.08477846925178063,-0.07891362773694686,-0.08799597134026461
debtToEquity,0,0,0,0,0,0,0,0,0,0,0,0,0,0,0,0,0,0,0.0024914234093426587,0.028863065326633165,0.009847623670059903,0.02051140747272126
debtToAssets,0.1182958317963851,0.12622550116842304,0.1488205317881067,0.14773089324174493,0.17908996179228898,0.10931261465414913,0.11978073482363011,0.14648684144062232,0.11363693896666076,0.11802818289318093,0.13629982697267473,0.1476740294511379,0.1505390901113766,0.1409566099561651,0.145504125969473,0.12218848151952247,0.1176186783150281,0.11093671043308143,0.11440535375276989,0.3046592633843264,0.2198862107790875,0.19294437871927841
netDebtToEBITDA,-0.5929719797887001,-1.0985781990521326,-0.6857344218006696,-0.6105180757187589,-0.5421545667447307,-0.9661664647217821,-0.842688679245283,-0.9629451395572666,-0.8336175655510553,-0.5818009877062099,-0.615974609891563,-0.456667210706708,-0.5141471320306115,-0.5401887939337251,-0.4907876177270929,-0.22128990328620976,-0.06839347356396057,-0.16484113044866677,-9.552683896620279,1.0278258362168398,0.6744244244244244,1.3635175368528065
currentRatio,5.0834058097060355,6.8647948611686695,4.525917297612114,5.280526444065318,3.992188609572504,5.449119865884326,4.463305549908518,3.6851556264964085,5.073247571541087,4.713147410358566,4.573611977542108,4.659605551497443,4.175353112917225,4.278550414549345,4.626174394778781,4.641935363903455,3.598306516977943,4.602943858277973,4.443703573726385,3.0167286958523576,4.189275484810067,5.227735753908219
interestCoverage,,,,,,,,,,,,,,,,,,,,,,
incomeQuality,1.2257421095858265,1.3999622854987743,1.158703690277677,1.03697136270946,1.7331818181818182,1.4171762467726594,1.3109714673913044,1.58810888252149,1.3114754098360655,1.2400243679561376,1.3686124015350434,1.3829229963331586,1.6553958195403387,1.3617942882314074,1.423075060365166,1.3858891788351564,0.7519812182633268,1.2912087912087913,0.816169593681804,0.7680364801042289,1.1109580838323354,0.69124871781029
dividendYield,,,,,,,,,,,,,,,,,,,,,,
payoutRatio,0,0,0,0,0,0,0,0,0,0,0,0,0,0,0,0,0,0,0,0,0,0
salesGeneralAndAdministrativeToRevenue,0,0,0.2631238137769342,0.264915955104452,0.2591645626258429,0.26079721934625055,0.2686210367388022,0.3241544307360323,0.2534104454549468,0.23967321461354874,0.24970124623001194,0.25392781316348195,0.26470202477170945,0.26353296705180707,0.2641105274720885,0.2970441287746658,0.29666399809974575,0.35297507978934173,0.43325879465503137,0.5673821887756518,0.5803224120914211,0.71875
researchAndDdevelopementToRevenue,0.11751107686380273,0.13654093245227605,0.12443898626772357,0.11226572149723431,0.10502093387452459,0.08859636148498742,0.08278812279818823,0.08350143078294318,0.07403646638117523,0.07802460069763173,0.07978148295680874,0.08209483368719038,0.09038670630545692,0.09071925515390568,0.08131944583141931,0.07990190027959494,0.07633567639373971,0.12832575664791107,0.17660212707935644,0.23316486629085556,0.26805101310161983,0.4407301682692308
intangiblesToTotalAssets,0.030549612689044634,0.037076166856181,0.0430793572514692,0.03916296022531765,0.03944077804793331,0.03585688079051627,0.05110753367432193,0.06872253371722989,0.058603144065007724,0.059494481671265274,0.06134308380398942,0.07655622489959839,0.09226309542491751,0.11322479493077557,0.12905217125417548,0.1846618735021361,0.2591594279756054,0.42219298815173234,0.4799932697130739,0.02804075081075769,0.03296101075118821,0
capexToOperatingCashFlow,-0.1691873265052168,-0.22999730603448276,-0.26629958703541484,-0.16022571819425444,-0.16671037678118716,-0.05168280755585387,-0.10493587252234746,-0.15877311682453765,-0.11886363636363637,-0.1741586833701793,-0.12234356552538371,-0.18181818181818182,-0.1387230395657763,-0.3808758783043111,-0.11671617554828453,-0.1808202714207021,-0.42456948309717885,-0.7401946231238661,0.32149223325693915,0.4091037602487984,0.29790330404786286,0.2776476101218369
capexToRevenue,-0.0619078474982925,-0.07835444199706314,-0.0950318186892933,-0.05031953171150851,-0.06094793697465563,-0.019930483656263865,-0.03397081026673377,-0.0495379274757236,-0.04617897664562271,-0.06508169634661282,-0.04717464291811301,-0.06794055201698514,-0.05076755803255754,-0.1211232125488188,-0.039956526659876035,-0.04844344508186604,-0.13219963226561332,-0.16166077102079926,-0.02754295064085083,-0.08036433312043542,-0.1069610821899251,-0.13352614182692307
capexToDepreciation,-1.1395873629916182,-1.2364228819695873,-2.0965517241379312,-1.5260586319218241,-1.9243188698284561,-0.5852334419109664,-0.9050279329608939,-1.4193548387096775,-1.5542347696879644,-2.453287197231834,-1.782795698924731,-2.376237623762376,-1.5448419469589612,-4.224724924254505,-1.8428648192216166,-0.5118942981088208,-4.467667608146276,-3.1555336802137535,-0.23755762536456862,-1.2723675533084193,-1.172962648556876,-0.7481060606060606
stockBasedCompensationToRevenue,0.07866762403460535,0.09072136563876652,0.07498046220832869,0.07013586810590194,0.06682859790980857,0.06567075876349653,0.07041603757758766,0.07923253741145564,0.07456624431592423,0.07035983109968791,0.07761907471689523,0.08322717622080679,0.09217254278784377,0,0,0,0,0,0,0,0,0
grahamNumber,59.87854086767954,43.41600388881677,46.25763900426242,38.16753014057991,24.997633513040775,28.375310947267778,22.655595384469358,16.992039924865107,20.142078984290723,20.303162731531568,15.38761234423154,11.858200673578777,8.229245593659861,6.896906370372367,4.993001350742737,2.9570684331173656,3.067520894545681,1.3450796815687178,1.1557992938850294,0.9902481354119026,1.0642250876630903,1.815958434932832
roic,0.14679328023731983,0.10288424787087037,0.157934045731357,0.17070636626293392,0.20867053166861235,0.1604644845850876,0.16759523485980884,0.1575386038979816,0.23883565865411555,0.2400754593175853,0.2533454876937101,0.2623074742511575,0.23487941115705052,0.23725906566481542,0.22763226854930702,0.18161194878223313,0.15503155996393148,0.06707108572586466,-0.04230769230769231,-0.3086022161848652,-0.2578038045127998,-0.24059573824669783
returnOnTangibleAssets,0.12971714266146153,0.09861643173280768,0.1480904884097961,0.14960076398652414,0.11932958469688477,0.11766304782309771,0.12644690217974874,0.11357904157513628,0.18043454877917608,0.17198836996097128,0.17219671675013912,0.1729636676633143,0.14159584013596746,0.15624474251716808,0.15957115603720093,0.13153051835190677,0.25332350186761965,0.11470812405948914,-0.058748832410454276,-0.20694729983260873,-0.17207093031642504,-0.16476459024559467
grahamNetNet,10.0636211044384,13.126495726495726,7.3796938186019645,7.681398416886544,4.279095792300806,6.554395126196693,4.0481431566337225,2.9499397771755493,3.519560940971219,3.304787828029034,2.5260062358276643,2.227607709750567,1.3515066060890908,1.1512698167725561,1.1458225030031222,0.7283468377324708,0.3719948990907075,0.4033355098487322,0.4769745195970541,0.24364260854194478,0.35751624862332665,0.7061971199641396
workingCapital,4695100000,5660700000,3632400000,3512600000,2106800000,2653900000,1703600000,1345800000,1551500000,1491200000,1145700000,1002000000,643860000,539374000,477821000,293784000,150668000,138299000,117754000,52562000,67922000,83836000
tangibleAssetValue,11537400000,9345000000,7865400000,6380200000,4499700000,5545200000,4068700000,3107300000,3269900000,3338600000,2457700000,1854400000,1370313000,1099802000,754460000,465651000,312600000,165379000,127762000,61112000,74985000,
netCurrentAssetValue,4241400000,5216100000,3214100000,3174000000,1779700000,2541300000,1607700000,1267000000,1483500000,1413700000,1048800000,922800000,574195000,496032000,458267000,292366000,149659000,137387000,115911000,50724000,67151000,81975000
investedCapital,0,0,0,0,0,0,0,0,0,0,0,0,0,0,0,0,0,0.0019337507779457154,0.006183748749807318,0.05259108040201005,0.030679626531107507,0.04276424556376061
averageReceivables,809800000,726600000,685900000,704450000,619250000,578400000,560450000,520850000,514000000,548450000,512250000,486700000,465992000,448353500,428485000,410640000,389724500,381021500,376710000,371743500,369924000,366522000
averagePayables,101400000,81600000,102550000,91150000,82050000,75050000,67100000,71600000,63900000,69600000,63700000,58600000,54597000,51050500,55695500,46346000,44775000,43042500,47027500,45441000,44950000,44364000
averageInventory,594300000,601500000,598500000,505250000,421350000,391900000,384700000,391600000,390550000,361500000,356800000,344150000,329550000,332480000,316958000,312897500,308335000,303733000,305144000,305119000,303841000,303788000
daysSalesOutstanding,57.08218770249208,60.85008259911894,52.58412414871051,66.87060308254121,59.715395186806866,58.06204703446235,60.35879047139741,53.9529483510813,48.56783364972849,62.0339177528915,61.875320093324994,63.75230007077141,71.24827974239855,70.96548937673087,79.19912187847437,92.72838505750211,84.85112475696981,93.20184001786704,106.78265612217072,85.58155841270724,93.579238673969,88.34359975961539
daysPayablesOutstanding,25.25576615665677,19.893133849853058,32.94416429145655,32.81448084992412,32.2127727856226,30.704285889721238,23.805331680099194,31.319125226354647,25.1348934267402,34.55053410024651,34.57497414684592,33.92689295039165,33.44827242657315,29.443637808784064,58.29097468666574,32.42859202537526,39.33562878715992,32.21665715466514,95.41357091885993,97.96235253296321,107.36055000354384,195.92740417200088
daysOfInventoryOnHand,122.34043160538936,146.6387256211595,158.85222538916904,133.27827872511384,94.17843388960206,81.71374186417783,75.98698078115312,92.3812508705948,97.71053808317185,72.88003286770748,84.62564632885213,82.72062663185379,69.82026860080501,91.14156652580054,63.427217463091424,71.02890761418067,75.05930675486994,42.85497805679649,67.32191579565966,92.22096923432801,79.96420724360337,167.0110701107011
receivablesTurnover,6.394288913773797,5.998348472336912,6.94125852448853,5.458302799355122,6.112326626294198,6.286378428637843,6.047172203905656,6.76515391939067,7.515262110152621,5.883877936807994,5.898959382343068,5.725283630470016,5.1229307054103534,5.14334507104352,4.60863695635499,3.936227291930714,4.3016518760998315,3.9162316959625314,3.418158090976883,4.264937525907503,3.9004378019323673,4.131595282433271
payablesTurnover,14.452145214521453,18.348039215686274,11.079352226720648,11.123138033763654,11.33090909090909,11.887591240875912,15.332699619771864,11.654220779220779,14.521645021645021,10.56423611111111,10.556768558951966,10.758426966292134,10.912372254838008,12.396566021169699,6.261689772078816,11.2554994590696,9.279119496855346,11.329542920847269,3.825451625853071,3.7259211376858437,3.3997590361445784,1.8629349046015713
inventoryTurnover,2.983478112757622,2.489110556940981,2.2977329974811083,2.7386308068459657,3.8756218905472637,4.466812945693911,4.803454437164979,3.951018161805173,3.735523385300668,5.008230452674897,4.313113291703836,4.412442396313364,5.227708333333333,4.004758903246139,5.754627344521224,5.138752829800371,4.862821357943309,8.517096882333222,5.421711424670004,3.957885099565118,4.56454221934649,2.185483870967742
roe,0.14323045768878506,0.10898628166264193,0.16690868607662335,0.16887764269030364,0.13967662744434098,0.12736681781993145,0.13631207315661534,0.12392732437710836,0.1916376306620209,0.18340269824865227,0.18714091321439372,0.18739570040247375,0.1513098108806251,0.16128866736240158,0.16264344405259973,0.12216955935594916,0.21268846406727657,0.07454942654287275,-0.034496356069214966,-0.28927449748743717,-0.21330131684824952,-0.20415518571586025
capexPerShare,-0.990751123853002,-0.9729344729344729,-1.2293471981513575,-0.5493990032248608,-0.5690838555655028,-0.1563678561067595,-0.24258760107816713,-0.3179765130984643,-0.28977612218158094,-0.39586823003908433,-0.23497732426303855,-0.272108843537415,-0.15497182910624865,-0.3028725924782719,-0.07050948810352474,-0.05460434983803795,-0.09521908563824731,-0.07399822581017489,-0.011874864791143467,-0.03527956065122119,-0.03429351451130035,-0.03319885695074803
