,2021,2020,2019,2018,2017,2016,2015,2014,2013
reportedCurrency,USD,USD,USD,USD,USD,USD,USD,USD,USD
cik,0001659166,0001659166,0001659166,0001659166,0001659166,0001659166,0001659166,0001659166,0001659166
fillingDate,2022-03-01,2021-02-26,2020-02-27,2019-02-28,2018-02-28,2017-02-28,2015-12-31,2014-12-31,2013-12-31
acceptedDate,2022-02-28 20:47:40,2021-02-26 16:03:08,2020-02-27 17:09:00,2019-02-27 18:18:23,2018-02-27 20:44:26,2017-02-27 20:25:43,2015-12-31,2014-12-31,2013-12-31
calendarYear,2021,2020,2019,2018,2017,2016,2015,2014,2013
period,FY,FY,FY,FY,FY,FY,FY,FY,FY
cashAndCashEquivalents,819300000,1824800000,1205200000,1178400000,962100000,803200000,0.0,0.0,0.0
shortTermInvestments,0.0,1119200000,0.0,0.0,0.0,0.0,0.0,0.0,0.0
cashAndShortTermInvestments,819300000,2944000000,1205200000,1178400000,962100000,803200000,0.0,0.0,0.0
netReceivables,930200000,810300000,1384500000,1195100000,1143600000,945400000,979300000,956300000,911500000
inventory,512700000,455500000,640300000,574500000,580600000,544600000,522900000,511200000,494500000
otherCurrentAssets,252700000,237100000,458800000,223200000,250500000,195500000,91900000,215900000,249000000
totalCurrentAssets,2514900000,4446900000,3688800000,3171200000,2936800000,2488700000,1594100000,1683400000,1655000000
propertyPlantEquipmentNet,571100000,610700000,726300000,576100000,712500000,547600000,514800000,480800000,454800000
goodwill,0.0,7359200000,8399300000,6133100000,5098500000,3979000000,3949000000,3995100000,3989700000
intangibleAssets,0.0,3290600000,3845000000,2476300000,1276000000,747300000,759000000,857500000,852100000
goodwillAndIntangibleAssets,13042200000,10649800000,12244300000,8609400000,6374500000,4726300000,4708000000,4852600000,4841800000
longTermInvestments,0.0,0.0,0.0,0.0,0.0,0.0,0.0,0.0,0.0
taxAssets,0.0,0.0,0.0,0.0,0.0,0.0,0.0,0.0,0.0
otherNonCurrentAssets,337300000,344100000,779600000,548900000,476800000,427200000,393700000,338800000,288500000
totalNonCurrentAssets,13950600000,11604600000,13750200000,9734400000,7563800000,5701100000,5616500000,5672200000,5585100000
otherAssets,0.0,0.0,0.0,0.0,0.0,0.0,0.0,0.0,0.0
totalAssets,16465500000,16051500000,17439000000,12905600000,10500600000,8189800000,7210600000,7355600000,7240100000
accountPayables,557900000,480800000,765500000,706500000,727500000,666200000,657100000,623400000,616900000
shortTermDebt,2196300000,1446800000,1554900000,455600000,0.0,0.0,0.0,0.0,0.0
taxPayables,0.0,65500000,99000000,174700000,87100000,63500000,36100000,35300000,41300000
deferredRevenue,0.0,376400000,410100000,288100000,213400000,204600000,177300000,165300000,155000000
otherCurrentLiabilities,960700000,556800000,736700000,741900000,661400000,595700000,489100000,496300000,505000000
totalCurrentLiabilities,3714900000,2860800000,3467200000,2192100000,1602300000,1466500000,1323500000,1285000000,1276900000
longTermDebt,1947200000,2984600000,4828400000,2974700000,4056200000,3358000000,0.0,0.0,0.0
deferredRevenueNonCurrent,0.0,34200000,99200000,92600000,86900000,80100000,83900000,98800000,90300000
deferredTaxLiabilitiesNonCurrent,0.0,0.0,0.0,0.0,0.0,0.0,0.0,0.0,0.0
otherNonCurrentLiabilities,1286400000,1199200000,1644000000,1033300000,947000000,594200000,620700000,739300000,747800000
totalNonCurrentLiabilities,3233600000,4218000000,6571600000,4100600000,5090100000,4032300000,704600000,838100000,838100000
otherLiabilities,0.0,0.0,0.0,0.0,0.0,0.0,0.0,0.0,0.0
capitalLeaseObligations,184500000,201300000,213900000,0.0,0.0,0.0,0.0,0.0,0.0
totalLiabilities,6948500000,7078800000,10038800000,6292700000,6692400000,5498800000,2028100000,2123100000,2115000000
preferredStock,0.0,0.0,0.0,0.0,0.0,0.0,0.0,0.0,0.0
commonStock,3600000.0,3400000.0,3400000.0,3400000.0,3500000.0,3500000.0,0.0,0.0,0.0
retainedEarnings,6023600000,5547400000,4128800000,3552700000,1350300000,403000000,0.0,0.0,0.0
accumulatedOtherComprehensiveIncomeLoss,-185000000,-141100000,-56300000,-86600000,-7600000.0,-145800000,-14400000,99500000,272800000
othertotalStockholdersEquity,3670000000,3554500000,3311100000,3126000000,2444100000,2427200000,5196500000,6171100000,6033000000
totalStockholdersEquity,9512200000,8964200000,7387000000,6595500000,3790300000,2687900000,5179500000,5229300000,5123400000
totalLiabilitiesAndStockholdersEquity,16460700000,16043000000,17425800000,12888200000,10482700000,8186700000,7207600000,7352400000,7238400000
minorityInterest,4800000,8500000,13200000,17400000,17900000,3100000,3000000,3200000,1700000
totalEquity,9517000000,8972700000,7400200000,6612900000,3808200000,2691000000,5182500000,5232500000,5125100000
totalLiabilitiesAndTotalEquity,16465500000,16051500000,17439000000,12905600000,10500600000,8189800000,7210600000,7355600000,7240100000
totalInvestments,0.0,0.0,0.0,0.0,0.0,0.0,0.0,0.0,0.0
totalDebt,4143500000,4431400000,6383300000,3430300000,4056200000,3358000000,0.0,0.0,0.0
netDebt,3324200000,2606600000,5178100000,2251900000,3094100000,2554800000,0.0,0.0,0.0
link,https://www.sec.gov/Archives/edgar/data/1659166/000165916622000054/0001659166-22-000054-index.htm,https://www.sec.gov/Archives/edgar/data/1659166/000165916621000062/0001659166-21-000062-index.htm,https://www.sec.gov/Archives/edgar/data/1659166/000165916620000071/0001659166-20-000071-index.html,https://www.sec.gov/Archives/edgar/data/1659166/000165916619000085/0001659166-19-000085-index.html,https://www.sec.gov/Archives/edgar/data/1659166/000165916618000100/0001659166-18-000100-index.html,https://www.sec.gov/Archives/edgar/data/1659166/000165916617000091/0001659166-17-000091-index.html,,,
finalLink,https://www.sec.gov/Archives/edgar/data/1659166/000165916622000054/ftv-20211231.htm,https://www.sec.gov/Archives/edgar/data/1659166/000165916621000062/ftv-20201231.htm,https://www.sec.gov/Archives/edgar/data/1659166/000165916620000071/a20191231-10k.htm,https://www.sec.gov/Archives/edgar/data/1659166/000165916619000085/a20181231-10k.htm,https://www.sec.gov/Archives/edgar/data/1659166/000165916618000100/a20171231-10k.htm,https://www.sec.gov/Archives/edgar/data/1659166/000165916617000091/a20161231-10k.htm,,,
