,2021,2020,2019,2018,2017,2016,2015,2014,2013
period,FY,FY,FY,FY,FY,FY,FY,FY,FY
revenueGrowth,0.13384688417055066,-0.36688524590163935,0.13440885210841974,-0.03054387019230769,0.0693571967932137,0.007363889428367968,-0.024995266048096952,0.0629497307905198,0.030525642576875876
grossProfitGrowth,0.15280812727621237,-0.29122625872890795,0.10809020564236896,0.006912232833105957,0.0876088103402796,0.012519614062030514,-0.017676767676767676,0.06466480446927374,0.03655446977922548
ebitgrowth,0.5068594734890619,-0.4628025097101882,-0.14791242362525459,-0.13026791645139862,0.08739967897271268,-0.01866582657320627,0.0195936722075002,0.08931070678796361,0.013654903351658096
operatingIncomeGrowth,0.5068594734890619,-0.4628025097101882,-0.14791242362525459,-0.13026791645139862,0.08739967897271268,-0.01866582657320627,0.0195936722075002,0.08931070678796361,0.013654903351658096
netIncomeGrowth,-0.6228847703464948,1.1833807010420896,-0.7464136179559339,1.7896601244614647,0.19740914822882036,0.009840240796480666,-0.022187004754358162,0.06318449873631002,0.08799266727772685
epsgrowth,-0.6419213973799127,1.3015075376884422,-0.7611044417767107,1.7674418604651165,0.19444444444444436,0.0909090909090909,-0.0973374973037353,0.06318461493720413,0.08799231221588363
epsdilutedGrowth,-0.6377777777777778,1.2842639593908631,-0.7600487210718636,1.773648648648649,0.1792828685258965,0.10087719298245613,-0.10906038694914143,0.06318461493720413,0.08799231221588363
weightedAverageSharesGrowth,0.03438055720213397,0.004764740917212627,-0.028075253256150505,-0.0057553956834532375,0.005206826728377205,-0.0097393297049556,0.011297798377752027,0.0,0.0
weightedAverageSharesDilutedGrowth,-0.018662952646239555,0.05588235294117647,-0.03051040775591674,-0.005388542257515599,0.015260581629714944,-0.01586851799376594,0.022305909617612977,0.0,0.0
dividendsperShareGrowth,-0.21783378283117003,-0.001074119331380706,0.27378464005145187,0.36071209495393436,-0.9682795833927269,0.0,0.0,0.0,0.0
operatingCashFlowGrowth,-0.3310364028676829,0.13001415762151958,-0.054299315679857185,0.14280856851411083,0.03474360102031841,0.1267591674925669,0.06580754198795817,-0.08105222286934576,0.0913135593220339
freeCashFlowGrowth,-0.33056576047024244,0.17438950729139702,-0.05941076211346481,0.1843698933000096,0.03276084582547404,0.13319833502081224,0.053074280298542824,-0.11063112422294806,0.08543000914913083
tenYRevenueGrowthPerShare,-0.12821659178572858,-0.20469349068422063,0.2621660348453898,0.08138296125403552,0.10903334495388643,0.042502816421059,0.02480300178260294,0.0629497307905199,0.0
fiveYRevenueGrowthPerShare,-0.16375918176688675,-0.22394205722233815,0.187418368229617,0.08138296125403552,0.10903334495388643,0.042502816421059,0.02480300178260294,0.0629497307905199,0.0
threeYRevenueGrowthPerShare,-0.19382546290233765,-0.28288314058866443,0.2107075539406605,0.05521057156645136,0.043354462425136485,0.042502816421059,0.02480300178260294,0.0629497307905199,0.0
tenYOperatingCFGrowthPerShare,-0.07723228415880519,0.42682350455485596,0.26867609509085316,0.3038561913567709,0.13435619820974912,0.10197598057888112,-0.03152021775382584,-0.08105222286934576,0.0
fiveYOperatingCFGrowthPerShare,-0.16262447448586498,0.4732610124763319,0.3805747471877014,0.3038561913567709,0.13435619820974912,0.10197598057888112,-0.03152021775382584,-0.08105222286934576,0.0
threeYOperatingCFGrowthPerShare,-0.29227799663935466,0.2578266921860006,0.15127381853132812,0.3462915956105614,0.2344076850065317,0.10197598057888112,-0.03152021775382584,-0.08105222286934576,0.0
tenYNetIncomeGrowthPerShare,-0.2757544982638704,0.9865160744774859,-0.08582992056877559,2.503754877411361,0.248750466470006,0.048307085036585665,0.0279816893458374,0.06318449873630998,0.0
fiveYNetIncomeGrowthPerShare,-0.3091284871828815,0.9324430532820267,-0.1401585702972556,2.503754877411361,0.248750466470006,0.048307085036585665,0.0279816893458374,0.06318449873630998,0.0
threeYNetIncomeGrowthPerShare,-0.7932944720518761,0.5908030690014564,-0.1279558323319735,2.4083825750252394,0.17453787931846054,0.048307085036585665,0.0279816893458374,0.06318449873630998,0.0
tenYShareholdersEquityGrowthPerShare,0.8364033196526348,0.7901069650810528,0.48217652423942436,0.286210930727475,-0.26509483501148495,-0.4761267165013688,-0.0003441503118671741,0.020669867666003053,0.0
fiveYShareholdersEquityGrowthPerShare,2.50543419085702,0.7907232430436141,0.4521605576823412,0.286210930727475,-0.26509483501148495,-0.4761267165013688,-0.0003441503118671741,0.020669867666003053,0.0
threeYShareholdersEquityGrowthPerShare,0.4277621778676485,1.4358339692836806,1.8292653413070967,0.28665373301095576,-0.27997760268063454,-0.4761267165013688,-0.0003441503118671741,0.020669867666003053,0.0
tenYDividendperShareGrowthPerShare,0.0,0.0,0.0,0.0,0.0,0.0,0.0,0.0,0.0
fiveYDividendperShareGrowthPerShare,-0.9570430483707175,0.0,0.0,0.0,0.0,0.0,0.0,0.0,0.0
threeYDividendperShareGrowthPerShare,-0.004758843844988961,0.7313924442785668,-0.9450204557655062,0.0,0.0,0.0,0.0,0.0,0.0
receivablesGrowth,0.1479698876959151,-0.41473456121343444,0.15848046188603465,0.045033228401539,0.20964671038713772,-0.03461656285101603,0.024051030011502668,0.04914975315414152,0.0
inventoryGrowth,0.12557628979143798,-0.28861471185381854,0.11453437771975632,-0.010506372717878057,0.06610356224752112,0.041499330655957165,0.022887323943661973,0.033771486349848334,0.0
assetGrowth,0.02579198205775161,-0.07956304833992775,0.351273865608728,0.22903453136011276,0.28215585240176805,0.13580007211605136,-0.019712871825547883,0.01595281833123852,0.0
bookValueperShareGrowth,0.02586233977894166,0.20775557823630275,0.1523588307565641,0.7501726644519807,0.4028300127857829,0.0,0.0,0.0,0.0
debtGrowth,-0.06496818161303426,-0.3057822756254602,0.8608576509343207,-0.15430698683496868,0.207921381774866,0.0,0.0,0.0,0.0
rdexpenseGrowth,0.10632990333645151,-0.2977884825925115,0.10234129857591118,0.020443349753694582,0.0550935550935551,0.018797987821021975,-0.025541795665634675,0.02458366375892149,0.07258293166997448
sgaexpensesGrowth,0.0,-1.0,0.2839870415365035,0.12421956295525494,0.09671897289586305,0.040136508643074414,0.0,0.0,0.0
