,2021,2020,2019,2018,2017,2016,2015,2014,2013,2012
reportedCurrency,USD,USD,USD,USD,USD,USD,USD,USD,USD,USD
cik,0001659166,0001659166,0001659166,0001659166,0001659166,0001659166,0001659166,0001659166,0001659166,0001659166
fillingDate,2022-03-01,2021-02-26,2020-02-27,2019-02-28,2018-02-28,2017-02-28,2015-12-31,2014-12-31,2013-12-31,2012-12-31
acceptedDate,2022-02-28 20:47:40,2021-02-26 16:03:08,2020-02-27 17:09:00,2019-02-27 18:18:23,2018-02-27 20:44:26,2017-02-27 20:25:43,2015-12-31,2014-12-31,2013-12-31,2012-12-31
calendarYear,2021,2020,2019,2018,2017,2016,2015,2014,2013,2012
period,FY,FY,FY,FY,FY,FY,FY,FY,FY,FY
revenue,5254700000,4634400000,7320000000,6452700000,6656000000,6224300000,6178800000,6337200000,5961900000,5785300000
costOfRevenue,2247600000,2025900000,3639700000,3131400000,3357500000,3191500000,3183500000,3288000000,3097900000,3022300000
grossProfit,3007100000,2608500000,3680300000,3321300000,3298500000,3032800000,2995300000,3049200000,2864000000,2763000000
grossProfitRatio,0.572268635697566,0.562856033143449,0.5027732240437158,0.5147147705611604,0.49556790865384615,0.48725157849075396,0.48477050559979284,0.48115887142586633,0.4803837702745769,0.47758975334036263
researchAndDevelopmentExpenses,354800000,320700000,456700000,414300000,406000000,384800000,377700000,387600000,378300000,352700000
generalAndAdministrativeExpenses,0.0,0.0,2219500000,1728600000,1537600000,1402000000,1347900000,0.0,0.0,0.0
sellingAndMarketingExpenses,0.0,0.0,0.0,0.0,0.0,0.0,0.0,0.0,0.0,0.0
sellingGeneralAndAdministrativeExpenses,1839500000,0.0,2219500000,1728600000,1537600000,1402000000,1347900000,0.0,0.0,0.0
otherExpenses,0.0,1748400000,0.0,0.0,0.0,0.0,0.0,1416300000,1342500000,1282500000
operatingExpenses,2194300000,2069100000,2676200000,2142900000,1943600000,1786800000,1725600000,1803900000,1720800000,1635200000
costAndExpenses,4441900000,4095000000,6315900000,5274300000,5301100000,4978300000,4909100000,5091900000,4818700000,4657500000
interestIncome,0,0.0,0.0,0.0,0.0,0.0,0.0,0.0,0.0,0.0
interestExpense,0.0,148500000,0.0,97000000,86000000,49000000,0.0,0.0,0.0,0.0
depreciationAndAmortization,395500000,384000000,426200000,260800000,174100000,176400000,176900000,178000000,159700000,145000000
ebitda,1067200000,2201300000,1314200000,3431700000,1544300000,1422400000,1446600000,1457200000,1302900000,1272800000
ebitdaratio,0.20309437265685956,0.47499136889349214,0.17953551912568305,0.5318238876749267,0.23201622596153845,0.22852368941085743,0.23412313070499127,0.22994382377075048,0.2185377144869924,0.2200058769640295
operatingIncome,812800000,539400000,1004100000,1178400000,1354900000,1246000000,1269700000,1245300000,1143200000,1127800000
operatingIncomeRatio,0.15468057167868765,0.11639047125841533,0.13717213114754098,0.18262122832302757,0.2035606971153846,0.20018315312565269,0.2054929759823914,0.19650634349555007,0.1917509518777571,0.1949423538969457
totalOtherIncomeExpensesNet,-135300000,968300000,-129600000,-100000000,-70700000,-49000000,0.0,33900000,0.0,0.0
incomeBeforeTax,677500000,1507700000,874500000,1078400000,1284200000,1197000000,1269700000,1279200000,1143200000,1127800000
incomeBeforeTaxRatio,0.12893219403581554,0.32532798204729846,0.1194672131147541,0.16712383963302183,0.1929387019230769,0.19231078193531803,0.2054929759823914,0.20185570914599507,0.1917509518777571,0.1949423538969457
incomeTaxExpense,63300000,55500000,149100000,160100000,239700000,324700000,405900000,395800000,312300000,364100000
netIncome,608400000,1613300000,738900000,2913800000,1044500000,872300000,863800000,883400000,830900000,763700000
netIncomeRatio,0.11578206177326965,0.3481141032280338,0.10094262295081967,0.45156291164938706,0.15692608173076922,0.14014427325161063,0.13980060853240112,0.13939910370510636,0.13936832217917106,0.13200698321608215
eps,1.64,4.58,1.99,8.33,3.01,2.52,2.31,2.559096,2.40701,2.212341
epsdiluted,1.63,4.5,1.97,8.21,2.96,2.51,2.28,2.559096,2.40701,2.212341
weightedAverageShsOut,349000000,337400000,335800000,345500000,347500000,345700000,349100000,345200000,345200000,345200000
weightedAverageShsOutDil,352300000,359000000,340000000,350700000,352600000,347300000,352900000,345200000,345200000,345200000
link,https://www.sec.gov/Archives/edgar/data/1659166/000165916622000054/0001659166-22-000054-index.htm,https://www.sec.gov/Archives/edgar/data/1659166/000165916621000062/0001659166-21-000062-index.htm,https://www.sec.gov/Archives/edgar/data/1659166/000165916620000071/0001659166-20-000071-index.html,https://www.sec.gov/Archives/edgar/data/1659166/000165916619000085/0001659166-19-000085-index.html,https://www.sec.gov/Archives/edgar/data/1659166/000165916618000100/0001659166-18-000100-index.html,https://www.sec.gov/Archives/edgar/data/1659166/000165916617000091/0001659166-17-000091-index.html,,,,
finalLink,https://www.sec.gov/Archives/edgar/data/1659166/000165916622000054/ftv-20211231.htm,https://www.sec.gov/Archives/edgar/data/1659166/000165916621000062/ftv-20201231.htm,https://www.sec.gov/Archives/edgar/data/1659166/000165916620000071/a20191231-10k.htm,https://www.sec.gov/Archives/edgar/data/1659166/000165916619000085/a20181231-10k.htm,https://www.sec.gov/Archives/edgar/data/1659166/000165916618000100/a20171231-10k.htm,https://www.sec.gov/Archives/edgar/data/1659166/000165916617000091/a20161231-10k.htm,,,,
