,2021,2020,2019,2018,2017,2016,2015,2014,2013,2012,2011,2010,2009,2008,2007,2006,2005,2004,2003,2002,2001,2000,1999,1998,1997,1996,1995,1992,1991,1990
period,FY,FY,FY,FY,FY,FY,FY,FY,FY,FY,FY,FY,FY,FY,FY,FY,FY,FY,FY,FY,FY,FY,FY,FY,FY,FY,FY,FY,FY,FY
currentRatio,2.388227313837805,1.793189703865085,1.6756377908606672,1.2285755026379581,0.7926025194317877,1.47089477769154,1.341742633029468,2.5258064516129033,1.4926470588235294,2.3645990922844176,2.638506876227898,2.486425339366516,2.4893617021276597,2.035190615835777,2.2290502793296088,1.664124765462276,4.071428571428571,3.86046511627907,3.736842105263158,3.5384615384615383,1.8181818181818181,1.8405117067989791,4.6,4.125,7.277777777777778,7.0625,2.732142857142857,4.2,6.333333333333333,3.8
quickRatio,1.5925535122098282,1.3958686355200516,1.1685823754789273,0.8882789105946101,0.5757705708925221,1.1036700299368,0.9618401526393895,1.8258064516129033,1.1323529411764706,1.4659606656580937,2.025540275049116,1.8076923076923077,1.6899696048632218,1.2228739002932552,1.4134078212290502,0.7946396295594994,3.0714285714285716,2.697674418604651,2.3421052631578947,2.1794871794871793,1,1.1628806493032988,3.64,3.25,6.277777777777778,6.125,1.6964285714285714,3,5,3.2
cashRatio,0.8820470304492011,0.5656418946179295,0.5623773479114101,0.4753315271638386,0.2897882605199678,0.6080496729127398,0.5207759168963324,1.1870967741935483,0.7564338235294118,0.8472012102874432,1.3988212180746562,1.167420814479638,0.8905775075987842,0.28152492668621704,0.5586592178770949,0.17169595877873983,2.0357142857142856,1.5813953488372092,1.1842105263157894,1.1794871794871795,0.23636363636363636,0.3610798471854541,1.48,1.5,1.5555555555555556,1.8125,0.6607142857142857,0.4,3,1.6
daysOfSalesOutstanding,61.09147240026277,99.44616566041734,70.31612864906602,65.69750458373473,63.66140316463973,57.5969922688601,56.146580406654344,57.114632315169715,59.898487341010316,74.54559073204834,65.07293354943275,61.49976184805906,58.63722436014904,69.97014034040012,75.62973997833153,85.64578110140918,73.58359402155023,76.60690861390468,78.72549019607843,74.84227129337539,85.07214206437291,196.93320248330596,120.6611570247934,91.56574394463668,99.20337394564199,87.66375545851528,97.55760368663594,56.5015479876161,64.03508771929825,53.67647058823529
daysOfInventoryOutstanding,99.61230601687993,93.10575246949448,100.382332941831,92.1617801735472,84.1799972179719,78.98652906885142,81.21630118682701,95.99157794374702,79.35976527234428,132.86550287641342,97.33895174324637,74.32389436843779,84.27398665982554,81.68158567774937,97.51908396946564,126.76707610682598,93.43003412969283,101.10803324099723,120.26819923371647,117.14527027027027,119.22110552763819,244.875135171668,126.58959537572254,130.59033989266547,99.89473684210526,97.21549636803874,117.13953488372093,90.6832298136646,128.8235294117647,77.6595744680851
operatingCycle,160.7037784171427,192.55191812991183,170.698461590897,157.85928475728193,147.84140038261162,136.58352133771152,137.36288159348135,153.10621025891675,139.25825261335459,207.41109360846175,162.41188529267913,135.82365621649686,142.9112110199746,151.65172601814947,173.14882394779715,212.41285720823515,167.01362815124304,177.7149418549019,198.9936894297949,191.98754156364566,204.29324759201108,441.80833765497397,247.25075240051592,222.15608383730216,199.09811078774726,184.87925182655403,214.69713857035686,147.1847778012807,192.85861713106294,131.3360450563204
daysOfPayablesOutstanding,42.90961067247481,42.1344179740461,42.07980466093837,46.11688140941362,42.29308666017527,45.114621080825586,33.565196887526525,26.680438582552043,22.24270237736985,31.496726839912718,26.54698683906719,22.06490614062997,22.004874294510003,28.005115089514067,39.00763358778626,35.86017730022144,29.06712172923777,27.804709141274238,30.766283524904214,33.910472972972975,55.0251256281407,101.22854149770208,42.19653179190751,32.64758497316637,38.421052631578945,35.351089588377725,64.51162790697674,22.67080745341615,42.94117647058823,38.82978723404255
cashConversionCycle,117.79416774466789,150.41750015586572,128.61865692995863,111.7424033478683,105.54831372243635,91.46890025688593,103.79768470595482,126.4257716763647,117.01555023598473,175.91436676854903,135.86489845361194,113.75875007586689,120.90633672546458,123.64661092863541,134.1411903600109,176.55267990801372,137.94650642200526,149.91023271362766,168.22740590489067,158.0770685906727,149.26812196387039,340.57979615727186,205.0542206086084,189.5084988641358,160.6770581561683,149.5281622381763,150.18551066338011,124.51397034786454,149.9174406604747,92.50625782227783
grossProfitMargin,0.6739342719670472,0.5898474737845567,0.5195854245240994,0.5272693371453432,0.5299463842029554,0.5518763017615702,0.5296487985212569,0.5026672462164619,0.4666773662881676,0.4965544791770698,0.5159000726541105,0.43861633722314836,0.5237920713456722,0.5329949238578681,0.4677681473456121,0.41828477565488026,0.38894681960375393,0.3686051595977263,0.3602941176470588,0.3774973711882229,0.3374028856825749,0.3686770635547117,0.3872491145218418,0.5164359861591695,0.5548266166822868,0.5491266375545851,0.5046082949308756,0.4984520123839009,0.5029239766081871,0.5098039215686274
operatingProfitMargin,0.4403707188892637,0.2926067153903188,-0.03676536097169839,-0.073930202927375,0.44795344579573687,0.19366681964203764,0.16824399260628467,0.11052278025842652,-0.3636327889900895,0.05678467991610906,0.20926898787235232,0.04163908073350798,-1.2318575529900433,-0.11797073753359212,0.20009750812567714,0.10879873778853635,0.11342022940563086,0.05503279405334499,0.014828431372549019,0.011340694006309148,-0.10436182019977802,-0.291841785249504,-0.11334120425029516,0.09342560553633218,0.2099343955014058,0.13209606986899564,0.10829493087557604,0.05263157894736842,0.011695906432748537,0.18627450980392157
pretaxProfitMargin,0.4192070734868526,0.2653055820358013,-0.07653015769310724,-0.13008483793778552,0.40228194063031253,0.14660924206587356,0.06550831792975971,0.01900659896471332,-0.47863419331541146,-0.030809947068810545,0.1270888056781982,-0.032745891879018815,-1.3158023333944169,-0.19546133174081814,0.20111050920910076,0.11503198755079104,0.12061174834897463,0.05640577175338872,0.016176470588235296,-0.0015772870662460567,-0.1148723640399556,-0.30954920743285047,-0.06847697756788666,0.14013840830449828,0.25866916588566075,0.18668122270742357,0.059907834101382486,0.07430340557275542,0.05847953216374269,0.18627450980392157
netProfitMargin,0.3322798856594997,0.29530770045546023,-0.060463873132777,-0.03458777463563193,0.24699228455603506,0.116779044727645,0.04865064695009242,0.006836053265894811,-0.47056935360911606,-0.03675222211125537,0.08785558598334545,-0.03738985472731603,-1.3539795980697575,-0.24819349059420723,0.1281148429035753,0.059269905766404424,0.0983663538408064,0.05334499344118933,0.014215686274509804,0.0010515247108307045,-0.11598224195338513,-0.198611140742005,-0.043683589138134596,0.08996539792387544,0.16588566073102157,0.12445414847161572,0.04377880184331797,0.058823529411764705,0.04093567251461988,0.12745098039215685
effectiveTaxRate,0.2081233323450934,-0.1083940513025252,0.22933643771827705,0.7341137123745819,0.3860219422998781,0.2034673729833855,0.25733634311512416,0.6403326403326404,0.01686897476737363,-0.19405186385737438,0.30886543535620054,-0.14221818181818183,-0.04064899493988208,-0.3253162236480293,0.36303703703703705,0.4847528324220732,0.18556195965417868,0.059147286821705426,0.05333333333333334,1.3333333333333333,-0.00966183574879227,0.35838588510975566,0.3620689655172414,0.35802469135802467,0.35507246376811596,0.3333333333333333,0.2692307692307692,0.20833333333333334,0.3,0.2894736842105263
returnOnAssets,0.20981176919023756,0.15497929347675032,-0.03160460098415113,-0.015392274820561757,0.09467893127475062,0.045209785431187643,0.01721949623814197,0.0020558526440879383,-0.13029663370736586,-0.007024911711367758,0.026160758861707437,-0.011162460007109846,-0.38997185080928926,-0.051087891825445604,0.08874296435272044,0.03202854456584579,0.10107142857142858,0.057547169811320756,0.015343915343915344,0.0010869565217391304,-0.10717948717948718,-0.08476474471330041,-0.021022727272727273,0.06011560693641618,0.12206896551724138,0.09268292682926829,0.05604719764011799,0.08260869565217391,0.035,0.13
returnOnEquity,0.44363058834684493,0.4122430873872542,-0.0962329252729593,-0.04582509881422925,0.2713039106546486,0.1543846548746908,0.0632935744517122,0.00838584585555017,-0.6040649740691925,-0.0248562071791886,0.05352591767836439,-0.023271765678518345,-0.882153367970502,-0.08952518692906421,0.11741007765696151,0.04527115146512588,0.12991544019758164,0.07337242519921816,0.019472627528923567,0.0014084507042253522,-0.18660714285714286,-0.14151187182683245,-0.024666666666666667,0.07428571428571429,0.13937007874015747,0.10654205607476636,0.08370044052863436,0.10555555555555556,0.041176470588235294,0.1625
returnOnCapitalEmployed,0.3266518286338913,0.18551162595483925,-0.023045420699925538,-0.040818077312423866,0.22410493776680132,0.08551698336736761,0.06793449866399964,0.0358819756254009,-0.11453077214709971,0.011584861450692747,0.0680809090909091,0.013490933641975308,-0.37659645191409896,-0.025345393892738002,0.1665749718151071,0.07381886011092112,0.14567410714285714,0.07447337278106508,0.020033112582781457,0.014875862068965517,-0.13432857142857144,-0.1747375009580257,-0.06357615894039735,0.07659574468085106,0.1763779527559055,0.1130841121495327,0.20704845814977973,0.13333333333333333,0.058823529411764705,0.25333333333333335
netIncomePerEBT,0.7926390241836432,1.113085138237349,0.7900659681800544,0.26588628762541805,0.6139780577001219,0.7965326270166145,0.7426636568848759,0.3596673596673597,0.9831503059770308,1.192868719611021,0.6912928759894459,1.1418181818181818,1.029014437584142,1.269783073632753,0.6370370370370371,0.5152471675779269,0.8155619596541787,0.9457364341085271,0.8787878787878788,-0.6666666666666666,1.0096618357487923,0.6416141148902443,0.6379310344827587,0.6419753086419753,0.6413043478260869,0.6666666666666666,0.7307692307692307,0.7916666666666666,0.7,0.6842105263157895
ebtPerEbit,0.9519412974236987,0.9066968325791855,2.081583198707593,1.7595628415300546,0.8980440811560356,0.7570178636529348,0.3893649747308284,0.17196996782266713,1.3162569707883418,-0.5425749887879561,0.6072988022272964,-0.7864220655733016,1.0681448761673924,1.6568628443571494,1.0050625372245383,1.0572915632014939,1.063405963654194,1.02494835531543,1.0909090909090908,-0.13908205841446453,1.1007125385515262,1.060674732263606,0.6041666666666666,1.5,1.2321428571428572,1.4132231404958677,0.5531914893617021,1,1,1
ebitPerRevenue,0.4403707188892637,0.2926067153903188,-0.03676536097169839,-0.073930202927375,0.44795344579573687,0.19366681964203764,0.16824399260628467,0.11052278025842652,-0.3636327889900895,0.05678467991610906,0.20926898787235232,0.04163908073350798,-1.2318575529900433,-0.11797073753359212,0.20009750812567714,0.10879873778853635,0.11342022940563086,0.05503279405334499,0.014828431372549019,0.011340694006309148,-0.10436182019977802,-0.291841785249504,-0.11334120425029516,0.09342560553633218,0.2099343955014058,0.13209606986899564,0.10829493087557604,0.07430340557275542,0.05847953216374269,0.18627450980392157
debtRatio,0.52705747822285,0.6237666416520748,0.6715822480247124,0.6641082022984691,0.6510226076495063,0.7071614049473828,0.727942427216225,0.7548425430778372,0.784246194867237,0.7173809296554358,0.5112331502745882,0.5202630643441166,0.5204081632653061,0.4292562999385372,0.2448405253283302,0.29251756296681286,0.22142857142857142,0.21226415094339623,0.21164021164021163,0.22826086956521738,0.4256410256410256,0.40100612323871526,0.14204545454545456,0.18497109826589594,0.12413793103448276,0.13008130081300814,0.3303834808259587,0.21739130434782608,0.15,0.25
debtEquityRatio,1.1144218461100839,1.659211888215289,2.044902396369996,1.977149209486166,1.8655151362803892,2.4148504223643066,2.675692574066949,3.079011148812409,3.635824225745591,2.5383050700921403,1.0460026660810142,1.0846569767678853,1.1772126962269895,0.752218365631117,0.3239326666856972,0.41346264960792406,0.2846203990194368,0.2706359945872801,0.2685879659161871,0.29577464788732394,0.7410714285714286,0.6694661478126045,0.16666666666666666,0.22857142857142856,0.14173228346456693,0.14953271028037382,0.4933920704845815,0.2777777777777778,0.17647058823529413,0.3125
longTermDebtToCapitalization,0.3990341467584085,0.5008027163182078,0.5698485310562164,0.5287817938420348,0.43820610071013555,0.5873153444656305,0.6077129164937172,0.6681145431145431,0.6860178025015877,0.6266995174375894,0.3364291290236212,0.34904906443030825,0.375988864372075,0.3177417001003341,0.011046699307617435,0.010071693198216086,,,0.01325143943760891,0.013888888888888888,0.2,0.1596709501060215,,,,,,,,
totalDebtToCapitalization,0.4270697522816167,0.5311124207023261,0.5924841574050889,0.5780183122817381,0.544179270608263,0.6095734407171881,0.6347153900210822,0.6741173682963431,0.7122544119336182,0.6297075483094657,,0.3492628609584339,0.3818793098697986,0.3215783598083168,0.013440675890779968,0.09567146487040072,,,0.01637969182402399,,0.2112676056338028,0.16174821610601428,,,,,,,,
interestCoverage,26.498931623931625,9.484978540772532,-0.8792613636363636,-1.5998655010087424,8.943864229765014,3.5325177076625884,2.2145985401459853,1.2679057116953762,-3.2243422574046074,0.8106025504857899,3.260409591975341,0.5502214669530395,-29.01605709188225,,,,,,,,,,,,,,,4.8,1.25,
cashFlowToDebtRatio,0.7410799465750811,0.29260492134978133,0.21115084525357608,0.22029516967747753,0.002496616032486088,0.23530818437257128,0.2175874667847653,0.11913298183948448,0.10275516395564371,0.07352334008879075,0.30626192075218267,0.31533000727718624,0.3519547170686427,0.16568930415182143,13.961009383255899,0.4856750514949129,,,1.9076612903225807,3.4805,-0.3417,-0.026666141484165747,,,,,,,,
companyEquityMultiplier,2.114421846110084,2.6599881709300606,3.044902396369996,2.977149209486166,2.8655151362803895,3.4148504223643066,3.675692574066949,4.079011148812409,4.63607506104775,3.538294600765747,2.046038418125265,2.0848241036201305,2.2620949849067644,1.7523758317322844,1.323035335965338,1.4134626496079241,1.2853824471845534,1.274996241166742,1.2690781389539842,1.295774647887324,1.7410714285714286,1.6694661478126045,1.1733333333333333,1.2357142857142858,1.141732283464567,1.1495327102803738,1.4933920704845816,1.2777777777777777,1.1764705882352942,1.25
receivablesTurnover,5.974647289699798,3.670327534259889,5.190843224911361,5.555766574585635,5.733458294283037,6.3371364653243845,6.50084114395578,6.390656565656566,6.093643031784841,4.896332518337409,5.609090909090909,5.934982332155477,6.224714828897338,5.216510903426792,4.826143790849673,4.261739402759612,4.960344827586207,4.764583333333333,4.636363636363637,4.876923076923077,4.29047619047619,1.8534203242388296,3.025,3.986206896551724,3.679310344827586,4.163636363636364,3.7413793103448274,6.46,5.7,6.8
payablesTurnover,8.506252894858731,8.662751677852349,8.673994638069706,7.914672216441207,8.630252100840336,8.090503505417463,10.874358974358975,13.680434782608696,16.409876543209876,11.588505747126437,13.749206349206348,16.542105263157893,16.58723404255319,13.033333333333333,9.357142857142858,10.178421510418636,12.557142857142857,13.127272727272727,11.863636363636363,10.763636363636364,6.633333333333334,3.6057024491287923,8.65,11.18,9.5,10.325,5.657894736842105,16.1,8.5,9.4
inventoryTurnover,3.6642059058260177,3.920273348519362,3.636097999550461,3.9604269721426713,4.335946924004825,4.621041135784492,4.494171670787708,3.802416918429003,4.5993079584775085,2.7471389645776565,3.7497835497835497,4.9109375,4.331111111111111,4.468571428571429,3.742857142857143,2.879296511441317,3.9066666666666667,3.61,3.0348837209302326,3.1157894736842104,3.0615384615384613,1.4905555835390116,2.8833333333333333,2.795,3.6538461538461537,3.7545454545454544,3.1159420289855073,4.025,2.8333333333333335,4.7
fixedAssetTurnover,8.687798858553139,6.599790283117791,7.150775111488639,6.729192806357172,6.227198697068404,6.155367231638418,5.917742288339531,5.477705627705627,5.065650406504065,3.9421259842519687,7.486610878661088,6.665079365079365,5.8888489208633095,5.89612676056338,10.548571428571428,7.496071156619088,8.718181818181819,6.930303030303031,6.375,6.558620689655172,3.0033333333333334,1.492913335669013,1.694,4.446153846153846,21.34,22.9,28.933333333333334,32.3,17.1,20.4
assetTurnover,0.6314308456372829,0.5248061369131993,0.5227022244299219,0.4450206751580025,0.3833274850869718,0.38713953806204726,0.3539417729800458,0.300736779560309,0.2768914565048328,0.19114250262479718,0.29777001164919287,0.2985424813366513,0.28801900070372977,0.20583896742470806,0.6926829268292682,0.540384604154379,1.0275,1.0787735849056603,1.0793650793650793,1.0336956521739131,0.9241025641025641,0.4267874621565637,0.48125,0.6682080924855491,0.7358620689655172,0.7447154471544716,1.28023598820059,1.4043478260869566,0.855,1.02
operatingCashFlowPerShare,9.066081557386616,3.4126679024234283,2.4107968063901892,2.664073717307937,0.029662879586578084,2.8092915032493138,2.80183628807482,1.8453787491061673,1.837791770870549,1.4021383042785023,1.7465559040823595,1.765118283393174,2.129704340369136,1.4822903792363233,1.4339583801182723,0.33458032335741317,0.5180856529049132,0.31940467963273766,0.06025523460186459,0.09448124219555894,-0.16560581583198708,-0.011047650130548302,0.04121863799283154,0.27528913466971,0.23039967981027354,0.021957870750862564,0.04284852418256442,-0.011142061281337047,-0.037037037037037035,0.08480565371024736
freeCashFlowPerShare,8.433120919990975,2.8173731668233564,1.9891393511077788,2.280220279529634,-0.3548824027647233,2.4577731939631637,2.4831946850295474,1.5542706144123934,1.5023669167559843,1.0867592532977832,1.5014151720228726,1.562291540254229,1.873597224658442,1.2656605737331685,1.2202447788008084,-0.10168343653250773,0.4281944703904353,0.23071132392141377,-0.043494319629120176,0.011170530430533688,-0.23555735056542812,-0.1060378590078329,-0.11827956989247312,-0.1508433614628548,0.19199973317522795,-0.025950210887383033,0.019995977951863395,-0.025069637883008356,-0.04938271604938271,0.053003533568904596
cashPerShare,4.5528815853971665,2.6681688596908577,2.233745216452064,2.42343832354919,1.9320183981330254,1.9570826478428909,1.7511031272499162,2.6715160490600693,3.0628498273192806,2.1208827416954183,2.726934994006105,1.9942568494606618,1.1420998265411526,0.3902946724777207,0.9356987798487911,0.32166967664258683,1.331029329348029,0.8391746470530161,0.5731315910132967,0.6243552853032195,0.210016155088853,0.3717036553524804,1.1290322580645162,1.4141565137142635,1.5359978654018236,1.5170892518777772,0.21138605263398447,0.2785515320334262,0.37037037037037035,0.45936395759717313
payoutRatio,0,0,0,0,0,0,0,0,0,0,0,0,0,0,0,0,0,0,0,0,0,0,0,0,0,0,0,0,0,0
operatingCashFlowSalesRatio,0.4137563695115672,0.2374218832750768,0.19288450687494432,0.22775723297802916,0.0027134824114031647,0.27789741236276344,0.29060998151571166,0.20089303354803018,0.1981390683304578,0.18487066813142913,0.2548616777510758,0.27191712312455346,0.333739539429479,0.21773424902956107,0.2075433369447454,0.06726895478516469,0.15423357664233578,0.11317009182334936,0.023191176470588236,0.03659831756046267,-0.05688679245283019,-0.007221641456702153,0.02715466351829988,0.12629757785467127,0.11808809746954077,0.012008733624454149,0.03456221198156682,-0.01238390092879257,-0.07017543859649122,0.11764705882352941
freeCashFlowOperatingCashFlowRatio,0.9301836594576038,0.8255632389025206,0.8250962278675904,0.8559148587801882,-11.963855421686747,0.8748729674796748,0.886274010940084,0.8422501966955154,0.8174848427166064,0.775072794161341,0.8596433521042752,0.885091698926238,0.879745225261501,0.8538546775060615,0.8509624796084829,-0.30391337874309216,0.8264935884434228,0.7223166679545631,-0.7218347072500528,0.11823013934779486,1.422397814847332,9.598227474150665,-2.869565217391304,-0.547945205479452,0.8333333333333334,-1.1818181818181819,0.4666666666666667,2.25,1.3333333333333333,0.625
cashFlowCoverageRatios,0.7410799465750811,0.29260492134978133,0.21115084525357608,0.22029516967747753,0.002496616032486088,0.23530818437257128,0.2175874667847653,0.11913298183948448,0.10275516395564371,0.07352334008879075,,0.31533000727718624,0.3519547170686427,0.16568930415182143,13.961009383255899,0.4856750514949129,,,1.9076612903225807,,-0.3417,-0.026666141484165747,,,,,,,,
shortTermCoverageRatios,6.784279475982533,2.55952041107622,2.3773792093704245,1.2186564682407715,0.007202360291565429,2.6594594594594594,2.006380806533946,4.440174672489083,0.8758628762779083,5.745666175215333,,335.3245227606461,14.238266489458734,9.474948024948025,77.51643904906423,0.5373526009564752,,54.48842105263158,9.85625,,-5.1255,-1.7448453608247423,2.3,3.65,,0.36666666666666664,0.7142857142857143,,,
capitalExpenditureCoverageRatio,-14.323294406883836,-5.732736572890025,-5.717429577464789,-6.940340909090909,-0.07713754646840149,-7.991878172588833,-8.793064876957494,-6.339152119700748,-5.478997004327083,-4.445882819161072,-7.124707058713246,-8.702591463414635,-8.315678127330564,-6.8425043164927555,-6.7097197898423815,-0.7669221102432053,-5.763475776074815,-3.601224433004035,-0.580775840903511,-1.1340827631150212,2.3674364896073903,0.11630304071465385,-0.25842696629213485,-0.6460176991150443,-6,-0.4583333333333333,-1.875,0.8,3,-2.6666666666666665
dividendPaidAndCapexCoverageRatio,,,,,,,,,,,,,,,,,,,,,,,,,,,,,,
dividendPayoutRatio,,,,,,,,,,,,,,,,,,,,,,,,,,,,,,
priceBookValueRatio,4.4498338602745,6.668208217842673,6.0881201490821,4.292852458090415,3.738918745354616,4.991706561615718,5.088564630354945,3.366616342462918,3.066928029840645,1.8324841198754758,1.4313395269493805,1.5552103005196496,1.5866142001778951,0.6050822474957828,4.453425689563287,3.708674535699546,5.6529472901383615,2.376987400390919,1.7371612937882317,1.5954485915492957,1.0694330357142858,0.6658808913750646,0.2964375,1.4146652200892857,2.6240347736220473,2.4287163294392524,4.987924889867841,1.4647200000000002,2.1441176470588235,3.7585937499999997
priceToBookRatio,4.4498338602745,6.668208217842673,6.0881201490821,4.292852458090415,3.738918745354616,4.991706561615718,5.088564630354945,3.366616342462918,3.066928029840645,1.8324841198754758,1.4313395269493805,1.5552103005196496,1.5866142001778951,0.6050822474957828,4.453425689563287,3.708674535699546,5.6529472901383615,2.376987400390919,1.7371612937882317,1.5954485915492957,1.0694330357142858,0.6658808913750646,0.2964375,1.4146652200892857,2.6240347736220473,2.4287163294392524,4.987924889867841,1.4647200000000002,2.1441176470588235,3.7585937499999997
priceToSalesRatio,3.332931328756281,4.776728331455354,3.8252118312633265,3.240150424254949,3.4038730973548454,3.775807409741236,3.911328495169686,2.744430202908682,2.3891508405890143,2.7094987945465894,2.34935108701727,2.4986968333275783,2.4352264980758656,1.6774885398626456,4.859463037475623,4.855471600242068,4.280167257559958,1.7281748141670312,1.2681873529411765,1.191134069400631,0.6646864594894561,0.9345602013952595,0.5249778630460449,1.7132623772707611,3.1232653819119025,2.8370376337336247,2.6088915898617513,0.8162526315789475,2.131578947368421,2.9479166666666665
priceEarningsRatio,10.030493787311784,16.175427610211624,-63.26441944701866,-93.67906603962264,13.78129322328127,32.33291913414147,80.39622780724925,401.46413378618496,-5.077149249658936,-73.72340062444293,26.74105534351145,-66.82820384167198,-1.798569566001985,-6.758793455245429,37.93052332845666,81.92136527732195,43.512513074204946,32.396195081967214,89.21042068965517,1132.7685,-5.730933014354067,-4.7054772350824425,-12.017736486486486,19.043570270432692,18.827820127118645,22.79584625,59.59257631578947,13.876294736842107,52.07142857142858,23.129807692307693
priceToFreeCashFlowsRatio,8.6599017958915,24.37022003635234,24.035521178229146,16.6212020567671,-104.85163172395771,15.530317481594308,15.186082358883308,16.219826049745446,14.750058559495853,18.909430895242707,10.72321653597539,10.382184491225336,8.294205283546443,9.022956262527625,27.51497206404417,-237.50180780209325,33.57703332060861,21.141138272265316,-75.75701903367496,275.2778857837181,-8.214560043892737,-13.482807116035703,-6.737215909090909,-24.7566413515625,31.738325357142855,-199.90203634615384,161.75127857142857,-29.294400000000003,-22.78125,40.09166666666667
priceToOperatingCashFlowsRatio,8.05529914304583,20.11915778597814,19.83161785898845,14.226333811174785,1254.4297626733735,13.587054941023883,13.459030122673962,13.661151680765146,12.057949301570202,14.656185439976554,9.218141808325878,9.189185309904273,7.296787495538697,7.704293409691823,23.41420885397716,72.17997686672663,27.751202758434182,15.27059655358937,54.68404565630944,32.54614279557535,-11.684372256365233,-129.41104968980798,19.33288043478261,13.565282932363013,26.448604464285715,236.24786113636364,75.48393,-65.9124,-30.375,25.057291666666664
priceCashFlowRatio,8.05529914304583,20.11915778597814,19.83161785898845,14.226333811174785,1254.4297626733735,13.587054941023883,13.459030122673962,13.661151680765146,12.057949301570202,14.656185439976554,9.218141808325878,9.189185309904273,7.296787495538697,7.704293409691823,23.41420885397716,72.17997686672663,27.751202758434182,15.27059655358937,54.68404565630944,32.54614279557535,-11.684372256365233,-129.41104968980798,19.33288043478261,13.565282932363013,26.448604464285715,236.24786113636364,75.48393,-65.9124,-30.375,25.057291666666664
priceEarningsToGrowthRatio,0.13989899229671698,0.005526911484126977,-1.0122307111522986,0.815914446151552,0.10698635528599931,0.2140348168034717,0.11765301630329159,3.960143944135219,0.0034843181125110345,0.5026595497121109,0.07640301526717558,-0.687746563807498,0.004086474990771515,0.024364693311169878,0.18965261664228325,-7.724014440433207,0.36260427561837455,0.1079873169398907,0.06372172906403942,11.244393198529412,0.5378260213470735,0.01337346161549747,0.08927461389961389,-0.47608925676081726,0.4393158029661018,0.07051952437050359,-1.0618313598086122,-4.475821932188964,-15.158259530227188,-5.881164040362154
priceSalesRatio,3.332931328756281,4.776728331455354,3.8252118312633265,3.240150424254949,3.4038730973548454,3.775807409741236,3.911328495169686,2.744430202908682,2.3891508405890143,2.7094987945465894,2.34935108701727,2.4986968333275783,2.4352264980758656,1.6774885398626456,4.859463037475623,4.855471600242068,4.280167257559958,1.7281748141670312,1.2681873529411765,1.191134069400631,0.6646864594894561,0.9345602013952595,0.5249778630460449,1.7132623772707611,3.1232653819119025,2.8370376337336247,2.6088915898617513,0.8162526315789475,2.131578947368421,2.9479166666666665
dividendYield,,,,,,,,,,,,,,,,,,,,,,,,,,,,,,
enterpriseValueMultiple,7.245361850581128,13.609523628115536,45.00244958796307,62.1990496682985,7.199338223683235,13.02387031812162,15.675144239141975,13.229990547418865,-25.104443332878603,23.329926146963672,7.697921696150648,13.979872283657267,-2.93797437517221,-36.08203151849839,19.475405357911317,32.8838254801315,26.408057098291305,15.945337680031143,20.62686957351398,25.08984332050577,-11.431383201002925,-3.6676808260498395,-3.6807065217391304,8.511222696823204,10.599042230902779,12.992924847222222,33.7268421875,7.6140500000000015,13.071428571428571,13.368589743589743
priceFairValue,4.4498338602745,6.668208217842673,6.0881201490821,4.292852458090415,3.738918745354616,4.991706561615718,5.088564630354945,3.366616342462918,3.066928029840645,1.8324841198754758,1.4313395269493805,1.5552103005196496,1.5866142001778951,0.6050822474957828,4.453425689563287,3.708674535699546,5.6529472901383615,2.376987400390919,1.7371612937882317,1.5954485915492957,1.0694330357142858,0.6658808913750646,0.2964375,1.4146652200892857,2.6240347736220473,2.4287163294392524,4.987924889867841,1.4647200000000002,2.1441176470588235,3.7585937499999997
