,2021,2020,2019,2018,2017,2016,2015,2014,2013,2012,2011,2010,2009,2008,2007,2006,2005,2004,2003,2002,2001,2000,1999,1998,1997,1996,1995
reportedCurrency,USD,USD,USD,USD,USD,USD,USD,USD,USD,USD,USD,USD,USD,USD,USD,USD,USD,USD,USD,USD,USD,USD,USD,USD,USD,USD,USD
cik,0000874766,0000874766,0000874766,0000874766,0000874766,0000874766,0000874766,0000874766,0000874766,0000874766,0000874766,0000874766,0000874766,0000874766,0000874766,0000874766,0000874766,0000874766,0000874766,0000874766,0000874766,0000874766,0000874766,0000874766,0000874766,0000874766,0000874766
fillingDate,2022-02-18,2021-02-19,2020-02-21,2019-02-22,2018-02-23,2017-02-24,2016-02-26,2015-02-27,2014-02-28,2013-03-01,2012-02-24,2011-02-25,2010-02-23,2009-02-12,2008-02-22,2007-02-23,2006-02-24,2005-02-28,2003-12-31,2002-12-31,2001-12-31,2000-12-31,1999-12-31,1998-12-31,1997-12-31,1996-12-31,1995-12-31
acceptedDate,2022-02-18 16:08:25,2021-02-19 16:23:11,2020-02-21 16:18:28,2019-02-22 16:09:46,2018-02-23 16:27:29,2017-02-24 16:06:01,2016-02-26 16:20:31,2015-02-27 16:10:45,2014-02-28 16:48:19,2013-03-01 16:26:44,2012-02-24 16:34:45,2011-02-25 17:41:09,2010-02-23 16:14:57,2009-02-11 20:55:33,2008-02-22 16:24:24,2007-02-23 16:10:56,2006-02-24 16:52:19,2005-02-28 16:24:57,2003-12-31,2002-12-31,2001-12-31,2000-12-31,1999-12-31,1998-12-31,1997-12-31,1996-12-31,1995-12-31
calendarYear,2021,2020,2019,2018,2017,2016,2015,2014,2013,2012,2011,2010,2009,2008,2007,2006,2005,2004,2003,2002,2001,2000,1999,1998,1997,1996,1995
period,FY,FY,FY,FY,FY,FY,FY,FY,FY,FY,FY,FY,FY,FY,FY,FY,FY,FY,FY,FY,FY,FY,FY,FY,FY,FY,FY
netIncome,2365000000,1737000000,2085000000,1807000000,-3131000000,896000000,1682000000,798000000,176000000,-38000000,662000000,1680000000,-887000000,-2749000000,2949000000,2745000000,2274000000,2115000000,-91000000,1000000000,507000000,974000000,862000000,1015000000,1332000000,-99000000,562000000
depreciationAndAmortization,680000000,562000000,451000000,467000000,399000000,398000000,373000000,276000000,189000000,467000000,668000000,596000000,470000000,361000000,794000000,606000000,561000000,274000000,219000000,104000000,72000000,63000000,58000000,103000000,85000000,81000000,85000000
deferredIncomeTax,0.0,0.0,0.0,0.0,0.0,0.0,0.0,0.0,0.0,0.0,0.0,0.0,0.0,0.0,619000000,657000000,168000000,529000000,-327000000,202000000,-114000000,398000000,166000000,-67000000,340000000,-449000000,-56000000
stockBasedCompensation,0.0,0.0,0.0,0.0,0.0,0.0,0.0,0.0,0.0,0.0,0.0,0.0,0.0,0.0,0.0,0.0,0.0,0.0,0.0,0.0,0.0,0.0,0.0,0.0,0.0,0.0,0.0
changeInWorkingCapital,1761000000,-20613836000,25786836000,152679000000,41201000000,4278000000,12027000000,16258000000,6129000000,-185346000000,-1326000000,-74512000000,9273000000,-6291000000,327000000,3160000000,787000000,225784000000,-40888000000,1547000000,-8054000000,-2169000000,-17376000000,-18485000000,-20888000000,-103288000000,1195000000
accountsReceivables,-582000000,-540000000,-81000000,-323000000,-935000000,241000000,329000000,-144000000,-970000000,-608000000,0.0,0.0,0.0,0.0,615000000,1037000000,-682000000,-395000000,-47000000,-282000000,-402000000,126000000,213000000,553000000,145000000,0.0,0.0
inventory,0.0,0.0,0.0,0.0,0.0,0.0,0.0,0.0,0.0,0.0,0.0,0.0,0.0,0.0,0.0,0.0,0.0,0.0,0.0,0.0,0.0,0.0,0.0,0.0,0.0,0.0,0.0
accountsPayables,0.0,0.0,0.0,0.0,0.0,0.0,0.0,0.0,0.0,0.0,0.0,0.0,0.0,0.0,2282000000,-287000000,-267000000,-11000000,576000000,1702000000,2737000000,1184000000,454000000,266000000,1021000000,968000000,804000000
otherWorkingCapital,-73000000,0.0,20613836000,-5173000000,-157852000000,-199053000000,-203331000000,-215358000000,-231616000000,-237745000000,-52399000000,-51073000000,23439000000,14166000000,20457000000,20130000000,16970000000,16183000000,-209601000000,-168713000000,-170260000000,-162206000000,-160037000000,-142661000000,-124176000000,-103288000000,0.0
otherNonCashItems,-713000000,22185836000,-24833836000,-152110000000,-36283000000,-3506000000,-11326000000,-15446000000,-5257000000,187598000000,2270000000,75545000000,-5882000000,12871000000,1302000000,-1530000000,-58000000,-226068000000,44983000000,-204000000,9892000000,3084000000,17181000000,18341000000,21176000000,104749000000,-692000000
netCashProvidedByOperatingActivities,4093000000,3871000000,3489000000,2843000000,2186000000,2066000000,2756000000,1886000000,1237000000,2681000000,2274000000,3309000000,2974000000,4192000000,5991000000,5638000000,3732000000,2634000000,3896000000,2649000000,2303000000,2350000000,891000000,907000000,2045000000,994000000,1094000000
investmentsInPropertyPlantAndEquipment,0.0,-114000000,0.0,0.0,0.0,0.0,0.0,0.0,0.0,0.0,0.0,0.0,0.0,-282000000,-275000000,-195000000,-211000000,-180000000,-89000000,-189000000,-209000000,-115000000,-120000000,-108000000,-109000000,-69000000,-76000000
acquisitionsNet,-769000000,-324000000,-1966000000,1067000000,-1436000000,163000000,4000000.0,1141000000,830000000,-637000000,-269000000,241000000,391000000,0.0,0.0,-767000000,8000000.0,-58000000,-431000000,0.0,39000000,0.0,0.0,514000000,0.0,0.0,0.0
purchasesOfInvestments,-23598000000,-22442000000,-21197000000,-28357000000,-32019000000,-22847000000,-29622000000,-25401000000,-38016000000,-45569000000,-38561000000,-51045000000,-54653000000,-35569000000,-44339000000,-44075000000,-34984000000,-27950000000,-28918000000,-22085000000,-16871000000,-15104000000,-13172000000,-32724000000,-47642000000,-33424000000,-16280000000
salesMaturitiesOfInvestments,23083000000,21131000000,21611000000,25953000000,32604000000,24056000000,30517000000,26064000000,41180000000,44694000000,38910000000,49500000000,54487000000,27537000000,36220000000,44039000000,30327000000,25787000000,21051000000,15650000000,12610000000,13986000000,15623000000,33088000000,45504000000,32458000000,14759000000
otherInvestingActivites,-1182000000,-317000000,-596000000,-625000000,-591000000,-423000000,-414000000,-108000000,-249000000,-1045000000,-1262000000,870000000,-3348000000,-513000000,2218000000,-6412000000,0.0,0.0,0.0,0.0,-1105000000,-846000000,-52000000,-359000000,0.0,0.0,0.0
netCashUsedForInvestingActivites,-2466000000,-2066000000,-2148000000,-1962000000,-1442000000,949000000,485000000,1696000000,3745000000,-2557000000,-1182000000,-434000000,-3123000000,-8827000000,-6176000000,-7410000000,-4860000000,-2401000000,-8387000000,-6624000000,-5536000000,-2079000000,2279000000,411000000,-2247000000,-1035000000,-1597000000
debtRepayment,0.0,-500000000,-1583000000,-828000000,-429000000,-292000000,-806000000,-213000000,-1415000000,-2286000000,-473000000,-22819000000,-24000000,-37000000,-300000000,-1415000000,-250000000,-450000000,-500000000,-300000000,-200000000,0.0,0.0,-200000000,0.0,0.0,0.0
commonStockIssued,0.0,0.0,0.0,0.0,0.0,0.0,0.0,0.0,0.0,0.0,10000000,1600000000,887000000,0.0,186000000,5000000.0,2000000.0,413000000,1162000000,422000000,1092000000,529000000,55000000,49000000,29000000,0.0,0.0
commonStockRepurchased,-1702000000,-150000000,-200000000,0.0,-1028000000,-1330000000,-1250000000,-1796000000,-600000000,-154000000,-46000000,-3400000000,0.0,0.0,-1379000000,-5000000.0,-2000000.0,-2000000.0,0.0,0.0,-7000000.0,-100000000,-596000000,-547000000,-74000000,0.0,0.0
dividendsPaid,-506000000,-478000000,-454000000,-379000000,-341000000,-334000000,-316000000,-282000000,-223000000,-217000000,-195000000,-170000000,-222000000,-660000000,-636000000,-460000000,-345000000,-325000000,-291000000,-257000000,-235000000,-210000000,-207000000,-197000000,-190000000,-140000000,0.0
otherFinancingActivites,627000000,-650000000,1046000000,-260000000,819000000,-585000000,-772000000,-2185000000,-3582000000,2429000000,95000000,21834000000,-118000000,4971000000,2628000000,3790000000,1875000000,841000000,4237000000,4124000000,2715000000,-427000000,-2356000000,-445000000,474000000,199000000,533000000
netCashUsedProvidedByFinancingActivities,-1581000000,-1778000000,-1191000000,-1467000000,-979000000,-2541000000,-3144000000,-4476000000,-5820000000,-228000000,-609000000,-2955000000,523000000,4274000000,499000000,1915000000,1280000000,477000000,4608000000,3989000000,3365000000,-208000000,-3104000000,-1340000000,239000000,59000000,533000000
effectOfForexChangesOnCash,-6000000.0,8000000.0,-9000000.0,-10000000,70000000,-40000000,-48000000,-135000000,-155000000,-56000000,36000000,0.0,-43000000,161000000,273000000,8000000.0,-27000000,-24000000,-32000000,10000000,-6000000.0,-18000000,-7000000.0,5000000.0,-9000000.0,-1000000.0,10000000
netChangeInCash,98000000,-23000000,141000000,-59000000,-148000000,434000000,49000000,-1029000000,-993000000,-160000000,519000000,-80000000,331000000,-200000000,587000000,151000000,125000000,686000000,85000000,24000000,126000000,45000000,59000000,-17000000,28000000,17000000,533000000
cashAtEndOfPeriod,337000000,239000000,262000000,121000000,180000000,882000000,448000000,399000000,1428000000,2421000000,2581000000,2062000000,2142000000,1811000000,2011000000,1424000000,1273000000,1148000000,462000000,377000000,353000000,227000000,182000000,123000000,140000000,112000000,0.0
cashAtBeginningOfPeriod,239000000,262000000,121000000,180000000,328000000,448000000,399000000,1428000000,2421000000,2581000000,2062000000,2142000000,1811000000,2011000000,1424000000,1273000000,1148000000,462000000,377000000,353000000,227000000,182000000,123000000,140000000,112000000,95000000,55000000
operatingCashFlow,4093000000,3871000000,3489000000,2843000000,2186000000,2066000000,2756000000,1886000000,1237000000,2681000000,2274000000,3309000000,2974000000,4192000000,5991000000,5638000000,3732000000,2634000000,3896000000,2649000000,2303000000,2350000000,891000000,907000000,2045000000,994000000,1094000000
capitalExpenditure,-133000000,-114000000,-105000000,-122000000,-250000000,-224000000,-307000000,-121000000,0.0,0.0,0.0,0.0,0.0,-282000000,-275000000,-195000000,-211000000,-180000000,-89000000,-189000000,-209000000,-115000000,-120000000,-108000000,-109000000,-69000000,-76000000
freeCashFlow,3960000000,3757000000,3384000000,2721000000,1936000000,1842000000,2449000000,1765000000,1237000000,2681000000,2274000000,3309000000,2974000000,3910000000,5716000000,5443000000,3521000000,2454000000,3807000000,2460000000,2094000000,2235000000,771000000,799000000,1936000000,925000000,1018000000
link,https://www.sec.gov/Archives/edgar/data/874766/000087476622000019/0000874766-22-000019-index.htm,https://www.sec.gov/Archives/edgar/data/874766/000087476621000022/0000874766-21-000022-index.htm,https://www.sec.gov/Archives/edgar/data/874766/000087476620000020/0000874766-20-000020-index.html,https://www.sec.gov/Archives/edgar/data/874766/000087476619000018/0000874766-19-000018-index.html,https://www.sec.gov/Archives/edgar/data/874766/000087476618000011/0000874766-18-000011-index.html,https://www.sec.gov/Archives/edgar/data/874766/000087476617000010/0000874766-17-000010-index.html,https://www.sec.gov/Archives/edgar/data/874766/000087476616000046/0000874766-16-000046-index.html,https://www.sec.gov/Archives/edgar/data/874766/000087476615000013/hig1231201410-kdocument.htm,https://www.sec.gov/Archives/edgar/data/874766/000087476614000007/hig1231201310-kdocument.htm,https://www.sec.gov/Archives/edgar/data/874766/000087476613000021/0000874766-13-000021-index.html,https://www.sec.gov/Archives/edgar/data/874766/000095012312003120/0000950123-12-003120-index.html,https://www.sec.gov/Archives/edgar/data/874766/000095012311018937/c13002e10vk.htm,https://www.sec.gov/Archives/edgar/data/874766/000095012310015756/0000950123-10-015756-index.html,https://www.sec.gov/Archives/edgar/data/874766/000136231009001777/0001362310-09-001777-index.html,https://www.sec.gov/Archives/edgar/data/874766/000095012308002003/y49953e10vk.htm,https://www.sec.gov/Archives/edgar/data/874766/000095012307002663/y30259e10vk.htm,https://www.sec.gov/Archives/edgar/data/874766/000095012306002232/y17778e10vk.htm,https://www.sec.gov/Archives/edgar/data/874766/000095012305002392/y06108ke10vk.htm,,,,,,,,,
finalLink,https://www.sec.gov/Archives/edgar/data/874766/000087476622000019/hig-20211231.htm,https://www.sec.gov/Archives/edgar/data/874766/000087476621000022/hig-20201231.htm,https://www.sec.gov/Archives/edgar/data/874766/000087476620000020/hig1231201910-kdocument.htm,https://www.sec.gov/Archives/edgar/data/874766/000087476619000018/hig1231201810-kdocument.htm,https://www.sec.gov/Archives/edgar/data/874766/000087476618000011/hig1231201710-kdocument.htm,https://www.sec.gov/Archives/edgar/data/874766/000087476617000010/hig1231201610-kdocument.htm,https://www.sec.gov/Archives/edgar/data/874766/000087476616000046/hig1231201510-kdocument.htm,https://www.sec.gov/Archives/edgar/data/874766/000087476615000013/hig1231201410-kdocument.htm,https://www.sec.gov/Archives/edgar/data/874766/000087476614000007/hig1231201310-kdocument.htm,https://www.sec.gov/Archives/edgar/data/874766/000087476613000021/hig12311210-kdocument.htm,https://www.sec.gov/Archives/edgar/data/874766/000095012312003120/c25396e10vk.htm,https://www.sec.gov/Archives/edgar/data/874766/000095012311018937/c13002e10vk.htm,https://www.sec.gov/Archives/edgar/data/874766/000095012310015756/c96333e10vk.htm,https://www.sec.gov/Archives/edgar/data/874766/000136231009001777/c80697e10vk.htm,https://www.sec.gov/Archives/edgar/data/874766/000095012308002003/y49953e10vk.htm,https://www.sec.gov/Archives/edgar/data/874766/000095012307002663/y30259e10vk.htm,https://www.sec.gov/Archives/edgar/data/874766/000095012306002232/y17778e10vk.htm,https://www.sec.gov/Archives/edgar/data/874766/000095012305002392/y06108ke10vk.htm,,,,,,,,,
