,2021,2020,2019,2018,2017,2016,2015,2014,2013,2012,2011,2010,2009,2008,2007,2006,2005,2004,2003,2002,2001,2000,1999,1998,1997,1996
reportedCurrency,USD,USD,USD,USD,USD,USD,USD,USD,USD,USD,USD,USD,USD,USD,USD,USD,USD,USD,USD,USD,USD,USD,USD,USD,USD,USD
cik,0000874716,0000874716,0000874716,0000874716,0000874716,0000874716,0000874716,0000874716,0000874716,0000874716,0000874716,0000874716,0000874716,0000874716,0000874716,0000874716,0000874716,0000874716,0000874716,0000874716,0000874716,0000874716,0000874716,0000874716,0000874716,0000874716
fillingDate,2022-02-16,2021-02-12,2020-02-14,2019-02-15,2018-02-16,2017-02-17,2016-02-17,2015-02-17,2014-02-18,2013-02-19,2012-02-17,2011-02-22,2010-02-19,2009-02-20,2008-02-27,2007-03-01,2006-03-10,2005-03-15,2004-03-03,2003-03-20,2002-03-21,2000-12-31,1999-12-31,1998-12-31,1997-12-31,1996-12-31
acceptedDate,2022-02-16 14:57:07,2021-02-12 15:22:33,2020-02-14 17:08:09,2019-02-15 15:13:08,2018-02-16 14:51:54,2017-02-17 16:43:46,2016-02-16 18:24:34,2015-02-17 15:17:44,2014-02-18 16:47:35,2013-02-19 16:52:21,2012-02-17 16:45:32,2011-02-22 16:14:02,2010-02-19 15:00:14,2009-02-20 11:21:12,2008-02-27 11:29:08,2007-03-01 15:46:17,2006-03-10 16:37:01,2005-03-15 16:28:36,2004-03-03 16:47:13,2003-03-20 16:55:51,2002-03-21 00:00:00,2000-12-31,1999-12-31,1998-12-31,1997-12-31,1996-12-31
calendarYear,2021,2020,2019,2018,2017,2016,2015,2014,2013,2012,2011,2010,2009,2008,2007,2006,2005,2004,2003,2002,2001,2000,1999,1998,1997,1996
period,FY,FY,FY,FY,FY,FY,FY,FY,FY,FY,FY,FY,FY,FY,FY,FY,FY,FY,FY,FY,FY,FY,FY,FY,FY,FY
cashAndCashEquivalents,144454000,383928000,90326000,123794000,187675000,154901000,128994000,322536000,279058000,223986000,183895000,156915000,106728000,78868000,60360000,61666000,67151000,47156000,186717000,113788000,66666000,46007000,58600000,109100000,107000000,127700000
shortTermInvestments,0.0,0.0,0.0,0.0,284255000,236949000,213591000,0.0,0.0,0.0,0.0,0.0,0.0,0.0,0.0,35000000,65580000,90116000,33988000,33403000,12893000,29196000,0.0,0.0,0.0,0.0
cashAndShortTermInvestments,144454000,383928000,90326000,123794000,471930000,391850000,342585000,322536000,279058000,223986000,183895000,156915000,106728000,78868000,60360000,96666000,132731000,137272000,220705000,147191000,79559000,75203000,58600000,109100000,107000000,127700000
netReceivables,425584000,374742000,307487000,272623000,270072000,232166000,200110000,181306000,158038000,138324000,141275000,120080000,115107000,111498000,108384000,81389000,71688000,65639000,53976000,45689000,50772000,57266000,58400000,47900000,47300000,66600000
inventory,269030000,209873000,195019000,173303000,164318000,158034000,188833000,160342000,133427000,140946000,133099000,127885000,110425000,115926000,98804000,95996000,69369000,76424000,75333000,75086000,86194000,65935000,47500000,55400000,60200000,48400000
otherCurrentAssets,116587000,94195000,86807000,84452000,65665000,63534000,90106000,95214000,82183000,66281000,65958000,55711000,44078000,49598000,38115000,28212000,25457000,22257000,20575000,21154000,19051000,17426000,67900000,50900000,59700000,59000000
totalCurrentAssets,955655000,1062738000,679639000,654172000,971985000,845584000,821634000,759398000,652706000,569537000,524227000,460591000,376338000,355890000,305663000,302263000,299245000,301592000,370589000,289120000,235576000,215830000,232400000,263300000,274200000,301700000
propertyPlantEquipmentNet,692768000,646338000,614452000,437270000,379096000,357422000,333026000,303587000,281214000,245177000,216777000,201725000,199946000,189646000,141852000,99628000,65697000,62630000,45224000,49455000,49215000,45661000,39600000,41500000,41000000,36400000
goodwill,359345000,243347000,239724000,214489000,199873000,178228000,178934000,184450000,180521000,174994000,172610000,149112000,148705000,138768000,236414000,104826000,0.0,0.0,0.0,0.0,0.0,0.0,0.0,0.0,0.0,0.0
intangibleAssets,99035000,52543000,58468000,41825000,43846000,46155000,55909000,65122000,58844000,62833000,69209000,55752000,63907000,68327000,0.0,43353000,118746000,124494000,61766000,56157000,0.0,0.0,0.0,0.0,0.0,0.0
goodwillAndIntangibleAssets,458380000,295890000,298192000,256314000,243719000,224383000,234843000,249572000,239365000,237827000,241819000,204864000,212612000,207095000,236414000,148179000,118746000,124494000,61766000,56157000,0.0,0.0,0.0,0.0,0.0,0.0
longTermInvestments,13348000,12065000,13657000,10894000,9949000.0,10978000,12165000,10765000,13075000,10324000,0.0,0.0,0.0,0.0,0.0,0.0,0.0,0.0,0.0,0.0,0.0,0.0,0.0,0.0,0.0,0.0
taxAssets,24784000,31549000,8100000.0,8481000.0,7698000.0,0.0,0.0,0.0,0.0,0.0,0.0,630000.0,1017000.0,1170000.0,6644000.0,3253000.0,0.0,0.0,0.0,0.0,0.0,0.0,0.0,0.0,0.0,0.0
otherNonCurrentAssets,292268000,245981000,218435000,170218000,100969000,92337000,73325000,60889000,44156000,40737000,47991000,29334000,18614000,11636000,11606000,6237000.0,6988000.0,25521000,44296000,21920000,88316000,74305000,88200000,85700000,61800000,35800000
totalNonCurrentAssets,1481548000,1231823000,1152836000,883177000,741431000,685120000,653359000,624813000,577810000,534065000,506587000,436553000,432189000,409547000,396516000,257297000,191431000,212645000,151286000,127532000,137531000,119966000,127800000,127200000,102800000,72200000
otherAssets,0.0,0.0,0.0,0.0,0.0,0.0,0.0,0.0,0.0,0.0,0.0,0.0,0.0,0.0,0.0,0.0,0.0,0.0,0.0,0.0,0.0,0.0,0.0,0.0,0.0,0.0
totalAssets,2437203000,2294561000,1832475000,1537349000,1713416000,1530704000,1474993000,1384211000,1230516000,1103602000,1030814000,897144000,808527000,765437000,702179000,559560000,490676000,514237000,521875000,416652000,373107000,335796000,360200000,390500000,377000000,373900000
accountPayables,116140000,74558000,72172000,69534000,66968000,60057000,52648000,44743000,29941000,35288000,36551000,22669000,19133000,28006000,32510000,24374000,19842000,14723000,19160000,9427000.0,10887000,13714000,19600000,26800000,12500000,18700000
shortTermDebt,168427000,67721000,304046000,398937000,655000000,611000000,573000000,549000000,278035000,213107000,243917000,129862000,119603000,151385000,72956000,678000.0,551000.0,1291000.0,494000.0,973000.0,8380000.0,8472000.0,3300000.0,5200000.0,4100000.0,3000000.0
taxPayables,42605000,42676000,31108000,26609000,29389000,23973000,18963000,28439000,16508000,14945000,0.0,12320000,9980000.0,13324000,0.0,0.0,0.0,0.0,0.0,0.0,0.0,0.0,0.0,0.0,0.0,0.0
deferredRevenue,40034000,42567000,41462000,41290000,29181000,27380000,25583000,31812000,21458000,20192000,15028000,13983000,12610000,11285000,10678000,8976000.0,7965000.0,10153000,8275000.0,13569000,13220000,0.0,0.0,0.0,0.0,0.0
otherCurrentLiabilities,438978000,397915000,307657000,260683000,253418000,236131000,205530000,195351000,148919000,137746000,141383000,118598000,104959000,104616000,107248000,90715000,78208000,73785000,72807000,51710000,38890000,51863000,52600000,46500000,57700000,29400000
totalCurrentLiabilities,763579000,582761000,725337000,770444000,1004567000,934568000,856761000,820906000,478353000,406333000,436879000,285112000,256305000,295292000,223392000,124743000,106566000,99952000,100736000,75679000,71377000,74049000,75500000,78500000,74300000,51100000
longTermDebt,862582000,935531000,698910000,601348000,606075000,593110000,597085000,350000000,150359000,1394000.0,2501000.0,3418000.0,4281000.0,5094000.0,5727000.0,6447000.0,0.0,392000.0,786000.0,0.0,0.0,0.0,300000.0,4200000.0,0.0,0.0
deferredRevenueNonCurrent,41174000,46163000,48743000,60697000,35545000,33015000,27055000,21665000,18427000,12692000,10823000,4627000.0,3813000.0,3787000.0,0.0,0.0,0.0,0.0,0.0,0.0,0.0,0.0,0.0,0.0,0.0,0.0
deferredTaxLiabilitiesNonCurrent,8935000.0,11707000,33024000,29267000,25353000,39287000,49389000,41688000,33948000,23028000,23288000,18661000,18283000,11933000,14697000,7154000.0,6026000.0,8450000.0,236000.0,0.0,0.0,0.0,0.0,0.0,0.0,0.0
otherNonCurrentLiabilities,70941000,85604000,148636000,84826000,95718000,38937000,28698000,32363000,31215000,23898000,17730000,11045000,11266000,11137000,20040000,11355000,8774000.0,7783000.0,6825000.0,6200000.0,0.0,0.0,100000.0,0.0,1400000.0,100000.0
totalNonCurrentLiabilities,983632000,1079005000,929313000,776138000,762691000,704349000,702227000,445716000,233949000,61012000,54342000,37751000,37643000,31951000,40464000,24956000,14800000,16625000,7847000.0,6200000.0,0.0,0.0,400000.0,4200000.0,1400000.0,100000.0
otherLiabilities,0.0,0.0,0.0,0.0,0.0,0.0,0.0,0.0,0.0,0.0,0.0,0.0,0.0,0.0,0.0,0.0,0.0,0.0,0.0,0.0,0.0,0.0,0.0,0.0,0.0,0.0
capitalLeaseObligations,107308000,94772000,82753000,0.0,0.0,0.0,0.0,0.0,0.0,0.0,0.0,0.0,0.0,0.0,0.0,0.0,0.0,0.0,0.0,0.0,0,0,0,0,0,0
totalLiabilities,1747211000,1661766000,1654650000,1546582000,1767258000,1638917000,1558988000,1266622000,712302000,467345000,491221000,322863000,293948000,327243000,263856000,149699000,121366000,116577000,108583000,75679000,71377000,74049000,75900000,82700000,74300000,51200000
preferredStock,0,0.0,0.0,0.0,0.0,0.0,0.0,0.0,0.0,0.0,0.0,0.0,0.0,0.0,0.0,0.0,0.0,0.0,0.0,0.0,0,0,0,0,0,0
commonStock,10688000,10646000,10571000,10509000,10428000,10334000,10258000,10195000,10119000,10016000,9923000.0,9797000.0,9633000.0,9539000.0,9450000.0,4662000.0,4594000.0,4522000.0,4439000.0,4233000.0,4135000.0,4025000.0,4000000.0,0.0,0.0,0.0
retainedEarnings,2920440000,2175595000,1595648000,1167928000,803545000,540401000,318356000,1675299000,1493393000,1305593000,1127326000,965540000,824256000,702031000,585862000,490614000,396936000,318682000,240350000,183260000,137871000,100251000,63600000,31000000,46300000,67400000
accumulatedOtherComprehensiveIncomeLoss,-53484000,-53615000,-46182000,-41791000,-36470000,-43053000,-42265000,-8071000.0,13622000,15954000,15443000,13467000,10341000,5675000.0,24906000,12418000,2182000.0,11966000,4703000.0,-2511000.0,-59487000,-52491000,-49100000,-41000000,-30400000,-22900000
othertotalStockholdersEquity,0.0,-1500538000,-1382564000,-1146159000,-831609000,-616034000,-370474000,-1559907000,-998948000,-695340000,-613113000,-414569000,-329661000,-279051000,-181895000,-97833000,-34702000,62490000,163800000,155991000,219211000,209962000,265800000,317800000,286800000,278200000
totalStockholdersEquity,689992000,632088000,177473000,-9513000.0,-54106000,-108352000,-84125000,117516000,518186000,636223000,539579000,574235000,514569000,438194000,438323000,409861000,369010000,397660000,413292000,340973000,301730000,261747000,284300000,307800000,302700000,322700000
totalLiabilitiesAndStockholdersEquity,2437203000,2293854000,1832123000,1537069000,1713152000,1530565000,1474863000,1384138000,1230488000,1103568000,1030800000,897098000,808517000,765437000,702179000,559560000,490376000,514237000,521875000,416652000,373107000,335796000,360200000,390500000,377000000,373900000
minorityInterest,0,707000,352000,280000,264000,139000,130000,73000,28000,34000,14000,46000,10000,0,0,0,300000,0,0,0,0,0,0,0,0,0
totalEquity,689992000,632795000,177825000,-9233000,-53842000,-108213000,-83995000,117589000,518214000,636257000,539593000,574281000,514579000,438194000,438323000,409861000,369310000,397660000,413292000,340973000,301730000,261747000,284300000,307800000,302700000,322700000
totalLiabilitiesAndTotalEquity,2437203000,2294561000,1832475000,1537349000,1713416000,1530704000,1474993000,1384211000,1230516000,1103602000,1030814000,897144000,808527000,765437000,702179000,559560000,490676000,514237000,521875000,416652000,373107000,335796000,360200000,390500000,377000000,373900000
totalInvestments,0.0,0.0,0.0,0.0,294204000,247927000,225756000,0.0,0.0,0.0,0.0,0.0,0.0,0.0,0.0,0.0,0.0,0.0,0.0,0.0,0.0,0.0,0.0,0.0,0.0,0.0
totalDebt,1031009000,1003252000,1002956000,1000285000,1261075000,1204110000,1170085000,899000000,428394000,214501000,246418000,133280000,123884000,156479000,78683000,7125000.0,551000.0,1683000.0,1280000.0,973000.0,8380000.0,8472000.0,3600000.0,9400000.0,4100000.0,3000000.0
netDebt,886555000,619324000,912630000,876491000,1073400000,1049209000,1041091000,576464000,149336000,-9485000.0,62523000,-23635000,17156000,77611000,18323000,-54541000,-66600000,-45473000,-185437000,-112815000,-58286000,-37535000,-55000000,-99700000,-102900000,-124700000
link,https://www.sec.gov/Archives/edgar/data/874716/000087471622000007/0000874716-22-000007-index.htm,https://www.sec.gov/Archives/edgar/data/874716/000087471621000008/0000874716-21-000008-index.htm,https://www.sec.gov/Archives/edgar/data/874716/000087471620000006/0000874716-20-000006-index.html,https://www.sec.gov/Archives/edgar/data/874716/000087471619000004/0000874716-19-000004-index.html,https://www.sec.gov/Archives/edgar/data/874716/000087471618000005/0000874716-18-000005-index.html,https://www.sec.gov/Archives/edgar/data/874716/000087471617000004/0000874716-17-000004-index.html,https://www.sec.gov/Archives/edgar/data/874716/000087471616000020/0000874716-16-000020-index.html,https://www.sec.gov/Archives/edgar/data/874716/000087471615000003/c716-20141231x10k.htm,https://www.sec.gov/Archives/edgar/data/874716/000087471614000004/c716-20131231x10k.htm,https://www.sec.gov/Archives/edgar/data/874716/000087471613000005/0000874716-13-000005-index.html,https://www.sec.gov/Archives/edgar/data/874716/000114420412009868/0001144204-12-009868-index.html,https://www.sec.gov/Archives/edgar/data/874716/000114420411010145/v211843_10k.htm,https://www.sec.gov/Archives/edgar/data/874716/000095012310014507/0000950123-10-014507-index.html,https://www.sec.gov/Archives/edgar/data/874716/000136231009002521/0001362310-09-002521-index.html,https://www.sec.gov/Archives/edgar/data/874716/000136231008001141/c72515e10vk.htm,https://www.sec.gov/Archives/edgar/data/874716/000087471607000048/0000874716-07-000048-index.html,https://www.sec.gov/Archives/edgar/data/874716/000087471606000041/form10k_dec312005.htm,https://www.sec.gov/Archives/edgar/data/874716/000087471605000035/form10k_dec312004.htm,https://www.sec.gov/Archives/edgar/data/874716/000095013504001102/b48970ile10vk.htm,https://www.sec.gov/Archives/edgar/data/874716/000087471603000033/form10kmar15edgar.htm,https://www.sec.gov/Archives/edgar/data/874716/000087471602000001/final10k2001.htm,,,,,
finalLink,https://www.sec.gov/Archives/edgar/data/874716/000087471622000007/idxx-20211231.htm,https://www.sec.gov/Archives/edgar/data/874716/000087471621000008/idxx-20201231.htm,https://www.sec.gov/Archives/edgar/data/874716/000087471620000006/idxx201910k.htm,https://www.sec.gov/Archives/edgar/data/874716/000087471619000004/idxx201810k.htm,https://www.sec.gov/Archives/edgar/data/874716/000087471618000005/idxx-20171231x10k.htm,https://www.sec.gov/Archives/edgar/data/874716/000087471617000004/c716-20161231x10k.htm,https://www.sec.gov/Archives/edgar/data/874716/000087471616000020/c716-20151231x10k.htm,https://www.sec.gov/Archives/edgar/data/874716/000087471615000003/c716-20141231x10k.htm,https://www.sec.gov/Archives/edgar/data/874716/000087471614000004/c716-20131231x10k.htm,https://www.sec.gov/Archives/edgar/data/874716/000087471613000005/c716-20121231x10k.htm,https://www.sec.gov/Archives/edgar/data/874716/000114420412009868/v302204_10k.htm,https://www.sec.gov/Archives/edgar/data/874716/000114420411010145/v211843_10k.htm,https://www.sec.gov/Archives/edgar/data/874716/000095012310014507/c96448e10vk.htm,https://www.sec.gov/Archives/edgar/data/874716/000136231009002521/c81235e10vk.htm,https://www.sec.gov/Archives/edgar/data/874716/000136231008001141/c72515e10vk.htm,https://www.sec.gov/Archives/edgar/data/874716/000087471607000048/form10k_dec312006.htm,https://www.sec.gov/Archives/edgar/data/874716/000087471606000041/form10k_dec312005.htm,https://www.sec.gov/Archives/edgar/data/874716/000087471605000035/form10k_dec312004.htm,https://www.sec.gov/Archives/edgar/data/874716/000095013504001102/b48970ile10vk.htm,https://www.sec.gov/Archives/edgar/data/874716/000087471603000033/form10kmar15edgar.htm,https://www.sec.gov/Archives/edgar/data/874716/000087471602000001/final10k2001.htm,,,,,
