,2021,2020,2019,2018,2017,2016,2015,2014,2013,2012,2011,2010,2009,2008,2007,2006,2005,2004,2003,2002,2001,2000,1999,1998,1997,1996,1995,1994,1993,1992,1991
period,FY,FY,FY,FY,FY,FY,FY,FY,FY,FY,FY,FY,FY,FY,FY,FY,FY,FY,FY,FY,FY,FY,FY,FY,FY,FY,FY,FY,FY,FY,FY
currentRatio,1.2515469912085062,1.8236258088650408,0.9369975611336524,0.8490844240463941,0.9675661255048195,0.904785954580084,0.9590002346045163,0.9250730290678836,1.3644860594581825,1.4016508627160482,1.1999363668201035,1.615473919021297,1.4683209457482296,1.2052138222505182,1.3682808695029365,2.423085864537489,2.8080719929433404,3.0173683368016646,3.6788139294790345,3.8203464633517883,3.300446922678174,2.9146916231144244,3.0781456953642383,3.354140127388535,3.690444145356662,5.904109589041096,8.125748502994012,4.4772727272727275,5.370629370629371,5.861386138613861,4
quickRatio,0.7465344122873993,1.3018544480498866,0.5484526502853156,0.5145305823654931,0.7386286828056267,0.6677052927127828,0.6334263581092043,0.613763329784409,0.9137519781416653,0.8916578274469462,0.7443021980914624,0.9715304862650467,0.8655117925908585,0.6446703601858499,0.7553717232488182,1.4273746823469053,1.9182384625490307,2.0300844405314553,2.7267411848792884,2.548659469601871,1.8259523375877384,1.788937055193183,1.5496688741721854,2,2.07671601615074,3.802348336594912,7.200598802395209,3.463636363636364,4.251748251748252,4.415841584158416,3
cashRatio,0.18918016341465652,0.6588086711361948,0.12452970136639935,0.16067877743223388,0.18682178490832368,0.1657460987322485,0.15056007451319564,0.3929024760447603,0.5833725303280214,0.5512375317781228,0.42092890708869046,0.5503626644967592,0.4164101363609762,0.2670847838749441,0.2701976794155565,0.4943443720288914,0.6301353152037236,0.4717864574995998,1.853528033672173,1.503561093566247,0.9339983468063943,0.6213048116787533,0.776158940397351,1.3898089171974521,1.440107671601615,2.4990215264187867,4.470059880239521,1.1454545454545455,1.3216783216783217,1.7821782178217822,1.4090909090909092
daysOfSalesOutstanding,48.31128085191083,50.53500723217403,46.62943286573479,44.960015669321294,50.06265940363361,47.72980298216256,45.596176271558875,44.53922346576641,41.88920873340121,39.03717357720875,42.31216906035912,39.722238334155044,40.725776511608295,39.74177514330635,42.881085680528535,40.19253379370248,41.006621271127344,43.62538944355322,41.38985529168558,40.411188116412625,47.99972026595456,56.88696139693875,59.84278495227401,54.6530165676774,65.64448669201522,90.80687336570789,109.92576882290562,74.50158227848102,83.98924731182795,74.90228013029315,60.83333333333333
daysOfInventoryOutstanding,74.05828219933511,67.45564738049427,68.35484688757671,65.09786456725327,68.80546212124688,72.10418419299315,96.85485412199174,87.39079665099277,78.43085483299514,86.58053821168313,84.9048905682273,88.9496616606545,79.75653603824661,85.60807584610654,78.56398123882161,97.44079335239218,80.33022414695665,103.25121037591981,111.91651606916088,124.6056514128532,155.1704562268804,140.92387644561558,105.1394784718011,142.20112517580873,183.41402337228715,171.6812439261419,127.23114956736711,142.70676691729324,140.23684210526315,180.43396226415092,144.30232558139534
operatingCycle,122.36956305124593,117.9906546126683,114.98427975331151,110.05788023657456,118.86812152488048,119.8339871751557,142.4510303935506,131.93002011675918,120.32006356639636,125.61771178889188,127.21705962858641,128.67189999480954,120.4823125498549,125.34985098941289,121.44506691935015,137.63332714609464,121.336845418084,146.87659981947303,153.30637136084647,165.01683952926584,203.17017649283494,197.81083784255432,164.98226342407511,196.85414174348614,249.05851006430237,262.4881172918498,237.15691839027272,217.20834919577425,224.2260894170911,255.33624239444407,205.13565891472865
daysOfPayablesOutstanding,31.970891330449316,23.96381696261497,25.29654038616846,26.11907996295153,28.041749457367185,27.40145152358726,27.003830685391964,24.386164664001754,17.599872773536898,21.676770056715863,23.316168079093575,15.767289988547342,13.819169608510503,20.68163977145817,25.8503201294896,24.740842297295792,22.977299766811022,19.891232732710503,28.464556673504607,15.644161040260064,19.599284833538842,29.31114038940126,43.38386901152214,68.79043600562588,38.08430717863105,66.33138969873664,48.72682323856613,63.1203007518797,69.1578947368421,60.60377358490566,87.71317829457364
cashConversionCycle,90.39867172079661,94.02683765005332,89.68773936714305,83.93880027362303,90.82637206751329,92.43253565156844,115.44719970815865,107.54385545275743,102.72019079285946,103.94094173217601,103.90089154949284,112.90461000626219,106.66314294134439,104.66821121795472,95.59474678986055,112.89248484879886,98.35954565127298,126.98536708676252,124.84181468734187,149.37267848900578,183.5708916592961,168.49969745315306,121.59839441255298,128.06370573786026,210.97420288567133,196.15672759311315,188.43009515170658,154.08804844389454,155.068194680249,194.7324688095384,117.42248062015501
grossProfitMargin,0.5876268909235669,0.5804359994162537,0.5673457398454781,0.5609607986835601,0.5573131923996144,0.5494104785169506,0.5557615619529905,0.5492745693081268,0.5490821737356015,0.540576399982062,0.5304930133939012,0.5244038383457557,0.5101436266579297,0.5173344530921946,0.5024329172786446,0.5134897451959568,0.5060375022527993,0.5080601841651478,0.48384006453889983,0.4670196525068457,0.47485113227535153,0.5352201223627774,0.5370578326782707,0.5554860894029384,0.5444866920152092,0.615614493836384,0.5710498409331919,0.5783227848101266,0.589247311827957,0.5570032573289903,0.5163398692810458
operatingProfitMargin,0.289867386544586,0.25659864297444634,0.22969137166854736,0.2219978655745734,0.20975918434093865,0.19727073491781957,0.18722360808344132,0.17516070391376537,0.19371878308684165,0.2030118963488276,0.19383534273305167,0.18477657985557264,0.1705732561870355,0.1684091286388094,0.14761504734135092,0.17308896967597823,0.18074267938159677,0.19672020699914963,0.16888309047210878,0.15948578767538227,0.14647703461190786,0.1449274967885214,0.13138686131386862,0.09096592685214129,-0.016730038022813688,0.17556966753828912,0.17497348886532343,0.17958860759493672,0.14946236559139786,0.09771986970684039,0.08496732026143791
pretaxProfitMargin,0.28073186206210193,0.24457679312657135,0.2169663319079915,0.2068196790048264,0.1935224863868916,0.18127848968949933,0.17051149515697686,0.16594012546717038,0.19117640651301543,0.20150726260266072,0.19235588406886417,0.1831887488761927,0.16918710432876807,0.16619337324101832,0.14616255941380188,0.1769002742461613,0.18566514390490443,0.2023067076246265,0.17490630094623438,0.16664647296871593,0.15225043449431597,0.15852457053277885,0.1476698483997754,-0.003751172241325414,-0.12243346007604562,0.20657452372058274,0.19618239660657477,0.18037974683544303,0.16129032258064516,0.11400651465798045,0.10784313725490197
netProfitMargin,0.23165213226512738,0.21494279839876157,0.17770517194674662,0.170352360925737,0.13363953728127867,0.12506597019414528,0.11990696001977662,0.12242909072308852,0.13637769796188687,0.13783481193624558,0.13275413169397607,0.12804515530292046,0.11847721040331204,0.113442965538119,0.10190611941835447,0.12674312727213688,0.12263691143168337,0.14263421349245514,0.11993899057127011,0.10998861075435579,0.09744069249717029,0.0996973589671014,0.09152161706906232,-0.04751484839012191,-0.08022813688212928,0.12177810982443034,0.11399787910922587,0.10522151898734178,0.1043010752688172,0.08794788273615635,0.09803921568627451
effectiveTaxRate,0.1748288934630545,0.12062811090885746,0.18081720660720235,0.1762892633841771,0.30910861104769105,0.3100613336813259,0.2965721001241117,0.2620267283161972,0.2866622857164563,0.31590418123146224,0.30998797041233334,0.3008425312547927,0.2996694148585703,0.31740379699977084,0.30278916962689945,0.2846959847036329,0.34328786548720375,0.2985067909957427,0.31563648593460975,0.3399883670205031,0.35999727803201714,0.3710920734115062,0.38022813688212925,-11.666666666666666,0.3447204968944099,0.4104882459312839,0.4189189189189189,0.4166666666666667,0.36,0.22857142857142856,0.09090909090909091
returnOnAssets,0.3056146738700059,0.25354566734116024,0.23341109701360183,0.245247500730153,0.15357858220070317,0.14506070409432523,0.13022299088877032,0.13141493601770252,0.15261890133895048,0.16153196532808023,0.15694975039143821,0.1574819649911274,0.15116996711303396,0.15176820561326407,0.13388893715135314,0.16741368217885483,0.15948202072243192,0.15232665094110304,0.10939401197604791,0.10893743459769784,0.10082898471484052,0.10909004276405913,0.09050527484730705,-0.038924455825864276,-0.05596816976127321,0.08718908799144157,0.0688,0.10928512736236648,0.09897959183673469,0.06601466992665037,0.07874015748031496
returnOnEquity,1.079498023165486,0.9204034881219071,2.4100567410253952,-39.63323872595396,-4.86349018593132,-2.0492930448907267,-2.2832451708766714,1.5479253888832158,0.36241812785370503,0.28019578041032783,0.2998374658761738,0.24603864271596124,0.23752888339561848,0.26510860486451204,0.21448566468106853,0.22856041438438884,0.21206471369339586,0.1969823467283609,0.13813478122005748,0.13311611183290173,0.12468100619759387,0.13995193832212022,0.11466760464298277,-0.04938271604938271,-0.06970597951767427,0.1010226216299969,0.07703332139018274,0.13326653306613226,0.11602870813397129,0.07531380753138076,0.09523809523809523
returnOnCapitalEmployed,0.5568921095777786,0.4057273045916579,0.4993469648770072,0.640672573526056,0.5826741661482205,0.5875152649730934,0.48511238499462983,0.46201436166907806,0.35465982772351207,0.37655911850376256,0.3977287076868681,0.33312147077277005,0.31865626505282296,0.36681449340097205,0.28443337016251485,0.29422262699020507,0.3002551352477155,0.2607745875423923,0.19087997074600072,0.19302114830206496,0.1874258442978822,0.20344454759748917,0.1643835616438356,0.09326923076923077,-0.01453584407003634,0.14560099132589838,0.13256897169473308,0.22868605817452356,0.17921146953405018,0.09762900976290098,0.10476190476190476
netIncomePerEBT,0.8251722143811472,0.8788356231636668,0.8190449199376506,0.8236757824276557,0.690563354038897,0.6899107026341791,0.7032192164486474,0.7377907566263106,0.7133605053540023,0.6840190778038271,0.690148535547005,0.6989793646631607,0.7002732913560866,0.6825962030002292,0.6972108303731006,0.7164665391969407,0.660527381997434,0.7050394678811553,0.6857328176423956,0.6600116329794968,0.6400027219679828,0.6289079265884938,0.6197718631178707,12.666666666666666,0.65527950310559,0.5895117540687161,0.581081081081081,0.5833333333333334,0.6466666666666666,0.7714285714285715,0.9090909090909091
ebtPerEbit,0.9684837794572695,0.9531492072268201,0.9445994001946293,0.9316291328726836,0.9225936256137598,0.9189325003783131,0.9107371495638721,0.9473593206662696,0.9868759418507883,0.9925884454397611,0.9923674462906128,0.9914067519778694,0.9918735686399309,0.9868430208285012,0.9901602990094212,1.022019338247364,1.0272346550363736,1.028398204285648,1.0356649707042183,1.0448985793512118,1.0394150516338945,1.0938198343693075,1.123931623931624,-0.041237113402061855,7.318181818181818,1.176595744680851,1,1,1,1,1
ebitPerRevenue,0.289867386544586,0.25659864297444634,0.22969137166854736,0.2219978655745734,0.20975918434093865,0.19727073491781957,0.18722360808344132,0.17516070391376537,0.19371878308684165,0.2030118963488276,0.19383534273305167,0.18477657985557264,0.1705732561870355,0.1684091286388094,0.14761504734135092,0.17308896967597823,0.18074267938159677,0.19672020699914963,0.16888309047210878,0.15948578767538227,0.14647703461190786,0.1449274967885214,0.13138686131386862,0.09096592685214129,-0.016730038022813688,0.17556966753828912,0.19618239660657477,0.18037974683544303,0.16129032258064516,0.11400651465798045,0.10784313725490197
debtRatio,0.716891863336784,0.7242195783855823,0.9029591126754799,1.0060057930892725,1.031423775662186,1.0706949220750714,1.0569460329642242,0.9150498009335282,0.5788644763660123,0.42347241124970775,0.47653698921434906,0.359878681683208,0.3635599058534842,0.42752440762597055,0.3757674325207675,0.26752984487811854,0.24734447986043745,0.22669897343053882,0.20806323353293413,0.18163599358697427,0.19130437113214172,0.22051781438730658,0.21071626873958912,0.2117797695262484,0.1970822281167109,0.13693500936079164,0.10688,0.18077239112571897,0.14591836734693878,0.1234718826405868,0.1732283464566929
debtEquityRatio,2.532219214135816,2.6290105175228766,9.32339003679433,-162.57563334384525,-32.662883968506264,-15.125858313644418,-18.531803863298663,10.778294019537766,1.3746068014187955,0.7345616238331528,0.9103782763969688,0.5622489050649995,0.5712508915228084,0.7467993628392904,0.6019670425690644,0.36524333859527985,0.32889623587436656,0.2931574712065584,0.26272707915952886,0.22195012508321774,0.23655917542173466,0.2829029559078041,0.26697150896939853,0.2686809616634178,0.24545754872811365,0.15866129532073134,0.11967036904335364,0.22044088176352705,0.17105263157894737,0.14086471408647142,0.20952380952380953
longTermDebtToCapitalization,0.5555818917487991,0.5967846779096196,0.79749378981564,1.0160737367678492,1.0980236208917529,1.223517713993374,1.1639991422333125,0.7486374797867881,0.22490483063967273,0.0021862654226596843,0.004613710153482881,0.005917047085360934,0.008250939577912692,0.011491400624424754,0.012897196261682243,0.015486130461100915,,0.000984795956307216,0.0018981930940547432,,,,0.0010541110330288123,0.013461538461538462,,,,,,,
totalDebtToCapitalization,0.5990751893810637,0.6134822116501767,0.8496538123004433,1.0096016035980024,1.0448279947538006,1.0988831475563035,1.0774660208479134,0.8843933592781619,0.4525703057322149,0.2521393542441497,0.3135101024558618,0.1883776315696487,0.1940377756859158,0.2631345293968282,0.1521897231366754,0.01708690459631738,,0.00421442218844452,0.0030875215885298574,,,,0.012504341785342132,0.029634300126103404,,,,,,,
interestCoverage,31.267713365539453,20.966762264150944,17.802157462566413,14.14157840202625,11.095446608462055,10.928234890324191,10.257259140189474,16.86791107654417,49.52877831414779,68.23362785862786,66.59853397237102,84.42277432712216,91.84185803757829,37.580300719110916,,,,,,,,,,,,,9.024390243902438,228,13.636363636363637,7,4.714285714285714
cashFlowToDebtRatio,0.7328219249298503,0.6459623305012101,0.4578047292204244,0.3999700085475639,0.29599825545665404,0.27785750471302456,0.18491306187157344,0.2623426028921023,0.574228397223117,1.073570752583904,0.8956326242401124,1.3417842136854743,1.4122243388976785,0.915828961074649,1.7173214036068782,15.41417543859649,,56.672014260249554,91.52734375,,,,14.61111111111111,4.904255319148936,,,,,,,
companyEquityMultiplier,3.532219214135816,3.630129032666338,10.325373437086204,-161.60506675076212,-31.667763279488412,-14.12714116952156,-17.533349182763743,11.778915211545662,2.3746608360704458,1.7346150642149059,1.9104042225512854,1.5623290116415753,1.5712703252625013,1.7467993628392904,1.6019670425690644,1.3652433385952798,1.3297092219723043,1.2931574712065583,1.2627270791595289,1.2219501250832177,1.2365591754217347,1.282902955907804,1.2669715089693985,1.2686809616634178,1.2454575487281137,1.1586612953207314,1.1196703690433536,1.219438877755511,1.1722488038277512,1.1408647140864714,1.2095238095238094
receivablesTurnover,7.555171247039363,7.222715895202566,7.827674015486833,8.118324572761653,7.2908631772268135,7.647213631625648,8.005057218529808,8.195023882276372,8.713461319429504,9.350062172869494,8.626359936294461,9.188807461692205,8.962382826413684,9.184290301171322,8.511911352229111,9.081288626227131,8.901001562325634,8.366687487621688,8.818586038239218,9.032152159163036,7.604210982431261,6.41623301784654,6.0993150684931505,6.6784968684759916,5.560253699788584,4.01951951951952,3.3204225352112675,4.89922480620155,4.345794392523365,4.873015873015873,6
payablesTurnover,11.416635095574307,15.231296440355159,14.428850523748823,13.974458538269047,13.01630629554414,13.320462227550493,13.51660082054399,14.967503296605056,20.738786279683378,16.838301972341874,15.65437334135865,23.14919052450483,26.412585585114723,17.64850389202314,14.119747769916948,14.752933453680152,15.885243423042033,18.34979284113292,12.822964509394572,23.331388564760793,18.62312850188298,12.4526031792329,8.41326530612245,5.3059701492537314,9.584,5.502673796791444,7.4907407407407405,5.782608695652174,5.277777777777778,6.0227272727272725,4.161290322580645
inventoryTurnover,4.928550719250641,5.410962820372321,5.339782277624232,5.606942753443391,5.304811402280943,5.0621195438956175,3.7685256284653637,4.176641179478864,4.653780719044871,4.215728009308529,4.29892786572401,4.103444500918794,4.576427439438533,4.263616444973517,4.645894903040363,3.7458644110171258,4.543744323833413,3.5350675180571547,3.2613595635378916,2.9292411368297686,2.352251896883774,2.590050807613559,3.471578947368421,2.5667870036101084,1.9900332225913622,2.12603305785124,2.868794326241135,2.5576923076923075,2.6027397260273974,2.0229007633587788,2.5294117647058822
fixedAssetTurnover,4.641322924846413,4.187677345289925,3.9171619589487867,5.0614997598737625,5.194088041023909,4.967301956790572,4.810110922270333,4.894172016588326,4.896833016848379,5.275119607467258,5.6218556396665695,5.469783120584955,5.1595580806817845,5.39969205783407,6.503644643713166,7.4187678162765485,9.71269616573055,8.76865719303848,10.525207854236688,8.344353452633708,7.844783094584984,8.046954731609032,8.994949494949495,7.708433734939759,6.414634146341464,7.354395604395604,7.396078431372549,9.432835820895523,7.75,5.116666666666666,2.7818181818181817
assetTurnover,1.3192828008171662,1.1795960098685543,1.3134738536678536,1.439648381727246,1.1492001942318737,1.1598734961168196,1.0860336286341699,1.073396324693273,1.1190898777423455,1.171924298796124,1.1822588750249803,1.2298939746573572,1.2759413105561102,1.3378370786883833,1.3138458996922437,1.320889627564515,1.3004406166187057,1.0679531033356215,0.9120804790419161,0.9904428635887983,1.0347728667647618,1.0942119620245625,0.9888950583009439,0.8192061459667094,0.6976127320954907,0.7159668360524204,0.60352,1.038619556285949,0.9489795918367347,0.7506112469437652,0.8031496062992126
operatingCashFlowPerShare,8.867910798122066,7.593717044362682,5.331916623120247,4.605866642107202,4.252936686073671,3.728558373824277,2.3365190440707986,2.3562451295781965,2.3137756541695667,2.0940438301354916,1.9431237893995421,1.5493303068632718,1.4874594024724106,1.1951695494804264,1.097498375568551,0.8734928260108803,0.8959749085206482,0.6969296194540247,0.8546219836012956,0.7677487954315627,0.3481512630282642,0.20429133037509262,0.34286809750217007,0.30328947368421055,0.0895734595458323,0.050608795980811375,0.06647807637906648,0.11036539895600299,0.05584905660377359,0.0008110300081103001,0.03825136612021858
freeCashFlowPerShare,7.46475352112676,6.329673548780202,3.529396736921558,3.1905967949898693,3.3790062550558853,3.0065528462532876,1.4410535523374477,1.749835154954343,1.5741454880641095,1.4903155406019823,1.4724071139285086,1.208835097811585,0.9851808396673979,0.37269194202125,0.5594541910331384,0.3059762033531639,0.7099489560591618,0.4652627579353481,0.7313690875667473,0.6555677829992267,0.2176358393656324,0.09201790801597656,0.2620398767982364,-0.013157894736842105,-0.14597156370431932,-0.0240391780908854,-0.07072135785007072,0.07084265473527218,0.03924528301886793,-0.09813463098134631,-0.07978142076502732
cashPerShare,1.695469483568075,4.49869935084718,1.0488997271090983,1.425147356787622,5.376955417060693,4.366892524406009,3.6995820779473223,3.2223310088516794,2.6247483963204727,2.036791852323361,1.6190790632153549,1.3594424133210887,0.9074121307963067,0.6577485697129418,0.4902534113060429,0.7688257563706932,1.0203483902709019,1.0030396913544164,1.6099982492486358,1.094454523823687,0.597415372600847,0.5440269446953998,0.3819785268750412,0.7177631578947369,0.7099526052891894,0.8078429058437016,1.299151343705799,0.37583892617449666,0.29735849056603775,0.259529602595296,0.16065573770491803
payoutRatio,0,0,0,0,0,0,0,0,0,0,0,0,0,0,0,0,0,0,0,0,0,0,0,0,0,0,0,0,0,0,0
operatingCashFlowSalesRatio,0.23498021994426752,0.23943317489668983,0.19076674305789834,0.1807683027883982,0.18957085063009824,0.18844579573431233,0.13506778234737424,0.15873259447559473,0.17863880824191863,0.17805245032621017,0.18109624358634566,0.16207567210927756,0.16958744049482713,0.1399451187953478,0.14646714830010135,0.14859081850370104,0.18265618755827895,0.17367498147241073,0.24612808618632245,0.25020718734097463,0.12008878965812873,0.07685775871453765,0.1476698483997754,0.14410753360425133,0.051330798479087454,0.029884198729921554,0.04984093319194061,0.11708860759493671,0.07956989247311828,0.0016286644951140066,0.11437908496732026
freeCashFlowOperatingCashFlowRatio,0.841771381226292,0.8335408748840776,0.6619377207845666,0.6927245278491517,0.7945112999496351,0.8063579927728345,0.6167523247860087,0.7426371445773937,0.6803362656303354,0.7116926203524374,0.7577526053466244,0.7802307180442088,0.6623245232978189,0.3118318586540877,0.5097540037299073,0.35029045945404547,0.7923759352048871,0.667589301628241,0.8557808032094234,0.8538831801497293,0.6251186265205763,0.45042492917847027,0.7642585551330798,-0.04338394793926247,-1.6296296296296295,-0.475,-1.0638297872340425,0.6418918918918919,0.7027027027027027,-121,-2.085714285714286
cashFlowCoverageRatios,0.7328219249298503,0.6459623305012101,0.4578047292204244,0.3999700085475639,0.29599825545665404,0.27785750471302456,0.18491306187157344,0.2623426028921023,0.574228397223117,1.073570752583904,0.8956326242401124,1.3417842136854743,1.4122243388976785,0.915828961074649,1.7173214036068782,15.41417543859649,,56.672014260249554,91.52734375,,,,14.61111111111111,4.904255319148936,,,,,,,
shortTermCoverageRatios,4.485895966798672,9.569601748349847,1.5101596468955356,1.002875140686374,0.5698870229007633,0.5475793780687398,0.37759860383944155,0.429591985428051,0.8847663064002733,1.0805933169722253,0.9048159824858456,1.3771003064791856,1.4627726729262645,0.9466459688872741,1.8521300509896377,161.98525073746313,211.52813067150635,73.87993803253292,237.15587044534414,106.11819116135663,5.532696897374701,3.3333333333333335,15.93939393939394,8.865384615384615,3.292682926829268,2.6666666666666665,5.529411764705882,,,,
capitalExpenditureCoverageRatio,-6.319969217642975,-6.007480811301865,-2.9580348399732,-3.2544087980737944,-4.866447642886942,-5.164168737555374,-2.6092787110623363,-3.8855645985040694,-3.1282872984383743,-3.4685203036510424,-4.128011372138261,-4.550226451580072,-2.961423227313506,-1.4531332386939768,-2.0397922830746937,-1.5391493238035177,-4.816397371792223,-3.008326762340325,-6.933889678030303,-6.843839066746205,-2.667510499971233,-1.8195876288659794,-4.241935483870968,-0.9584199584199584,-0.38028169014084506,-0.6779661016949152,-0.4845360824742268,-2.792452830188679,-3.3636363636363638,-0.00819672131147541,-0.32407407407407407
dividendPaidAndCapexCoverageRatio,,,,,,,,,,,,,,,,,,,,,,,,,,,,,,,
dividendPayoutRatio,,,,,,,,,,,,,,,,,,,,,,,,,,,,,,,
priceBookValueRatio,60.38774362601306,64.629462927007,137.6739501219904,-1896.3434794491748,-302.6802519129117,-99.79239884819846,-77.20694371471025,67.46694696892338,11.670264808389266,8.310541429655954,8.913514239805476,7.121723998014749,5.9989708085796085,4.4876433725701395,7.811516165019859,6.4536195197884165,6.804548413322132,4.812123472313031,4.061519651965196,3.2855535189003233,2.780577337354589,2.9542005701520933,2.1584490327119243,3.2098765432098766,1.703763512597952,4.148459866793926,6.269527051236116,5.668748296593186,5.274799641148326,3.6274619246861928,4.6749238095238095
priceToBookRatio,60.38774362601306,64.629462927007,137.6739501219904,-1896.3434794491748,-302.6802519129117,-99.79239884819846,-77.20694371471025,67.46694696892338,11.670264808389266,8.310541429655954,8.913514239805476,7.121723998014749,5.9989708085796085,4.4876433725701395,7.811516165019859,6.4536195197884165,6.804548413322132,4.812123472313031,4.061519651965196,3.2855535189003233,2.780577337354589,2.9542005701520933,2.1584490327119243,3.2098765432098766,1.703763512597952,4.148459866793926,6.269527051236116,5.668748296593186,5.274799641148326,3.6274619246861928,4.6749238095238095
priceToSalesRatio,12.958754229697451,15.09298671703856,10.151368041487252,8.150900588367653,8.317082437388843,6.090213994073524,4.054601770905904,5.336120868995771,4.391512804834655,4.088148341732787,3.946490942315882,3.706337530089035,2.9922311616631108,1.920313272072107,3.7113962853163223,3.5787120983551994,3.935066737711469,3.4844414136687174,3.5265163700230255,2.714723725979596,2.173076634177802,2.1044795680169393,1.7227598540145987,3.088465145357924,1.9609475865528518,5.000776985485245,9.277969247083774,4.475799683544304,4.741647849462366,4.235977524429967,4.8124215686274505
priceEarningsRatio,55.94057824111057,70.21862016069072,57.12477543720191,47.847300407658786,62.2351933162071,48.696012069625525,33.814565645206635,43.58539982188603,32.201106709265176,29.65976652998031,29.727820083319944,28.94555066391099,25.255752996522805,16.927565873856192,36.41975875933372,28.23594600653302,32.08713177601145,24.42921181637134,29.40258504116307,24.681862125184516,22.30153110047847,21.108679204946498,18.82352944785276,-65,-24.442142903478675,41.06466254645399,81.38720930232557,42.53692330827067,45.46115979381444,48.16463333333333,49.08669999999999
priceToFreeCashFlowsRatio,65.51455431393545,75.62475209993207,80.39050895918193,65.09127080116039,55.220377210255855,40.079122557305105,48.67272273555001,45.26712117751843,36.13389005736138,32.26162426017451,28.75902975435911,29.30920856297167,26.63977915857605,44.00417114214106,49.7091637630662,68.75534688466637,27.188574383073643,30.052910450105223,16.742572537128837,12.706542658167548,28.94743815340027,60.79034093047169,15.26485223880597,-494,-23.442237057427274,-352.291578688,-174.9825,59.551692631578945,84.80254807692307,-21.49496033057851,-20.172616438356165
priceToOperatingCashFlowsRatio,55.14827687526636,63.036322028268856,53.21351027315216,45.09031983283511,43.87321368102958,32.318120817404974,30.01901490081529,33.61704561451116,24.58319582432235,22.96035990654936,21.792229723606706,22.86794484239486,17.644179031963056,13.721902475786417,25.339445250288623,24.08434205015206,21.54357205367561,20.063001499281814,14.327972173616148,10.849903053664299,18.0955827797429,27.38148500834278,11.66629391634981,21.43167028199566,38.20216409358518,167.3384998768,186.15159574468083,38.22574864864865,59.590979729729725,2600.8902,42.07431428571428
priceCashFlowRatio,55.14827687526636,63.036322028268856,53.21351027315216,45.09031983283511,43.87321368102958,32.318120817404974,30.01901490081529,33.61704561451116,24.58319582432235,22.96035990654936,21.792229723606706,22.86794484239486,17.644179031963056,13.721902475786417,25.339445250288623,24.08434205015206,21.54357205367561,20.063001499281814,14.327972173616148,10.849903053664299,18.0955827797429,27.38148500834278,11.66629391634981,21.43167028199566,38.20216409358518,167.3384998768,186.15159574468083,38.22574864864865,59.590979729729725,2600.8902,42.07431428571428
priceEarningsToGrowthRatio,1.987055956272782,1.8864137416142313,3.9352623078961324,1.0712082180819131,2.900394858321351,2.5200186246031184,2.4068014371000026,15.385646137125752,3.597640887517908,2.1674444771908683,1.820828980103347,1.6272093346198608,3.4997257723753,0.6316872143170726,13.566360137851797,1.1938356118551685,6.1232943139221785,0.6580126408603246,1.2404215564240677,1.2677501909753852,3.377088995215319,0.854398920200215,0.06023529423312883,-2.275,0.1459494864020669,1.4828905919552835,30.52309066190535,15.129263682930839,15.976414864243027,15.751222817221922,11.912635963621028
priceSalesRatio,12.958754229697451,15.09298671703856,10.151368041487252,8.150900588367653,8.317082437388843,6.090213994073524,4.054601770905904,5.336120868995771,4.391512804834655,4.088148341732787,3.946490942315882,3.706337530089035,2.9922311616631108,1.920313272072107,3.7113962853163223,3.5787120983551994,3.935066737711469,3.4844414136687174,3.5265163700230255,2.714723725979596,2.173076634177802,2.1044795680169393,1.7227598540145987,3.088465145357924,1.9609475865528518,5.000776985485245,9.277969247083774,4.475799683544304,4.741647849462366,4.235977524429967,4.8124215686274505
dividendYield,,,,,,,,,,,,,,,,,,,,,,,,,,,,,,,
enterpriseValueMultiple,41.03297401594316,52.44473554018259,39.52832908616807,32.861065303796764,34.810137922229735,27.45152787291948,20.29774142895235,26.509332880337375,19.1700634495389,16.65716467888895,17.023120302722194,16.233503337805033,13.721456338576063,9.141838592097317,19.56480337381993,16.11858005948307,17.05837975337246,14.378529140112681,14.600856402483743,11.333386280288883,9.63705221577583,9.465290971536641,8.003539541547278,60.42857142857143,-23.192652542887643,18.478051735378994,34.23557692307692,19.727776642335765,21.1036625,20.869743103448275,27.59202
priceFairValue,60.38774362601306,64.629462927007,137.6739501219904,-1896.3434794491748,-302.6802519129117,-99.79239884819846,-77.20694371471025,67.46694696892338,11.670264808389266,8.310541429655954,8.913514239805476,7.121723998014749,5.9989708085796085,4.4876433725701395,7.811516165019859,6.4536195197884165,6.804548413322132,4.812123472313031,4.061519651965196,3.2855535189003233,2.780577337354589,2.9542005701520933,2.1584490327119243,3.2098765432098766,1.703763512597952,4.148459866793926,6.269527051236116,5.668748296593186,5.274799641148326,3.6274619246861928,4.6749238095238095
