,2022,2021,2020,2019,2018,2017,2016,2015,2014,2013,2012,2011,2010,2009,2008,2007,2006,2005,2004,2003,2002,2001
reportedCurrency,USD,USD,USD,USD,USD,USD,USD,USD,USD,USD,USD,USD,USD,USD,USD,USD,USD,USD,USD,USD,USD,USD
cik,0001108524,0001108524,0001108524,0001108524,0001108524,0001108524,0001108524,0001108524,0001108524,0001108524,0001108524,0001108524,0001108524,0001108524,0001108524,0001108524,0001108524,0001108524,0001108524,0001108524,0001108524,0001108524
fillingDate,2022-03-11,2021-03-17,2020-01-31,2019-01-31,2018-01-31,2017-01-31,2016-01-31,2015-01-31,2014-01-31,2013-01-31,2012-01-31,2011-01-31,2010-01-31,2009-01-31,2008-01-31,2007-01-31,2006-01-31,2005-01-31,2004-01-31,2003-01-31,2002-01-31,2001-01-31
acceptedDate,2022-03-11 08:06:16,2022-02-24 16:13:45,2020-01-31,2019-01-31,2018-01-31,2017-01-31,2016-01-31,2015-01-31,2014-01-31,2013-01-31,2012-01-31,2011-01-31,2010-01-31,2009-01-31,2008-01-31,2007-01-31,2006-01-31,2005-01-31,2004-01-31,2003-01-31,2002-01-31,2001-01-31
calendarYear,2022,2021,2020,2019,2018,2017,2016,2015,2014,2013,2012,2011,2010,2009,2008,2007,2006,2005,2004,2003,2002,2001
period,FY,FY,FY,FY,FY,FY,FY,FY,FY,FY,FY,FY,FY,FY,FY,FY,FY,FY,FY,FY,FY,FY
revenue,26492000000,21252000000,17098000000,13282000000,10480012000,8391984000,6667216000,5373586000,4071003000,3050195000,2266539000,1657139000,1305583000,1076769000,748700000,497098000,309857000,176375000,96023000,50991000,22409000,5435000.0
costOfRevenue,7026000000,5438000000,4235000000,3451000000,2773522000,2234039000,1654548000,1289270000,968428000,683579000,488886000,323813000,257925000,220471000,171591000,118890000,69126000,33454000,17273000,10363000,6047000.0,3422000.0
grossProfit,19466000000,15814000000,12863000000,9831000000,7706490000,6157945000,5012668000,4084316000,3102575000,2366616000,1777653000,1333326000,1047658000,856298000,577109000,378208000,240731000,142921000,78750000,40628000,16362000,2013000.0
grossProfitRatio,0.7347878604861845,0.7441182006399397,0.752310211720669,0.740174672489083,0.7353512572313848,0.7337889347739461,0.7518382485283213,0.7600726963335098,0.7621156260508773,0.7758900660449578,0.7843028511752942,0.8045951486266391,0.8024445783990753,0.7952476343579727,0.7708147455589689,0.760831868162817,0.7769099939649581,0.8103245924875975,0.8201160138716765,0.7967680571081172,0.7301530635012718,0.3703771849126035
researchAndDevelopmentExpenses,4465000000,3598000000,2766000000,1886000000,1553073000,1208127000,946300000,792917000,623798000,429479000,295347000,187887000,131897000,99530000,63812000,44614000,23330000,9822000.0,6962000.0,4648000.0,5308000.0,3366000.0
generalAndAdministrativeExpenses,2598000000,2087000000,1704000000,1346000000,1088358000,967563000,711621000,679936000,596719000,433821000,347781000,255913000,195290000,158613000,0.0,0.0,0.0,0.0,0.0,0.0,0.0,0.0
sellingAndMarketingExpenses,11855000000,9674000000,7930000000,6064000000,4829291000,3918027000,3239824000,2757096000,2168132000,1614026000,1169610000,792029000,605199000,534413000,0.0,0.0,0.0,0.0,0.0,0.0,0.0,0.0
sellingGeneralAndAdministrativeExpenses,14453000000,11761000000,9634000000,7410000000,5917649000,4885590000,3951445000,3437032000,2764851000,2047847000,1517391000,1047942000,800489000,693026000,492988000,337192000,197584000,126579000,71515000,46480000,32922000,32247000
otherExpenses,0.0,0.0,0.0,0.0,0.0,0.0,0.0,0.0,0.0,0.0,0.0,0.0,0.0,0.0,0.0,0.0,-285000.0,0.0,-3445000.0,0.0,7657000.0,0.0
operatingExpenses,18918000000,15359000000,12400000000,9296000000,7470722000,6093717000,4897745000,4229949000,3388649000,2477326000,1812738000,1235829000,932386000,792556000,556800000,381806000,220629000,136401000,75032000,51128000,45887000,35613000
costAndExpenses,25944000000,20797000000,16635000000,12747000000,10244244000,8327756000,6552293000,5519219000,4357077000,3160905000,2301624000,1559642000,1190311000,1013027000,728391000,500696000,289755000,169855000,92305000,61491000,51934000,39035000
interestIncome,0.0,0.0,0.0,61000000,36480000,21901000,14146000,10129000,9512000.0,17903000,20791000,28273000,0.0,25236000,0.0,0.0,0.0,0.0,0.0,0.0,0.0,0.0
interestExpense,0.0,0.0,0.0,154000000,86943000,88988000,72485000,73237000,77211000,30948000,17045000,24909000,2000000.0,2569000.0,0.0,0.0,0.0,0.0,0.0,0.0,0.0,0.0
depreciationAndAmortization,3298000000,2846000000,2135000000,962000000,752600000,632245000,525750000,448296000,369423000,216795000,157286000,75746000,53177000,94703000,66414000,35885000,20633000,18745000,11190000,5549000.0,0.0,0.0
ebitda,4830000000,5407000000,2841000000,2099000000,1041651000,746616000,662514000,308448000,88699000,119949000,141014000,199730000,193585000,178257000,108155000,46161000,47797000,27308000,15245000,-4167000.0,-28609000,-31671000
ebitdaratio,0.18231919069907895,0.2544231131187653,0.16615978477014856,0.15803342870049691,0.09939406557931423,0.08896775780316073,0.09936891200165106,0.0574007748270894,0.021787996717270903,0.03932502676058416,0.062215563023623244,0.12052700467492468,0.14827475541577978,0.16554804233777162,0.14445705890209698,0.09286096504109853,0.15425502731905363,0.15482919914953933,0.15876404611395187,-0.08172030358298524,-1.2766745504038557,-5.82723091076357
operatingIncome,548000000,455000000,297000000,535000000,235768000,64228000,114923000,-145633000,-286074000,-110710000,-35085000,97497000,115272000,63742000,20309000,-3598000.0,20102000,6520000.0,3718000.0,-10500000,-29525000,-33600000
operatingIncomeRatio,0.020685489959232976,0.021409749670619236,0.017370452684524505,0.040280078301460624,0.022496920805052514,0.007653494096270918,0.017237029668755295,-0.027101641250368003,-0.0702711346564962,-0.03629604008924019,-0.015479548333384071,0.05883453349417279,0.08829159080655921,0.05919746946652439,0.02712568451983438,-0.007238009406595882,0.06487508754038153,0.03696669029057406,0.038719890026347854,-0.20591869153380007,-1.317550983979651,-6.182152713891444
totalOtherIncomeExpensesNet,984000000,2106000000,409000000,448000000,-33660000,-38845000,-50644000,-67452000,-71861000,-17084000,1768000.0,6801000.0,27109000,21850000,25904000,16094000,8096000.0,2633000.0,521000.0,492000.0,491000.0,1736000.0
incomeBeforeTax,1532000000,2561000000,706000000,983000000,202108000,25383000,64279000,-213085000,-357935000,-127794000,-33317000,104298000,142381000,85592000,46213000,12496000,28198000,9153000.0,4239000.0,-10008000,-29034000,-31864000
incomeBeforeTaxRatio,0.05782877849916956,0.12050630528891398,0.04129137910866768,0.0740099382623099,0.0192850924216499,0.0030246721156761023,0.009641055577020453,-0.0396541527389717,-0.08792304992160409,-0.041896993470909236,-0.014699504398556567,0.06293859477086713,0.10905549474832316,0.07948965841327156,0.06172432215840791,0.025137900373769357,0.09100326925000887,0.05189510985116939,0.04414567343240682,-0.1962699299876449,-1.295640144584765,-5.862741490340387
incomeTaxExpense,88000000,-1511000000,580000000,-127000000,74630000,-154249000,111705000,49603000,-125760000,142651000,-21745000,34601000,57689000,37557000,23385000,9795000.0,-1310000.0,1217000.0,541000.0,0.0,0.0,0.0
netIncome,1444000000,4072000000,126000000,1110000000,127478000,179632000,-47426000,-262688000,-232175000,-270445000,-11572000,64474000,80719000,43428000,18356000,481000.0,28474000,7346000.0,3514000.0,-9716000.0,-28609000,-31671000
netIncomeRatio,0.054507020987467916,0.19160549595332205,0.007369282957071003,0.08357175124228279,0.012163917369560264,0.021405188570426253,-0.007113313862937694,-0.04888504622425323,-0.05703139987860485,-0.08866482306868904,-0.005105581682027091,0.038906814696896275,0.06182601948707972,0.04033177032399707,0.024517163082676638,0.0009676160435165701,0.09189400271738253,0.04164989369241673,0.036595399018985036,-0.19054342923260967,-1.2766745504038557,-5.82723091076357
eps,1.51,4.48,0.15,1.48,0.18,0.26,-0.07,-0.42,-0.39,-0.48,-0.0225,0.125,0.1625,0.09,0.04,0.0010699731283255922,0.0675,0.025,0.03,-0.0925,-0.34,-0.595
epsdiluted,1.48,4.38,0.15,1.43,0.17,0.26,-0.07,-0.42,-0.39,-0.48,-0.0225,0.1175,0.1575,0.0875,0.0375,0.0010007989746492001,0.06,0.0175,0.01,-0.0925,-0.34,-0.595
weightedAverageShsOut,955000000,908000000,829000000,751000000,714919000,687797000,661647000,624148000,597613000,564896000,541208000,520888000,497848000,484732000,467360000,449544000,429096000,302012000,118420000,105500000,84156000,53256000
weightedAverageShsOutDil,974000000,930000000,850000000,775000000,734598000,700217000,661647000,624148000,597613000,564896000,541208000,548714894,512456000,500912000,489688000,480616000,474948000,443496000,381636000,105500000,84156000,53256000
link,https://www.sec.gov/Archives/edgar/data/1108524/000110852422000013/0001108524-22-000013-index.htm,https://www.sec.gov/Archives/edgar/data/1108524/000110852422000008/0001108524-22-000008-index.htm,,,,,,,,,,,,,,,,,,,,
finalLink,https://www.sec.gov/Archives/edgar/data/1108524/000110852422000013/crm-20220131.htm,https://www.sec.gov/Archives/edgar/data/1108524/000110852422000008/crm-20210131.htm,,,,,,,,,,,,,,,,,,,,
