,2021,2020,2019,2018,2017,2016,2015,2014,2013,2012,2011,2010,2009,2008,2007,2006,2005,2004,2003,2002,2001,2000,1999,1998,1997,1996,1995,1994,1993,1992,1991,1990,1989,1988,1987,1986,1985
reportedCurrency,USD,USD,USD,USD,USD,USD,USD,USD,USD,USD,USD,USD,USD,USD,USD,USD,USD,USD,USD,USD,USD,USD,USD,USD,USD,USD,USD,USD,USD,USD,USD,USD,USD,USD,USD,USD,USD
cik,0000002969,0000002969,0000002969,0000002969,0000002969,0000002969,0000002969,0000002969,0000002969,0000002969,0000002969,0000002969,0000002969,0000002969,0000002969,0000002969,0000002969,0000002969,0000002969,0000002969,0000002969,0000002969,0000002969,0000002969,0000002969,0000002969,0000002969,0000002969,0000002969,0000002969,0000002969,0000002969,0000002969,0000002969,0000002969,0000002969,0000002969
fillingDate,2021-11-04,2020-11-19,2019-11-26,2018-11-20,2017-11-16,2016-11-21,2015-11-24,2014-11-24,2013-11-26,2012-11-20,2011-11-22,2010-11-23,2009-11-25,2008-11-26,2007-11-28,2006-12-13,2005-11-22,2004-12-13,2003-09-30,2002-12-13,2001-12-14,2000-09-30,1999-09-30,1998-09-30,1997-09-30,1996-09-30,1995-09-30,1994-09-30,1993-09-30,1992-09-30,1991-09-30,1990-09-30,1989-09-30,1988-09-30,1987-09-30,1986-09-30,1985-09-30
acceptedDate,2021-11-18 14:04:47,2020-11-19 15:29:11,2019-11-26 13:55:27,2018-11-20 14:47:42,2017-11-16 08:20:11,2016-11-21 13:23:28,2015-11-24 11:03:53,2014-11-24 13:55:10,2013-11-26 09:38:11,2012-11-20 11:53:42,2011-11-22 16:13:06,2010-11-23 06:04:42,2009-11-25 13:58:55,2008-11-26 10:28:10,2007-11-28 16:04:28,2006-12-13 09:14:20,2005-11-22 16:06:05,2004-12-13 09:50:05,2003-09-30,2002-12-13 12:06:56,2001-12-14 00:00:00,2000-09-30,1999-09-30,1998-09-30,1997-09-30,1996-09-30,1995-09-30,1994-09-30,1993-09-30,1992-09-30,1991-09-30,1990-09-30,1989-09-30,1988-09-30,1987-09-30,1986-09-30,1985-09-30
calendarYear,2021,2020,2019,2018,2017,2016,2015,2014,2013,2012,2011,2010,2009,2008,2007,2006,2005,2004,2003,2002,2001,2000,1999,1998,1997,1996,1995,1994,1993,1992,1991,1990,1989,1988,1987,1986,1985
period,FY,FY,FY,FY,FY,FY,FY,FY,FY,FY,FY,FY,FY,FY,FY,FY,FY,FY,FY,FY,FY,FY,FY,FY,FY,FY,FY,FY,FY,FY,FY,FY,FY,FY,FY,FY,FY
cashAndCashEquivalents,4468900000,5253000000,2248700000,2791300000,3273600000,1501300000,206400000,336600000,450400000,454400000,422500000,374300000,488200000,103500000,42300000,35200000,55800000,146300000,76200000,253700000,66200000,94100000,61600000,61500000,52500000,79000000,87000000,99900000,238400000,116800000,104400000,74400000,49500000,36200000,96600000,116700000,46200000
shortTermInvestments,1331900000,1104900000,166000000,184700000,404000000,0.0,0.0,0.0,0.0,0.0,0.0,0.0,0.0,0.0,0.0,0.0,0.0,0.0,0.0,0.0,0.0,0.0,0.0,0.0,0.0,0.0,0.0,0.0,0.0,0.0,0.0,0.0,0.0,0.0,0.0,0.0,0.0
cashAndShortTermInvestments,5800800000,6357900000,2414700000,2976000000,3677600000,1501300000,206400000,336600000,450400000,454400000,422500000,374300000,488200000,103500000,42300000,35200000,55800000,146300000,76200000,253700000,66200000,94100000,61600000,61500000,52500000,79000000,87000000,99900000,238400000,116800000,104400000,74400000,49500000,36200000,96600000,116700000,46200000
netReceivables,1655100000,1417400000,1415400000,1515800000,1540100000,1807200000,1770400000,1909200000,1967900000,1923800000,1861300000,1854000000,1763000000,1883100000,2082700000,1876300000,1589000000,1526000000,1271300000,1049000000,981300000,1076100000,974500000,975200000,1000900000,785000000,748000000,662000000,576700000,495500000,421300000,437300000,377300000,344700000,289900000,375600000,381500000
inventory,453900000,404800000,388300000,396100000,335400000,619900000,657800000,706000000,706100000,786600000,681400000,735200000,641900000,503700000,516700000,509500000,494800000,505900000,483100000,392600000,410500000,388800000,424900000,428600000,386500000,371000000,335000000,292400000,293600000,254400000,227300000,210600000,215100000,206200000,154800000,171200000,187400000
otherCurrentAssets,466500000,504800000,399900000,194300000,323600000,388900000,276200000,343000000,314700000,251000000,224600000,70300000,104700000,357800000,216700000,191600000,275100000,238700000,237300000,214000000,226800000,246000000,321400000,176400000,184400000,140000000,162000000,123400000,87600000,131400000,148200000,115000000,114900000,39200000,36600000,41000000,23000000
totalCurrentAssets,8376300000,8684900000,4618300000,5082200000,5876700000,4317300000,2910800000,3294800000,3439100000,3415800000,3189800000,3033800000,2997800000,2848100000,2858400000,2612600000,2414700000,2416900000,2067900000,1909300000,1684800000,1805000000,1782400000,1641700000,1624300000,1375000000,1332000000,1177700000,1196300000,998100000,901200000,837300000,756800000,626300000,577900000,704500000,638100000
propertyPlantEquipmentNet,14020800000,12341500000,10337600000,9923700000,8440200000,8852700000,9636900000,9532100000,8974000000,8240600000,7412000000,7051300000,6859600000,6614800000,6770000000,6162000000,5868800000,5702200000,5637100000,5377800000,5118500000,5256700000,5192900000,4786100000,4441200000,3959000000,3502000000,2992600000,2705600000,2745700000,2622600000,2485100000,2217600000,2061600000,1920500000,1829100000,1782300000
goodwill,911500000,891500000,797100000,788900000,721500000,1150200000,1131300000,1237300000,1653800000,1598400000,892400000,914600000,916000000,928100000,1229600000,989100000,0.0,0.0,0.0,0.0,0.0,0.0,0.0,0.0,0.0,0.0,0.0,0.0,0.0,0.0,0.0,0.0,0.0,0.0,0.0,0.0,0.0
intangibleAssets,420700000,435800000,419500000,438500000,368300000,488000000,508300000,615800000,717300000,761600000,260700000,285700000,262600000,289600000,276200000,113000000,1018700000,931900000,829900000,431100000,781300000,742200000,350400000,324900000,248600000,84000000,81000000,67200000,64500000,71500000,64800000,54700000,52400000,37200000,6100000.0,5600000.0,53900000
goodwillAndIntangibleAssets,1332200000,1327300000,1216600000,1227400000,1089800000,1638200000,1639600000,1853100000,2371100000,2360000000,1153100000,1200300000,1178600000,1217700000,1505800000,1102100000,1018700000,931900000,829900000,431100000,781300000,742200000,350400000,324900000,248600000,84000000,81000000,67200000,64500000,71500000,64800000,54700000,52400000,37200000,6100000.0,5600000.0,53900000
longTermInvestments,1716200000,1432200000,1276200000,1277200000,1286900000,1288100000,1265700000,1257900000,1195500000,1175700000,1011600000,912800000,868100000,0.0,0.0,0.0,0.0,0.0,0.0,0.0,0.0,0.0,0.0,0.0,0.0,0.0,0.0,0.0,0.0,0.0,0.0,0.0,0.0,0.0,0.0,0.0,0.0
taxAssets,100200000,115100000,115200000,121400000,174500000,192700000,69000000,56600000,53100000,73700000,0.0,0.0,0.0,71100000,47000000,0.0,0.0,0.0,0.0,0.0,0.0,0.0,0.0,0.0,0.0,0.0,0.0,0.0,0.0,0.0,0.0,0.0,0.0,0.0,0.0,0.0,0.0
otherNonCurrentAssets,1313500000,1267500000,1378900000,1546400000,1599100000,1766300000,1916100000,1784600000,1817300000,1676000000,1524200000,1307700000,1125000000,1819600000,1478300000,1304000000,1106600000,989400000,897000000,776800000,499500000,466600000,909800000,736900000,930000000,1104000000,901000000,798700000,795100000,676300000,638900000,522400000,338900000,274400000,197200000,166500000,119200000
totalNonCurrentAssets,18482900000,16483600000,14324500000,14096100000,12590500000,13738000000,14527300000,14484300000,14411000000,13526000000,11100900000,10472100000,10031300000,9723200000,9801100000,8568100000,7994100000,7623500000,7364000000,6585700000,6399300000,6465500000,6453100000,5847900000,5619800000,5147000000,4484000000,3858500000,3565200000,3493500000,3326300000,3062200000,2608900000,2373200000,2123800000,2001200000,1955400000
otherAssets,0.0,0.0,0.0,0.0,0.0,0.0,0.0,0.0,0.0,0.0,0.0,0.0,0.0,0.0,0.0,0.0,0.0,0.0,0.0,0.0,0.0,0.0,0.0,0.0,0.0,0.0,0.0,0.0,0.0,0.0,0.0,0.0,0.0,0.0,0.0,0.0,0.0
totalAssets,26859200000,25168500000,18942800000,19178300000,18467200000,18055300000,17438100000,17779100000,17850100000,16941800000,14290700000,13505900000,13029100000,12571300000,12659500000,11180700000,10408800000,10040400000,9431900000,8495000000,8084100000,8270500000,8235500000,7489600000,7244100000,6522000000,5816000000,5036200000,4761500000,4491600000,4227500000,3899500000,3365700000,2999500000,2701700000,2705700000,2593500000
accountPayables,736800000,546200000,519300000,594600000,659500000,676100000,638900000,740600000,1025500000,1004900000,1641800000,1702000000,1020300000,755200000,943400000,1655100000,1378000000,1319600000,547300000,403300000,512200000,578400000,505800000,478700000,616600000,526000000,519000000,488100000,425500000,364100000,389200000,350800000,312900000,0.0,0.0,0.0,0.0
shortTermDebt,565500000,548400000,98600000,460900000,560400000,1307100000,1929900000,1294000000,1217300000,707700000,634700000,468500000,785900000,451400000,700700000,569600000,447000000,280100000,342100000,344000000,450200000,429200000,880600000,423200000,176400000,456000000,487000000,321000000,234600000,120800000,190400000,103400000,46600000,97600000,51600000,33600000,67700000
taxPayables,93900000,105800000,86600000,59600000,98600000,146600000,55800000,78000000,63000000,48500000,65500000,73600000,0.0,0.0,0.0,0.0,0.0,0.0,0.0,0.0,0.0,0.0,0.0,0.0,0.0,0.0,0.0,0.0,0.0,0.0,0.0,0.0,0.0,0.0,0.0,0.0,0.0
deferredRevenue,366800000,313800000,247400000,156600000,438900000,376100000,195300000,172100000,162700000,155000000,0.0,0.0,0.0,0.0,90200000,0.0,0.0,0.0,0.0,0.0,0.0,0.0,0.0,0.0,0.0,0.0,0.0,0.0,0.0,0.0,0.0,0.0,0.0,0.0,0.0,0.0,0.0
otherCurrentLiabilities,1130000000,1008300000,955600000,1126200000,830200000,924000000,884000000,756300000,822100000,822300000,65500000,73600000,697400000,1005400000,688400000,98700000,118200000,105900000,691800000,508900000,390000000,367200000,471400000,363700000,331600000,281000000,305000000,267300000,213900000,234400000,204900000,168800000,135000000,419100000,381800000,438300000,425500000
totalCurrentLiabilities,2799100000,2416700000,1820900000,2338300000,2489000000,3283300000,3648100000,2963000000,3227600000,2689900000,2342000000,2244100000,2503600000,2212000000,2422700000,2323400000,1943200000,1705600000,1581200000,1256200000,1352400000,1374800000,1857800000,1265600000,1124600000,1263000000,1311000000,1076400000,874000000,719300000,784500000,623000000,494500000,516700000,433400000,471900000,493200000
longTermDebt,7653700000,7430100000,3227400000,3351700000,3402400000,4918100000,3949100000,4824500000,5056300000,4584200000,3927500000,3659800000,3715600000,3515400000,2976500000,2280200000,2052900000,2113600000,2168600000,2041000000,2027500000,2615800000,1961600000,2274300000,2291700000,1739000000,1194000000,922500000,1016400000,956200000,944600000,953900000,853700000,667900000,616400000,700200000,520800000
deferredRevenueNonCurrent,58400000,57900000,49200000,58200000,39000000,43800000,135100000,57600000,31000000,32700000,0.0,0.0,1522000000,0.0,0.0,0.0,0.0,0.0,0.0,0.0,0.0,0.0,0.0,0.0,0.0,0.0,0.0,0.0,0.0,0.0,0.0,0.0,0.0,0.0,0.0,0.0,0.0
deferredTaxLiabilitiesNonCurrent,1180900000,962600000,793800000,775100000,778400000,767100000,903300000,995500000,827200000,670800000,570100000,335100000,357900000,626600000,712500000,833100000,834500000,788000000,705600000,725600000,778400000,781800000,731100000,703000000,730000000,582000000,478000000,423500000,489100000,502400000,476900000,451500000,416900000,397300000,374400000,318500000,322400000
otherNonCurrentLiabilities,1079100000,1858100000,1663200000,1478700000,1572900000,1829600000,1421400000,1417100000,1509100000,2340900000,1512400000,1569300000,0.0,1050400000,874900000,642000000,821600000,820300000,1005900000,827400000,702000000,561300000,596100000,579400000,449700000,364000000,435000000,407400000,280100000,216000000,180200000,182700000,155700000,145400000,130900000,115000000,94100000
totalNonCurrentLiabilities,9972100000,10308700000,5733600000,5663700000,5792700000,7558600000,6408900000,7294700000,7423600000,7628600000,6010000000,5564200000,5595500000,5192400000,4563900000,3755300000,3709000000,3721900000,3880100000,3594000000,3507900000,3958900000,3288800000,3556700000,3471400000,2685000000,2107000000,1753400000,1785600000,1674600000,1601700000,1588100000,1426300000,1210600000,1121700000,1133700000,937300000
otherLiabilities,0.0,0.0,0.0,0.0,0.0,0.0,0.0,0.0,0.0,0.0,0.0,0.0,0.0,0.0,0.0,0.0,0.0,0.0,0.0,0.0,0.0,0.0,0.0,0.0,0.0,0.0,0.0,0.0,0.0,0.0,0.0,0.0,0.0,0.0,0.0,0.0,0.0
capitalLeaseObligations,582000000,406500000,0.0,0.0,0.0,0.0,0.0,0.0,0.0,0.0,0.0,0.0,0.0,0.0,0.0,0.0,0.0,0.0,0.0,0,0,0,0,0,0,0,0,0,0,0,0,0,0,0,0,0,0
totalLiabilities,12771200000,12725400000,7554500000,8002000000,8281700000,10841900000,10057000000,10257700000,10651200000,10318500000,8352000000,7808300000,8099100000,7404400000,6986600000,6078700000,5652200000,5427500000,5461300000,4850200000,4860300000,5333700000,5146600000,4822300000,4596000000,3948000000,3418000000,2829800000,2659600000,2393900000,2386200000,2211100000,1920800000,1727300000,1555100000,1605600000,1430500000
preferredStock,0.0,0.0,0.0,0.0,0.0,0.0,0.0,0.0,0.0,0.0,0.0,0.0,0.0,0.0,0.0,0.0,0.0,0.0,0.0,0,0,0,0,0,0,0,0,0,0,0,0,0,0,0,0,0,0
commonStock,249400000,249400000,249400000,249400000,249400000,249400000,249400000,249400000,249400000,249400000,249400000,249400000,249400000,249400000,249400000,249400000,249400000,249400000,249400000,249400000,249400000,249400000,249400000,249400000,124700000,125000000,125000000,124700000,0.0,0.0,0.0,0.0,0.0,0.0,0.0,0.0,0.0
retainedEarnings,15678300000,14875700000,14138400000,13409900000,12846600000,10475500000,10580400000,9993200000,9646400000,9234500000,8599500000,7852200000,7234600000,6990200000,6458500000,5743500000,5317200000,4887100000,4516600000,4312800000,3965900000,3667900000,3701800000,3400000000,2990200000,2687000000,2388000000,2134700000,1994700000,1895400000,1717700000,1552800000,1399600000,1246800000,1093300000,988200000,1028600000
accumulatedOtherComprehensiveIncomeLoss,-1515900000,-2140100000,-2375600000,-1741900000,-1847400000,-2388300000,-2125900000,-1241900000,-1020600000,-1348800000,-1253400000,-1159400000,-1161800000,-549300000,-142900000,-221700000,-433200000,-479500000,-711300000,-5502000000,-5108000000,-5054200000,-4995000000,-4703400000,-4286100000,-4144000000,-3848000000,-3526900000,-3247200000,-3038800000,-2709600000,-2525100000,-2224300000,-2024100000,-1793700000,-1607100000,-1395300000
othertotalStockholdersEquity,-872100000,-905200000,-958600000,-1059900000,-1162400000,-1257000000,-1454900000,-1634900000,-1833100000,-1657900000,-1799700000,-1395300000,-1530300000,-1659600000,-1069400000,-847200000,-557900000,-213000000,-272200000,4584600000,4116500000,4073700000,4132700000,3721300000,3819300000,3906000000,3733000000,3473900000,3354400000,3241100000,2833200000,2660700000,2269600000,2049500000,1847000000,1719000000,1529700000
totalStockholdersEquity,13539700000,12079800000,11053600000,10857500000,10086200000,7079600000,7249000000,7365800000,7042100000,6477200000,5795800000,5546900000,4791900000,5030700000,5495600000,4924000000,4575500000,4444000000,3782500000,3644800000,3223800000,2936800000,3088900000,2667300000,2648100000,2574000000,2398000000,2206400000,2101900000,2097700000,1841300000,1688400000,1444900000,1272200000,1146600000,1100100000,1163000000
totalLiabilitiesAndStockholdersEquity,26310900000,24805200000,18608100000,18859500000,18367900000,17921500000,17306000000,17623500000,17693300000,16795700000,14147800000,13355200000,12891000000,12435100000,12482200000,11002700000,10227700000,9871500000,9243800000,8495000000,8084100000,8270500000,8235500000,7489600000,7244100000,6522000000,5816000000,5036200000,4761500000,4491600000,4227500000,3899500000,3365700000,2999500000,2701700000,2705700000,2593500000
minorityInterest,548300000,363300000,334700000,318800000,99300000,133800000,132100000,155600000,156800000,146100000,142900000,150700000,138100000,136200000,177300000,178000000,181100000,168900000,188100000,0,0,0,0,0,0,0,0,0,0,0,0,0,0,0,0,0,0
totalEquity,14088000000,12443100000,11388300000,11176300000,10185500000,7213400000,7381100000,7521400000,7198900000,6623300000,5938700000,5697600000,4930000000,5166900000,5672900000,5102000000,4756600000,4612900000,3970600000,3644800000,3223800000,2936800000,3088900000,2667300000,2648100000,2574000000,2398000000,2206400000,2101900000,2097700000,1841300000,1688400000,1444900000,1272200000,1146600000,1100100000,1163000000
totalLiabilitiesAndTotalEquity,26859200000,25168500000,18942800000,19178300000,18467200000,18055300000,17438100000,17779100000,17850100000,16941800000,14290700000,13505900000,13029100000,12571300000,12659500000,11180700000,10408800000,10040400000,9431900000,8495000000,8084100000,8270500000,8235500000,7489600000,7244100000,6522000000,5816000000,5036200000,4761500000,4491600000,4227500000,3899500000,3365700000,2999500000,2701700000,2705700000,2593500000
totalInvestments,3048100000,2537100000,1442200000,1461900000,1690900000,0.0,0.0,0.0,0.0,0.0,0.0,0.0,0.0,0.0,0.0,0.0,0.0,0.0,0.0,0.0,0.0,0.0,0.0,0.0,0.0,0.0,0.0,0.0,0.0,0.0,0.0,0.0,0.0,0.0,0.0,0.0,0.0
totalDebt,8219200000,7978500000,3326000000,3812600000,3962800000,6225200000,5879000000,6118500000,6273600000,5291900000,4562200000,4128300000,4501500000,3966800000,3677200000,2849800000,2499900000,2393700000,2510700000,2385000000,2477700000,3045000000,2842200000,2697500000,2468100000,2195000000,1681000000,1243500000,1251000000,1077000000,1135000000,1057300000,900300000,765500000,668000000,733800000,588500000
netDebt,3750300000,2725500000,1077300000,1021300000,689200000,4723900000,5672600000,5781900000,5823200000,4837500000,4139700000,3754000000,4013300000,3863300000,3634900000,2814600000,2444100000,2247400000,2434500000,2131300000,2411500000,2950900000,2780600000,2636000000,2415600000,2116000000,1594000000,1143600000,1012600000,960200000,1030600000,982900000,850800000,729300000,571400000,617100000,542300000
link,,https://www.sec.gov/Archives/edgar/data/2969/000000296920000049/0000002969-20-000049-index.htm,https://www.sec.gov/Archives/edgar/data/2969/000000296919000051/0000002969-19-000051-index.html,https://www.sec.gov/Archives/edgar/data/2969/000000296918000044/0000002969-18-000044-index.html,https://www.sec.gov/Archives/edgar/data/2969/000000296917000039/0000002969-17-000039-index.html,https://www.sec.gov/Archives/edgar/data/2969/000119312516773346/0001193125-16-773346-index.html,https://www.sec.gov/Archives/edgar/data/2969/000119312515386399/0001193125-15-386399-index.html,https://www.sec.gov/Archives/edgar/data/2969/000119312514423115/0001193125-14-423115-index.html,https://www.sec.gov/Archives/edgar/data/2969/000119312513453925/0001193125-13-453925-index.html,https://www.sec.gov/Archives/edgar/data/2969/000119312512476878/0001193125-12-476878-index.html,https://www.sec.gov/Archives/edgar/data/2969/000119312511319887/0001193125-11-319887-index.html,https://www.sec.gov/Archives/edgar/data/2969/000119312510266784/0001193125-10-266784-index.html,https://www.sec.gov/Archives/edgar/data/2969/000095012309066095/0000950123-09-066095-index.html,https://www.sec.gov/Archives/edgar/data/2969/000095012308016491/0000950123-08-016491-index.html,https://www.sec.gov/Archives/edgar/data/2969/000095012307016020/0000950123-07-016020-index.html,https://www.sec.gov/Archives/edgar/data/2969/000095012306015112/y27203e10vk.htm,https://www.sec.gov/Archives/edgar/data/2969/000095012305013994/y14674e10vk.htm,https://www.sec.gov/Archives/edgar/data/2969/000095012304014695/y68942e10vk.htm,,https://www.sec.gov/Archives/edgar/data/2969/000000296902000029/0000002969-02-000029-index.html,https://www.sec.gov/Archives/edgar/data/2969/000000296901500028/0000002969-01-500028-index.html,,,,,,,,,,,,,,,,
finalLink,,https://www.sec.gov/Archives/edgar/data/2969/000000296920000049/apd-20200930.htm,https://www.sec.gov/Archives/edgar/data/2969/000000296919000051/apd-10xkx30sep19.htm,https://www.sec.gov/Archives/edgar/data/2969/000000296918000044/apd-10xkx30sep2018.htm,https://www.sec.gov/Archives/edgar/data/2969/000000296917000039/apd-10xkx30sep2017.htm,https://www.sec.gov/Archives/edgar/data/2969/000119312516773346/d271291d10k.htm,https://www.sec.gov/Archives/edgar/data/2969/000119312515386399/d69855d10k.htm,https://www.sec.gov/Archives/edgar/data/2969/000119312514423115/d805038d10k.htm,https://www.sec.gov/Archives/edgar/data/2969/000119312513453925/d595257d10k.htm,https://www.sec.gov/Archives/edgar/data/2969/000119312512476878/d409668d10k.htm,https://www.sec.gov/Archives/edgar/data/2969/000119312511319887/d221596d10k.htm,https://www.sec.gov/Archives/edgar/data/2969/000119312510266784/d10k.htm,https://www.sec.gov/Archives/edgar/data/2969/000095012309066095/y79730e10vk.htm,https://www.sec.gov/Archives/edgar/data/2969/000095012308016491/y72746e10vk.htm,https://www.sec.gov/Archives/edgar/data/2969/000095012307016020/y41540e10vk.htm,https://www.sec.gov/Archives/edgar/data/2969/000095012306015112/y27203e10vk.htm,https://www.sec.gov/Archives/edgar/data/2969/000095012305013994/y14674e10vk.htm,https://www.sec.gov/Archives/edgar/data/2969/000095012304014695/y68942e10vk.htm,,https://www.sec.gov/Archives/edgar/data/2969/000000296902000029/form10kdec1302.txt,https://www.sec.gov/Archives/edgar/data/2969/000000296901500028/form10k1201.txt,,,,,,,,,,,,,,,,
