,2021,2020,2019,2018,2017,2016,2015,2014,2013,2012,2011,2010,2009,2008,2007,2006,2005,2004,2003,2002,2001,2000,1999,1998,1997,1996,1995,1994,1993,1992,1991,1990,1989,1988,1987,1986
period,FY,FY,FY,FY,FY,FY,FY,FY,FY,FY,FY,FY,FY,FY,FY,FY,FY,FY,FY,FY,FY,FY,FY,FY,FY,FY,FY,FY,FY,FY,FY,FY,FY,FY,FY,FY
revenuePerShare,46.58393501805054,40.0375226039783,40.48524738992283,40.72138622891017,37.55779816513761,44.01293900184843,46.044206607724526,49.07851433944523,48.54744873628994,45.50994318181818,47.333333333333336,42.53534401508011,39.33396855645545,49.07869934024505,46.42830712303423,39.92061344158773,36.08108108108108,33.11617515638963,28.663177059626765,24.867403314917127,26.616387337057727,25.619025304592316,23.657398680490104,22.82598607888631,21.080909090909092,17.892857142857142,17.254464285714285,15.340228873239436,14.576286680783898,14.246346884496454,13.071599049411875,13.094771658070147,12.013588479069604,11.164383561643836,9.568888888888889,8.572649572649572
netIncomePerShare,9.472472924187725,8.529385171790235,7.989105764866092,6.829913360693115,13.763302752293578,2.916358595194085,5.946486738017683,4.662435354960038,4.741058655221745,5.526988636363637,5.7474178403755865,4.849670122525919,3.0076226774654597,4.286993402450518,4.790009250693802,3.2629679747406404,3.153300841825432,2.6992850759606792,1.808375056895767,2.4189686924493556,2.608007448789572,0.5820056232427366,2.1229971724787937,2.537354988399072,1.9513636363636364,1.8571428571428572,1.6428571428571428,1.090669014084507,0.8799999982478846,1.2000000017712178,1.1100000011595017,1.0400000014475859,1.01000000045475,0.9771689497716894,0.6933333333333334,0.021367521367521368
operatingCashFlowPerShare,15.080776173285198,14.759041591320072,13.481162051747617,11.590971272229822,7.192201834862385,12.141866913123845,11.3438808748255,10.282557592853784,7.47448736289938,8.516571969696969,8.230985915492958,7.174363807728558,6.302525011910434,7.915174363807728,6.925994449583719,6.072169598556608,6.095702259636686,4.852100089365505,4.715521165225307,4.898250460405157,5.046554934823091,5.501405810684161,5.13147973609802,4.518329466357309,4.696818181818182,3.375,3.205357142857143,3.305457746478873,2.5598407116777686,2.6532841367576148,2.761844116987061,2.386254896753378,2.0227285015861,2.1155251141552514,2.026222222222222,1.8512820512820514
freeCashFlowPerShare,3.960740072202166,3.4163652802893307,4.449387199273717,4.439124487004104,2.422935779816514,7.262939001848429,3.829688227082364,2.36436295251528,0.20600858369098712,1.3148674242424243,1.8849765258215962,2.316211121583412,0.6850881372081944,2.801602262016965,2.0462534690101757,0.38294993234100133,1.977403633141338,1.6997319034852547,1.92580791989076,2.008747697974217,1.749068901303538,1.9039362699156515,0.942507068803016,0.9410672853828306,0.7413636363636363,-0.8705357142857143,-0.6785714285714286,0.6157570422535211,0.41087107932131195,0.7602952040742365,0.5034913625187134,0.2714223579245548,0.141427285070431,0.2191780821917808,0.6324444444444445,0.27564102564102566
cashPerShare,26.176895306859205,28.74276672694394,10.960962324103495,13.57045143638851,16.8697247706422,6.937615526802218,0.9604467194043741,1.5825105782792666,2.1478302336671433,2.1515151515151514,1.983568075117371,1.7639019792648445,2.325869461648404,0.4877474081055608,0.1956521739130435,0.15877311682453765,0.2472308373947718,0.6537086684539768,0.34683659535730543,1.1680478821362799,0.30819366852886404,0.44095595126522963,0.29029217719132894,0.2853828306264501,0.23863636363636365,0.35267857142857145,0.38839285714285715,0.4397007042253521,1.0442608242025668,0.5171955727191079,0.4655845726036641,0.336563723826448,0.2251013058194963,0.1506849315068493,0.24444444444444444,0.14957264957264957
bookValuePerShare,61.099729241877256,54.61030741410488,50.17521561507036,49.509803921568626,46.26697247706422,32.715341959334566,33.73196835737552,34.629995298542546,33.58178350023844,30.668560606060606,27.210328638497653,26.139962299717247,22.82944259171034,23.707351555136665,25.419056429232192,22.21019395579612,20.272485600354454,19.857015192135837,17.216659080564405,16.78084714548803,15.008379888268156,13.76194939081537,14.556550424128181,12.377262180974478,12.036818181818182,11.491071428571429,10.705357142857142,9.711267605633802,9.206928801977245,9.288708500795142,8.211502620068263,7.637825151996973,6.570684379365459,5.808219178082192,5.097777777777778,4.700854700854701
tangibleBookValuePerShare,57.562274368231044,50.25226039783002,46.172038129822965,45.36662106703147,41.72339449541285,25.763401109057302,26.717077710563053,26.649271274094968,23.022412970910825,20.186079545454547,22.467605633802815,21.19368520263902,17.87232015245355,18.610744580584356,19.274283071230343,18.04194857916103,16.561364643331856,16.447721179624665,14.295402822030042,14.796040515653775,11.371042830540038,10.283973758200561,12.905278039585298,10.869605568445476,10.906818181818181,11.116071428571429,10.34375,9.415492957746478,8.92440018133519,8.972103334276166,7.922519092245299,7.390378435689087,6.3323953202757295,13.529680365296803,11.982222222222223,11.538461538461538
shareholdersEquityPerShare,61.099729241877256,54.61030741410488,50.17521561507036,49.509803921568626,46.26697247706422,32.715341959334566,33.73196835737552,34.629995298542546,33.58178350023844,30.668560606060606,27.210328638497653,26.139962299717247,22.82944259171034,23.707351555136665,25.419056429232192,22.21019395579612,20.272485600354454,19.857015192135837,17.216659080564405,16.78084714548803,15.008379888268156,13.76194939081537,14.556550424128181,12.377262180974478,12.036818181818182,11.491071428571429,10.705357142857142,9.711267605633802,9.206928801977245,9.288708500795142,8.211502620068263,7.637825151996973,6.570684379365459,5.808219178082192,5.097777777777778,4.700854700854701
interestDebtPerShare,37.73014440433213,36.563291139240505,15.719473445301862,17.980392156862745,18.73119266055046,29.30083179297597,27.838529548627267,29.3540197461213,30.593228421554603,25.642045454545453,21.961032863849766,20.029217719132895,22.02667937112911,18.69368520263902,17.008325624421833,12.854307622913847,11.07620735489588,10.695710455764075,11.427856167501139,10.980662983425415,11.53491620111732,14.268978444236176,13.393967954759662,12.517401392111369,11.218636363636364,9.799107142857142,7.504464285714286,5.473151408450704,5.479741153848201,4.769003697076021,5.061671359244816,4.782914317227197,4.094115265238233,3.132420091324201,2.488888888888889,2.7264957264957266
marketCap,66437895556.8,61104285787.99999,47745618118.8,33723953780.7,34869099346,28956483567.2,27628864990.3,26283502779,20795411119.5,15223592947.2,17617325637,16679586732.400002,14976491149.9,10949598089.6,19449999951.4,14317185139.8,11980264787.400002,11009883522,9229025999.7,8663889062.4,7934286481.2,7217795976.599999,5398242165.4,7525554804,7631822440.000001,6086956288,5426456896,4965402608,4408573123.209465,4948590976.0291395,3584688067.87707,2460314858.0177717,2237660357.70537,635997900,480397500,482507999.99999994
enterpriseValue,70188195556.8,63829785787.99999,48822918118.8,34745253780.7,35558299346,33680383567.2,33301464990.3,32065402779,26618611119.5,20061092947.2,21757025637,20433586732.4,18989791149.9,14812898089.6,23084899951.4,17131785139.8,14424364787.400002,13257283522,11663525999.7,10795189062.4,10345786481.2,10168695976.599998,8178842165.4,10161554804,10047422440,8202956288,7020456896,6109002608,5421173123.209465,5908790976.0291395,4615288067.877069,3443214858.0177717,3088460357.70537,1352997900,1062397500,1159508000
peRatio,31.65065768986709,32.38685842370276,27.128192112954544,22.515658820069433,11.621483584188775,45.8825599226747,21.620521942483762,26.503481676918422,20.916728142727823,13.041714167052172,14.390888447149159,16.20793580060247,23.72325542515444,12.036493447949875,18.781382726342216,19.79151940807299,16.833307274694395,18.22526654858467,23.229363200855776,16.49008196117244,14.163310391288823,58.11429932850241,11.98277950144284,13.762901982443307,17.777364174237132,14.632106461538461,14.745806782608696,20.03794434221146,21.944117089146165,18.26048330638059,14.402121606577222,10.701674023565776,10.075012866750878,2.971952803738318,3.079471153846154,96.5016
priceToSalesRatio,6.435909673234526,6.899527544008219,5.353307932458039,3.776394009171127,4.258769278665299,3.040242279534669,2.792232866456457,2.517818064852955,2.042690966906998,1.583860601891445,1.747403852112676,1.8479488956791492,1.8139690353794724,1.051380103663162,1.9376755814421487,1.6176879169077103,1.4711444449438202,1.485533572874221,1.4655528559382593,1.6040674410131084,1.3877923601063458,1.3202238804119184,1.0753256240712337,1.5298952640780648,1.6455695459053863,1.5187016686626749,1.4039991968952135,1.4246700737382723,1.324810867328625,1.5381192229599787,1.2229838858711986,0.8499377683413728,0.8470211059525209,0.26012184049079756,0.22312935438922435,0.2405324027916251
pocfratio,19.880276356803016,18.716661802922168,16.07650699309741,13.267222857193438,22.23936433828688,11.020545601217888,11.333524075108706,12.0175130442138,13.267456373293353,8.463664283760494,10.04866851300479,10.956113197845507,11.320954834001057,6.519170093831866,12.989181215039402,10.635258609270538,8.707853457915396,10.138947897596463,8.90832625453668,8.143518246451734,7.319452473431734,6.148037458773424,4.957518748645422,7.728822844818732,7.385872873318494,8.051529481481483,7.557739409470752,6.611721182423436,7.543759622192788,8.258663177618725,5.7882901144470695,4.664103996242221,5.030711235848404,1.3727560975609756,1.0537343715727134,1.1138227146814403
pfcfRatio,75.6954489652501,80.85786130475056,48.710077656396656,34.64196587642527,66.01495521772055,18.423670908697588,33.5709173636695,52.26387508252137,481.37525739583333,54.82028428952107,43.878768709838106,33.936086942828084,104.14806084770514,18.418163313036164,43.96473768399639,168.63586737102472,26.84352405870491,28.94291146687697,21.812871660836684,19.85764167407747,21.118675755123768,17.764695979817866,26.991210827,37.108258402366864,46.792289638258744,-31.215160451282053,-35.700374315789475,35.49251328091494,46.99971346705187,28.821147210420147,31.751001486953676,41.00524763362953,71.95049381689293,13.24995625,3.375948699929726,7.480744186046511
pbRatio,4.906895688737564,5.058385551747545,4.319463172070638,3.1060514649504953,3.4571096494219824,4.090129889711283,3.8114036405435234,3.5683161067365394,2.9530127546470513,2.350335476316927,3.039671078539632,3.007010534244353,3.1253763955633462,2.176555566740215,3.539194983514084,2.907633050324939,2.618350953425855,2.47747153960396,2.4399275610575017,2.377054725197542,2.461159650474595,2.4577077011032413,1.7476260692803263,2.8214129659205938,2.8819993353725315,2.3647848826728826,2.262909464553795,2.2504544089920233,2.0974228665538153,2.3590556209320397,1.9468245630136698,1.457187193803466,1.5486610545403627,0.4999983490566038,0.41882955536181343,0.4386436363636363
ptbRatio,4.906895688737564,5.058385551747545,4.319463172070638,3.1060514649504953,3.4571096494219824,4.090129889711283,3.8114036405435234,3.5683161067365394,2.9530127546470513,2.350335476316927,3.039671078539632,3.007010534244353,3.1253763955633462,2.176555566740215,3.539194983514084,2.907633050324939,2.618350953425855,2.47747153960396,2.4399275610575017,2.377054725197542,2.461159650474595,2.4577077011032413,1.7476260692803263,2.8214129659205938,2.8819993353725315,2.3647848826728826,2.262909464553795,2.2504544089920233,2.0974228665538153,2.3590556209320397,1.9468245630136698,1.457187193803466,1.5486610545403627,0.4999983490566038,0.41882955536181343,0.4386436363636363
evToSales,6.799205226852659,7.207274571547937,5.474096370494119,3.890758749042574,4.3429453497972546,3.536221028852211,3.365518094200042,3.0716929570840117,2.6146920670602336,2.087153463716096,2.1580069070620906,2.2638584901839134,2.300064333458492,1.4223340620865141,2.2997967633744447,1.9357074414489739,1.7712733821329898,1.7887691289095178,1.8521471106188367,1.9986649378656594,1.8095897434408452,1.859979875363538,1.6292189728093065,2.065776540760317,2.166419949113804,2.0466457804391216,1.8164183430789134,1.7527910389349555,1.6291051246234531,1.8365682329994528,1.5745924969728327,1.189489362634391,1.1690742515350783,0.5533733742331288,0.49344983743613563,0.5780199401794616
enterpriseValueOverEBITDA,17.43806100790062,17.442691640159588,14.111077811150611,11.124532955751928,8.371188960143137,14.909421676494024,12.181828653583056,13.143174480059024,11.322732195967502,8.292791925592162,8.297874003432494,8.68073696095841,10.67561904087025,6.909000974626866,10.604970576718118,9.747260548361401,8.468481645863912,8.577434990942029,9.845130412509496,8.01305601425178,7.651077119656856,14.818851612649372,6.924766882905765,7.738599348107532,9.222049050022946,8.03423730460333,7.508510049197861,8.822938486424032,8.385418597385097,7.971925224000458,6.770262678417295,5.380023215652768,5.1243742454046295,2.7190472266881027,2.6232037037037035,7.568590078328982
evToOperatingCashFlow,21.00248228756097,19.551501144975035,16.439246479275397,13.66900892273496,22.678933188341095,12.818414297697432,13.66045819603741,14.661150737963514,16.982653515056782,11.15310665880914,12.409893701232033,13.421956602995271,14.354668644568752,8.81930107739938,15.416655503806599,12.726032639875204,10.484347134321851,12.208567567916015,11.258229729440155,10.146808029326063,9.544083469741699,8.661580899999999,7.5111049365414635,10.436022187532094,9.72362570405497,10.85047128042328,9.777795119777158,8.134490822902796,9.276476939099016,9.86113313756532,7.4524270432376385,6.527421531787245,6.943481020021066,2.9203494496006908,2.3303301162535646,2.6766112650046168
evToFreeCashFlow,79.96832124507235,84.46445122138414,49.8091390724342,35.69106705772984,67.31976400227187,21.429269941591908,40.46350545601458,63.76099180552794,616.1715536921296,72.24016185523946,54.18935401494396,41.57393027955239,132.0569620994437,24.916565331539108,52.18105775632912,201.78781083392226,32.31988525072821,34.850903054679286,27.56683053580714,24.74258322805409,27.537360876231038,25.027555935515625,40.894210826999995,50.10628601577909,61.602835315757204,-42.0664425025641,-46.18721642105263,43.666923573981414,57.795022635495364,34.41345938281386,40.87943372787484,57.3869143002962,99.30740700017267,28.18745625,7.465899508081518,17.976868217054264
earningsYield,0.03159492007397206,0.030876721258896064,0.03686202146594462,0.04441353495322311,0.08604753366949784,0.021794773475701603,0.04625235240204937,0.03773089181980527,0.0478086244261712,0.07667703702066572,0.06948841301025445,0.0616981713342441,0.04215273081533623,0.08308067497601021,0.05324421607134545,0.05052669172999919,0.05940603255685266,0.05486888201795093,0.043048963131419794,0.06064251241167878,0.07060496256687648,0.01720746892855586,0.08345309198751345,0.07265909480977584,0.056251308697899946,0.06834285976722296,0.06781588927229175,0.049905318775310875,0.04557030004613913,0.05476306312498199,0.06943421443846967,0.09344332464228826,0.09925545636771907,0.3364790984372747,0.3247310820726586,0.010362522486673797
freeCashFlowYield,0.013210833856855455,0.012367381277016884,0.020529632636885748,0.028866722043639135,0.015148082683718424,0.05427799947989259,0.02978768763352894,0.01913367499866902,0.0020773813872566847,0.01824142309658089,0.022790065204719132,0.02946715694371876,0.00960171501860502,0.054294230266283466,0.02274550134218156,0.005929936588162748,0.037252932879195365,0.03455077424206014,0.04584449106696127,0.05035844721205834,0.047351453831445,0.05629142210686189,0.037049097441737386,0.02694817927473032,0.02137104227493007,-0.032035715515885764,-0.028010910786381377,0.028174955999459208,0.02127672545708238,0.03469674516073582,0.03149506954641714,0.024387122568670275,0.01389844526355724,0.07547194731303358,0.2962130319162777,0.133676540078092
debtToEquity,0.565278403509679,0.6150846868325635,0.29197727437215026,0.30869905595210684,0.3373321964664591,0.694686140459913,0.5447785901503656,0.6549865595047382,0.7180102526235072,0.7077440869511518,0.6776458815003968,0.6597919558672412,0.7753918070076588,0.6987894328821039,0.5416151102700342,0.4630787977254265,0.44867227625396133,0.47560756075607563,0.5733245208195638,0.5599758560140474,0.6289161858676097,0.8906973576682103,0.6350480753666353,0.8526599932516028,0.8654129375778861,0.6756021756021756,0.49791492910758967,0.41810188542422044,0.4835624910794995,0.4558325785383992,0.5130071145386412,0.5649727552712628,0.5908367361063049,1.3577044025157232,1.3557105492589363,1.46
debtToAssets,0.4754869839756955,0.5056082007270993,0.39880587875076545,0.4172424041755526,0.44845455726910416,0.600482960681905,0.5767256753889471,0.5769527141418856,0.5967025394815715,0.6090557083662893,0.5844360318248931,0.5781399240332004,0.6216162282889839,0.5889923874221441,0.551885935463486,0.5436779450302753,0.5430212896779648,0.5405661129038684,0.5790243747283156,0.5709476162448499,0.6012172041414628,0.6449065957318179,0.6249286624977233,0.643866161076693,0.6344473433552822,0.6053357865685373,0.5876891334250344,0.561891902624995,0.5585634778956211,0.5329726600765874,0.5644470727380249,0.5670214130016669,0.570698517396084,0.5756666666666667,0.575499629903775,0.5934959349593496
netDebtToEBITDA,0.9317515527950311,0.7447942285620593,0.3113673805601318,0.32699388467326224,0.16225251312474986,2.091146525011067,2.07506310129129,2.3699225314587857,2.477008805138458,1.9997106361870116,1.57883295194508,1.5948001189515273,2.2561839442320664,1.8019123134328359,1.6698364571848585,1.6013882567137006,1.4349204485410674,1.4540631469979297,2.0549506204102306,1.582021971496437,1.783390031060494,4.300349752258817,2.354246041825417,2.0074632548930014,2.2171638366223037,2.0724779627815866,1.704812834224599,1.6516464471403813,1.5662799690641918,1.295466810577442,1.5118087135103417,1.53578125,1.4116475858636137,1.4409163987138263,1.4370370370370371,4.419060052219321
currentRatio,2.992497588510593,3.593702155832333,2.5362732714591685,2.173459350810418,2.3610687022900763,1.314927055097006,0.797894794550588,1.111981100236247,1.065528566117239,1.2698613331350608,1.36199829205807,1.351900539191658,1.1973957501198274,1.2875678119349006,1.1798406736285962,1.124472755444607,1.2426410045286127,1.4170379924953096,1.3078041993422718,1.5199012896035664,1.2457852706299912,1.312918242653477,0.959414361072236,1.2971713021491782,1.4443357638271386,1.0886777513855899,1.0160183066361557,1.0941099962839094,1.3687643020594966,1.387599054636452,1.1487571701720842,1.3439807383627609,1.5304347826086957,1.2108317214700193,1.3348729792147807,1.49364406779661
interestCoverage,16.08885754583921,20.47209515096066,15.652554744525547,15.062068965517241,11.837479270315091,18.233766233766232,16.416425120772946,10.61710631494804,9.339915373765868,10.367016976556185,14.045021645021645,11.394585726004921,6.942575881870385,,,,,,,,,,,,,,,,,,,,,-4.75,-3.155844155844156,-0.10810810810810811
incomeQuality,1.592063265208899,1.7303757884136324,1.6874431818181819,1.6970890639604754,0.5225636581789095,4.1633655522104265,1.9076610063385242,2.205404860340829,1.5765439549386442,1.54090636511608,1.4321189348145729,1.479350889126421,2.0955171867574847,1.8463229636143783,1.4459250675936655,1.8609344760851534,1.9331178867500352,1.7975500744909783,2.6076013088346337,2.0249333840883135,1.9350232059978578,9.452495974235104,2.4170921198668145,1.7807242136064374,2.4069415327276964,1.8173076923076923,1.951086956521739,3.0306698950766746,2.9089099054255847,2.211070110701107,2.4881478505423864,2.2944758590691605,2.0027014858171994,2.1649532710280375,2.9224358974358973,86.64
dividendYield,0.018915409488333427,0.01806092626348529,0.02081866439610736,0.026622026759917015,0.022595937801025645,0.024906339139084136,0.024521456101720362,0.023881900570022957,0.027198308162786598,0.03382250180925279,0.025923344405965696,0.023903469935830455,0.02492573168598925,0.0319007142674732,0.016041131145480666,0.020506824290748914,0.023054582256853598,0.019882135861164475,0.020435525916400132,0.02026803422057631,0.02082102787584433,0.021571682062609884,0.027082890229910027,0.017805996167721216,0.01622155140181694,0.019221429309531458,0.021192465397591172,0.021710223422027896,0.023046005399142536,0.018853851621995644,0.023433001256855976,0.031174871683616833,0.03096984748438961,0.09481163381199842,0.10512127977352088,0.09346995282979766
payoutRatio,0.5986851507789053,0.5849366618964329,0.5647727272727273,0.5994124716250501,0.2625983202239701,1.142766598003486,0.5301666797088974,0.632953514167591,0.5688996177831422,0.4411034010108798,0.3730599575232805,0.3874259061315713,0.5913194994455885,0.3839727382653622,0.30127462340672073,0.4058612109482997,0.388084867219334,0.36235722562489653,0.47470425371255975,0.3342215454891511,0.2948946804712603,1.2536231884057971,0.32452830188679244,0.24506217995610827,0.2883764267412066,0.28125,0.3125,0.4350282485875706,0.5057242409158785,0.34428044280442804,0.3374849337083166,0.3336233144845585,0.3120216118865376,0.28177570093457943,0.32371794871794873,9.02
salesGeneralAndAdministrativeToRevenue,0.08024798992540928,0.08760994997911091,0.08409108746594311,0.08519406060334594,0.08868288631589233,0.08984292973835623,0.09731275707687799,0.10200210748155954,0.10695061097795765,0.09850494709572709,0.10061495734973219,0.10729005096388212,0.1543688379641966,0.10470017763694849,0.11761541373607763,0.12210747536834493,0.1262602075274759,0.1307984996087109,0.13221539389897258,0.13239650448048582,0.13155040929126147,0.13072744233688793,0.1375669807374355,0.2277495425899573,0.22668075380568373,0.22954091816367264,0.22483829236739974,0.2263219808911715,0.28737566487363647,0.2514219998135082,0.26154003616389754,0.2523577572805472,0.2579301991066697,0.0,0.0,0.0
researchAndDdevelopementToRevenue,0.00905744454131551,0.009473482153946907,0.00817365370168967,0.007222682582696916,0.0070594557623723676,0.013859140733274537,0.014027428271129572,0.013545358750838203,0.013133079250324153,0.013150639324989336,0.011783376314223368,0.012707733215156215,0.014086383566289577,0.012549810360554995,0.01396720396899719,0.01710657145439754,0.016295204764536133,0.01709528564103948,0.01923046384958633,0.022328371473006,0.021426572448051493,0.02275429386694957,0.024521423876018408,0.02276885545842651,0.024515934279184096,0.02844311377245509,0.026649417852522637,0.027945944395030557,0.0,0.0,0.0,0.0,0.0,0.029447852760736196,0.026474686483975846,0.03040877367896311
intangiblesToTotalAssets,0.049599392386966104,0.05273655561515386,0.06422492978862682,0.06399941600663249,0.059012736094264426,0.0907323611349576,0.09402400490879168,0.10422912295897993,0.13283398972554775,0.13930042852589453,0.08068883959498135,0.08887227063727704,0.09045904935874312,0.09686349064933619,0.11894624590228682,0.09857164578246443,0.09786911075244024,0.09281502728974941,0.08798863431546136,0.0507474985285462,0.0966465036305835,0.08974064445922254,0.042547507740877906,0.04338015381328776,0.03431758258444803,0.012879484820607176,0.013927097661623108,0.013343393828680354,0.013546151422870944,0.01591860361563808,0.015328208160851568,0.014027439415309656,0.015568826692812787,0.012333333333333333,0.0022205773501110288,0.0022172949002217295
capexToOperatingCashFlow,-0.7373649720219037,-0.7685239072502833,-0.6699552173473854,-0.6170187654903813,-0.6631162701702915,-0.4018268315889629,-0.6624005250635819,-0.7700608111197476,-0.9724384330738803,-0.8456107188525046,-0.7709901893680128,-0.677154492905938,-0.8912994179454229,-0.6460466777804239,-0.7045545612394818,-0.9369335908483137,-0.6756069196104085,-0.6496915001381343,-0.5916023166023165,-0.5899050662656264,-0.6534132841328413,-0.6539182282793867,-0.8163284048121958,-0.7917222963951935,-0.8421561985870512,-1.257936507936508,-1.2116991643454038,-0.8137150466045273,-0.8394934976043805,-0.7134512683578104,-0.8176974002906507,-0.8862559241706162,-0.9300809352517986,-1.1155790994461834,-1.453762755102041,-1.1749389747762409
capexToRevenue,-0.23870967741935484,-0.2833011528516423,-0.22308804897464934,-0.17562876531320687,-0.12698470858371194,-0.11085212716811557,-0.1631951813560521,-0.16133729284414217,-0.1497190680130447,-0.1582446393457973,-0.1340706209085499,-0.1142144914690893,-0.1428138853225455,-0.10419127178453118,-0.10510271174958656,-0.14251333273072403,-0.11414011174556395,-0.09519119194754028,-0.09732742603973131,-0.11619640079982226,-0.1238893164486112,-0.14042179583325712,-0.1770681858927113,-0.1567188452937589,-0.18763206692828496,-0.2372754491017964,-0.22509702457956016,-0.17533641293432417,-0.14742915527241038,-0.1328753924097846,-0.1727679028351131,-0.16150205548070612,-0.15659777424483307,-5.887310378039971,-6.865433673469388,-5.440737727149444
capexToDepreciation,-1.8649814576553394,-2.1172995780590718,-1.837550794237163,-1.6157412176779644,-1.2008547008547008,-1.140295928285992,-1.724476719350705,-1.7600585223116314,-1.6804851157662624,-1.8089914367269266,-1.5467444787733151,-1.1940004632846883,-1.4031893371414972,-1.2486766398158804,-1.255952380952381,-1.6530799475753604,-1.2762597830564328,-0.9868513078752273,-0.957357075913777,-1.0802065404475043,-1.2361256544502617,-1.3335070349140177,-1.6860773899848256,-1.5751941152431548,-1.895447614898715,-2.308252427184466,-2.277486910994764,-1.7321428571428572,-1.419149551634365,-1.2566137566137565,-1.586963334377938,-1.5418865435356202,-1.4711948790896159,-0.6202745003611847,-0.7748724489795918,-0.5945212910225115
stockBasedCompensationToRevenue,0.0043107623752785046,0.006040897440240281,0.004619403738129141,0.004344807507110703,0.004873222922468123,0.003947755239175171,0.004618540864485745,0.004214963119072708,0.0042729165848100275,0.004556946221792191,0.004443562785161674,0.005384444936849103,0.007315714251108258,0.0,0.0,0.0,0.0,0.0,0.0,0.0,0.0,0.0,0.0,0.0,0.0,0.0,0.0,0.0,0.0,0.0,0.0,0.0,0.0,0.0,0.0,0.0
grahamNumber,114.114961532986,102.37347210780429,94.96967856787002,87.22569921764688,119.69834111950783,46.33268334718947,67.18036026919049,60.27314969781781,59.85229418941044,61.75643840260581,59.319097985692125,53.4072033418722,39.30525229770554,47.819957584621854,52.3406543462959,40.38069973127224,37.925163585191854,34.72742802351301,26.46731907463127,30.221312632785455,29.67649317582026,13.424398253751312,26.369093581464934,26.582398849547463,22.988795296713892,21.912613434983523,19.892608680161604,15.437455099896393,13.501747661550649,15.83651255458872,14.320694052678906,13.368811046817077,12.219607300904169,11.300498098381908,8.917697759698594,1.5033383845587915
roic,0.09482088603123012,0.0983482625550506,0.1252431097016102,0.11672209026128266,0.08934673492633713,0.14256701868399674,0.12321247280638144,0.08964572323350949,0.0905727474782014,0.08998098499147482,0.13576372325022806,0.12333729954358984,0.08040473136668091,0.14439199559815818,0.1375136761487965,0.1197769071839048,0.11842043092043092,0.1055334261170034,0.07699950322901143,0.10704812952423054,0.11072983050343896,0.1204808793886045,0.11363030559606127,0.13576478149100257,0.11853909633139963,0.11237877923559612,0.13362930077691454,0.12275872518814082,0.08784565916398714,0.12504307716777563,0.11893697356956143,0.11875476880817946,0.1252089718584564,0.12243254128070882,0.10709563684442486,0.0035810205908683975
returnOnTangibleAssets,0.0822305793865319,0.0791361173095314,0.09928805948257381,0.08343871337927346,0.17266104250348152,0.03844162489111962,0.08088742602145774,0.062269245259324375,0.06422895535887331,0.08005184545117887,0.09318292534405066,0.0836285918606163,0.05327201383907852,0.08012436583990981,0.09284811318217273,0.07177584188280119,0.07579259006826339,0.06632266564198276,0.04618693327133225,0.06515457780974467,0.07671030289751876,0.016497748495676316,0.05713307377205108,0.07631861766717378,0.061368022300050035,0.06461634047840945,0.06416739319965127,0.04986918897162407,0.04277198211624441,0.06131083007171784,0.059792922862565163,0.05979504785684561,0.0670328675338786,0.07222409719878502,0.057863501483679525,0.001851851851851852
grahamNetNet,-24.82908393501805,-23.06532549728752,-17.630957784838856,-16.8312813497492,-15.051949541284404,-35.467883548983366,-38.12889716147045,-38.25199811941702,-39.92286599904626,-38.01112689393939,-29.074295774647887,-26.747879359095194,-28.431157694140065,-26.5632657869934,-23.699930619796486,-19.763306269733874,-18.419361984935755,-17.35366398570152,-19.07180245789713,-16.636510128913443,-17.93703445065177,-19.860004686035612,-19.517789820923657,-17.703480278422273,-16.361704545454547,-13.815848214285714,-11.618303571428571,-9.18661971830986,-8.067944234807477,-7.874280454426982,-8.26000101304781,-7.705793834127247,-6.733825982320498,-6.065068493150685,-5.168888888888889,-4.792735042735043
workingCapital,5577200000,6268200000,2797400000,2743900000,3387700000,1034000000,-737300000,331800000,211500000,725900000,847800000,789700000,494200000,636100000,435700000,289200000,471500000,711300000,486700000,653100000,332400000,430200000,-75400000,376100000,499700000,112000000,21000000,101300000,322300000,278800000,116700000,214300000,262300000,109000000,145000000,233000000
tangibleAssetValue,12755800000,11115800000,10171700000,9948900000,9095700000,5575200000,5741500000,5668300000,4827800000,4263300000,4785600000,4497300000,3751400000,3949200000,4167100000,3999900000,3737900000,3681000000,3140700000,3213700000,2442500000,2194600000,2738500000,2342400000,2399500000,2490000000,2317000000,2139200000,2037400000,2026200000,1776500000,1633700000,1392500000,1236000000,1141000000,1094000000
netCurrentAssetValue,-4394900000,-4040500000,-2936200000,-2919800000,-2405000000,-6524600000,-7146200000,-6962900000,-7212100000,-6902700000,-5162200000,-4774500000,-5101300000,-4556300000,-4128200000,-3466100000,-3237500000,-3010600000,-3393400000,-2940900000,-3175500000,-3528700000,-3364200000,-3180600000,-2971700000,-2573000000,-2086000000,-1652100000,-1463300000,-1395800000,-1485000000,-1373800000,-1164000000,-1101000000,-977000000,-901000000
investedCapital,0.6070444692275309,0.6604827894501565,0.3008974451762322,0.35114897536265255,0.3928932600979556,0.879315215548901,0.8110084149537867,0.8306633359580765,0.8908706209795374,0.8170042611004755,0.7871562165706201,0.7442535470262669,0.9393977336755776,0.7885184964319081,0.6691171118713153,0.5787571080422421,0.5463665173205114,0.5386363636363637,0.6637673496364838,0.6543568920105356,0.7685650474595198,1.0368428221193136,0.9201333808151769,1.011322310951149,0.9320267361504475,0.8527583527583528,0.701000834028357,0.5635877447425671,0.5951757933298444,0.513419459407923,0.6164123173844567,0.6262141672589434,0.6230881029829054,,,
averageReceivables,1536250000,1417400000,1416400000,1466600000,1478750000,1612300000,1593900000,1663300000,1692650000,1670600000,1639350000,1635700000,1590200000,1650250000,1750050000,1646850000,1503200000,1471700000,1344350000,1233200000,1199350000,1246750000,1195950000,1196300000,1209150000,1101200000,1082700000,1039700000,997050000,956450000,919350000,927350000,897350000,861100000,833600000,876600000
averagePayables,641500000,546200000,532750000,570400000,602850000,611150000,592550000,643400000,785850000,775550000,1094000000,1124100000,783250000,650700000,744800000,1100650000,962100000,932900000,546750000,474750000,529200000,562300000,526000000,512450000,581400000,536100000,532600000,517150000,485850000,455150000,467700000,448500000,429550000,602800000,575800000,592300000
averageInventory,429350000,404800000,396550000,400450000,370100000,512350000,531300000,555400000,555450000,595700000,543100000,570000000,523350000,454250000,460750000,457150000,449800000,455350000,443950000,398700000,407650000,396800000,414850000,416700000,395650000,387900000,369900000,348600000,349200000,329600000,316050000,307700000,309950000,339800000,314300000,322300000
daysSalesOutstanding,58.52092414995641,58.416155730948596,57.92429559699066,61.95460348032518,68.65705457032585,69.25664608794254,65.30596569950177,66.75524475524476,70.55552827000903,73.05544284569848,67.38489387026384,74.97341014846,77.94082023206802,65.99755149071007,75.73228197413776,77.38062686432252,71.22060539080248,75.1531424562161,73.68626236641101,70.88887654595275,62.6485867207724,71.84366483144629,70.85366825362044,72.36186216710713,78.77193928155592,71.48827345309381,70.63906856403622,69.32832180873957,63.255551882681736,56.214061480123085,52.46306847258708,55.14025633053512,52.129040805511394,51.50306748466258,49.16395726892708,68.4147557328016
daysPayablesOutstanding,37.423915614867596,34.032024035096704,31.720274454020583,35.06406010178529,41.83917335836201,38.5425679791338,33.58224967958411,35.40709401933304,50.09401640770332,52.01271997617663,81.91830820335461,95.5297554974627,61.63577233081213,35.8305494534063,46.775293414475115,92.11403869905311,83.67075341440288,88.15689289113405,43.30374368645813,38.457689996603705,45.56828430058254,55.18506900878293,52.72662363625978,61.16768772973919,81.20183287631693,79.73006644518273,81.7587397496763,84.37437840397821,92.2144044650279,83.24240526150955,98.93307333379761,86.99096406005843,86.54125937713117,70.6370523415978,64.78107896794371,82.80977312390925
daysOfInventoryOnHand,23.05471674482682,25.221829603455046,23.71843360388252,23.35834881654415,21.278026905829595,35.33876333421838,34.57568295387451,33.75291436355539,34.49184298925336,40.71370836228534,33.99874236189903,41.26526218668307,38.77683255821651,23.898103495339978,25.618819278417735,28.356052635591542,30.043750935737695,33.79703858261952,38.22407925256335,37.43736447474985,36.52046213469179,37.09535759096612,44.29328268692523,54.76597234377735,50.89930004329629,56.23546511627907,52.77298230470436,50.54511011129529,63.62902268139175,58.16222987785781,57.77874503795529,52.22433589238399,59.49192998408729,51.78374655647383,44.233776387802976,54.46335078534032
receivablesTurnover,6.237085372485046,6.248271482997037,6.301328246432104,5.891410476316136,5.316278163755601,5.270252324037185,5.589075915047447,5.467735177037502,5.173230347070481,4.996205426759539,5.416644280878955,4.8683926645091695,4.683040272263188,5.530508204556317,4.819609161185,4.716942919575761,5.124921334172435,4.856749672346003,4.953433493274601,5.148903717826501,5.826148986038928,5.08047579221262,5.1514622883530015,5.044093519278097,4.633629733240084,5.105732484076433,5.1671122994652405,5.264803625377644,5.770244494537888,6.493037336024218,6.957275100878234,6.619483192316488,7.001855287569573,7.086956521739131,7.424137931034482,5.335106382978723
payablesTurnover,9.753121606948968,10.725192237275722,11.50683612555363,10.409519004372688,8.72388172858226,9.47004880934773,10.86883706370324,10.308668647042937,7.286299366162847,7.017514180515474,4.455658423681325,3.8207990599294948,5.9218857198863075,10.186837923728813,7.8032647869408525,3.9624796084828713,4.362336719883889,4.140345559260382,8.428832450210123,9.490949665261592,8.009957048028115,6.614107883817427,6.922499011466983,5.967202841027784,4.494972429451833,4.577946768060836,4.464354527938343,4.325957795533702,3.9581668625146884,4.38478439989014,3.6893627954779036,4.195838084378563,4.217641418983701,5.167259786476868,5.634361233480176,4.407692307692308
inventoryTurnover,15.83190129984578,14.471590909090908,15.388874581509143,15.626104519060844,17.153846153846153,10.328601387320536,10.556552143508664,10.813881019830028,10.582212151253364,8.965039410119502,10.73569122395069,8.845212187159957,9.412836890481383,15.273178479253524,14.247338881362493,12.872031403336605,12.148949070331447,10.799762798972129,9.548954667770648,9.749617931737138,9.994397076735687,9.839506172839506,8.240527182866558,6.664722351843211,7.171021992238034,6.490566037735849,6.916417910447761,7.221272229822161,5.736376021798365,6.275550314465409,6.317201935767708,6.989078822412155,6.135285913528591,7.048543689320389,8.251612903225807,6.701754385964913
roe,0.15503297709698147,0.15618636070133612,0.1592241441702251,0.13795072530508865,0.2974757589577839,0.0891434544324538,0.17628638432887295,0.13463574900214506,0.14117947771261413,0.18021676032853703,0.21122191932088755,0.185527051145685,0.13174314989878755,0.18082970560756953,0.18844166242084576,0.14691307879772542,0.15554584198448257,0.13593609360936093,0.1050363516192994,0.1441505706760316,0.17377008499286556,0.04229092890220648,0.14584479911942763,0.20500131218835527,0.16211623428118274,0.16161616161616163,0.15346121768140117,0.11230964467005077,0.0955801893524906,0.12918911188444487,0.13517623418237115,0.13616441601516227,0.15371305972731678,0.16823899371069181,0.13600697471665213,0.004545454545454545
capexPerShare,-11.120036101083032,-11.342676311030742,-9.0317748524739,-7.151846785225718,-4.769266055045872,-4.878927911275416,-7.514192647743136,-7.918194640338505,-7.268478779208393,-7.201704545454546,-6.346009389671361,-4.8581526861451465,-5.617436874702239,-5.113572101790764,-4.879740980573543,-5.689219666215607,-4.118298626495347,-3.1523681858802504,-2.7897132453345472,-2.889502762430939,-3.297486033519553,-3.5974695407685098,-4.188972667295005,-3.577262180974478,-3.9554545454545456,-4.245535714285714,-3.8839285714285716,-2.689700704225352,-2.1489696323564567,-1.8929889326833784,-2.2583527544683477,-2.114832538828823,-1.881301216515669,-1.8963470319634703,-1.3937777777777778,-1.5756410256410256
