,2021,2020,2019,2018,2017,2016,2015,2014,2013,2012
reportedCurrency,USD,USD,USD,USD,USD,USD,USD,USD,USD,USD
cik,0001596532,0001596532,0001596532,0001596532,0001596532,0001596532,0001596532,0001596532,0001596532,0001596532
fillingDate,2022-02-15,2021-02-19,2020-02-14,2019-02-15,2018-02-20,2017-02-17,2016-02-25,2015-03-12,2013-12-31,2012-12-31
acceptedDate,2022-02-14 19:10:53,2021-02-18 19:04:33,2020-02-13 19:39:57,2019-02-15 17:26:01,2018-02-16 18:08:29,2017-02-17 17:17:51,2016-02-25 17:08:19,2015-03-11 21:55:45,2013-12-31,2012-12-31
calendarYear,2021,2020,2019,2018,2017,2016,2015,2014,2013,2012
period,FY,FY,FY,FY,FY,FY,FY,FY,FY,FY
cashAndCashEquivalents,620813000,893219000,1111286000,649950000,859192000,567923000,687326000,240031000,113664000,88655000
shortTermInvestments,2787502000,1979649000,1613082000,1306197000,676363000,299910000,0.0,209426000,0.0,0.0
cashAndShortTermInvestments,3408315000,2872868000,2724368000,1956147000,1535555000,867833000,687326000,449457000,113664000,88655000
netReceivables,516509000,389540000,391987000,331777000,247346000,253119000,144263000,96982000,81999000,50902000
inventory,650117000,479668000,243825000,264557000,306198000,236490000,92129000,80519000,73360000,24181000
otherCurrentAssets,237735000,94922000,111456000,162321000,177330000,168684000,50610000,52521000,16500000,13434000
totalCurrentAssets,4812676000,3836998000,3471636000,2714802000,2266429000,1526126000,974328000,679479000,285523000,177172000
propertyPlantEquipmentNet,143816000,109519000,127043000,75355000,74279000,76961000,79706000,71558000,67204000,30546000
goodwill,188397000,189696000,54855000,53684000,0.0,0.0,0.0,0.0,0.0,0.0
intangibleAssets,93555000,122790000,45235000,58610000,0.0,0.0,0.0,0.0,0.0,0.0
goodwillAndIntangibleAssets,281952000,312486000,100090000,112294000,0.0,0.0,0.0,0.0,0.0,0.0
longTermInvestments,0.0,8314000.0,4150000.0,30336000,36136000,36136000,36636000,36636000,0.0,0.0
taxAssets,442295000,441531000,452025000,126492000,65125000,70960000,48429000,11510000,4541000.0,1679000.0
otherNonCurrentAssets,53690000,30071000,30346000,22704000,18891000,18824000,20791000,11840000,7252000.0,10771000
totalNonCurrentAssets,921753000,901921000,713654000,367181000,194431000,202881000,185562000,131544000,78997000,42996000
otherAssets,0.0,0.0,0.0,0.0,0.0,0.0,0.0,0.0,0.0,0.0
totalAssets,5734429000,4738919000,4185290000,3081983000,2460860000,1729007000,1159890000,811023000,364520000,220168000
accountPayables,202636000,134235000,92105000,93757000,52200000,79457000,43966000,32428000,14741000,11016000
shortTermDebt,0.0,0.0,0.0,0.0,0.0,0.0,1336000.0,1087000.0,98793000,0.0
taxPayables,69916000,1870000.0,1716000.0,839000.0,794000.0,1098000.0,4694000.0,4678000.0,0.0,0.0
deferredRevenue,593578000,396259000,312668000,358586000,327706000,273350000,122049000,60327000,41306000,17602000
otherCurrentLiabilities,313615000,237749000,192301000,154161000,149999000,106746000,67660000,50531000,54504000,17746000
totalCurrentLiabilities,1109829000,768243000,597074000,606504000,529905000,459553000,235011000,144373000,209344000,46364000
longTermDebt,113054000,72397000,0.0,0.0,0.0,0.0,0.0,0.0,0.0,97673000
deferredRevenueNonCurrent,335734000,254568000,262620000,228641000,187556000,99585000,74759000,46141000,0.0,0.0
deferredTaxLiabilitiesNonCurrent,129074000,227936000,254710000,0.0,0.0,0.0,0.0,0.0,0.0,0.0
otherNonCurrentLiabilities,68138000,95484000,176200000,103449000,81485000,62049000,61968000,64851000,77444000,57221000
totalNonCurrentLiabilities,646000000,650385000,693530000,332090000,269041000,161634000,136727000,110992000,77444000,154894000
otherLiabilities,0.0,0.0,0.0,0.0,0.0,0.0,0.0,0.0,0.0,0.0
capitalLeaseObligations,0,72397000,83022000,35431000,37673000,39593000,42546000,43634000,43152000,25253000
totalLiabilities,1755829000,1418628000,1290604000,938594000,798946000,621187000,371738000,255365000,286788000,201258000
preferredStock,0,0.0,0.0,0.0,0.0,0.0,0.0,0.0,5992000.0,5992000.0
commonStock,31000.0,8000.0,8000.0,8000.0,7000.0,7000.0,7000.0,7000.0,3000.0,3000.0
retainedEarnings,2456823000,2027614000,1788230000,1190803000,859114000,435105000,250916000,129814000,42964000,504000.0
accumulatedOtherComprehensiveIncomeLoss,-8300000.0,238000.0,143000.0,-3994000.0,-1938000.0,-1475000.0,-675000.0,-334000.0,36000.0,38000.0
othertotalStockholdersEquity,1530046000,1292431000,1106305000,956572000,804731000,674183000,537904000,426171000,28737000,12373000
totalStockholdersEquity,3978600000,3320291000,2894686000,2143389000,1661914000,1107820000,788152000,555658000,77732000,18910000
totalLiabilitiesAndStockholdersEquity,5734429000,4738919000,4185290000,3081983000,2460860000,1729007000,1159890000,811023000,364520000,220168000
minorityInterest,0,0,0,0,0,0,0,0,0,0
totalEquity,3978600000,3320291000,2894686000,2143389000,1661914000,1107820000,788152000,555658000,77732000,18910000
totalLiabilitiesAndTotalEquity,5734429000,4738919000,4185290000,3081983000,2460860000,1729007000,1159890000,811023000,364520000,220168000
totalInvestments,0.0,1987963000,1617232000,1336533000,712499000,336046000,0.0,246062000,0.0,0.0
totalDebt,0.0,72397000,83022000,35431000,37673000,39593000,42546000,43634000,141945000,122926000
netDebt,-620813000,-820822000,-1028264000,-614519000,-821519000,-528330000,-644780000,-196397000,28281000,34271000
link,https://www.sec.gov/Archives/edgar/data/1596532/000159653222000026/0001596532-22-000026-index.htm,https://www.sec.gov/Archives/edgar/data/1596532/000159653221000049/0001596532-21-000049-index.htm,https://www.sec.gov/Archives/edgar/data/1596532/000159653220000024/0001596532-20-000024-index.html,https://www.sec.gov/Archives/edgar/data/1596532/000159653219000027/0001596532-19-000027-index.html,https://www.sec.gov/Archives/edgar/data/1596532/000159653218000018/0001596532-18-000018-index.html,https://www.sec.gov/Archives/edgar/data/1596532/000159653217000019/0001596532-17-000019-index.html,https://www.sec.gov/Archives/edgar/data/1596532/000159653216000244/0001596532-16-000244-index.html,https://www.sec.gov/Archives/edgar/data/1596532/000159653215000004/anet20141231-10k.htm,,
finalLink,https://www.sec.gov/Archives/edgar/data/1596532/000159653222000026/anet-20211231.htm,https://www.sec.gov/Archives/edgar/data/1596532/000159653221000049/anet-20201231.htm,https://www.sec.gov/Archives/edgar/data/1596532/000159653220000024/anet20191231-10k.htm,https://www.sec.gov/Archives/edgar/data/1596532/000159653219000027/anet20181231-10k.htm,https://www.sec.gov/Archives/edgar/data/1596532/000159653218000018/anet20171231-10k.htm,https://www.sec.gov/Archives/edgar/data/1596532/000159653217000019/anet20161231-10k.htm,https://www.sec.gov/Archives/edgar/data/1596532/000159653216000244/anet20151231-10k.htm,https://www.sec.gov/Archives/edgar/data/1596532/000159653215000004/anet20141231-10k.htm,,
