,2021,2020,2019,2018,2017,2016,2015,2014
period,FY,FY,FY,FY,FY,FY,FY,FY
currentRatio,4.33641218602145,4.994510851384263,5.814414963639348,4.4761485497210245,4.277047772713977,3.320892258346698,4.145882533158022,4.706413249014705
quickRatio,3.536422277666199,4.246583437792469,5.219378167530323,3.772314774510968,3.3645672337494457,2.439222461827036,3.5385109633166105,3.7849113061306476
cashRatio,0.5593771653110524,1.1626776944274142,1.8612198822926471,1.0716334929365676,1.6214076107981619,1.2358161082617238,2.924654590636183,1.6625754123000838
daysOfSalesOutstanding,63.949599343563186,61.35118178460348,59.349939395347256,56.289090806830444,54.84270307243531,81.81999208265916,62.8659990377165,60.602750185753955
daysOfInventoryOutstanding,222.33865194732672,209.51815764468793,102.72323654613282,124.11863489598865,191.2371987810074,212.5813013636218,114.36578115912947,153.0580163008098
operatingCycle,286.2882512908899,270.8693394292914,162.0731759414801,180.4077257028191,246.07990185344272,294.401293446281,177.23178019684596,213.66076648656377
daysOfPayablesOutstanding,69.30108745963956,58.63361719238032,38.803747368323855,43.986705518822816,32.60172103138684,71.42404525539895,54.57788464481636,61.64216337265317
cashConversionCycle,216.9871638312503,212.2357222369111,123.26942857315623,136.4210201839963,213.4781808220559,222.97724819088205,122.65389555202961,152.01860311391061
grossProfitMargin,0.6379767282432344,0.6394296987458965,0.6406164833040612,0.6383735193730132,0.6449872614637714,0.6403977445320311,0.6489563522053127,0.6712668590974926
operatingProfitMargin,0.3136795772916012,0.30191170531155825,0.3342481414158342,0.12705723657819742,0.2856736723553718,0.21556510241620594,0.17825883993500408,0.21488051826209625
pretaxProfitMargin,0.3157623191296446,0.3188173351421697,0.35768359974215025,0.13424056960939756,0.28839997424349373,0.21451654184013524,0.17432016342104917,0.2080238860754726
netProfitMargin,0.2852250497534461,0.2738095854519847,0.35668679631609995,0.15251451517615064,0.25707969816290505,0.1631193614407789,0.14458369299574614,0.14868876539532208
effectiveTaxRate,0.09670966903324707,0.14117096132841947,0.002786830111218064,-0.13612833750575656,0.10860013480495408,0.23959541748374447,0.1705853748741516,0.2852322480824308
returnOnAssets,0.14663255923126783,0.133903322677598,0.2054498015669165,0.10646230040853567,0.17197280625472397,0.1065287763438783,0.10440817663743976,0.1070869753385539
returnOnEquity,0.21134419142411903,0.1911148751720858,0.297050180917723,0.15308233829696802,0.2546467506742226,0.16626256973154482,0.15365310244724367,0.15630117806276522
returnOnCapitalEmployed,0.19996086147991177,0.17621281615523401,0.22456117468959505,0.11042186178917292,0.24354373871995982,0.1917430643410474,0.16143517151973394,0.18827420685517138
netIncomePerEBT,0.9032903309667529,0.8588290386715806,0.997213169888782,1.1361283375057565,0.8913998651950459,0.7604045825162555,0.8294146251258484,0.7147677519175692
ebtPerEbit,1.006639711313138,1.0559952778682948,1.0701139525474885,1.0565361975803649,1.0095434131736527,0.9951357591543452,0.9779047338387762,0.9680909547218216
ebitPerRevenue,0.3136795772916012,0.30191170531155825,0.3342481414158342,0.12705723657819742,0.2856736723553718,0.21556510241620594,0.17825883993500408,0.21488051826209625
debtRatio,0.30619072971345535,0.2993568786467969,0.30836668426799574,0.3045422379033239,0.32466129727006005,0.3592738490937284,0.3204941847933856,0.314867765772364
debtEquityRatio,0.44131830292062535,0.42726014075272317,0.44585284897912936,0.4379018460951325,0.48073847383197926,0.5607291798306584,0.4716577512967042,0.45957225487620085
longTermDebtToCapitalization,0.02763039103501909,0.021339126969529765,,,,,,
totalDebtToCapitalization,,,,,,,,
interestCoverage,,,,101.20214735283228,169.16258992805754,77.61766581632654,47.369289340101524,19.986146496815287
cashFlowToDebtRatio,8.985582111203495,10.153929030208435,,,,,,
companyEquityMultiplier,1.4413183029206253,1.4272601407527232,1.4458528489791294,1.4379018460951325,1.4807384738319793,1.5607291798306584,1.4716577512967042,1.459572254876201
receivablesTurnover,5.707619809141757,5.949355650254146,6.149964156974594,6.48438258227665,6.655397702004479,4.4610124091830325,5.806000152499255,6.022828978573344
payablesTurnover,5.26687261888312,6.225097776287853,9.406308018022909,8.29796175218917,11.19572796934866,5.110323822948262,6.687690488104445,5.921271740471198
inventoryTurnover,1.6416398894352862,1.7420924472760326,3.5532369527324925,2.940734888889729,1.908624484810482,1.7169901475749503,3.1915140726589892,2.3847166507283997
fixedAssetTurnover,20.498671914112478,21.160821409983654,18.975512228143227,28.54978435405746,22.162199275703767,14.671937734696794,10.508506260507364,8.162693199921742
assetTurnover,0.5140942541968869,0.4890381118563115,0.5759949728692635,0.6980470041528457,0.6689474411384638,0.6530725439515283,0.7221296847114813,0.7202089213252891
operatingCashFlowPerShare,3.3423352284691514,2.4186473468098546,3.154923209980082,1.6826722408026755,2.18531858064159,0.47781768477992176,0.760009247468316,0.591178474817767
freeCashFlowPerShare,3.1293430195830703,2.368031427668983,3.1033225442918546,1.6029732441471571,2.1324559218356445,0.3999541958092801,0.6842520162512886,0.5233753897619097
cashPerShare,11.21392332596336,9.452213623920825,8.92509697033232,6.542297658862876,5.312750837277533,3.154792717860726,2.6049284458189317,2.3202810415677204
payoutRatio,0,0,0,0,0,0,0,0
operatingCashFlowSalesRatio,0.3445872626429044,0.31719965204063666,0.39948214340529287,0.23385992825963375,0.3836911503317365,0.1164043936813598,0.2394163738626609,0.1960534560507853
freeCashFlowOperatingCashFlowRatio,0.936274432596746,0.9790726336323345,0.9836443988478081,0.9526354600005168,0.9758100904489517,0.8370435179549605,0.9003206454797963,0.8853086031646232
cashFlowCoverageRatios,,,,,,,,
shortTermCoverageRatios,,,,,,,150.0995508982036,105.35050597976081
capitalExpenditureCoverageRatio,-15.692288680177954,-47.78432137285491,-61.141133896260556,-21.112840956777173,-41.33955101773676,-6.136607684765862,-10.032167692230727,-8.71904979442668
dividendPaidAndCapexCoverageRatio,,,,,,,,
dividendPayoutRatio,,,,,,,,
priceBookValueRatio,9.181638879975871,7.038430889359999,6.109313129385363,7.33205232414648,11.966666269792539,5.8148251250203105,5.024181782194297,5.5010676351280825
priceToBookRatio,9.181638879975871,7.038430889359999,6.109313129385363,7.33205232414648,11.966666269792539,5.8148251250203105,5.024181782194297,5.5010676351280825
priceToSalesRatio,12.391319528171458,10.083934295081967,7.335835720012311,7.304855791358897,12.080998263316538,5.704895352060412,4.727628305461735,5.23314644944582
priceEarningsRatio,43.44400864819815,36.82827348223091,20.566602957489938,47.896134888682326,46.9932023012611,34.97374745505975,32.69821241597992,35.19530500863558
priceToFreeCashFlowsRatio,38.4074232987131,32.47000783080322,18.66870110119996,32.78906943201284,32.266787930026545,58.550454640477724,21.932708481035093,30.150443273953957
priceToOperatingCashFlowsRatio,35.959888456505645,31.790496080967035,18.363363271959244,31.23603024135443,31.48625724849634,49.009278530127816,19.746470256765722,26.692446819658386
priceCashFlowRatio,35.959888456505645,31.790496080967035,18.363363271959244,31.23603024135443,31.48625724849634,49.009278530127816,19.746470256765722,26.692446819658386
priceEarningsToGrowthRatio,-0.4344400864819815,-1.4250390357729215,0.13142268847653685,-1.9191259527314495,0.391855542700171,0.7447350928665664,1.1905502982228582,0.4169289977946062
priceSalesRatio,12.391319528171458,10.083934295081967,7.335835720012311,7.304855791358897,12.080998263316538,5.704895352060412,4.727628305461735,5.23314644944582
dividendYield,,,,,,,,
enterpriseValueMultiple,36.7120181325278,28.781326685919893,18.515144003476635,47.20164393291412,38.19578908646674,22.156299536041644,20.105562297337134,20.446910143749683
priceFairValue,9.181638879975871,7.038430889359999,6.109313129385363,7.33205232414648,11.966666269792539,5.8148251250203105,5.024181782194297,5.5010676351280825
