,2021,2020,2019,2018,2017,2016,2015,2014,2013,2012,2011,2010,2009,2008,2007,2006,2005,2004,2003,2002,2001,2000,1999,1998,1997,1996,1995,1994,1993,1992,1991,1990,1989
reportedCurrency,USD,USD,USD,USD,USD,USD,USD,USD,USD,USD,USD,USD,USD,USD,USD,USD,USD,USD,USD,USD,USD,USD,USD,USD,USD,USD,USD,USD,USD,USD,USD,USD,USD
cik,0000006281,0000006281,0000006281,0000006281,0000006281,0000006281,0000006281,0000006281,0000006281,0000006281,0000006281,0000006281,0000006281,0000006281,0000006281,0000006281,0000006281,0000006281,0000006281,0000006281,0000006281,0000006281,0000006281,0000006281,0000006281,0000006281,0000006281,0000006281,0000006281,0000006281,0000006281,0000006281,0000006281
fillingDate,2021-12-03,2020-11-24,2019-11-26,2018-11-27,2017-11-22,2016-11-22,2015-11-24,2014-12-10,2013-11-26,2012-11-27,2011-11-22,2010-11-22,2009-11-24,2008-11-25,2007-11-30,2006-11-20,2005-11-21,2004-11-30,2003-12-23,2003-01-29,2002-01-28,2001-01-26,1999-10-30,1998-10-31,1997-11-01,1997-01-29,1995-10-28,1995-01-24,1993-10-31,1992-10-31,1991-10-31,1990-10-31,1989-10-31
acceptedDate,2021-12-03 16:02:52,2020-11-24 08:08:16,2019-11-26 16:26:04,2018-11-27 08:17:08,2017-11-22 16:09:02,2016-11-22 08:18:52,2015-11-24 08:12:56,2014-12-10 16:45:07,2013-11-26 16:22:18,2012-11-27 16:14:09,2011-11-22 10:51:07,2010-11-22 16:19:46,2009-11-24 15:37:04,2008-11-25 16:26:02,2007-11-30 16:08:24,2006-11-20 16:01:56,2005-11-21 17:31:32,2004-11-30 16:01:23,2003-12-23 14:52:54,2003-01-29 16:55:03,2002-01-28 00:00:00,2001-01-26 00:00:00,1999-10-30,1998-10-31,1997-11-01,1997-01-29 00:00:00,1995-10-28,1995-01-24 00:00:00,1993-10-31,1992-10-31,1991-10-31,1990-10-31,1989-10-31
calendarYear,2021,2020,2019,2018,2017,2016,2015,2014,2013,2012,2011,2010,2009,2008,2007,2006,2005,2004,2003,2002,2001,2000,1999,1998,1997,1996,1995,1994,1993,1992,1991,1990,1989
period,FY,FY,FY,FY,FY,FY,FY,FY,FY,FY,FY,FY,FY,FY,FY,FY,FY,FY,FY,FY,FY,FY,FY,FY,FY,FY,FY,FY,FY,FY,FY,FY,FY
netIncome,1390422000,1220761000,1363011000,1506980000,805379000,861664000,696878000,629300000,673500000,651200000,867400000,712100000,247772000,786300000,496900000,549500000,414800000,570700000,298300000,105300000,356400000,607100000,196800000,82400000,178200000,171900000,119300000,74500000,44500000,14900000,8200000.0,-12900000,27900000
depreciationAndAmortization,1074634000,810923000,811251000,799063000,584059000,209790000,222240000,141970000,110416000,109833000,118219000,120911000,139870000,153472000,154783000,172163000,155564000,152630000,168283000,238002000,210490000,156671000,142600000,127600000,103600000,83800000,64100000,61300000,59800000,55000000,52700000,46800000,41500000
deferredIncomeTax,-406922000,-113948000,-91253000,-736759000,-825869000,8124000.0,-52214000,-77711000,-17699000,-9801000.0,1704000.0,-9866000.0,11595000,-11369000,-2850000.0,-28454000,14604000,26931000,2157000.0,-40563000,-29923000,-12544000,16600000,-12400000,-6100000.0,6600000.0,1800000.0,-5400000.0,-4100000.0,1000000.0,800000.0,-1300000.0,1200000.0
stockBasedCompensation,243611000,149518000,150300000,151165000,104188000,63421000,68919000,50812000,56886000,53500000,52358000,51752000,48613000,0.0,0.0,0.0,0.0,0.0,0.0,0.0,0.0,0.0,0.0,0.0,0.0,0.0,0.0,0.0,0.0,0.0,0.0,0.0,0.0
changeInWorkingCapital,-86366000,676208000,-229506000,-49006000,-3436923000,1226211000,-137282000,-1798000000,730000000,310000000,1025000000,731977000,583023000,90000000,-1089000000,-393000000,-49000000,539000000,-717000000,233000000,389000000,1618000000,317400000,-38400000,71000000,278000000,-27000000,28600000,73000000,45500000,25800000,-33700000,-6300000.0
accountsReceivables,-114504000,-101626000,5890000.0,45979000,-65669000,-9392000.0,-71198000,-36460000,12377000,5774000.0,40025000,-82380000,16561000,0.0,0.0,0.0,0.0,0.0,0.0,0.0,0.0,0.0,0.0,0.0,0.0,0.0,0.0,0.0,0.0,0.0,0.0,0.0,0.0
inventory,-65114000,1760000.0,-42771000,-34636000,-47354000,38221000,-35557000,24642000,28527000,-18592000,-17603000,-24274000,67347000,16784000,16549000,-52043000,22797000,-58401000,18202000,-59382000,82267000,-82321000,28400000,-48900000,-7700000.0,-76700000,-14400000,20800000,-6300000.0,-24700000,-10500000,16100000,-2500000.0
accountsPayables,208444000,103104000,-6371000.0,-5069000.0,192249000,85502000,56614000,58373000,17487000,0.0,-90323000,0.0,-100064000,0.0,0.0,0.0,0.0,0.0,0.0,0.0,0.0,0.0,0.0,0.0,0.0,0.0,0.0,0.0,0.0,0.0,0.0,0.0,0.0
otherWorkingCapital,-1000.0,1152702000,476494000,706000000,755006000,4191929000,2965718000,3103000000,4901000000,4171000000,3861000000,2836000000,2104023000,1521000000,1431000000,2520000000,2913000000,2962000000,2423000000,3140000000,2907000000,2518000000,900000000,582600000,621000000,550000000,272000000,299000000,270400000,197400000,151900000,126100000,159800000
otherNonCashItems,519690000,-734975000,249297000,770918000,3881758000,-1088315000,109257000,1925231000,-640758000,-300190000,-1164152000,-615699000,-598725000,-349035000,1260532000,320893000,136736000,-511216000,681223000,-309613000,-82354000,-1664722000,-246100000,65500000,-49500000,-396600000,52100000,24300000,-83700000,-82900000,-36500000,83300000,10100000
netCashProvidedByOperatingActivities,2735069000,2008487000,2253100000,2442361000,1112592000,1280895000,907798000,871602000,912345000,814542000,900529000,991175000,432148000,669368000,820365000,621102000,672704000,778045000,432963000,226126000,843613000,704505000,427300000,224700000,297200000,143700000,210300000,183300000,89500000,33500000,51000000,82200000,74400000
investmentsInPropertyPlantAndEquipment,-343676000,-165692000,-275372000,-254876000,-204098000,-127397000,-153960000,-177913000,-123074000,-132176000,-122996000,-111557000,-56095000,-157408000,-141810000,-129297000,-85457000,-146245000,-67735000,-57412000,-297236000,-274837000,-77500000,-166900000,-179400000,-234100000,-212700000,-90800000,-67200000,-65700000,-52300000,-38200000,-51000000
acquisitionsNet,2425600000,-14196000,-11170000,-52839000,-9632568000,-83170000,-7065000.0,-1945887000,97525000,-24158000,-3988000.0,63036000,-10013000,400035000,-9160000.0,-133947000,0.0,0.0,0.0,-5245000.0,-38469000,-169270000,-20500000,0.0,0.0,0.0,0.0,0.0,0.0,0.0,0.0,0.0,0.0
purchasesOfInvestments,0.0,0.0,0.0,0.0,-705485000,-7697260000,-6083999000,-7485162000,-8540335000,-8165043000,-4289304000,-3478025000,-2787141000,-1831363000,-1807476000,-2483123000,-3457017000,-4013786000,-4666572000,-3405217000,-2968672000,-868394000,-628800000,-199500000,-216400000,-262600000,-173400000,-72700000,0.0,0.0,0.0,-400000.0,-1500000.0
salesMaturitiesOfInvestments,30125000,0.0,0.0,0.0,3939979000,6708077000,6236174000,9506266000,7621615000,6983049000,3719145000,2508972000,2324181000,1774391000,2951471000,2788717000,3526871000,3480589000,4317703000,3555238000,2095424000,841440000,365300000,152900000,192100000,254600000,164300000,0.0,0.0,0.0,0.0,0.0,0.0
otherInvestingActivites,31476000,-635000.0,-6644000.0,-6283000.0,-15842000,-18520000,-8275000.0,-12055000,-5657000.0,-1362000.0,-6595000.0,531749000,-5661000.0,2708000.0,-8438000.0,2458000.0,5644000.0,-10449000,70626000,2846000.0,-11427000,14844000,3500000.0,26500000,-33600000,-63400000,-16900000,0.0,0.0,0.0,0.0,-60500000,-100000.0
netCashUsedForInvestingActivites,2143525000,-180523000,-293186000,-313998000,-6618014000,-1218270000,-17125000,-114751000,-949926000,-1339690000,-703738000,-485825000,-534729000,188363000,984587000,44808000,-9959000.0,-689891000,-345978000,90210000,-1220380000,-456217000,-358000000,-187000000,-237300000,-305500000,-238700000,-163500000,-67200000,-65700000,-52300000,-99100000,-52600000
debtRepayment,-3991982000,-1100000000,-2175000000,-2275000000,-5050000000,-378156000,0.0,-1995398000,-452898000,-56500000,0.0,0.0,0.0,0.0,0.0,0.0,0.0,0.0,0.0,0.0,0.0,0.0,0.0,0.0,0.0,0.0,0.0,0.0,0.0,0.0,0.0,0.0,0.0
commonStockIssued,0.0,0.0,0.0,0.0,0.0,0.0,0.0,0.0,0.0,0.0,0.0,0.0,0.0,94155000,109149000,94392000,89402000,124115000,70862000,37305000,39947000,42864000,34200000,27600000,19300000,26100000,10100000,9800000.0,10000000,3200000.0,3200000.0,0.0,2200000.0
commonStockRepurchased,-3105144000,-244487000,-613005000,-225977000,-46533000,-370061000,-226953000,-356346000,-60529000,-160536000,-330256000,-39848000,-3762000.0,-569853000,-1647212000,-1024982000,-525493000,-137083000,-52000.0,-97750000,-21831000,0.0,0.0,-84200000,0.0,0.0,0.0,0.0,0.0,0.0,-900000.0,-14200000,-8700000.0
dividendsPaid,-1109344000,-886155000,-777481000,-703307000,-602119000,-513180000,-491059000,-454225000,-405955000,-344701000,-281626000,-249964000,-232988000,-222530000,-228281000,-201451000,-118998000,-75007000,0.0,0.0,0.0,0.0,0.0,0.0,0.0,0.0,0.0,0.0,0.0,0.0,0.0,0.0,0.0
otherFinancingActivites,4246806000,810034000,1438692000,846242000,11327230000,1238480000,146409000,2229359000,818825000,212110000,750494000,217174000,382747000,18220000,40871000,181178000,0.0,0.0,-1254422000,-8267000.0,-16219000,1087426000,-12400000,-5400000.0,-4200000.0,275400000,-21000000,200000.0,29600000,30500000,7700000.0,9300000.0,-7700000.0
netCashUsedProvidedByFinancingActivities,-3959664000,-1420608000,-2126794000,-2358042000,5628578000,-22917000,-571603000,-576610000,-100557000,-349627000,138612000,-72638000,145997000,-680008000,-1725473000,-950863000,-555089000,-87975000,-1183612000,-68712000,1897000.0,1130290000,21800000,-62000000,15100000,301500000,-10900000,10000000,39600000,33700000,10000000,-4900000.0,-14200000
effectOfForexChangesOnCash,3174000.0,182000.0,-1389000.0,-1568000.0,3550000.0,-2929000.0,-3950000.0,-3097000.0,1394000.0,-1492000.0,-303000.0,-2441000.0,2714000.0,-9096000.0,1546000.0,1309000.0,995000.0,887000.0,748000.0,1180000.0,3398000.0,1952000.0,1500000.0,-2000000.0,4400000.0,1100000.0,-500000.0,-1400000.0,1000000.0,-300000.0,-500000.0,-100000.0,-200000.0
netChangeInCash,922104000,407538000,-168269000,-231247000,126706000,36779000,315120000,177144000,-136744000,-876267000,335100000,430271000,46130000,168627000,81025000,-283644000,108651000,1066000.0,-1095879000,248804000,-371472000,1380530000,92600000,-26300000,79500000,140800000,-39800000,28400000,39600000,33700000,10000000,-4900000.0,-14200000
cashAtEndOfPeriod,1977964000,1055860000,648322000,816591000,1047838000,921132000,884353000,569233000,392089000,528833000,1405100000,1070000000,639729000,593599000,424972000,343947000,627591000,518940000,517874000,1613753000,1364949000,1736421000,355900000,263300000,289600000,210100000,69300000,109100000,0.0,0.0,0.0,0.0,0.0
cashAtBeginningOfPeriod,1055860000,648322000,816591000,1047838000,921132000,884353000,569233000,392089000,528833000,1405100000,1070000000,639729000,593599000,424972000,343947000,627591000,518940000,517874000,1613753000,1364949000,1736421000,355891000,263300000,289600000,210100000,69300000,109100000,80700000,17700000,16500000,8300000.0,30100000,22700000
operatingCashFlow,2735069000,2008487000,2253100000,2442361000,1112592000,1280895000,907798000,871602000,912345000,814542000,900529000,991175000,432148000,669368000,820365000,621102000,672704000,778045000,432963000,226126000,843613000,704505000,427300000,224700000,297200000,143700000,210300000,183300000,89500000,33500000,51000000,82200000,74400000
capitalExpenditure,-343676000,-165692000,-275372000,-254876000,-204098000,-127397000,-153960000,-177913000,-123074000,-132176000,-122996000,-111557000,-56095000,-157408000,-141810000,-129297000,-85457000,-146245000,-67735000,-57412000,-297236000,-274837000,-77500000,-166900000,-179400000,-234100000,-212700000,-90800000,-67200000,-65700000,-52300000,-38200000,-51000000
freeCashFlow,2391393000,1842795000,1977728000,2187485000,908494000,1153498000,753838000,693689000,789271000,682366000,777533000,879618000,376053000,511960000,678555000,491805000,587247000,631800000,365228000,168714000,546377000,429668000,349800000,57800000,117800000,-90400000,-2400000.0,92500000,22300000,-32200000,-1300000.0,44000000,23400000
link,https://www.sec.gov/Archives/edgar/data/6281/000000628121000294/0000006281-21-000294-index.htm,https://www.sec.gov/Archives/edgar/data/6281/000000628120000156/0000006281-20-000156-index.htm,https://www.sec.gov/Archives/edgar/data/6281/000000628119000144/0000006281-19-000144-index.html,https://www.sec.gov/Archives/edgar/data/6281/000000628118000126/0000006281-18-000126-index.html,https://www.sec.gov/Archives/edgar/data/6281/000000628117000144/0000006281-17-000144-index.html,https://www.sec.gov/Archives/edgar/data/6281/000000628116000097/0000006281-16-000097-index.html,https://www.sec.gov/Archives/edgar/data/6281/000000628115000044/0000006281-15-000044-index.html,https://www.sec.gov/Archives/edgar/data/6281/000000628114000039/0000006281-14-000039-index.html,https://www.sec.gov/Archives/edgar/data/6281/000000628113000040/0000006281-13-000040-index.html,https://www.sec.gov/Archives/edgar/data/6281/000000628112000010/0000006281-12-000010-index.html,https://www.sec.gov/Archives/edgar/data/6281/000095012311099928/0000950123-11-099928-index.html,https://www.sec.gov/Archives/edgar/data/6281/000095012310107816/0000950123-10-107816-index.html,https://www.sec.gov/Archives/edgar/data/6281/000095012309065635/0000950123-09-065635-index.html,https://www.sec.gov/Archives/edgar/data/6281/000095013508007596/0000950135-08-007596-index.html,https://www.sec.gov/Archives/edgar/data/6281/000095013507007253/0000950135-07-007253-index.html,https://www.sec.gov/Archives/edgar/data/6281/000095013506007047/b63086ade10vk.htm,https://www.sec.gov/Archives/edgar/data/6281/000095013505006610/b57812ade10vk.htm,https://www.sec.gov/Archives/edgar/data/6281/000095013504005529/b52531ade10vk.htm,https://www.sec.gov/Archives/edgar/data/6281/000095013503006138/b48618aie10vk.htm,https://www.sec.gov/Archives/edgar/data/6281/000095013503000473/b45351ade10vk.htm,https://www.sec.gov/Archives/edgar/data/6281/000095013502000307/0000950135-02-000307-index.html,https://www.sec.gov/Archives/edgar/data/6281/000095013501000177/0000950135-01-000177-index.html,,,,https://www.sec.gov/Archives/edgar/data/6281/000095013597000278/0000950135-97-000278-index.html,,https://www.sec.gov/Archives/edgar/data/6281/000095013595000029/0000950135-95-000029-index.html,,,,,
finalLink,https://www.sec.gov/Archives/edgar/data/6281/000000628121000294/adi-20211030.htm,https://www.sec.gov/Archives/edgar/data/6281/000000628120000156/adi-20201031.htm,https://www.sec.gov/Archives/edgar/data/6281/000000628119000144/adi-20191102.htm,https://www.sec.gov/Archives/edgar/data/6281/000000628118000126/adi-1132018x10k.htm,https://www.sec.gov/Archives/edgar/data/6281/000000628117000144/adi-10282017x10k.htm,https://www.sec.gov/Archives/edgar/data/6281/000000628116000097/adi-10292016x10k.htm,https://www.sec.gov/Archives/edgar/data/6281/000000628115000044/adi-10312015x10k.htm,https://www.sec.gov/Archives/edgar/data/6281/000000628114000039/adi-1112014x10k.htm,https://www.sec.gov/Archives/edgar/data/6281/000000628113000040/adi-1122013x10k.htm,https://www.sec.gov/Archives/edgar/data/6281/000000628112000010/adi-1132012x10k.htm,https://www.sec.gov/Archives/edgar/data/6281/000095012311099928/b87841e10vk.htm,https://www.sec.gov/Archives/edgar/data/6281/000095012310107816/b81293e10vk.htm,https://www.sec.gov/Archives/edgar/data/6281/000095012309065635/b76910e10vk.htm,https://www.sec.gov/Archives/edgar/data/6281/000095013508007596/b72976ade10vk.htm,https://www.sec.gov/Archives/edgar/data/6281/000095013507007253/b67578ade10vk.htm,https://www.sec.gov/Archives/edgar/data/6281/000095013506007047/b63086ade10vk.htm,https://www.sec.gov/Archives/edgar/data/6281/000095013505006610/b57812ade10vk.htm,https://www.sec.gov/Archives/edgar/data/6281/000095013504005529/b52531ade10vk.htm,https://www.sec.gov/Archives/edgar/data/6281/000095013503006138/b48618aie10vk.htm,https://www.sec.gov/Archives/edgar/data/6281/000095013503000473/b45351ade10vk.htm,https://www.sec.gov/Archives/edgar/data/6281/000095013502000307/b40733ade10-k.htm,https://www.sec.gov/Archives/edgar/data/6281/000095013501000177/b37980ade10-k.txt,,,,https://www.sec.gov/Archives/edgar/data/6281/0000950135-97-000278.txt,,https://www.sec.gov/Archives/edgar/data/6281/0000950135-95-000029.txt,,,,,
