,2021,2020,2019,2018,2017,2016,2015,2014,2013,2012,2011,2010,2009,2008,2007,2006,2005,2004,2003,2002,2001,2000,1999,1998,1997,1996,1995
period,FY,FY,FY,FY,FY,FY,FY,FY,FY,FY,FY,FY,FY,FY,FY,FY,FY,FY,FY,FY,FY,FY,FY,FY,FY,FY,FY
revenueGrowth,0.63332654902431,0.2374255482221966,0.004553863091665218,0.17590321441513504,0.13494686896783342,-0.07837748872840442,0.007907571395646518,0.07967821097035865,0.016605073815282975,-0.02756768638897208,0.030653165030406833,0.45825032139761596,-0.2736294609148441,0.07615930788125164,0.1316924940650234,0.18560370251431332,0.17612122867256327,0.2638375491106276,0.14281752429249298,0.3898445692419309,-0.025099384667477985,0.173480781544745,0.358057246967445,0.11499451783119952,0.3066945354532604,0.24867323081764556,0.2975832223701731
grossProfitGrowth,0.8622954767300357,0.16623922665620885,-0.02279859881875795,0.1554369232197883,0.03788700659267295,-0.05022527752225983,0.17249828533133682,0.08561636049472536,0.003825624552464689,-0.6303345624544879,0.12032885432653626,0.16174207849784847,-0.1327990858475996,0.10496127609679365,0.13773722545817763,-0.050097581152978535,0.9441152900212784,0.2349985068896378,0.10055156690448333,0.11171355498721228,0.08506049697911545,0.24430456818450888,0.27059135336864765,0.22781242029533602,0.4503788555246575,0.31875415296363896,0.3166223698781838
ebitgrowth,1.0302540202055002,0.22661642484857022,-0.03749985876823302,0.13752463370748008,0.04490996966409665,-0.07113255456808466,0.2132959330561946,0.07711842455617282,0.04008116081823971,-0.1415577841498107,0.12992160517515486,0.4213729314988792,-0.1862783639376416,0.11746811525743978,0.12871751671482953,0.2318675905553184,0.26329108672654483,0.29065334489885525,0.09211795870392786,0.1711581528178226,0.14501584015557856,0.3664798602702442,0.2719157171673118,0.22460151881832596,0.600935203740815,0.39380283788313286,0
operatingIncomeGrowth,1.0302540202055002,0.22661642484857022,-0.03749985876823302,0.13752463370748008,0.04490996966409665,-0.07113255456808466,0.2132959330561946,0.07711842455617282,0.04008116081823971,-0.1415577841498107,0.12992160517515486,0.4213729314988792,-0.1862783639376416,0.11746811525743978,0.12871751671482953,0.2318675905553184,0.26329108672654483,0.29065334489885525,0.09211795870392786,0.1711581528178226,0.14501584015557856,0.3664798602702442,0.2719157171673118,0.22460151881832596,0.600935203740815,0.39380283788313286,0
netIncomeGrowth,1.0333438676128366,0.17910890166752766,-0.04497580876060945,0.2633193350294782,0.13587987196122625,-0.057774871342867705,0.21315350979601366,0.08137699913349362,0.04549436045116391,-0.13565426170468187,0.12059958392896575,0.4327545510933864,-0.20197399456503684,0.11837089547248043,0.14487821892519587,0.07528563718360365,0.4003689327850582,0.280225006559958,0.08373841409769926,0.15719383400347584,0.17110856867585958,0.40321081537811576,0.2517451453230105,0.23074119392882247,0.5831100853150888,0.39482609945386604,0.3178030303030303
epsgrowth,1.0217391304347825,0.19999999999999984,-0.028169014084506942,0.3003663003663003,0.1470588235294118,-0.016528925619834725,0.2604166666666667,0.13609467455621302,0.06962025316455688,-0.13186813186813187,0.12345679012345676,0.433628318584071,-0.19858156028368798,0.11904761904761897,0.14545454545454536,0.07317073170731725,0.3945578231292516,0.2672413793103449,0.07407407407407393,0.15508021390374332,0.15432098765432098,0.37288135593220356,0.22916666666666666,0.22292993630573238,0.6526315789473686,0.3768115942028986,18.71428571428571
epsdilutedGrowth,1.0319410319410316,0.20058997050147498,-0.0258620689655172,0.2936802973977695,0.13983050847457631,-0.016666666666666684,0.25,0.14285714285714285,0.07006369426751584,-0.12290502793296088,0.12578616352201255,0.4324324324324324,-0.1897810218978102,0.1322314049586778,0.14150943396226406,0.08163265306122457,0.39007092198581567,0.25892857142857123,0.0873786407766991,0.16384180790960454,0.16447368421052633,0.3818181818181817,0.23595505617977536,0.21917808219178087,0.5368421052631579,0.3768115942028986,19.44323299360038
weightedAverageSharesGrowth,0.004823771928261244,-0.01501471629441951,-0.018572011049025745,-0.02853046355029652,-0.011225604307101643,-0.04053646376382045,-0.03673616166709855,-0.047806968351645,-0.02104470593736819,-0.007988807675571868,-0.0007841148021513787,0.0008072216537823866,-0.0030231916526553856,-0.0026196733755335386,-0.0006550245989335277,-0.0004707122380059082,0.0036979192511486037,0.01576104984690563,0.008091174571657388,-0.0025602752486225356,0.018124819412964576,0.02025598038336723,0.018332838490001654,0.00770766495739539,-0.04739326827299139,0.018999325920096816,0.05430062840385421
weightedAverageSharesDilutedGrowth,0.002071435258870892,-0.01901738716139809,-0.02037866987566987,-0.02109915999691742,-0.005681320606007532,-0.03952729165242899,-0.03326285153779551,-0.04894938421393106,-0.023779432060382275,-0.014408954173576053,-0.006528518509428947,-0.00039986470437518046,-0.012030674653958006,-0.011856927705655803,-0.0019054886554836334,-0.004675563378289509,0.0073598784255254415,0.016664498042931374,0.001103714998293234,-0.007836344990866705,0.0035050373435748243,0.015813403690511915,0.014501628997973252,0.007813164211080872,0.026486435814030537,0.018999325920096816,0.05430062840385421
dividendsperShareGrowth,0.11374444964465487,0.04129242376034137,0.10801104618484245,0.0727674209327317,0.048790178889617945,0.1148446268720873,0.13008637255430816,0.0616384444509398,0.07401670790962854,0.11504783155062685,0.2500493687531898,0.03876265929722873,0.20239282793578342,0.14283116109571972,0.2715262029317511,0.4675446361740525,0.3666937659599838,0.371655770161286,0.332589829512744,0.20252157612063781,0.42312045268965376,0.40071019384948425,0.43128441398201584,0.4004171828502466,0.32725906853806,0.31916485161758107,0.13661445421647492
operatingCashFlowGrowth,0.32592074649014063,-0.15146741629800436,0.3476424745637251,0.1722437218478263,-0.07646962099720468,-0.06306400430662001,0.4297737020401756,-0.030843900906913746,0.10107368841961926,-0.19032837414220433,0.15577799240489687,0.1956408706166868,-0.19113080304964228,0.3083353327894813,-0.06211463393411684,0.19223532273527266,0.450998915181746,0.6850395766825557,-0.018524718223412565,-0.3049924230672855,0.08517525799893823,1.8973007446868375,0.0013712010218265148,-0.10979198715804962,1.4746141432531965,0.02646109412164458,1.2422857142857142
freeCashFlowGrowth,0.37002382014555474,-0.16201116547778838,0.3799192888279748,0.33460189064155293,-0.16211740314145043,-0.09714238491416008,0.5748790077271613,-0.06701588422167314,0.09806201550387597,-0.14911243852502268,0.07336524029339299,0.19253630530226276,-0.15215897377161838,0.5197629232503188,0.19648342722662474,0.01745538150206339,0.49323260689000514,0.3507319158029704,1.6689670906290994,-0.7307420603231156,0.01052174182935535,3.821579557783681,33.136653895274584,-0.9670966928604446,6.118456476218965,-0.765271731498385,6.49578947368421
tenYRevenueGrowthPerShare,2.3690663813109976,1.1378619573837407,1.4795448779649922,0.76494164094752,0.5732716884097703,0.5521668734283653,0.9167162875159783,1.1465027423464091,1.3553844764547522,1.5712806023713355,2.6549903733139404,2.3930662996487357,1.6784128980376853,3.902670328476707,4.0275348776198765,5.089792831179655,5.291198677380817,4.368887890247133,3.3150381184238764,2.8063398159880446,1.7316684342912654,1.8527825171289662,1.4802864006026017,0.8598310905036122,0.680874672883633,0.22539161612316733,0
fiveYRevenueGrowthPerShare,1.904075854840082,0.7161270444696345,0.42934000723391874,0.583398025449099,0.35842955396450976,0.1601165223339256,0.245748072249769,0.7347481113072923,0.11465444100634761,0.15815478529472085,0.3379404943787127,0.5386066655150177,0.237357013594799,1.1131073360531643,1.2201528111952757,1.7318033863764437,1.2052850645314053,1.1646241695889339,1.3201236609370983,1.264499476012723,1.2292207636719281,1.8527825171289662,1.4802864006026017,0.8598310905036122,0.680874672883633,0.22539161612316733,0
threeYRevenueGrowthPerShare,1.0901971231613203,0.5564906505688211,0.4221175604213796,0.3345821447818701,0.15366142105420127,0.1396444731624518,0.23206665090204842,0.15425446023778405,0.04999065768660853,0.47325414514218433,0.09498464052839586,0.14543535673892932,-0.1097705925700159,0.44934839463481147,0.5740049365123503,0.7293893760503436,0.6528210778647352,0.965424435429367,0.5125717058749089,0.5346372157115682,0.4687723246693191,0.6972012031300708,1.0240765221240926,0.8598310905036122,0.680874672883633,0.22539161612316733,0
tenYOperatingCFGrowthPerShare,1.3825581379994367,1.088482943687849,1.8962928520061206,0.7112736471527953,0.8603257866232967,0.8692584747968585,1.283254745381114,1.2238033744924797,2.624484115628339,2.137416882552208,1.6784451652553773,1.4681214553987034,4.8667912373167015,6.110706313030791,3.7886313705814616,12.254731188747046,10.19368445677242,6.742995312032431,3.6675657687483634,3.794141987652288,5.880310119332505,5.455191865199578,1.2731323688331126,1.3116356202926893,1.6167512531378019,0.007322642922074809,0
fiveYOperatingCFGrowthPerShare,0.7592412566753509,0.30190467394364534,1.2431713636075015,0.662703975713557,0.5498145420556673,0.3543100634770483,0.6041750102651922,0.29115987257801806,0.029211255971403054,0.20035380759543567,0.3802293324157501,0.4233202305050624,0.7223299931497111,2.5216133661572067,1.6137434335607452,0.9405798024647263,0.7340591403825515,2.40631078867053,1.019161552873708,0.8320969491859538,5.830294313025541,5.455191865199578,1.2731323688331126,1.3116356202926893,1.6167512531378019,0.007322642922074809,0
threeYOperatingCFGrowthPerShare,0.5609273786960467,0.42739365596654977,0.5476008310371945,0.10058642804200353,0.35380923369443207,0.47527244970529003,0.6991992497837217,-0.06563920451070328,0.061844603904507675,0.12786666419669063,0.12113691820537972,0.27145746336244053,-0.0011831963003361944,0.46844964784558646,0.6183216745994519,1.8605469132683898,1.334867111905047,0.12538463786333204,-0.2769284219247519,1.1090465532868674,1.9763817700911486,1.46687256095092,1.256608033985154,1.3116356202926893,1.6167512531378019,0.007322642922074809,0
tenYNetIncomeGrowthPerShare,3.602552857601356,1.5507563865583154,2.0504658870948242,1.5092401471958905,1.1636316706112235,1.1577046513373959,1.3637095526933463,1.6185631487786283,1.9060673374297792,1.9253072870180445,2.8951126306285135,2.995075829748172,2.8381101560596846,4.894020117667573,5.419759076390996,8.312629810986301,10.849231576055006,7.49279700454257,5.738387671907107,5.268033922694955,4.402712879099539,3.696948021303213,2.4150886351265237,1.7782787227075088,1.274802190802686,0.36881945254911697,0
fiveYNetIncomeGrowthPerShare,2.521439142942127,0.7089346920462848,0.7979259146703387,1.0983019677955637,0.7232284913001868,0.3070090581647733,0.4926002722222405,0.696658278410847,0.19584320355570695,0.25556865008583385,0.6508719950014119,0.5836185994889073,0.5433650854144133,1.430140781658424,1.329866460761077,1.3594274071050447,1.5227512679110562,1.4868452657973035,1.4253821680426517,1.7554193274639052,2.946987215178895,3.696948021303213,2.4150886351265237,1.7782787227075088,1.274802190802686,0.36881945254911697,0
threeYNetIncomeGrowthPerShare,1.3572250019322634,0.5148305884124323,0.453700975610565,0.46705148971578125,0.42079657758866,0.404587630033241,0.5275008703343883,0.056773434034602006,0.043568316915938675,0.39888951898931385,0.28512236444035044,0.284926876581141,0.028255182265253344,0.3819656219072452,0.7195373919320743,0.8917446517378981,0.890422375212737,0.5719504616647425,0.43463109264672634,0.8353942144352966,0.9446259422936686,1.0647720669047926,1.4949153292398738,1.7782787227075088,1.274802190802686,0.36881945254911697,0
tenYShareholdersEquityGrowthPerShare,1.187126720086827,0.9266151601942353,0.7542597219054104,0.7765584777705962,0.9325676035222812,1.030039779640264,1.0929974417561072,1.510191163711359,2.2841528066910346,2.8225265324878164,3.745896321724713,3.638063041554517,4.199765430145429,4.823378549414882,5.61319722725463,6.3446402688126335,6.350426855336877,5.519178527054057,4.294079424579277,3.330806593045314,2.4192700025984304,2.037598623543997,1.418977362002212,0.8946794774601641,0.4937200616127035,0.17243910363902767,0
fiveYShareholdersEquityGrowthPerShare,1.0303000092571877,0.7643337843917103,0.34837216192914033,0.1273959551162999,0.15317730321583106,0.07724312176258939,0.09197884053355293,0.3010204240612321,0.5758070354149266,0.6758633716888007,0.8844769009234472,0.9167014634948838,0.9294018120604214,1.0841084808498034,1.280929696933337,1.5184157573908648,1.4198150467822697,1.695014277296943,1.7941820701388715,1.8993428583730296,1.9163732188611482,2.037598623543997,1.418977362002212,0.8946794774601641,0.4937200616127035,0.17243910363902767,0
threeYShareholdersEquityGrowthPerShare,0.8106533320798215,0.42182656494949156,0.2622462117659116,0.2741161572176233,0.16658318723109353,0.005429361866321705,-0.070687112430727,0.008435273278187504,0.23408983130513522,0.3161450097236574,0.47075681434786,0.42621942047405764,0.4606788205807044,0.5010605566460598,0.5152622878415974,0.6265610624083381,0.6972420027116106,0.9065995145454703,0.7428502184408488,0.7903460615524991,0.8046693613750411,1.0335795853638308,1.0632008558006696,0.8946794774601641,0.4937200616127035,0.17243910363902767,0
tenYDividendperShareGrowthPerShare,1.3158141009019801,1.5992335637729833,1.5929188643178416,1.8137869713575598,1.997558808000201,2.634163101371173,3.7838922463684668,4.7855008864128985,6.47497014223679,8.274594253606654,9.002171551884771,10.386986196389383,14.354679434950812,17.27764840768745,21.397300461845816,22.37900711775747,20.015213912583953,14.376680889315821,10.21030598479366,7.412420488675546,5.995650353163898,3.915712046680472,2.5094426157997236,1.4519533514907819,0.7508735122060989,0.31916485161758107,0
fiveYDividendperShareGrowthPerShare,0.44576111255712403,0.4471892619435027,0.5705951816333259,0.5048624571322035,0.5066149386422046,0.6017958159117931,0.7960564192428726,0.6509148217437924,0.8697967764574025,0.9895984907076978,1.268805465259935,1.6635534358019308,2.504421191337973,2.9977446941582553,3.6615406560283885,3.408562878148229,3.27511085129067,3.381516546271215,3.5719899108104243,3.8046991573228524,4.303090318534275,3.915712046680472,2.5094426157997236,1.4519533514907819,0.7508735122060989,0.31916485161758107,0
threeYDividendperShareGrowthPerShare,0.2849977030538299,0.237719902666504,0.24663202047037017,0.25432053632815,0.3213400381668914,0.337527191754799,0.28854417611407734,0.27139696958352955,0.4970341245362223,0.44789474577968424,0.5613126259439324,0.42739700186449797,0.7472448336608906,1.1325474704667895,1.5502798949814267,1.751108176467011,1.4981173897421995,1.1980345090233773,1.2805050170430268,1.3970816478954007,1.853092759252764,1.8075769108453068,1.6603518214546036,1.4519533514907819,0.7508735122060989,0.31916485161758107,0
receivablesGrowth,0.9069975551223565,0.5193283202455191,-0.16846914064228943,0.11789366392859188,0.1887281221379177,0.07001060903026271,-0.10014384624470689,0.15141313460642758,0.040842524937559146,0.10336859402279963,-0.06886453016483976,0.23879862136878385,0.02815741661760825,-0.15569367093760278,0.15038213844724369,0.14401598125557744,0.15517943339565243,0.3696433829105736,0.1618705035971223,0.3614853182976141,-0.18351319739336355,0.1817089320791587,0.3195940664336607,0.07795119636224522,0.22361536592736558,0.3632677130370861,0
inventoryGrowth,0,0,0,0,0,0,0,0,0,0,0,0,0,0,0,0,0,0,0,0,0,0,0,0,0,0,0
assetGrowth,0.5443783595869957,0.3346852176287229,0.11383867356109817,0.06337840647184736,0.11685850044663476,0.08071171505375928,-0.106702572377854,-0.04109941183728869,0.020543138831295223,0.03045108756126547,0.07003936653728624,0.1529688146860941,0.1060923754747508,0.015356694932252007,0.13539036117339373,0.163656959829992,0.14808148950224076,0.31052210363290667,0.182850577534127,0.27818231733622684,0.040343639495874516,0.2930165305404666,0.25869413373471456,0.1882656878331619,0.25806475333289214,0.33242867220567485,0
bookValueperShareGrowth,0.3075658846028431,0.23013438919972165,0.1256909317925147,0.026774080499719095,0.09206882963639573,0.13627673496729265,-0.05988369065863631,-0.05879145309685406,0.05025440244765982,0.02015850636018305,0.15181998056729595,0.1200862819361558,0.13999982058147617,0.11694061802020637,0.14714908923573097,0.1715161068592318,0.12750813999543098,0.2314092789743405,0.2224234240986047,0.26658806989625866,0.12564904925099463,0.2557366890898631,0.2767211503472262,0.2684300935307513,0.27402784244954065,0.17243910363902765,0.13078860251391747
debtGrowth,0.06725636654502966,0.11864523606508831,0,0,0,0,0,0,0,0,0,0,0,0,0,0,-1,9.368663594470046,-0.8354814253222138,-0.2268464243845252,-0.6347677156925712,-0.759746939615266,0.5877501020824827,4.708624708624709,-0.37862108922363846,11.112280701754386,0
rdexpenseGrowth,0,0,0,0,0,0,0,0,0,0,0,0,0,0,0,0,0,0,0,0,0,0,0,0,0,0,0
sgaexpensesGrowth,0,0,0,0,0,0,0,0,0,-1,0.10982960669836854,0.2546156489032748,-0.10375923486362153,0.09088130888683751,0.12831564608790808,0.25835798683951017,0.05037063263676495,0.19168265724064412,0.11231074553465556,0.10708077349318343,0.16733178265063506,0.19907701115632784,0.2561859778023986,0.2548354837922876,0.40051410369181106,0.2871762740183793,7.34605504587156
