,2021,2020,2019,2018,2017,2016,2015,2014,2013,2012,2011,2010,2009,2008,2007,2006,2005,2004,2003,2002,2001,2000
reportedCurrency,USD,USD,USD,USD,USD,USD,USD,USD,USD,USD,USD,USD,USD,USD,USD,USD,USD,USD,USD,USD,USD,USD
cik,0001093557,0001093557,0001093557,0001093557,0001093557,0001093557,0001093557,0001093557,0001093557,0001093557,0001093557,0001093557,0001093557,0001093557,0001093557,0001093557,0001093557,0001093557,0001093557,0001093557,0001093557,0001093557
fillingDate,2022-02-14,2021-02-11,2020-02-13,2019-02-21,2018-02-27,2017-02-28,2016-02-23,2015-02-25,2014-02-20,2013-02-21,2012-02-23,2011-03-03,2010-03-09,2009-03-05,2008-03-11,2007-02-27,2006-02-27,2004-12-31,2003-12-31,2002-12-31,2001-12-31,2000-12-31
acceptedDate,2022-02-14 16:31:44,2021-02-11 17:18:05,2020-02-13 17:17:25,2019-02-21 17:12:49,2018-02-27 17:22:24,2017-02-28 17:18:02,2016-02-23 17:21:02,2015-02-25 17:18:16,2014-02-20 17:22:00,2013-02-21 17:22:34,2012-02-23 17:25:48,2011-03-03 17:15:24,2010-03-09 17:04:09,2009-03-05 16:20:28,2008-03-11 17:12:06,2007-02-27 17:22:31,2006-02-27 16:04:27,2004-12-31,2003-12-31,2002-12-31,2001-12-31,2000-12-31
calendarYear,2021,2020,2019,2018,2017,2016,2015,2014,2013,2012,2011,2010,2009,2008,2007,2006,2005,2004,2003,2002,2001,2000
period,FY,FY,FY,FY,FY,FY,FY,FY,FY,FY,FY,FY,FY,FY,FY,FY,FY,FY,FY,FY,FY,FY
revenue,2448000000,1926700000,1476000000,1031600000,718500000,573300000,402000000,259200000,160000000,99900000,76266000,48631000,29693000,9838000.0,4627000.0,2169790.0,0.0,0.0,0.0,0.0,0.0,0.0
costOfRevenue,768000000,646600000,544500000,367700000,226400000,194900000,123600000,82900000,59900000,53300000,40422000,30188000,26032000,15367000,12736000,10958953,0.0,0.0,0.0,0.0,0.0,0.0
grossProfit,1680000000,1280100000,931500000,663900000,492100000,378400000,278400000,176300000,100100000,46600000,35844000,18443000,3661000.0,-5529000.0,-8109000.0,-8789163.0,0.0,0.0,0.0,0.0,0.0,0.0
grossProfitRatio,0.6862745098039216,0.6644002698915243,0.6310975609756098,0.6435633966653742,0.6848990953375087,0.6600383743240886,0.6925373134328359,0.6801697530864198,0.625625,0.46646646646646645,0.46998662575721817,0.3792436922950381,0.12329505270602499,-0.5620044724537507,-1.752539442403285,-4.050697532940976,0.0,0.0,0.0,0.0,0.0,0.0
researchAndDevelopmentExpenses,517000000,359900000,273500000,417400000,185400000,156100000,137500000,69400000,44800000,39500000,30747000,23227000,14294000,19629000,16131000,19419550,26769514,12469842,8934631.0,6310907.0,5039000.0,2902000.0
generalAndAdministrativeExpenses,0.0,0.0,515700000,432800000,349200000,286200000,198000000,128400000,84200000,62800000,49940000,40506000,35200000,27669000,22436000,21111325,5659960.0,0.0,0.0,0.0,0.0,0.0
sellingAndMarketingExpenses,0.0,0.0,0.0,0.0,0.0,0.0,0.0,0.0,0.0,0.0,0.0,0.0,0.0,0.0,0.0,0.0,0.0,0.0,0.0,0.0,0.0,0.0
sellingGeneralAndAdministrativeExpenses,810000000,0.0,515700000,432800000,349200000,286200000,198000000,128400000,84200000,62800000,49940000,40506000,35200000,27669000,22436000,21111325,5659960.0,0.0,0.0,0.0,0.0,0.0
otherExpenses,87000000,620700000,0.0,0.0,0.0,0.0,0.0,0.0,0.0,0.0,0.0,0.0,0.0,0.0,0.0,0.0,0.0,0.0,0.0,0.0,1685000.0,1112000.0
operatingExpenses,1414000000,980600000,789200000,850200000,534600000,442300000,335500000,197800000,129000000,102300000,80687000,63733000,49494000,47298000,38567000,40530875,32429474,0.0,0.0,0.0,6724000.0,4014000.0
costAndExpenses,2182000000,1627200000,1333700000,1217900000,761000000,637200000,459100000,280700000,188900000,155600000,121109000,93921000,75526000,62665000,51303000,51489828,32429474,14067117,10184591,6310907.0,6724000.0,4014000.0
interestIncome,0.0,16100000,26400000,2400000.0,3300000.0,400000.0,0.0,0.0,0.0,100000.0,107000.0,95000.0,354000.0,0.0,0.0,0.0,0.0,0.0,0.0,0.0,0.0,0.0
interestExpense,-100000000,84700000,60300000,22700000,12800000,700000.0,400000.0,800000.0,900000.0,200000.0,11000.0,1548000.0,8045000.0,0.0,0.0,0.0,0.0,0.0,0.0,0.0,0.0,0.0
depreciationAndAmortization,102000000,67100000,48700000,29100000,16100000,15000000,10800000,8400000.0,7000000.0,6600000.0,3759000.0,2437000.0,2373000.0,3582000.0,3332000.0,2697912.0,1065007.0,935494.0,353550.0,0.0,0.0,0.0
ebitda,175000000,376800000,213200000,-74700000,-19700000,-49200000,-46300000,-13100000,-21900000,-49000000,-40976000,-51185000,-43106000,-51602000,-42546000,-43901379,-31364467,-13131623,-9831041.0,-6310907.0,-6724000.0,-4014000.0
ebitdaratio,0.07148692810457516,0.19556755073441637,0.14444444444444443,-0.07241178751454051,-0.027418232428670843,-0.08581894296180011,-0.11517412935323383,-0.050540123456790126,-0.136875,-0.4904904904904905,-0.5372774237537041,-1.052517941230902,-1.4517226282288755,-5.2451717828827,-9.195158850226928,-20.233008263472502,0.0,0.0,0.0,0.0,0.0,0.0
operatingIncome,265800000,299500000,142300000,-186300000,-42500000,-63900000,-57100000,-21500000,-28900000,-55700000,-44843000,-45290000,-45833000,-52827000,-46676000,-49320038,-32429474,-14067117,-10184591,0.0,0.0,0.0
operatingIncomeRatio,0.10857843137254902,0.1554471375927752,0.09640921409214093,-0.1805932531989143,-0.05915100904662491,-0.11145996860282574,-0.14203980099502486,-0.08294753086419752,-0.180625,-0.5575575575575575,-0.58798153830016,-0.9312989656803273,-1.5435624557976628,-5.3696889611709695,-10.087745839636915,-22.730327819742925,0.0,0.0,0.0,0.0,0.0,0.0
totalOtherIncomeExpensesNet,-92800000,-74500000,-38100000,59800000,-6100000.0,-1000000.0,-400000.0,-800000.0,-900000.0,-100000.0,1000.0,-8427000.0,0.0,34000.0,0.0,0.0,0.0,0.0,0.0,0.0,0.0,0.0
incomeBeforeTax,173000000,225000000,104200000,-126500000,-48600000,-64900000,-57500000,-22300000,-29800000,-55800000,0.0,0.0,0.0,0.0,0.0,0.0,0.0,0.0,0.0,0.0,0.0,0.0
incomeBeforeTaxRatio,0.07066993464052287,0.11677998650542379,0.07059620596205962,-0.1226250484683986,-0.06764091858037578,-0.11320425606139892,-0.14303482587064675,-0.08603395061728394,-0.18625,-0.5585585585585585,0.0,0.0,0.0,0.0,0.0,0.0,0.0,0.0,0.0,0.0,0.0,0.0
incomeTaxExpense,19000000,-268600000,3100000.0,600000.0,1600000.0,700000.0,100000.0,100000.0,0.0,-1300000.0,0.0,0.0,0.0,0.0,0.0,0.0,0.0,0.0,0.0,0.0,0.0,0.0
netIncome,154000000,493600000,101100000,-127100000,-50200000,-65600000,-57600000,-22400000,-29800000,-54500000,-44746000,-55170000,-53524000,-55184000,-45878000,-46599291,-30767430,-13946464,-9914591.0,-7708029.0,-6273000.0,-3965000.0
netIncomeRatio,0.06290849673202614,0.2561893392847875,0.0684959349593496,-0.12320666925164793,-0.0698677800974252,-0.11442525728240013,-0.14328358208955225,-0.08641975308641975,-0.18625,-0.5455455455455456,-0.5867096740356122,-1.1344615574427834,-1.8025797325969084,-5.609270176865216,-9.915279878971255,-21.47640601164168,0.0,0.0,0.0,0.0,0.0,0.0
eps,1.5892672858617132,5.23,1.11,-1.44,-0.58,-0.78,-0.72,-0.3,-0.42,-0.79,-0.68,-0.97,-1.21,-1.87,-1.62,-1.71,-1.63,-7.51,-6.06,-4.96,-3.9,-2.35
epsdiluted,1.5323383084577114,5.06,1.1,-1.44,-0.58,-0.78,-0.72,-0.3,-0.42,-0.79,-0.68,-0.97,-1.21,-1.87,-1.62,-1.71,-1.63,-7.51,-6.06,-4.96,-3.9,-2.35
weightedAverageShsOut,96900000,94400000,91100000,88200000,86300000,83600000,79800000,75200000,71100000,68700000,65564000,56881000,44347000,29487000,28313000,27235704,18944208,2286320.0,2169922.0,2046208.0,1896494.0,1727024.0
weightedAverageShsOutDil,100500000,97500000,92300000,88200000,86300000,83600000,79800000,75200000,71100000,68700000,65564000,56881000,44347000,29487000,28313000,27235704,18944208,2286320.0,2169922.0,2046208.0,1896494.0,1727024.0
link,https://www.sec.gov/Archives/edgar/data/1093557/000109355722000014/0001093557-22-000014-index.htm,https://www.sec.gov/Archives/edgar/data/1093557/000109355721000024/0001093557-21-000024-index.htm,https://www.sec.gov/Archives/edgar/data/1093557/000109355720000029/0001093557-20-000029-index.htm,https://www.sec.gov/Archives/edgar/data/1093557/000109355719000041/0001093557-19-000041-index.htm,https://www.sec.gov/Archives/edgar/data/1093557/000109355718000018/0001093557-18-000018-index.htm,https://www.sec.gov/Archives/edgar/data/1093557/000109355717000048/0001093557-17-000048-index.htm,https://www.sec.gov/Archives/edgar/data/1093557/000109355716000432/0001093557-16-000432-index.htm,https://www.sec.gov/Archives/edgar/data/1093557/000109355715000040/0001093557-15-000040-index.htm,https://www.sec.gov/Archives/edgar/data/1093557/000109355714000028/0001093557-14-000028-index.htm,https://www.sec.gov/Archives/edgar/data/1093557/000119312513069590/0001193125-13-069590-index.htm,https://www.sec.gov/Archives/edgar/data/1093557/000119312512075640/0001193125-12-075640-index.htm,https://www.sec.gov/Archives/edgar/data/1093557/000119312511055131/0001193125-11-055131-index.htm,https://www.sec.gov/Archives/edgar/data/1093557/000119312510051468/0001193125-10-051468-index.htm,https://www.sec.gov/Archives/edgar/data/1093557/000119312509046182/0001193125-09-046182-index.htm,https://www.sec.gov/Archives/edgar/data/1093557/000119312508053011/0001193125-08-053011-index.htm,https://www.sec.gov/Archives/edgar/data/1093557/000110465907014481/0001104659-07-014481-index.htm,https://www.sec.gov/Archives/edgar/data/1093557/000110465906012220/0001104659-06-012220-index.htm,,,,,
finalLink,https://www.sec.gov/Archives/edgar/data/1093557/000109355722000014/dxcm-20211231.htm,https://www.sec.gov/Archives/edgar/data/1093557/000109355721000024/dxcm-20201231.htm,https://www.sec.gov/Archives/edgar/data/1093557/000109355720000029/dxcm-12312019x10kasof1.htm,https://www.sec.gov/Archives/edgar/data/1093557/000109355719000041/dxcm-12312018x10k.htm,https://www.sec.gov/Archives/edgar/data/1093557/000109355718000018/dxcm-12312017x10k.htm,https://www.sec.gov/Archives/edgar/data/1093557/000109355717000048/dxcm-12312016x10k.htm,https://www.sec.gov/Archives/edgar/data/1093557/000109355716000432/dxcm-12312015x10k.htm,https://www.sec.gov/Archives/edgar/data/1093557/000109355715000040/dxcm-12312014x10k.htm,https://www.sec.gov/Archives/edgar/data/1093557/000109355714000028/dxcm-12312013x10k.htm,https://www.sec.gov/Archives/edgar/data/1093557/000119312513069590/d449646d10k.htm,https://www.sec.gov/Archives/edgar/data/1093557/000119312512075640/d270314d10k.htm,https://www.sec.gov/Archives/edgar/data/1093557/000119312511055131/d10k.htm,https://www.sec.gov/Archives/edgar/data/1093557/000119312510051468/d10k.htm,https://www.sec.gov/Archives/edgar/data/1093557/000119312509046182/d10k.htm,https://www.sec.gov/Archives/edgar/data/1093557/000119312508053011/d10k.htm,https://www.sec.gov/Archives/edgar/data/1093557/000110465907014481/a07-5390_110k.htm,https://www.sec.gov/Archives/edgar/data/1093557/000110465906012220/a06-5268_210k.htm,,,,,
