,2021,2020,2019,2018,2017,2016,2015,2014,2013,2012,2011,2010,2009,2008,2007,2006,2005,2004,2003,2002,2001,2000,1999,1998
reportedCurrency,USD,USD,USD,USD,USD,USD,USD,USD,USD,USD,USD,USD,USD,USD,USD,USD,USD,USD,USD,USD,USD,USD,USD,USD
cik,0001091667,0001091667,0001091667,0001091667,0001091667,0001091667,0001091667,0001091667,0001091667,0001091667,0001091667,0001091667,0001091667,0001091667,0001091667,0001091667,0001091667,0001091667,0001091667,0001091667,0001091667,0001091667,0001091667,0001091667
fillingDate,2022-01-28,2021-01-29,2020-01-31,2019-01-31,2018-02-02,2017-02-16,2016-02-10,2015-02-24,2014-02-21,2013-02-22,2012-02-27,2011-03-01,2010-02-26,2009-03-16,2008-02-27,2007-02-28,2006-02-28,2005-03-03,2004-03-15,2002-12-31,2001-12-31,2001-03-06,2000-03-30,1998-12-31
acceptedDate,2022-01-28 07:05:57,2021-01-29 07:06:30,2020-01-31 07:08:17,2019-01-31 07:13:55,2018-02-02 08:07:24,2017-02-16 07:10:06,2016-02-09 19:19:39,2015-02-23 19:13:45,2014-02-21 08:04:50,2013-02-22 08:08:15,2012-02-27 08:14:46,2011-03-01 08:30:41,2010-02-26 16:43:18,2009-03-16 14:54:25,2008-02-27 08:31:25,2007-02-28 08:15:57,2006-02-28 08:13:50,2005-03-02 21:06:46,2004-03-15 16:55:06,2002-12-31,2001-12-31,2001-03-06 00:00:00,2000-03-30 00:00:00,1998-12-31
calendarYear,2021,2020,2019,2018,2017,2016,2015,2014,2013,2012,2011,2010,2009,2008,2007,2006,2005,2004,2003,2002,2001,2000,1999,1998
period,FY,FY,FY,FY,FY,FY,FY,FY,FY,FY,FY,FY,FY,FY,FY,FY,FY,FY,FY,FY,FY,FY,FY,FY
netIncome,4654000000,3222000000,1668000000,1230000000,9895000000,3522000000,-271000000,-183000000,-169000000,-304000000,-369000000,-237000000,11366000000,-2451000000,-1616000000,-1370000000,-967000000,-4341000000,-238000000,-2514000000,-1177677000,-828650000,-66229000,-2000.0
depreciationAndAmortization,9345000000,9704000000,9926000000,10318000000,10588000000,6907000000,2125000000,2102000000,1854000000,1713000000,1592000000,1524000000,1316000000,1310000000,1328000000,1362000000,1499000000,1495000000,1479000000,1437000000,3010068000,2473082000,745315000,8318000.0
deferredIncomeTax,826000000,465000000,320000000,110000000,-9116000000,-2958000000,-65000000,233000000,112000000,250000000,290000000,287000000,-351000000,-107000000,198000000,202000000,109000000,-109000000,-110000000,-520000000,0.0,0.0,0.0,0.0
stockBasedCompensation,430000000,351000000,315000000,290000000,310000000,492000000,78000000,55000000,48000000,0.0,0.0,0.0,0.0,0.0,0.0,0.0,0.0,0.0,0.0,0.0,0.0,0.0,79979000,845000.0
changeInWorkingCapital,160000000,-55000000,3451000000,-830000000,-2263000000,-4645000000,-363000000,-119000000,-254000000,-108000000,-60000000,-826000000,350000000,749000000,-37000000,-95000000,-569000000,590000000,-113000000,235815000,-73149000,-477299000,-342197000,1736000.0
accountsReceivables,-35000000,26000000,-505000000,-98000000,-84000000,-160000000,5000000.0,-51000000,10000000,34000000,-25000000,0.0,26000000,3000000.0,0.0,0.0,0.0,0.0,0.0,0.0,0.0,0.0,-32366000,-8753000.0
inventory,0.0,0.0,0.0,0.0,0.0,0.0,0.0,0.0,0.0,0.0,0.0,0.0,0.0,0.0,0.0,0.0,0.0,0.0,0.0,0.0,0.0,0.0,0.0,0.0
accountsPayables,362000000,0.0,0.0,0.0,0.0,0.0,0.0,0.0,0.0,0.0,0.0,0.0,16000000,0.0,0.0,0.0,0.0,0.0,0.0,0.0,0.0,0.0,0.0,0.0
otherWorkingCapital,0.0,-5969000000,-5914000000,-9365000000,-8535000000,-6272000000,-1627000000,-1264000000,-1145000000,-891000000,-783000000,-723000000,103000000,-247000000,-996000000,-959000000,-864000000,-295000000,-885000000,-772000000,-1007815000,-934666000,-457367000,-115170000
otherNonCashItems,824000000,875000000,-3932000000,649000000,2540000000,4723000000,855000000,271000000,567000000,325000000,284000000,1163000000,-12087000000,898000000,454000000,224000000,188000000,2837000000,-253000000,2109185000,-1240567000,-35923000,63048000,-3253000.0
netCashProvidedByOperatingActivities,16239000000,14562000000,11748000000,11767000000,11954000000,8041000000,2359000000,2359000000,2158000000,1876000000,1737000000,1911000000,594000000,399000000,327000000,323000000,260000000,472000000,765000000,748000000,518675000,1131210000,479916000,7644000.0
investmentsInPropertyPlantAndEquipment,-7635000000,-7879000000,-7195000000,-9125000000,-8690000000,-34135000000,-1840000000,-2210000000,-2501000000,-1726000000,-1400000000,-1209000000,-108000000,-1202000000,-1244000000,-1145000000,-1088000000,-967000000,-854000000,-2222000000,-3027059000,-2825126000,-741508000,-13672000
acquisitionsNet,0.0,0.0,0.0,0.0,0.0,0.0,0.0,0.0,0.0,0.0,0.0,0.0,0.0,0.0,0.0,0.0,0.0,0.0,0.0,-139000000,-1754678000,-1188000000,-7629564000,0.0
purchasesOfInvestments,0.0,0.0,0.0,0.0,0.0,0.0,0.0,0.0,0.0,0.0,0.0,0.0,0.0,0.0,0.0,0.0,-3000000.0,-17000000,-11000000,-12000000,-12898000,-59149000,0.0,0.0
salesMaturitiesOfInvestments,0.0,0.0,0.0,0.0,0.0,0.0,0.0,0.0,0.0,0.0,0.0,0.0,0.0,0.0,0.0,37000000,17000000,0.0,0.0,0.0,0.0,0.0,0.0,0.0
otherInvestingActivites,-119000000,-278000000,-136000000,-611000000,592000000,22845000000,-15192000000,-7094000000,58000000,-11000000,33000000,39000000,-1196000000,-8000000.0,106000000,1043000000,49000000,741000000,48000000,10000000,-14671000,18307000,-1706897000,0.0
netCashUsedForInvestingActivites,-7754000000,-8157000000,-7331000000,-9736000000,-8098000000,-11290000000,-17032000000,-9304000000,-2443000000,-1737000000,-1367000000,-1170000000,-1304000000,-1210000000,-1138000000,-65000000,-1025000000,-243000000,-817000000,-2363000000,-4809306000,-4053968000,-10077969000,-13672000
debtRepayment,-12146000000,-12094000000,-13309000000,-10769000000,-16507000000,-10521000000,-11326000000,-1980000000,-6520000000,-5901000000,-5072000000,-4352000000,-17000000,-1396000000,0.0,0.0,0.0,0.0,0.0,0.0,0.0,0.0,-5694375000,0.0
commonStockIssued,0.0,23000000,0.0,0.0,0.0,5000000000,0.0,0.0,0.0,0.0,0.0,0.0,0.0,0.0,0.0,0.0,0.0,0.0,0.0,2000000.0,1223232000,0.0,3548870000,0.0
commonStockRepurchased,-15431000000,-11217000000,-6873000000,-4399000000,-11715000000,-1562000000,-38000000,-19000000,-15000000,-11000000,-733000000,-144000000,1614000000,0.0,0.0,0.0,-56000000,0.0,0.0,0.0,0.0,0.0,0.0,0.0
dividendsPaid,0.0,0.0,0.0,0.0,0.0,0.0,0.0,0.0,0.0,0.0,0.0,0.0,0.0,0.0,0.0,0.0,0.0,0.0,0.0,0.0,0.0,0.0,0.0,0.0
otherFinancingActivites,18692000000,14335000000,18549000000,13281000000,23452000000,11862000000,26039000000,8926000000,6834000000,5778000000,5432000000,3033000000,-1093000000,3092000000,826000000,-219000000,192000000,294000000,-142000000,1932000000,2938376000,2919754000,11867691000,14200000
netCashUsedProvidedByFinancingActivities,-8885000000,-8953000000,-1633000000,-1887000000,-4770000000,4779000000,14675000000,6927000000,299000000,-134000000,-373000000,-1463000000,504000000,1696000000,826000000,-219000000,136000000,294000000,-142000000,1934000000,4161608000,2919754000,9722186000,14200000
effectOfForexChangesOnCash,0.0,0.0,0.0,0.0,0.0,0.0,0.0,0.0,0.0,0.0,0.0,0.0,0.0,0.0,0.0,0.0,0.0,0.0,0.0,0.0,0.0,0.0,0.0,0.0
netChangeInCash,-400000000,-2548000000,2784000000,144000000,-914000000,1530000000,2000000.0,-18000000,14000000,5000000.0,-3000000.0,-722000000,-206000000,885000000,15000000,39000000,-629000000,523000000,-194000000,319000000,-129023000,-3004000.0,124133000,8172000.0
cashAtEndOfPeriod,601000000,1001000000,3549000000,765000000,621000000,1535000000,5000000.0,3000000.0,21000000,7000000.0,29000000,32000000,754000000,960000000,75000000,60000000,21000000,650000000,127000000,321000000,1679000.0,130702000,133706000,9573000.0
cashAtBeginningOfPeriod,1001000000,3549000000,765000000,621000000,1535000000,5000000.0,3000000.0,21000000,7000000.0,2000000.0,32000000,754000000,960000000,75000000,60000000,21000000,650000000,127000000,321000000,2000000.0,130702000,133706000,9573000.0,1401000.0
operatingCashFlow,16239000000,14562000000,11748000000,11767000000,11954000000,8041000000,2359000000,2359000000,2158000000,1876000000,1737000000,1911000000,594000000,399000000,327000000,323000000,260000000,472000000,765000000,748000000,518675000,1131210000,479916000,7644000.0
capitalExpenditure,-7555000000,-7956000000,-7140000000,-9595000000,-7870000000,-33532000000,-1812000000,-2177000000,-2425000000,-1713000000,-1343000000,-1201000000,-108000000,-1241000000,-1244000000,-1145000000,-1088000000,-967000000,-854000000,-2222000000,-3027059000,-2825126000,-741508000,-13672000
freeCashFlow,8684000000,6606000000,4608000000,2172000000,4084000000,-25491000000,547000000,182000000,-267000000,163000000,394000000,710000000,-540000000,-842000000,-917000000,-822000000,-828000000,-495000000,-89000000,-1474000000,-2508384000,-1693916000,-261592000,-6028000.0
link,https://www.sec.gov/Archives/edgar/data/1091667/000109166722000024/0001091667-22-000024-index.htm,https://www.sec.gov/Archives/edgar/data/1091667/000109166721000022/0001091667-21-000022-index.htm,https://www.sec.gov/Archives/edgar/data/1091667/000109166720000024/0001091667-20-000024-index.html,https://www.sec.gov/Archives/edgar/data/1091667/000109166719000029/0001091667-19-000029-index.html,https://www.sec.gov/Archives/edgar/data/1091667/000109166718000025/0001091667-18-000025-index.html,https://www.sec.gov/Archives/edgar/data/1091667/000109166717000030/0001091667-17-000030-index.html,https://www.sec.gov/Archives/edgar/data/1091667/000109166716000396/0001091667-16-000396-index.html,https://www.sec.gov/Archives/edgar/data/1091667/000109166715000049/chtr123114-10k.htm,https://www.sec.gov/Archives/edgar/data/1091667/000109166714000080/chtr123113-10k.htm,https://www.sec.gov/Archives/edgar/data/1091667/000109166713000020/0001091667-13-000020-index.html,https://www.sec.gov/Archives/edgar/data/1091667/000109166712000026/0001091667-12-000026-index.html,https://www.sec.gov/Archives/edgar/data/1091667/000109166711000029/body.htm,https://www.sec.gov/Archives/edgar/data/1091667/000109166710000019/0001091667-10-000019-index.html,https://www.sec.gov/Archives/edgar/data/1091667/000109166709000038/0001091667-09-000038-index.html,https://www.sec.gov/Archives/edgar/data/1091667/000109166708000004/body.htm,https://www.sec.gov/Archives/edgar/data/1091667/000109166707000015/body.htm,https://www.sec.gov/Archives/edgar/data/1091667/000109166706000093/body.htm,https://www.sec.gov/Archives/edgar/data/1091667/000095013705002540/0000950137-05-002540-index.html,https://www.sec.gov/Archives/edgar/data/1091667/000095013704001876/0000950137-04-001876-index.html,,,https://www.sec.gov/Archives/edgar/data/1091667/000095012301002038/0000950123-01-002038-index.html,https://www.sec.gov/Archives/edgar/data/1091667/000095012400001846/0000950124-00-001846-index.html,
finalLink,https://www.sec.gov/Archives/edgar/data/1091667/000109166722000024/chtr-20211231.htm,https://www.sec.gov/Archives/edgar/data/1091667/000109166721000022/chtr-20201231.htm,https://www.sec.gov/Archives/edgar/data/1091667/000109166720000024/chtr12312019-10k.htm,https://www.sec.gov/Archives/edgar/data/1091667/000109166719000029/chtr12312018-10k.htm,https://www.sec.gov/Archives/edgar/data/1091667/000109166718000025/chtr12312017-10k.htm,https://www.sec.gov/Archives/edgar/data/1091667/000109166717000030/chtr123116-10k.htm,https://www.sec.gov/Archives/edgar/data/1091667/000109166716000396/chtr123115-10k.htm,https://www.sec.gov/Archives/edgar/data/1091667/000109166715000049/chtr123114-10k.htm,https://www.sec.gov/Archives/edgar/data/1091667/000109166714000080/chtr123113-10k.htm,https://www.sec.gov/Archives/edgar/data/1091667/000109166713000020/chtr123112-10k.htm,https://www.sec.gov/Archives/edgar/data/1091667/000109166712000026/chtr12312011-10k.htm,https://www.sec.gov/Archives/edgar/data/1091667/000109166711000029/body.htm,https://www.sec.gov/Archives/edgar/data/1091667/000109166710000019/body.htm,https://www.sec.gov/Archives/edgar/data/1091667/000109166709000038/body.htm,https://www.sec.gov/Archives/edgar/data/1091667/000109166708000004/body.htm,https://www.sec.gov/Archives/edgar/data/1091667/000109166707000015/body.htm,https://www.sec.gov/Archives/edgar/data/1091667/000109166706000093/body.htm,https://www.sec.gov/Archives/edgar/data/1091667/000095013705002540/c92627e10vk.htm,https://www.sec.gov/Archives/edgar/data/1091667/000095013704001876/c83767e10vk.htm,,,https://www.sec.gov/Archives/edgar/data/1091667/000095012301002038/y44579tke10-k.txt,https://www.sec.gov/Archives/edgar/data/1091667/0000950124-00-001846.txt,
