,2021,2020,2019,2018,2017,2016,2015,2014,2013,2012,2011,2010,2009,2008,2007
reportedCurrency,USD,USD,USD,USD,USD,USD,USD,USD,USD,USD,USD,USD,USD,USD,USD
cik,0001474735,0001474735,0001474735,0001474735,0001474735,0001474735,0001474735,0001474735,0001474735,0001474735,0001474735,0001474735,0001474735,0001474735,0001474735
fillingDate,2022-02-22,2021-02-23,2020-02-25,2019-02-26,2018-02-26,2017-02-24,2016-02-26,2015-02-27,2014-03-03,2013-03-13,2012-03-09,2011-03-07,2009-12-31,2008-12-31,2007-12-31
acceptedDate,2022-02-22 16:39:44,2021-02-23 16:30:12,2020-02-25 16:59:23,2019-02-26 16:06:04,2018-02-26 16:58:16,2017-02-24 16:05:35,2016-02-26 17:45:29,2015-02-27 14:48:24,2014-03-03 10:35:43,2013-03-13 13:56:53,2012-03-09 14:12:16,2011-03-07 17:10:05,2009-12-31,2008-12-31,2007-12-31
calendarYear,2021,2020,2019,2018,2017,2016,2015,2014,2013,2012,2011,2010,2009,2008,2007
period,FY,FY,FY,FY,FY,FY,FY,FY,FY,FY,FY,FY,FY,FY,FY
cashAndCashEquivalents,147339000,655128000,322883000,224482000,138472000,67272000,115857000,189761000,150147000,108023000,93126000,78583000,161307000,81229000,71314000
shortTermInvestments,0.0,0.0,0.0,0.0,0.0,0.0,0.0,0.0,0.0,0.0,0.0,0.0,0.0,0.0,0.0
cashAndShortTermInvestments,147339000,655128000,322883000,224482000,138472000,67272000,115857000,189761000,150147000,108023000,93126000,78583000,161307000,81229000,71314000
netReceivables,546466000,374906000,319538000,326133000,280002000,241857000,182185000,189107000,164907000,134978000,109705000,63154000,54130000,66241000,45856000
inventory,1089705000,603317000,522024000,544750000,380341000,349731000,325375000,319385000,300253000,225817000,162124000,127137000,123700000,123980000,97614000
otherCurrentAssets,64954000,36382000,31384000,25404000,19741000,24649000,37955000,32225000,38872000,53735000,18310000,3645000.0,5880000.0,3547000.0,2966000.0
totalCurrentAssets,1848464000,1669733000,1195829000,1120769000,818556000,683509000,661372000,730478000,654179000,522553000,383265000,272519000,345017000,274997000,217750000
propertyPlantEquipmentNet,562741000,416942000,352926000,278929000,230380000,212793000,184213000,168821000,146390000,104718000,84384000,75287000,73374000,76674000,78982000
goodwill,1409674000,855228000,805284000,764655000,721523000,704640000,669719000,635565000,608287000,552943000,547473000,527148000,525875000,525875000,1029068000
intangibleAssets,1041162000,292023000,297734000,246490000,235765000,255172000,256910000,284878000,282825000,272739000,233874000,328410000,379625000,431585000,559480000
goodwillAndIntangibleAssets,2450836000,1147251000,1103018000,1011145000,957288000,959812000,926629000,920443000,891112000,825682000,781347000,855558000,905500000,957460000,1588548000
longTermInvestments,0.0,0.0,0.0,0.0,0.0,0.0,0.0,0.0,0.0,0.0,0.0,0.0,0.0,0.0,0.0
taxAssets,15740000,1497000.0,2933000.0,163000.0,3238000.0,3337000.0,6673000.0,46509000,85104000,136754000,227363000,0.0,0.0,0.0,0.0
otherNonCurrentAssets,0.0,0.0,10963000,15308000,10502000,2233000.0,13929000,16291000,21420000,14140000,76434000,6519000.0,13352000,17083000,23379000
totalNonCurrentAssets,3029317000,1565690000,1469840000,1305545000,1201408000,1178175000,1131444000,1152064000,1144026000,1081294000,1169528000,937364000,992226000,1051217000,1690909000
otherAssets,0.0,0.0,0.0,0.0,0.0,0.0,0.0,0.0,0.0,0.0,0.0,0.0,0.0,0.0,0.0
totalAssets,4877780000,3235423000,2665669000,2426314000,2019964000,1861684000,1792816000,1882542000,1798205000,1603847000,1552793000,1209883000,1337243000,1326214000,1908659000
accountPayables,674208000,330247000,261977000,328091000,233639000,181519000,108332000,132248000,109238000,94543000,81053000,41809000,33639000,54525000,20076000
shortTermDebt,77965000,43429000,68328000,47560000,22174000,46163000,9251000.0,5916000.0,22046000,94800000,22874000,0.0,39076000,9500000.0,9500000.0
taxPayables,0.0,0.0,0.0,0.0,0.0,0.0,0.0,0.0,0.0,0.0,0.0,0.0,0.0,0.0,0.0
deferredRevenue,0.0,1497000.0,0.0,0.0,0.0,0.0,0.0,0.0,6718000.0,6569000.0,0.0,0.0,0.0,0.0,0.0
otherCurrentLiabilities,403734000,266351000,166759000,185055000,133059000,114257000,95641000,102358000,112843000,98947000,61463000,44876000,59256000,63956000,65114000
totalCurrentLiabilities,1155907000,641524000,497064000,560706000,388872000,341939000,213224000,240522000,250845000,294859000,165390000,86685000,131971000,127981000,94690000
longTermDebt,1243772000,816704000,813635000,876396000,906548000,1006758000,1050097000,1082101000,1175349000,799018000,575000000,657229000,1052463000,1121437000,1280750000
deferredRevenueNonCurrent,0.0,0.0,0.0,0.0,0.0,0.0,0.0,0.0,0.0,0.0,0.0,0.0,0.0,0.0,0.0
deferredTaxLiabilitiesNonCurrent,205964000,115769000,96328000,71300000,43789000,17278000,6166000.0,0.0,0.0,0.0,0.0,0.0,0.0,0.0,0.0
otherNonCurrentLiabilities,0.0,271222000,225791000,156651000,120924000,94597000,57458000,70120000,54940000,46342000,43514000,24902000,895623000,886990000,774509000
totalNonCurrentLiabilities,1449736000,1203695000,1135754000,1104347000,1071261000,1118633000,1113721000,1152221000,1230289000,845360000,618514000,682131000,1948086000,2008427000,2055259000
otherLiabilities,0.0,0.0,0.0,0.0,0.0,0.0,0.0,0.0,0.0,0.0,0.0,0.0,0.0,0.0,0.0
capitalLeaseObligations,380856000,207326000,62971000,0.0,0.0,0.0,0.0,0.0,0.0,0.0,0.0,0.0,0.0,0.0,0.0
totalLiabilities,2605643000,1845219000,1632818000,1665053000,1460133000,1460572000,1326945000,1392743000,1481134000,1140219000,783904000,768816000,2080057000,2136408000,2149949000
preferredStock,0,0.0,0.0,0.0,0.0,0.0,0.0,0.0,0.0,0.0,0.0,0.0,0.0,0.0,0.0
commonStock,725000.0,721000.0,717000.0,712000.0,708000.0,702000.0,696000.0,691000.0,688000.0,683000.0,676000.0,675000.0,0.0,0.0,0.0
retainedEarnings,1965957000,1432565000,1084383000,831123000,616347000,456052000,358173000,280426000,105813000,-63792000,-157015000,-481658000,-538571000,-581626000,-25671000
accumulatedOtherComprehensiveIncomeLoss,-54755000,-34254000,-24917000,-23813000,-21198000,-40163000,-22475000,-15767000,-2415000.0,-14496000,-15357000,-9752000.0,-4492000.0,-28650000,-15813000
othertotalStockholdersEquity,0.0,-8739000.0,-27801000,-47473000,-36305000,-15469000,129477000,224449000,212985000,541233000,940585000,931802000,0.0,0.0,0.0
totalStockholdersEquity,2213774000,1390293000,1032382000,760549000,559552000,401122000,465871000,489799000,317071000,463628000,768889000,441067000,-742814000,-810194000,-241290000
totalLiabilitiesAndStockholdersEquity,4819417000,3235512000,2665200000,2425602000,2019685000,1861694000,1792816000,1882542000,1798205000,1603847000,1552793000,1209883000,1337243000,1326214000,1908659000
minorityInterest,58363000,-89000,469000,712000,279000,-10000,0,0,0,0,0,0,0,0,0
totalEquity,2272137000,1390204000,1032851000,761261000,559831000,401112000,465871000,489799000,317071000,463628000,768889000,441067000,-742814000,-810194000,-241290000
totalLiabilitiesAndTotalEquity,4877780000,3235423000,2665669000,2426314000,2019964000,1861684000,1792816000,1882542000,1798205000,1603847000,1552793000,1209883000,1337243000,1326214000,1908659000
totalInvestments,0.0,0.0,0.0,0.0,0.0,0.0,0.0,0.0,0.0,0.0,0.0,0.0,0.0,0.0,0.0
totalDebt,1321737000,860133000,881963000,923956000,928722000,1052921000,1059348000,1088017000,1197395000,893818000,597874000,657229000,1091539000,1130937000,1290250000
netDebt,1174398000,205005000,559080000,699474000,790250000,985649000,943491000,898256000,1047248000,785795000,504748000,578646000,930232000,1049708000,1218936000
link,https://www.sec.gov/Archives/edgar/data/1474735/000143774922004080/0001437749-22-004080-index.htm,https://www.sec.gov/Archives/edgar/data/1474735/000143774921003793/0001437749-21-003793-index.htm,https://www.sec.gov/Archives/edgar/data/1474735/000143774920003516/0001437749-20-003516-index.html,https://www.sec.gov/Archives/edgar/data/1474735/000143774919003397/0001437749-19-003397-index.html,https://www.sec.gov/Archives/edgar/data/1474735/000143774918003334/0001437749-18-003334-index.html,https://www.sec.gov/Archives/edgar/data/1474735/000143774917003237/0001437749-17-003237-index.html,https://www.sec.gov/Archives/edgar/data/1474735/000143774916026187/0001437749-16-026187-index.html,https://www.sec.gov/Archives/edgar/data/1474735/000143774915003654/gnrc20141231_10k.htm,https://www.sec.gov/Archives/edgar/data/1474735/000147473514000005/form10k.htm,https://www.sec.gov/Archives/edgar/data/1474735/000147473513000006/0001474735-13-000006-index.html,https://www.sec.gov/Archives/edgar/data/1474735/000147473512000013/0001474735-12-000013-index.html,https://www.sec.gov/Archives/edgar/data/1474735/000147473511000011/form10k.htm,,,
finalLink,https://www.sec.gov/Archives/edgar/data/1474735/000143774922004080/gnrc20211231_10k.htm,https://www.sec.gov/Archives/edgar/data/1474735/000143774921003793/gnrc20201231_10k.htm,https://www.sec.gov/Archives/edgar/data/1474735/000143774920003516/gnrc20191231_10k.htm,https://www.sec.gov/Archives/edgar/data/1474735/000143774919003397/gnrc20181231_10k.htm,https://www.sec.gov/Archives/edgar/data/1474735/000143774918003334/gnrc20171231_10k.htm,https://www.sec.gov/Archives/edgar/data/1474735/000143774917003237/gnrc20161231_10k.htm,https://www.sec.gov/Archives/edgar/data/1474735/000143774916026187/gnrc20151231_10k.htm,https://www.sec.gov/Archives/edgar/data/1474735/000143774915003654/gnrc20141231_10k.htm,https://www.sec.gov/Archives/edgar/data/1474735/000147473514000005/form10k.htm,https://www.sec.gov/Archives/edgar/data/1474735/000147473513000006/form10k.htm,https://www.sec.gov/Archives/edgar/data/1474735/000147473512000013/form10k.htm,https://www.sec.gov/Archives/edgar/data/1474735/000147473511000011/form10k.htm,,,
