,2021,2020,2019,2018,2017,2016,2015,2014,2013,2012,2011,2010,2009,2008,2007,2006,2005,2004,2003,2002,2001,2000
reportedCurrency,USD,USD,USD,USD,USD,USD,USD,USD,USD,USD,USD,USD,USD,USD,USD,USD,USD,USD,USD,USD,USD,USD
cik,0000820027,0000820027,0000820027,0000820027,0000820027,0000820027,0000820027,0000820027,0000820027,0000820027,0000820027,0000820027,0000820027,0000820027,0000820027,0000820027,0000820027,0000820027,0000820027,0000820027,0000820027,0000820027
fillingDate,2022-02-25,2021-02-24,2020-02-26,2019-02-27,2018-02-23,2017-02-23,2016-02-25,2015-02-24,2014-02-27,2013-02-27,2012-02-24,2011-02-28,2010-02-24,2009-03-02,2008-02-29,2007-02-27,2006-03-08,2004-12-31,2003-12-31,2002-12-31,2001-12-31,2000-12-31
acceptedDate,2022-02-25 13:55:27,2021-02-24 15:26:03,2020-02-26 16:25:43,2019-02-26 17:58:54,2018-02-22 20:33:10,2017-02-23 16:57:59,2016-02-25 15:01:36,2015-02-24 17:31:20,2014-02-27 12:19:15,2013-02-26 17:35:15,2012-02-24 16:30:54,2011-02-28 16:15:58,2010-02-23 18:47:59,2009-03-02 16:27:16,2008-02-29 14:19:44,2007-02-27 13:11:51,2006-03-08 17:21:31,2004-12-31,2003-12-31,2002-12-31,2001-12-31,2000-12-31
calendarYear,2021,2020,2019,2018,2017,2016,2015,2014,2013,2012,2011,2010,2009,2008,2007,2006,2005,2004,2003,2002,2001,2000
period,FY,FY,FY,FY,FY,FY,FY,FY,FY,FY,FY,FY,FY,FY,FY,FY,FY,FY,FY,FY,FY,FY
revenue,13502000000,11958000000,12890000000,12924000000,12075000000,11735000000,12200000000,12296000000,11230000000,10259000000,10239000000,10046000000,7805000000,7149000000,8654000000,8140000000,7484000000,7245000000,6042000000,5575000000,4744000000,6261000000
costOfRevenue,0.0,0.0,0.0,0.0,0.0,0.0,0.0,0.0,0.0,0.0,0.0,0.0,0.0,0.0,0.0,0.0,0.0,0.0,0.0,0.0,0.0,0.0
grossProfit,0.0,11958000000,0.0,0.0,0.0,0.0,0.0,0.0,0.0,0.0,0.0,0.0,0.0,0.0,0.0,0.0,0.0,0.0,0.0,0.0,0.0,0.0
grossProfitRatio,0.0,1.0,0.0,0.0,0.0,0.0,0.0,0.0,0.0,0.0,0.0,0.0,0.0,0.0,0.0,0.0,0.0,0.0,0.0,0.0,0.0,0.0
researchAndDevelopmentExpenses,0.0,0.0,0.0,0.0,0.0,0.0,0.0,0.0,0.0,0.0,0.0,0.0,0.0,0.0,0.0,0.0,0.0,0.0,0.0,0.0,0.0,0.0
generalAndAdministrativeExpenses,3435000000,3120000000,3287000000,3171000000,3051000000,2977000000,3082000000,3095000000,2945000000,3042000000,0.0,0.0,0.0,0.0,2558000000,3113000000,2650000000,2288000000,0.0,0.0,0.0,0.0
sellingAndMarketingExpenses,5015000000,4059000000,3810000000,3637000000,3399000000,3202000000,3276000000,3236000000,3036000000,2698000000,0.0,0.0,0.0,0.0,0.0,0.0,0.0,0.0,0.0,0.0,0.0,0.0
sellingGeneralAndAdministrativeExpenses,8450000000,7179000000,7097000000,6808000000,6450000000,6179000000,6358000000,6331000000,5981000000,5740000000,5462000000,5299000000,4296000000,4384000000,2558000000,3113000000,2650000000,2288000000,0.0,0.0,0.0,0.0
otherExpenses,0.0,-4059000000,3424000000,3298000000,3261000000,3789000000,3283000000,3062000000,2967000000,2963000000,2966000000,2454000000,2054000000,2848000000,4592000000,3654000000,3641000000,0.0,0.0,0.0,0.0,0.0
operatingExpenses,0.0,3120000000,10521000000,10106000000,9711000000,9968000000,9641000000,9393000000,8948000000,8703000000,8428000000,7753000000,6350000000,7232000000,7150000000,6767000000,6291000000,0.0,0.0,0.0,0.0,0.0
costAndExpenses,10152000000,10127000000,10658000000,10440000000,9861000000,10143000000,10058000000,9749000000,9260000000,9021000000,8854000000,8452000000,6885000000,7520000000,7638000000,7343000000,6739000000,6072000000,0.0,0.0,0.0,0.0
interestIncome,-12000000,0.0,0.0,0.0,0.0,0.0,0.0,0.0,0.0,0.0,0.0,0.0,0.0,0.0,0.0,0.0,0.0,0.0,0.0,0.0,0.0,0.0
interestExpense,791000000,221000000,350000000,334000000,255000000,280000000,417000000,356000000,312000000,318000000,364000000,290000000,1030000000,288000000,112000000,116000000,73000000,52000000,0.0,0.0,0.0,0.0
depreciationAndAmortization,98000000,207000000,183000000,198000000,234000000,248000000,248000000,254000000,239000000,225000000,110000000,110000000,120000000,204000000,780000000,686000000,295000000,0.0,0.0,0.0,0.0,0.0
ebitda,4239000000,2259000000,2765000000,3016000000,2703000000,2120000000,2682000000,2774000000,2377000000,1907000000,1905000000,1831000000,2055000000,121000000,1908000000,1599000000,1129000000,1154000000,725000000,674000000,87000000,1025000000
ebitdaratio,0.313953488372093,0.18891118916206723,0.21450737005430567,0.23336428350355928,0.22385093167701864,0.18065615679590968,0.2198360655737705,0.2256018217306441,0.21166518254674976,0.18588556389511648,0.1860533255200703,0.18226159665538522,0.26329276105060856,0.01692544411805847,0.2204760804252369,0.19643734643734645,0.15085515766969534,0.1592822636300897,0.1199933796756041,0.12089686098654709,0.0183389544688027,0.16371186711387958
operatingIncome,0.0,0.0,0.0,0.0,0.0,0.0,0.0,0.0,0.0,0.0,0.0,0.0,0.0,0.0,0.0,0.0,0.0,0.0,0.0,0.0,0.0,0.0
operatingIncomeRatio,0.0,0.0,0.0,0.0,0.0,0.0,0.0,0.0,0.0,0.0,0.0,0.0,0.0,0.0,0.0,0.0,0.0,0.0,0.0,0.0,0.0,0.0
totalOtherIncomeExpensesNet,-2760000000,-7007000000,1279000000,1249000000,1010000000,1095000000,1260000000,1466000000,1035000000,795000000,863000000,885000000,581000000,766000000,7591000000,7208000000,6505000000,6222000000,0.0,0.0,0.0,0.0
incomeBeforeTax,3350000000,1831000000,2232000000,2484000000,2214000000,1592000000,2142000000,2547000000,1970000000,1238000000,1385000000,1594000000,920000000,-371000000,1016000000,797000000,745000000,1173000000,0.0,0.0,0.0,0.0
incomeBeforeTaxRatio,0.2481113909050511,0.15311925071082122,0.17315748642358417,0.19220055710306408,0.18335403726708074,0.13566254793353216,0.17557377049180328,0.20714053350683148,0.17542297417631345,0.12067452968125549,0.13526711592928997,0.15867011745968546,0.11787315823190263,-0.05189536998181564,0.11740235729142592,0.09791154791154791,0.09954569748797434,0.1619047619047619,0.0,0.0,0.0,0.0
incomeTaxExpense,590000000,297000000,339000000,386000000,734000000,278000000,455000000,545000000,492000000,335000000,355000000,334000000,183000000,-333000000,202000000,166000000,187000000,308000000,0.0,0.0,0.0,0.0
netIncome,2760000000,1534000000,1893000000,2098000000,1480000000,1314000000,1562000000,1619000000,1334000000,1029000000,1076000000,1097000000,722000000,-38000000,814000000,631000000,574000000,794000000,725000000,674000000,87000000,1025000000
netIncomeRatio,0.20441416086505704,0.12828232145843788,0.14685802948021723,0.1623336428350356,0.12256728778467908,0.11197273114614402,0.12803278688524591,0.13166883539362395,0.11878895814781834,0.10030217370114046,0.1050883875378455,0.10919769062313359,0.09250480461242794,-0.00531542873129109,0.09406055003466605,0.07751842751842752,0.0766969535008017,0.1095928226363009,0.1199933796756041,0.12089686098654709,0.0183389544688027,0.16371186711387958
eps,22.29,12.39,14.12,14.41,9.6,7.9,8.6,8.45,6.56,4.7,4.71,4.36,2.981007,-0.17544,3.45,2.56,2.32,3.201613,2.95,2.737612,0.353371,4.163282
epsdiluted,21.96,12.2,13.92,14.2,9.44,7.81,8.48,8.3,6.44,4.62,4.61,4.28,2.954173,-0.17544,3.39,2.54,2.32,3.201613,2.95,2.737612,0.353371,4.163282
weightedAverageShsOut,123800000,123800000,134100000,145600000,154100000,166300000,181700000,191600000,203200000,218700000,241400000,257339450,242200000,223600000,236200000,246500000,247100000,246000000,245762712,246200000,246200000,246200000
weightedAverageShsOutDil,125700000,125700000,136000000,147700000,156700000,168200000,184200000,195000000,207100000,222800000,246300000,262149533,244400000,226400000,239900000,248500000,247200000,246000000,245762712,246200000,246200000,246200000
link,https://www.sec.gov/Archives/edgar/data/820027/000082002722000016/0000820027-22-000016-index.htm,https://www.sec.gov/Archives/edgar/data/820027/000082002721000012/0000820027-21-000012-index.htm,https://www.sec.gov/Archives/edgar/data/820027/000082002720000010/0000820027-20-000010-index.htm,https://www.sec.gov/Archives/edgar/data/820027/000082002719000010/0000820027-19-000010-index.htm,https://www.sec.gov/Archives/edgar/data/820027/000082002718000008/0000820027-18-000008-index.htm,https://www.sec.gov/Archives/edgar/data/820027/000082002717000007/0000820027-17-000007-index.htm,https://www.sec.gov/Archives/edgar/data/820027/000082002716000168/0000820027-16-000168-index.htm,https://www.sec.gov/Archives/edgar/data/820027/000082002715000024/0000820027-15-000024-index.htm,https://www.sec.gov/Archives/edgar/data/820027/000082002714000020/0000820027-14-000020-index.htm,https://www.sec.gov/Archives/edgar/data/820027/000104746913001718/0001047469-13-001718-index.htm,https://www.sec.gov/Archives/edgar/data/820027/000104746912001474/0001047469-12-001474-index.htm,https://www.sec.gov/Archives/edgar/data/820027/000104746911001543/0001047469-11-001543-index.htm,https://www.sec.gov/Archives/edgar/data/820027/000104746910001174/0001047469-10-001174-index.htm,https://www.sec.gov/Archives/edgar/data/820027/000104746909002121/0001047469-09-002121-index.htm,https://www.sec.gov/Archives/edgar/data/820027/000104746908002027/0001047469-08-002027-index.htm,https://www.sec.gov/Archives/edgar/data/820027/000110465907014265/0001104659-07-014265-index.htm,https://www.sec.gov/Archives/edgar/data/820027/000110465906015078/0001104659-06-015078-index.htm,,,,,
finalLink,https://www.sec.gov/Archives/edgar/data/820027/000082002722000016/amp-20211231.htm,https://www.sec.gov/Archives/edgar/data/820027/000082002721000012/amp-20201231.htm,https://www.sec.gov/Archives/edgar/data/820027/000082002720000010/amp12312019.htm,https://www.sec.gov/Archives/edgar/data/820027/000082002719000010/amp12312018.htm,https://www.sec.gov/Archives/edgar/data/820027/000082002718000008/amp12312017.htm,https://www.sec.gov/Archives/edgar/data/820027/000082002717000007/ameriprisefinancial12312016.htm,https://www.sec.gov/Archives/edgar/data/820027/000082002716000168/ameriprisefinancial12312015.htm,https://www.sec.gov/Archives/edgar/data/820027/000082002715000024/amp.htm,https://www.sec.gov/Archives/edgar/data/820027/000082002714000020/ameriprisefinancial12312013.htm,https://www.sec.gov/Archives/edgar/data/820027/000104746913001718/a2212970z10-k.htm,https://www.sec.gov/Archives/edgar/data/820027/000104746912001474/a2207255z10-k.htm,https://www.sec.gov/Archives/edgar/data/820027/000104746911001543/a2202014z10-k.htm,https://www.sec.gov/Archives/edgar/data/820027/000104746910001174/a2196525z10-k.htm,https://www.sec.gov/Archives/edgar/data/820027/000104746909002121/a2190881z10-k.htm,https://www.sec.gov/Archives/edgar/data/820027/000104746908002027/a2182855z10-k.htm,https://www.sec.gov/Archives/edgar/data/820027/000110465907014265/a07-1851_310k.htm,https://www.sec.gov/Archives/edgar/data/820027/000110465906015078/a06-5951_110k.htm,,,,,
