,2022,2021,2020,2019,2018,2017,2016,2015,2014,2013,2012,2011,2010,2009,2008,2007,2006,2005,2004,2003,2002,2001,2000,1999,1998,1997,1996,1995,1994,1993,1992,1991,1990,1989,1987,1986,1985
reportedCurrency,USD,USD,USD,USD,USD,USD,USD,USD,USD,USD,USD,USD,USD,USD,USD,USD,USD,USD,USD,USD,USD,USD,USD,USD,USD,USD,USD,USD,USD,USD,USD,USD,USD,USD,USD,USD,USD
cik,0000029534,0000029534,0000029534,0000029534,0000029534,0000029534,0000029534,0000029534,0000029534,0000029534,0000029534,0000029534,0000029534,0000029534,0000029534,0000029534,0000029534,0000029534,0000029534,0000029534,0000029534,0000029534,0000029534,0000029534,0000029534,0000029534,0000029534,0000029534,0000029534,0000029534,0000029534,0000029534,0000029534,0000029534,0000029534,0000029534,0000029534
fillingDate,2022-03-18,2021-03-19,2020-03-19,2019-03-22,2018-03-23,2017-03-24,2016-03-22,2015-03-20,2014-03-20,2013-03-25,2012-03-22,2011-03-22,2010-03-31,2009-03-24,2008-03-28,2007-03-29,2006-03-21,2005-04-12,2004-03-16,2003-01-31,2002-04-02,2001-02-02,2000-04-27,1999-04-26,1998-04-20,1997-04-28,1996-04-29,1995-05-01,1994-01-31,1993-01-31,1992-01-31,1991-01-31,1990-01-31,1989-01-31,1987-12-31,1986-12-31,1985-12-31
acceptedDate,2022-03-18 16:16:38,2021-03-19 08:19:58,2020-03-19 06:47:17,2019-03-22 16:33:57,2018-03-23 17:09:36,2017-03-24 16:28:06,2016-03-22 08:40:41,2015-03-20 16:31:21,2014-03-20 16:29:57,2013-03-25 08:18:17,2012-03-22 09:58:39,2011-03-22 09:13:34,2010-03-31 09:05:34,2009-03-24 08:44:54,2008-03-28 11:01:35,2007-03-29 16:50:38,2006-03-21 10:21:34,2005-04-12 12:34:27,2004-03-16 14:37:41,2003-01-31,2002-04-02 00:00:00,2001-02-02,2000-04-27 00:00:00,1999-04-26 00:00:00,1998-04-20 00:00:00,1997-04-28 00:00:00,1996-04-29 00:00:00,1995-05-01 00:00:00,1994-01-31,1993-01-31,1992-01-31,1991-01-31,1990-01-31,1989-01-31,1987-12-31,1986-12-31,1985-12-31
calendarYear,2022,2021,2020,2019,2018,2017,2016,2015,2014,2013,2012,2011,2010,2009,2008,2007,2006,2005,2004,2003,2002,2001,2000,1999,1998,1997,1996,1995,1994,1993,1992,1991,1990,1989,1987,1986,1985
period,FY,FY,FY,FY,FY,FY,FY,FY,FY,FY,FY,FY,FY,FY,FY,FY,FY,FY,FY,FY,FY,FY,FY,FY,FY,FY,FY,FY,FY,FY,FY,FY,FY,FY,FY,FY,FY
revenue,34220449000,33746839000,27753973000,25625043000,23470967000,21986598000,20368562000,18909588000,17504167000,16022000000,14807000000,13035000000,11796000000,10458000000,9495000000,9170000000,8582000000,7661000000,6872000000,6100404000,5323000000,4551000000,3888000000,3221000000,2627000000,2134398000,1764188000,1448609000,1133000000,920700000,754400000,653200000,615100000,613000000,588400000,564800000,584400000
costOfRevenue,23407443000,23027977000,19264912000,17821173000,16249608000,15203960000,14062471000,13107081000,12068425000,10937000000,10109000000,8858000000,8107000000,7397000000,6852000000,6802000000,6117000000,5398000000,4854000000,4376138000,3813000000,3300000000,2790000000,2315000000,1885000000,1529603000,1260569000,1027930000,803500000,645400000,532200000,459300000,428400000,432800000,416600000,403500000,407400000
grossProfit,10813006000,10718862000,8489061000,7803870000,7221359000,6782638000,6306091000,5802507000,5435742000,5085000000,4698000000,4177000000,3689000000,3061000000,2643000000,2368000000,2465000000,2263000000,2018000000,1724266000,1510000000,1251000000,1098000000,906000000,742000000,604795000,503619000,420679000,329500000,275300000,222200000,193900000,186700000,180200000,171800000,161300000,177000000
grossProfitRatio,0.315980833565334,0.3176256596951199,0.3058683165829988,0.3045407572584366,0.30767198471200613,0.3084896535607737,0.30959922453043076,0.3068552842082017,0.31053988458862397,0.3173761078517039,0.3172823664483015,0.3204449558879939,0.3127331298745337,0.2926945878753108,0.2783570300157978,0.2582333696837514,0.28722908412957354,0.2953922464430231,0.2936554132712456,0.28264783774976215,0.2836746195754274,0.27488464073829927,0.2824074074074074,0.28127910586774296,0.2824514655500571,0.28335624377459123,0.2854678753058064,0.2904020339511904,0.2908208296557811,0.29901162159226674,0.29453870625662776,0.296846295162278,0.30352788164526096,0.2939641109298532,0.2919782460910945,0.2855878186968839,0.3028747433264887
researchAndDevelopmentExpenses,0.0,0.0,0.0,0.0,0.0,0.0,0.0,0.0,0.0,0.0,0.0,0.0,0.0,0.0,0.0,0.0,0.0,0.0,0.0,0.0,0.0,0.0,0.0,0.0,0.0,0.0,0.0,0.0,0.0,0.0,0.0,0.0,0.0,0.0,0.0,0.0,0.0
generalAndAdministrativeExpenses,0.0,0.0,6186757000,5683464000,5205741000,4712889000,4353797000,4033414000,3699557000,3430000000,3207000000,2902000000,2737000000,2449000000,2285000000,2120000000,1903000000,1706000000,1497000000,1296542000,1136000000,935000000,748000000,617000000,507000000,415119000,354712000,299592000,245800000,206200000,177700000,159300000,154800000,151700000,146600000,140900000,130400000
sellingAndMarketingExpenses,0.0,0.0,0.0,0.0,0.0,0.0,0.0,0.0,0.0,0.0,0.0,0.0,0.0,0.0,0.0,0.0,0.0,0.0,0.0,0.0,0.0,0.0,0.0,0.0,0.0,0.0,0.0,0.0,0.0,0.0,0.0,0.0,0.0,0.0,0.0,0.0,0.0
sellingGeneralAndAdministrativeExpenses,7592331000,7164097000,6186757000,5687564000,5213541000,4719189000,4365797000,4033414000,3699557000,3430125000,3207106000,2902491000,2736613000,2448611000,2388077000,2119929000,1902957000,1706216000,1496866000,1296542000,1135801000,934899000,748489000,616613000,506592000,415119000,354712000,299592000,245800000,206200000,177700000,159300000,154800000,151700000,146600000,140900000,130400000
otherExpenses,0.0,0.0,0.0,1.9073486328125e-06,9.5367431640625e-07,1.9073486328125e-06,9.5367431640625e-07,-9.5367431640625e-07,0.0,-125000.0,-106000.0,509000.0,-613000.0,31389000,-77000.0,71000.0,43000.0,-216000.0,10134000,0.0,199000.0,162101000,511000.0,387000.0,408000.0,0.0,0.0,0.0,3500000.0,8200000.0,6700000.0,6500000.0,6000000.0,6000000.0,6900000.0,5900000.0,4500000.0
operatingExpenses,7592331000,7164097000,6186757000,5687564000.000002,5213541000.000001,4719189000.000002,4365797000.000001,4033413999.999999,3699557000,3430000000,3207000000,2903000000,2736000000,2480000000,2388000000,2120000000,1903000000,1706000000,1507000000,1296542000,1136000000,1097000000,749000000,617000000,507000000,415119000,354712000,299592000,249300000,214400000,184400000,165800000,160800000,157700000,153500000,146800000,134900000
costAndExpenses,30999774000,30192074000,25451669000,23508737000.000004,21463149000,19923149000.000004,18428268000,17140494999.999998,15767982000,14367000000,13316000000,11761000000,10843000000,9877000000,9240000000,8922000000,8020000000,7104000000,6361000000,5672680000,4949000000,4397000000,3539000000,2932000000,2392000000,1944722000,1615281000,1327522000,1052800000,859800000,716600000,625100000,589200000,590500000,570100000,550300000,542300000
interestIncome,0.0,0.0,0.0,0.0,0.0,0.0,0.0,0.0,0.0,0.0,91000.0,220000.0,144000.0,3061000.0,8845000.0,7002000.0,9001000.0,6575000.0,0.0,0.0,0.0,0.0,0.0,0.0,0.0,0.0,0.0,0.0,0.0,0.0,0.0,0.0,0.0,0.0,0.0,0.0,0.0
interestExpense,157526000,150385000,100574000,99871000,97036000,97821000,86944000,88232000,88984000,127926000,204991000,-300934000,-345744000,-34915000,-252897000,-34915000,-26226000,-28794000,-18913000,42639000,-46000000,-45000000,-5000000.0,-8000000.0,-4000000.0,0.0,0.0,0.0,0.0,0.0,0.0,0.0,0.0,0.0,0.0,0.0,0.0
depreciationAndAmortization,641316000,574237000,504804000,454134000,404231000,379931000,352431000,342353000,332837000,302911000,275408000,254927000,256771000,247899000,234130000,200608000,186824000,164478000,152399000,134959000,122967000,111399000,63944000,53112000,38734000,30965000,25245000,17263000,-3500000.0,-8200000.0,-6700000.0,-6500000.0,-6000000.0,6000000.0,6900000.0,5900000.0,4500000.0
ebitda,3861991000,4129002000,2807108000,2569421000,2408547000,2443380000,2292399000,2111446000,2050151000,1928569000,1706003000,479545000,462701000,403404000,-33542000,385693000,704598000,670684000,434460000,592224000,404967000,175399000,402944000,326112000,266734000,215982000,166791000,135551000,74500000,50000000,28000000,16600000,14300000,22100000,18500000,13500000,39300000
ebitdaratio,0.11285623400207286,0.12235225942198616,0.10114256434565243,0.10026991954706184,0.10261814095686812,0.11113042590763701,0.11254594212394571,0.11166007424381748,0.11712359691266656,0.12037005367619523,0.115215978928885,0.03678902953586498,0.03922524584604951,0.03857372346528973,-0.003532596103212217,0.04206030534351145,0.08210184106268935,0.08754522908236523,0.06322176949941793,0.09707947211365017,0.07607871501033252,0.03854076027246759,0.10363786008230452,0.10124557590810307,0.10153559192995813,0.10119106183570262,0.09454264511491972,0.09357321402807797,0.06575463371579876,0.054306505919409144,0.03711558854718982,0.025413349663196572,0.02324825231669647,0.03605220228384992,0.0314411964649898,0.02390226628895184,0.06724845995893224
operatingIncome,3220675000,3554765000,2302304000,2116306000,2007818000,2063449000,1940294000,1769093000,1736185000,1655276000,1490804000,1274065000,953258000,580486000,255392000,248276000,561867000,556976000,511263000,457265000,373611000,154004000,349302000,289264000,235543000,189676000,148907000,121087000,0.0,0.0,0.0,0.0,0.0,0.0,0.0,0.0,0.0
operatingIncomeRatio,0.09411550970590714,0.10533623608421518,0.08295403328381129,0.08258741263380515,0.08554474981793464,0.0938503082650622,0.09525925296051828,0.09355534345856716,0.09918695359796327,0.10331269504431406,0.10068237995542649,0.09774184886843115,0.08081197015937606,0.05550640657869574,0.026897525013164822,0.027074809160305344,0.06547040316942437,0.07270278031588566,0.07439799185098953,0.0749565110769713,0.07018805185046027,0.03383959569325423,0.08984104938271605,0.0898056504191245,0.08966235249333841,0.0888662751745457,0.08440540350574882,0.0835884631394669,0.0,0.0,0.0,0.0,0.0,0.0,0.0,0.0,0.0
totalOtherIncomeExpensesNet,-157526000,-150385000,-100574000,-100890000,-100538000,-97821000,-87270000,-88232000,-107855000,-158276000,-265804000,-289065000,-401258000,-386486000,-258392000,-28276000,-16867000,-21976000,-31263000,-42639000,-45611000,-45004000,-5302000.0,-8264000.0,-3543000.0,-4659000.0,-7361000.0,-2799000.0,-2200000.0,-2700000.0,-3100000.0,-5000000.0,-5600000.0,-6400000.0,-6700000.0,-6900000.0,-7300000.0
incomeBeforeTax,3063149000,3404380000,2201730000,2015416000,1907280000,1965628000,1853024000,1680861000,1628330000,1497000000,1225000000,985000000,552000000,194000000,-3000000.0,220000000,545000000,535000000,480000000,414626000,328000000,109000000,344000000,281000000,232000000,185017000,141546000,118288000,78000000,58200000,34700000,23100000,20300000,16100000,11600000,7600000.0,34800000
incomeBeforeTaxRatio,0.08951223872018746,0.10087996686148887,0.07933026381484193,0.07865024850885129,0.08126124500963254,0.08940118885149945,0.09097470896570901,0.088889350735722,0.09302527792382237,0.09343402821120958,0.08273114067670696,0.07556578442654392,0.04679552390640895,0.01855039204436795,-0.000315955766192733,0.023991275899672846,0.06350501048706596,0.06983422529695862,0.06984866123399301,0.06796697399057505,0.0616193875634041,0.023950780048341024,0.08847736625514403,0.08723998758149643,0.08831366577845451,0.08668345828659885,0.08023294569513,0.08165626473396202,0.06884377758164166,0.06321277289019224,0.04599681866383881,0.03536436007348438,0.033002763778247436,0.026264274061990212,0.01971447994561523,0.013456090651558074,0.059548254620123205
incomeTaxExpense,663917000,749330000,489175000,425944000,368320000,714495000,687944000,615516000,603214000,544732000,458604000,-102448000,212674000,82420000,-1775000.0,82000000,194000000,191000000,-26000.0,149680000,120000000,38000000,125000000,99000000,87000000,69917000,53728000,44654000,29400000,22600000,13200000,8500000.0,7900000.0,6100000.0,5100000.0,3300000.0,17000000
netIncome,2399232000,2655050000,1712555000,1589472000,1538960000,1251133000,1165080000,1065345000,1025116000,953000000,767000000,628000000,339000000,108000000,-13000000,138000000,350000000,344000000,301000000,264946000,208000000,71000000,219000000,182000000,145000000,115100000,87818000,73634000,48600000,35600000,21500000,14600000,12400000,10000000,6500000.0,4300000.0,17800000
netIncomeRatio,0.07011106137152087,0.0786755168387771,0.061704859336715503,0.06202807152362632,0.06556866617383085,0.056904346911695936,0.05719991426002484,0.05633887951445584,0.058564112191114265,0.05948071401822494,0.05179982440737489,0.048177982355197546,0.02873855544252289,0.010327022375215147,-0.001369141653501843,0.01504907306434024,0.040783034257748776,0.04490275420963321,0.04380093131548312,0.04343089408504748,0.039075709186548936,0.015600966820479015,0.05632716049382716,0.05650419124495498,0.05519604111153407,0.05392621244959937,0.0497781415586094,0.05083083150801907,0.04289496910856134,0.03866623221461931,0.02849946977730647,0.022351500306184935,0.020159323687205334,0.01631321370309951,0.011046906866077498,0.007613314447592068,0.030458590006844626
eps,10.24,10.7,6.68,5.99,5.64,4.45,3.96,3.5,3.17,2.87,2.25,1.84,1.05,0.34,-0.040872,0.44,1.09,1.04,0.9,0.8,0.63,0.21,0.89,1.01,1.0,1.3,1.25,1.33,0.15,0.11,0.07,0.05,0.05,0.04,0.02,0.02,0.06
epsdiluted,10.17,10.62,6.64,5.97,5.63,4.43,3.95,3.49,3.17,2.85,2.22,1.82,1.04,0.34,-0.040872,0.44,1.08,1.04,0.89,0.79,0.62,0.21,0.81,0.85,0.84,1.3,1.25,1.33,0.15,0.11,0.07,0.05,0.05,0.04,0.02,0.02,0.06
weightedAverageShsOut,234261000,248171000,256553000,265155000,272751000,281317000,294330000,304633000,322886000,332254000,341234000,341047000,322778000,317024000,313567000,312556000,321835000,329376000,334697000,333055000,335017000,333858000,269570000,214719000,171490000,88495000,70231000,55207000,324000000,323636364,307142857,292000000,248000000,250000000,325000000,215000000,296666667
weightedAverageShsOutDil,235812000,250076000,258053000,266105000,273362000,282261000,295211000,305681000,323854000,334469000,345117000,344800000,324836000,317503000,315928000,313510000,324133000,332068000,337636000,335050000,335017000,333858000,270897531,214719000,172176190,334736842,352142857,340000000,324000000,323636364,307142857,292000000,248000000,250000000,325000000,215000000,296666667
link,https://www.sec.gov/Archives/edgar/data/29534/000155837022003921/0001558370-22-003921-index.htm,https://www.sec.gov/Archives/edgar/data/29534/000155837021003245/0001558370-21-003245-index.htm,https://www.sec.gov/Archives/edgar/data/29534/000155837020002915/0001558370-20-002915-index.html,https://www.sec.gov/Archives/edgar/data/29534/000155837019002383/0001558370-19-002383-index.html,https://www.sec.gov/Archives/edgar/data/29534/000155837018002366/0001558370-18-002366-index.html,https://www.sec.gov/Archives/edgar/data/29534/000155837017002116/0001558370-17-002116-index.html,https://www.sec.gov/Archives/edgar/data/29534/000104746916011420/0001047469-16-011420-index.html,https://www.sec.gov/Archives/edgar/data/29534/000104746915002540/a2223543z10-k.htm,https://www.sec.gov/Archives/edgar/data/29534/000104746914002721/a2218572z10-k.htm,https://www.sec.gov/Archives/edgar/data/29534/000104746913003283/0001047469-13-003283-index.html,https://www.sec.gov/Archives/edgar/data/29534/000104746912003084/0001047469-12-003084-index.html,https://www.sec.gov/Archives/edgar/data/29534/000002953411000004/f2010form10_kfinal.htm,https://www.sec.gov/Archives/edgar/data/29534/000104746910003012/0001047469-10-003012-index.html,https://www.sec.gov/Archives/edgar/data/29534/000002953409000014/0000029534-09-000014-index.html,https://www.sec.gov/Archives/edgar/data/29534/000100579408000099/dollargeneral10k2008.htm,https://www.sec.gov/Archives/edgar/data/29534/000002953407000023/f200610kfinal.htm,https://www.sec.gov/Archives/edgar/data/29534/000002953406000030/f200510kfinal.htm,https://www.sec.gov/Archives/edgar/data/29534/000002953405000046/f0410kfinal.htm,https://www.sec.gov/Archives/edgar/data/29534/000002953404000034/form10k2003final.htm,,https://www.sec.gov/Archives/edgar/data/29534/000091431702000353/0000914317-02-000353-index.html,,https://www.sec.gov/Archives/edgar/data/29534/000091431700000307/0000914317-00-000307-index.html,https://www.sec.gov/Archives/edgar/data/29534/000091431799000239/0000914317-99-000239-index.html,https://www.sec.gov/Archives/edgar/data/29534/000095014498004835/0000950144-98-004835-index.html,https://www.sec.gov/Archives/edgar/data/29534/000002953497000011/0000029534-97-000011-index.html,https://www.sec.gov/Archives/edgar/data/29534/000002953496000021/0000029534-96-000021-index.html,https://www.sec.gov/Archives/edgar/data/29534/000002953495000015/0000029534-95-000015-index.html,,,,,,,,,
finalLink,https://www.sec.gov/Archives/edgar/data/29534/000155837022003921/dg-20220128x10k.htm,https://www.sec.gov/Archives/edgar/data/29534/000155837021003245/dg-20210129x10k.htm,https://www.sec.gov/Archives/edgar/data/29534/000155837020002915/dg-20200131x10ka41072.htm,https://www.sec.gov/Archives/edgar/data/29534/000155837019002383/dg-20190201x10k.htm,https://www.sec.gov/Archives/edgar/data/29534/000155837018002366/dg-20180202x10k.htm,https://www.sec.gov/Archives/edgar/data/29534/000155837017002116/dg-20170203x10k.htm,https://www.sec.gov/Archives/edgar/data/29534/000104746916011420/a2227409z10-k.htm,https://www.sec.gov/Archives/edgar/data/29534/000104746915002540/a2223543z10-k.htm,https://www.sec.gov/Archives/edgar/data/29534/000104746914002721/a2218572z10-k.htm,https://www.sec.gov/Archives/edgar/data/29534/000104746913003283/a2213303z10-k.htm,https://www.sec.gov/Archives/edgar/data/29534/000104746912003084/a2207856z10-k.htm,https://www.sec.gov/Archives/edgar/data/29534/000002953411000004/f2010form10_kfinal.htm,https://www.sec.gov/Archives/edgar/data/29534/000104746910003012/a2197652z10-k.htm,https://www.sec.gov/Archives/edgar/data/29534/000002953409000014/f200810kfinal.htm,https://www.sec.gov/Archives/edgar/data/29534/000100579408000099/dollargeneral10k2008.htm,https://www.sec.gov/Archives/edgar/data/29534/000002953407000023/f200610kfinal.htm,https://www.sec.gov/Archives/edgar/data/29534/000002953406000030/f200510kfinal.htm,https://www.sec.gov/Archives/edgar/data/29534/000002953405000046/f0410kfinal.htm,https://www.sec.gov/Archives/edgar/data/29534/000002953404000034/form10k2003final.htm,,https://www.sec.gov/Archives/edgar/data/29534/000091431702000353/form10k-44259_328.txt,,https://www.sec.gov/Archives/edgar/data/29534/0000914317-00-000307.txt,https://www.sec.gov/Archives/edgar/data/29534/0000914317-99-000239.txt,https://www.sec.gov/Archives/edgar/data/29534/0000950144-98-004835.txt,https://www.sec.gov/Archives/edgar/data/29534/0000029534-97-000011.txt,https://www.sec.gov/Archives/edgar/data/29534/0000029534-96-000021.txt,https://www.sec.gov/Archives/edgar/data/29534/0000029534-95-000015.txt,,,,,,,,,
