,2022,2021,2020,2019,2018,2017,2016,2015,2014,2013,2012,2011,2010
period,FY,FY,FY,FY,FY,FY,FY,FY,FY,FY,FY,FY,FY
revenuePerShare,146.07830155254183,135.98220178828308,108.18027074327722,96.6417491655824,86.05272574619342,78.15595218205796,69.20314612849522,62.07334070832773,54.21160099849482,48.22214330000542,43.39251071112492,38.22053851815146,36.54524162117617
netIncomePerShare,10.241704765197792,10.698470006568051,6.6752483892217205,5.994501329411099,5.642362447800375,4.447413416181745,3.9584140250738966,3.497142463226243,3.174854282935773,2.8682875149734843,2.247724435431405,1.841388430333649,1.0502574524905663
operatingCashFlowPerShare,12.23341059758133,15.618903900939271,8.723335918893952,8.084139465595594,6.607154510890886,5.705453278685611,4.681778955594061,4.315829210886542,3.7569451756966856,3.405081654396937,3.0784740090377865,2.4180948666899282,2.071525940429645
freeCashFlowPerShare,7.663891983727551,11.476747887545281,5.664151266989667,5.314514152099715,4.237022045748686,3.7137641877312784,2.96667685930758,3.088230756352726,2.0893473238232687,1.6847231335062933,1.5696530826353763,1.1854348520878355,1.294685511404123
cashPerShare,1.4719863741723975,5.546889040218237,0.9367265243438978,0.8881107276875789,0.9805316937426444,0.667983093805209,0.5366323514422587,1.903349276014089,1.5657724398084774,0.4243741234116068,0.36924808196135206,1.4572771494837955,0.6877792166752381
bookValuePerShare,26.730808798733037,26.84132311994552,26.125206097765375,24.20242122532104,22.45921738142115,19.217800559511158,18.2715863146808,18.743990309651284,16.730960772532722,15.004574813245288,13.681212892033033,11.888329174571247,10.503497760070388
tangibleBookValuePerShare,3.089063053602606,4.524215158096635,4.536703916929445,3.3134845656314234,2.151255174133184,-0.4726127464746176,-0.5494071280535453,0.5566665463032567,-0.44610481718005734,-1.7245842036514234,-2.655069541722103,-4.521370954736444,-6.9149694217077995
shareholdersEquityPerShare,26.730808798733037,26.84132311994552,26.125206097765375,24.20242122532104,22.45921738142115,19.217800559511158,18.2715863146808,18.743990309651284,16.730960772532722,15.004574813245288,13.681212892033033,11.888329174571247,10.503497760070388
interestDebtPerShare,43.67689884359753,55.3683830906915,15.503120212977436,11.180483113650507,11.376654897690567,11.76376472093759,10.387993069004178,9.235227306299711,9.005463228507894,8.727714339029779,8.27461800406759,8.758977501634671,9.473777642838112
marketCap,46615596390,46901838530.854996,38559916669.659004,31686022500,25714964007.249,20569899883.951,22374965717.010002,22122449373.899,19340872045.772,15805322780,14594578180.000002,9549316000,7711166097.222
enterpriseValue,56345035390,59115703530.854996,42196394669.659004,34315225500,28453481007.249,23593510883.951,25187572717.010002,24267749373.899,21654060045.772,18436214780,17087168180.000002,12340473000,10892837097.222
peRatio,19.429382564920775,17.6651432292631,22.51601651897837,19.934935940991725,16.70931278736874,16.44101776865529,19.204660381269957,20.76552607267974,18.867008266159147,16.584808793284363,19.028133220338983,15.20591719745223,22.746802646672563
priceToSalesRatio,1.362214633419918,1.3898142735932986,1.3893476321267229,1.2365256323667437,1.095607352149104,0.9355653786889176,1.0985049272015375,1.1699064714629952,1.1049295888100246,0.9864762688802895,0.9856539596136962,0.7325904104334484,0.6537102490015259
pocfratio,16.266109799285438,12.100081170781436,17.229647510703316,14.782030976650884,14.269380085571454,12.815809617293889,16.237416956468415,16.8264311332845,15.943805192443934,13.970296406423467,13.893247068007007,11.57936373204767,11.532560869136445
pfcfRatio,25.96461437902672,16.467208903760483,26.535308807153402,22.48559258286793,22.251477094531054,19.68891919458911,25.624630050791247,23.515083142869138,28.669241019434615,28.236093547903014,27.248059124116214,23.620024289555243,18.45235679983058
pbRatio,7.444219196593541,7.041009273479644,5.753064777271018,4.937522526670877,4.19783100180467,3.8048060064715306,4.160558130572368,3.8743086077358857,3.580189016899618,3.1703664110500207,3.1261848154490903,2.355251069249588,2.274480325098856
ptbRatio,7.444219196593541,7.041009273479644,5.753064777271018,4.937522526670877,4.19783100180467,3.8048060064715306,4.160558130572368,3.8743086077358857,3.580189016899618,3.1703664110500207,3.1261848154490903,2.355251069249588,2.274480325098856
evToSales,1.6465311542230203,1.7517404676288346,1.5203731253056636,1.339128504096559,1.21228413841019,1.0730860173980077,1.2365906202416255,1.283356854411582,1.2370802932679972,1.1506812370490576,1.153992583237658,0.9467182968929805,0.9234348166515768
enterpriseValueOverEBITDA,14.589634048862361,14.317189367032274,15.031981195471996,13.355236646699781,11.813546095321785,9.656095606885135,10.987429638998274,11.493426483035321,10.562178125304916,9.559530812742505,10.015907463234239,25.73371216465608,23.541849049865895
evToOperatingCashFlow,19.661113517255675,15.251103871346608,18.854527425698773,16.008595787362086,15.788998776571106,14.699631276678291,18.278513831042073,18.458155636305623,17.850700536057012,16.295737118067585,16.26605759271952,14.963880710672209,16.290961091676724
evToFreeCashFlow,31.383854962065914,20.755489977113584,29.037779637863135,24.35137385837053,24.621149798770738,22.583033069266662,28.845730577371043,25.795432258546924,32.09811145187001,32.936162863819234,31.90172152220142,30.523890088525782,26.06590418961177
earningsYield,0.05146843944518715,0.05660865507976494,0.044412829381125965,0.05016319104109706,0.05984686580024651,0.060823485143753964,0.052070694307892386,0.048156738071550936,0.05300257390535267,0.060296142841569984,0.05255376281111538,0.06576387251191604,0.04396222253883587
freeCashFlowYield,0.0385139553933743,0.06072674524531222,0.03768563642004496,0.044472921774893016,0.04494083677014768,0.05078998954268749,0.039024953648808744,0.04252589684350091,0.03488058854861589,0.035415663937487775,0.036699861646840685,0.04233695900313698,0.0541936193217975
debtToEquity,1.4197906223361088,1.8789845070841187,0.43438090264826557,0.4460908035396928,0.42518920874325433,0.5013741391052725,0.5521092342032431,0.459535470692139,0.5077175139799708,0.5558308075894675,0.5607802942918435,0.8107083548835744,1.0028616953435951
debtToAssets,0.7621492096571283,0.7424376582979361,0.7063537641307257,0.5139825407954748,0.5106001792295239,0.5368269384486243,0.5223013914247658,0.49056825974101054,0.5029048935157631,0.5190972222222222,0.5181133243884818,0.5753195055520637,0.6174413357400722
netDebtToEBITDA,2.519280599048522,2.958067106773017,1.2954535415096249,1.023266720401211,1.1369996101383946,1.2374706349401239,1.2269273368205098,1.016033561833928,1.1283012812227002,1.364167940063332,1.4610701153514971,5.820427697087864,6.876300245731044
currentRatio,1.0542677080495444,1.2107304725113877,1.139605947759026,1.5461674741209546,1.4327240446318532,1.4022281488711512,1.719992423316142,1.8000812240888022,1.7691270997162758,1.5393904542840713,1.5066225165562914,1.7347985347985349,1.5285832642916322
interestCoverage,20.44535505249927,23.637763074774746,22.891641975063138,21.190395610337337,20.691475328743973,21.09413111704031,22.316594589620905,20.050469217517453,19.51120426144026,12.939324296859121,7.272533916123147,-4.2337024065077395,-2.757120875561109
incomeQuality,1.194470147113743,1.459919398881377,1.3068181751826948,1.3485924885748224,1.1709907989811301,1.2828700066259942,1.1827410993236516,1.2341016290497444,1.1833441288595632,1.1871479538300105,1.3695958279009126,1.3131910828025477,1.9723982300884957
dividendYield,0.008413235705896327,0.0075887430247718185,0.008495039105147963,0.00967376072525354,0.011002581995457675,0.013667300355669038,0.011545403164734803,,,,,,
payoutRatio,0.16346397513871105,0.1340562324626655,0.19127444082087874,0.192845800366411,0.18384558403077403,0.22470432799710344,0.22172554674357126,0,0,0,0,0,0
salesGeneralAndAdministrativeToRevenue,0,0,0.22291428329918747,0.2217933448931188,0.2217949094300205,0.21435280710549218,0.21375082835990092,0.21329994074963451,0.2113529309906607,0.21408063912120834,0.21658674951036672,0.2226313770617568,0.2320278060359444
researchAndDdevelopementToRevenue,0,0,0,0,0,0,0,0,0,0,0,0,0
intangiblesToTotalAssets,0.21036430109181808,0.2141491520736643,0.24265387150382448,0.4194781929588509,0.44252267991679417,0.4745636206340859,0.492062496641243,0.49430243199845264,0.5103493675284269,0.5361689814814815,0.5753947775828259,0.586214121097842,0.6343637184115524
capexToOperatingCashFlow,-0.37352777276659205,-0.2652014532943566,-0.3506897682661021,-0.3425998927013599,-0.35872211876313737,-0.3490851635565696,-0.3663355558974389,-0.28444092538167126,-0.4438706911830776,-0.5052326773630135,-0.4901197547787678,-0.5097649523938866,-0.37500878645256136
capexToRevenue,-0.031281296163004756,-0.030461015919150236,-0.028278581952933368,-0.02865868361664798,-0.027542793613914585,-0.02548352409954464,-0.024783585606092368,-0.019776581065647756,-0.03076090396075403,-0.03567569591811259,-0.03477145944485716,-0.032251246643651706,-0.021256951508986096
capexToDepreciation,-1.669161536590386,-1.7901371733273892,-1.5547479813947591,-1.6170997987378175,-1.5992242059614428,-1.474730937986108,-1.432354134568185,-1.0923432831025286,-1.6177408160751359,-1.887009715725081,-1.8694482367977692,-1.6490799326866123,-0.9765394067087015
stockBasedCompensationToRevenue,0.002284540451237212,0.002033049673185687,0.0017507043045692954,0.0015952753718305956,0.0014623598593104408,0.0016813424250536621,0.0018924752763597155,0.001974553861247532,0.0011974862899788376,0.001352140806391212,0.001029918281893699,0.0012240889911775987,0.00146617497456765
grahamNumber,78.4844167122394,80.38112049819361,62.640445386741625,57.134337658963666,53.397270595959434,43.85275180478629,40.340380878080055,38.40421981956034,34.57113182254644,31.11819851143594,26.30419969861544,22.193427303059867,15.754554198515667
roic,0.15827957460615075,0.1763990198215637,0.1259361090464887,0.20772167278928397,0.21019797565607237,0.2280181884222685,0.20948320658100822,0.1913325193025869,0.19172600502697074,0.19182709468072778,0.18227216041080815,0.1557346290184574,0.12449497192111793
returnOnTangibleAssets,0.11540854812287556,0.1306351331038692,0.09906898966007499,0.20736123838130405,0.2205479188993126,0.20399849993070332,0.2037457972663913,0.18795176514237455,0.1926442648305204,0.1981700977334165,0.18643655809431212,0.1589873417721519,0.10459734649799445
grahamNetNet,-72.1989298261341,-60.9781179106342,-52.56784075805,-16.81772170994324,-15.537925617137976,-15.784360703405767,-14.201247749125132,-11.57957443875089,-11.407334167477066,-12.16689641057745,-11.398336625306975,-12.058455286221546,-13.89499903958758
workingCapital,324486000,1203436000,634308000,1647163000,1282974000,1054966000,1436814000,1570137000,1393636000,938000000,765000000,1003000000,638000000
tangibleAssetValue,723647000,1122779000,1163905000,878587000,586757000,-132954000,-161707000,169579000,-144041000,-573000000,-906000000,-1542000000,-2232000000
netCurrentAssetValue,-13761542000,-12287167000,-10944716000,-2123625000,-2143285000,-2588233000,-2447599000,-1965995000,-2259724000,-2705000000,-2745000000,-3124000000,-3628000000
investedCapital,1.6087975923293345,2.0402276573814055,0.5784107422603506,0.44639466524802207,0.4907066437645267,0.5940346566427945,0.5523656551396872,0.4772512897462329,0.5217795809960881,0.5560097325553173,0.5609066733497626,0.8109937183051139,1.0039444910152442
averageReceivables,,90760000,83648500,74282000,99512500,50905000,48801500,,,,,,49380000
averagePayables,3676346500,3614089000,3237385500,2999779000,2811930000,2585842500,2554157000,2501121500,2450286500,2438044500,2339044500,2284044500,2222544500
averageInventory,5430901000,5247477000,4962162500,4672240500,4428251000,4253131000,4160815000,4014999000,3900235000,3822238500,3628238500,3506238500,3383738500
daysSalesOutstanding,0,0.9816445326923804,1.006558772684545,0.8233531549586082,1.683642817102508,0.18344129455589264,0.12262500416082393,0,0,0,0,0,0.24754153950491695
daysPayablesOutstanding,58.29728860174945,57.2843409127949,54.19951723631024,48.8574004079305,45.14363761882748,37.393056808884,38.78351998023676,38.656678020071745,38.908694382241265,42.11666819054585,38.41725195370462,39.310228042447505,37.413963241643025
daysOfInventoryOnHand,87.5460264925135,83.17400634020088,88.60925604020407,83.91178627804129,81.06620941255937,78.23333690696371,79.79151352561011,77.48637282397202,77.21326063674424,79.99497119868337,72.53783757048174,72.72804244750509,68.43468607376342
receivablesTurnover,,371.8250220361393,362.6216470465265,443.3091654556778,216.79182561307903,1989.7373755656108,2976.5544351892445,,,,,,1474.5
payablesTurnover,6.26101159684203,6.371723828605217,6.734377326805286,7.470720851958252,8.0853032509674,9.761170419030352,9.411213839950475,9.442094320947099,9.380936723659214,8.666402535657687,9.50093984962406,9.285115303983229,9.755716004813477
inventoryTurnover,4.169235482448914,4.388390268313706,4.11920849255738,4.3498061022151795,4.502492501437369,4.665530251305317,4.574421312146793,4.710505688905852,4.7271672895303665,4.562786816854401,5.031856645097063,5.018696883852691,5.333552631578947
roe,0.38314234493657445,0.39858206537583557,0.2555098843715032,0.2476818857751115,0.25122702861711843,0.23142156160948701,0.21664315056724998,0.18657406483109218,0.18975923296335395,0.19116086598078763,0.164292775294822,0.15489043105168382,0.09999121021219963
capexPerShare,-4.569518613853779,-4.142156013393991,-3.059184651904285,-2.76962531349588,-2.3701324651421993,-1.9916890909543326,-1.7151020962864811,-1.227598454533816,-1.6675978518734167,-1.720358520890644,-1.5088209264024102,-1.232660014602093,-0.7768404290255222
