,2021,2020,2019,2018,2017,2016,2015,2014,2013,2012,2011,2010,2009,2008,2007,2006,2005,2004,2003,2002,2001,2000,1999,1998
reportedCurrency,USD,USD,USD,USD,USD,USD,USD,USD,USD,USD,USD,USD,USD,USD,USD,USD,USD,USD,USD,USD,USD,USD,USD,USD
cik,0001364742,0001364742,0001364742,0001364742,0001364742,0001364742,0001364742,0001364742,0001364742,0001364742,0001364742,0001364742,0001364742,0001364742,0001364742,0001364742,0001364742,0001364742,0001364742,0001364742,0001364742,0001364742,0001364742,0001364742
fillingDate,2022-02-25,2021-02-25,2020-02-28,2019-02-28,2018-02-28,2017-02-28,2016-02-26,2015-02-27,2014-02-28,2013-03-01,2012-02-28,2011-02-28,2010-03-10,2009-03-02,2008-02-28,2007-03-13,2005-12-31,2004-12-31,2003-12-31,2002-12-31,2001-12-31,2000-12-31,1999-12-31,1998-12-31
acceptedDate,2022-02-25 15:15:26,2021-02-25 15:55:29,2020-02-28 16:30:05,2019-02-28 16:25:04,2018-02-28 14:38:00,2017-02-28 15:14:26,2016-02-26 13:40:10,2015-02-27 16:34:29,2014-02-28 14:29:28,2013-02-28 17:48:24,2012-02-28 17:27:56,2011-02-28 17:20:47,2010-03-10 17:25:57,2009-02-27 18:43:16,2008-02-28 16:45:02,2007-03-13 14:24:33,2005-12-31,2004-12-31,2003-12-31,2002-12-31,2001-12-31,2000-12-31,1999-12-31,1998-12-31
calendarYear,2021,2020,2019,2018,2017,2016,2015,2014,2013,2012,2011,2010,2009,2008,2007,2006,2005,2004,2003,2002,2001,2000,1999,1998
period,FY,FY,FY,FY,FY,FY,FY,FY,FY,FY,FY,FY,FY,FY,FY,FY,FY,FY,FY,FY,FY,FY,FY,FY
revenue,19374000000,16205000000,14539000000,14198000000,12491000000,11155000000,11401000000,11081000000,10180000000,9337000000,9081000000,8612000000,4700000000,5064000000,4844655000,2097976000,1191386000,725311000,598212000,576977000,533144000,476872000,380981000,341500000
costOfRevenue,9556000000,7939000000,7133000000,6993000000,5668000000,5109000000,5229000000,4997000000,4622000000,4297000000,386000000,408000000,477000000,597000000,547620000,0.0,0.0,0.0,0.0,0.0,0.0,0.0,0.0,0.0
grossProfit,9818000000,8266000000,7406000000,7205000000,6823000000,6046000000,6172000000,6084000000,5558000000,5040000000,8695000000,8204000000,4223000000,4467000000,4297035000,0.0,0.0,0.0,0.0,0.0,0.0,0.0,0.0,0.0
grossProfitRatio,0.5067616393104161,0.5100894785560013,0.509388541165142,0.5074658402591914,0.5462332879673365,0.541999103541013,0.5413560214016314,0.5490479198628283,0.5459724950884086,0.5397879404519653,0.9574936680982271,0.9526242452392011,0.8985106382978724,0.8821090047393365,0.8869640872260254,0.0,0.0,0.0,0.0,0.0,0.0,0.0,0.0,0.0
researchAndDevelopmentExpenses,0.0,0.0,0.0,0.0,0.0,0.0,0.0,0.0,0.0,0.0,0.0,0.0,0.0,0.0,0.0,0.0,0.0,0.0,0.0,0.0,0.0,0.0,0.0,0.0
generalAndAdministrativeExpenses,1945000000,1618000000,1324000000,1196000000,1129000000,976000000,1015000000,990000000,1540000000,1359000000,5177000000,4944000000,2676000000,2560000000,2765544000,443260000,204850000,128738000,107333000,90076000,76567000,58311000,48570000,148400000
sellingAndMarketingExpenses,238000000,229000000,350000000,361000000,333000000,325000000,365000000,413000000,0.0,0.0,0.0,0.0,0.0,0.0,0.0,0.0,0.0,0.0,0.0,0.0,0.0,0.0,0.0,0.0
sellingGeneralAndAdministrativeExpenses,2183000000,1847000000,1674000000,1557000000,1462000000,1301000000,1380000000,1403000000,1540000000,1359000000,5177000000,4944000000,2676000000,2560000000,2765544000,443260000,204850000,128738000,107333000,90076000,76567000,58311000,48570000,148400000
otherExpenses,147000000,106000000,97000000,50000000,89000000,99000000,128000000,157000000,161000000,157000000,237000000,262000000,247000000,276000000,237827000,1182916000,645995000,424678000,262603000,271762000,286401000,275523000,221468000,-255900000
operatingExpenses,2330000000,1953000000,1771000000,1607000000,1551000000,1400000000,1508000000,1560000000,1701000000,1516000000,5414000000,5206000000,2923000000,2836000000,3003371000,1626176000,850845000,553416000,369936000,361838000,362968000,333834000,270038000,-107500000
costAndExpenses,11886000000,9892000000,8904000000,8600000000,7219000000,6509000000,6737000000,6557000000,6323000000,5813000000,5800000000,5614000000,3400000000,3433000000,3550991000,1626176000,850845000,553416000,369936000,361838000,362968000,333834000,270038000,-107500000
interestIncome,87000000,62000000,97000000,104000000,49000000,40000000,26000000,29000000,22000000,36000000,34000000,29000000,20000000,65000000,74466000,0.0,0.0,0.0,0.0,0.0,0.0,0.0,0.0,0.0
interestExpense,205000000,205000000,203000000,184000000,205000000,205000000,204000000,232000000,211000000,215000000,176000000,150000000,68000000,66000000,49412000,0.0,0.0,0.0,0.0,0.0,0.0,0.0,0.0,0.0
depreciationAndAmortization,415000000,358000000,405000000,220000000,240000000,229000000,247000000,278000000,291000000,295000000,299000000,310000000,239000000,232000000,198824000,72809000,30902000,20686000,21366000,20238000,26021000,19995000,18153000,12900000
ebitda,8489000000,6733000000,6345000000,5785000000,5685000000,4896000000,5046000000,4935000000,4456000000,3998000000,3608000000,3494000000,1557000000,1472000000,1707340000,584874000,403368000,216091000,272015000,244186000,207012000,169912000,121603000,80900000
ebitdaratio,0.4381645504284092,0.41548904659055846,0.4364124080060527,0.40745175376813636,0.4551276919381955,0.43890632003585833,0.44259275502148937,0.44535691724573595,0.43772102161100196,0.4281889257791582,0.39731307124765997,0.40571295866233165,0.3312765957446808,0.29067930489731436,0.3524172515896385,0.2787801195056569,0.3385703709796825,0.29792875056355134,0.45471337920335936,0.42321617672801515,0.38828534129616016,0.35630525591773055,0.3191838963097897,0.23689604685212298
operatingIncome,7450000000,5695000000,5551000000,5457000000,5272000000,4570000000,4664000000,4474000000,3857000000,3524000000,3249000000,2998000000,1278000000,1593000000,1293664000,471800000,340541000,165798000,228276000,215139000,170176000,143038000,110943000,0.0
operatingIncomeRatio,0.3845359760503768,0.35143474236346806,0.3818006740491093,0.38434990843780814,0.4220638859979185,0.4096817570596145,0.409086922199807,0.4037541738110279,0.3788801571709234,0.37742315518903286,0.35777998017839446,0.3481189038550859,0.27191489361702126,0.3145734597156398,0.2670291279771212,0.22488341144035967,0.28583599270093824,0.22858883982181435,0.38159715953541556,0.3728727488270763,0.31919331362633735,0.2999505108289017,0.2912034983371874,0.0
totalOtherIncomeExpensesNet,723000000,829000000,236000000,-79000000,5000000.0,-110000000,-62000000,-79000000,116000000,-54000000,-114000000,23000000,-6000000.0,-574000000,529055000,56433000,35214000,34640000,22626000,8809000.0,10815000,6879000.0,-7493000.0,-381000000
incomeBeforeTax,8173000000,6524000000,5787000000,5378000000,5277000000,4460000000,4602000000,4395000000,3973000000,3470000000,3135000000,3021000000,1272000000,1019000000,1822719000,528233000,375755000,200438000,250902000,223948000,180991000,149917000,103450000,68000000
incomeBeforeTaxRatio,0.4218540311758026,0.40259179265658745,0.3980328770892083,0.3787857444710523,0.4224641742054279,0.39982070820259974,0.40364880273660203,0.3966248533525855,0.39027504911591354,0.37163971296990467,0.3452262966633631,0.35078959591268,0.27063829787234045,0.20122432859399683,0.37623298253436005,0.2517821938859167,0.31539316392839933,0.2763476632782351,0.41941987121622437,0.3881402551574846,0.3394786399171706,0.31437576540455303,0.27153585086920345,0.19912152269399708
incomeTaxExpense,1968000000,1238000000,1261000000,1076000000,270000000,1290000000,1250000000,1131000000,1022000000,1030000000,796000000,971000000,375000000,388000000,463832000,189463000,138558000,52264000,95247000,90699000,73557000,62556000,44033000,32400000
netIncome,5901000000,4932000000,4476000000,4305000000,4970000000,3172000000,3345000000,3294000000,2932000000,2458000000,2337000000,2063000000,875000000,786000000,995272000,322602000,233908000,143141000,155402000,133249000,107434000,87361000,59417000,35600000
netIncomeRatio,0.3045834623722515,0.30435050910212896,0.30786161359103104,0.30321171996055785,0.3978864782643503,0.2843567906768265,0.2933953162003333,0.29726558974821765,0.2880157170923379,0.26325372175216877,0.25735051205814335,0.23954946586158848,0.18617021276595744,0.1552132701421801,0.2054371260698646,0.15376820325875987,0.19633267471667454,0.19735120520714564,0.25977747019451297,0.23094334782842296,0.2015102861515838,0.18319591001358856,0.15595790866211176,0.10424597364568082
eps,38.45,32.13,28.69,26.86,30.54,19.29,20.1,19.58,17.23,14.03,12.56,10.67,6.24,6.07,7.75,4.0,3.64,2.25,2.4,2.06,1.67,1.37,1.04,0.67
epsdiluted,38.11,31.85,28.43,26.58,30.12,19.04,19.79,19.25,16.87,13.79,12.37,10.55,6.11,5.91,7.53,3.87,3.5,2.17,2.36,2.04,1.65,1.35,1.04,0.67
weightedAverageShsOut,153489422,153489422,156014343,160301116,162148003,164425858,166390009,168225154,170185870,174961018,184265367,190554510,136669164,129543443,128488561,80638167,64182766,63688955,64653352,64756290,64271538,63886353,57057014,53508950
weightedAverageShsOutDil,154840582,154840582,157459546,161948732,164400000,166579752,169038571,171112261,173828902,178017679,187116410,192692047,139481449,132996426,132088810,83358394,66875149,65960473,65860368,65307548,64926199,64590707,57268912,53684125
link,https://www.sec.gov/Archives/edgar/data/1364742/000156459022007117/0001564590-22-007117-index.htm,https://www.sec.gov/Archives/edgar/data/1364742/000156459021008796/0001564590-21-008796-index.htm,https://www.sec.gov/Archives/edgar/data/1364742/000156459020007807/0001564590-20-007807-index.htm,https://www.sec.gov/Archives/edgar/data/1364742/000156459019005479/0001564590-19-005479-index.htm,https://www.sec.gov/Archives/edgar/data/1364742/000156459018003744/0001564590-18-003744-index.htm,https://www.sec.gov/Archives/edgar/data/1364742/000156459017002816/0001564590-17-002816-index.htm,https://www.sec.gov/Archives/edgar/data/1364742/000156459016013511/0001564590-16-013511-index.htm,https://www.sec.gov/Archives/edgar/data/1364742/000119312515069955/0001193125-15-069955-index.htm,https://www.sec.gov/Archives/edgar/data/1364742/000119312514076587/0001193125-14-076587-index.htm,https://www.sec.gov/Archives/edgar/data/1364742/000119312513084957/0001193125-13-084957-index.htm,https://www.sec.gov/Archives/edgar/data/1364742/000119312512085869/0001193125-12-085869-index.htm,https://www.sec.gov/Archives/edgar/data/1364742/000119312511050218/0001193125-11-050218-index.htm,https://www.sec.gov/Archives/edgar/data/1364742/000119312510052764/0001193125-10-052764-index.htm,https://www.sec.gov/Archives/edgar/data/1364742/000119312509041298/0001193125-09-041298-index.htm,https://www.sec.gov/Archives/edgar/data/1364742/000119312508041884/0001193125-08-041884-index.htm,https://www.sec.gov/Archives/edgar/data/1364742/000119312507053304/0001193125-07-053304-index.htm,,,,,,,,
finalLink,https://www.sec.gov/Archives/edgar/data/1364742/000156459022007117/blk-10k_20211231.htm,https://www.sec.gov/Archives/edgar/data/1364742/000156459021008796/blk-10k_20201231.htm,https://www.sec.gov/Archives/edgar/data/1364742/000156459020007807/blk-10k_20191231.htm,https://www.sec.gov/Archives/edgar/data/1364742/000156459019005479/blk-10k_20181231.htm,https://www.sec.gov/Archives/edgar/data/1364742/000156459018003744/blk-10k_20171231.htm,https://www.sec.gov/Archives/edgar/data/1364742/000156459017002816/blk-10k_20161231.htm,https://www.sec.gov/Archives/edgar/data/1364742/000156459016013511/blk-10k_20151231.htm,https://www.sec.gov/Archives/edgar/data/1364742/000119312515069955/d822114d10k.htm,https://www.sec.gov/Archives/edgar/data/1364742/000119312514076587/d641151d10k.htm,https://www.sec.gov/Archives/edgar/data/1364742/000119312513084957/d439552d10k.htm,https://www.sec.gov/Archives/edgar/data/1364742/000119312512085869/d270105d10k.htm,https://www.sec.gov/Archives/edgar/data/1364742/000119312511050218/d10k.htm,https://www.sec.gov/Archives/edgar/data/1364742/000119312510052764/d10k.htm,https://www.sec.gov/Archives/edgar/data/1364742/000119312509041298/d10k.htm,https://www.sec.gov/Archives/edgar/data/1364742/000119312508041884/d10k.htm,https://www.sec.gov/Archives/edgar/data/1364742/000119312507053304/d10k.htm,,,,,,,,
