,2021,2020,2019,2018,2017,2016,2015,2014,2013,2012,2011,2010,2009,2008,2007,2006,2005,2004,2003,2002,2001,2000,1999,1998,1997,1996,1995,1994,1993,1992,1991,1990,1989
reportedCurrency,USD,USD,USD,USD,USD,USD,USD,USD,USD,USD,USD,USD,USD,USD,USD,USD,USD,USD,USD,USD,USD,USD,USD,USD,USD,USD,USD,USD,USD,USD,USD,USD,USD
cik,0000277135,0000277135,0000277135,0000277135,0000277135,0000277135,0000277135,0000277135,0000277135,0000277135,0000277135,0000277135,0000277135,0000277135,0000277135,0000277135,0000277135,0000277135,0000277135,0000277135,0000277135,0000277135,0000277135,0000277135,0000277135,0000277135,0000277135,0000277135,0000277135,0000277135,0000277135,0000277135,0000277135
fillingDate,2022-02-23,2021-02-24,2020-02-20,2019-02-28,2018-02-26,2017-02-28,2016-02-29,2015-02-27,2014-02-27,2013-02-28,2012-02-28,2011-02-28,2010-02-25,2009-02-27,2008-02-27,2007-02-27,2006-03-06,2005-02-28,2004-03-10,2003-03-20,2001-12-31,2000-12-31,1999-12-31,1999-03-26,1997-12-31,1996-12-31,1996-03-25,1995-03-27,1993-12-31,1992-12-31,1991-12-31,1990-12-31,1989-12-31
acceptedDate,2022-02-23 17:11:12,2021-02-24 17:03:46,2020-02-20 07:54:17,2019-02-28 16:51:08,2018-02-26 17:02:16,2017-02-28 17:20:59,2016-02-29 12:10:31,2015-02-27 14:22:14,2014-02-27 11:26:35,2013-02-27 18:32:43,2012-02-27 17:34:36,2011-02-28 16:12:08,2010-02-25 11:09:46,2009-02-26 18:07:55,2008-02-27 15:16:41,2007-02-27 16:08:54,2006-03-06,2005-02-28 16:22:08,2004-03-10 16:27:20,2003-03-20 08:40:11,2001-12-31,2000-12-31,1999-12-31,1999-03-26 00:00:00,1997-12-31,1996-12-31,1996-03-25 00:00:00,1995-03-27 00:00:00,1993-12-31,1992-12-31,1991-12-31,1990-12-31,1989-12-31
calendarYear,2021,2020,2019,2018,2017,2016,2015,2014,2013,2012,2011,2010,2009,2008,2007,2006,2005,2004,2003,2002,2001,2000,1999,1998,1997,1996,1995,1994,1993,1992,1991,1990,1989
period,FY,FY,FY,FY,FY,FY,FY,FY,FY,FY,FY,FY,FY,FY,FY,FY,FY,FY,FY,FY,FY,FY,FY,FY,FY,FY,FY,FY,FY,FY,FY,FY,FY
netIncome,1043000000,695000000,849000000,782000000,585730000,605928000,768996000,801729000,797036000,689881000,658423000,510865000,430466000,475355000,420120000,383399000,346324000,286923000,226971000,211567000,174530000,192903000,180700000,238500000,231800000,208500000,186700000,127900000,148500000,137200000,127700000,126800000,119600000
depreciationAndAmortization,185000000,182000000,229000000,257000000,264064000,248857000,227967000,208326000,180613000,159049000,149200000,149678000,147531000,139570000,131999000,118568000,108782000,98256000,90253000,93488000,103209000,106893000,98200000,78900000,79700000,74300000,70900000,66700000,59200000,49100000,33000000,33100000,33300000
deferredIncomeTax,27000000,-5000000.0,4000000.0,7000000.0,-5048000.0,-5884000.0,4076000.0,-13732000,-9319000.0,12343000,1666000.0,-5553000.0,21683000,5182000.0,-18632000,9858000.0,23663000,-4450000.0,5382000.0,-6480000.0,-6853000.0,-21077000,-5300000.0,-7900000.0,2200000.0,100000.0,-5500000.0,-31800000,-22400000,-12400000,-900000.0,-8800000.0,-500000.0
stockBasedCompensation,42000000,46000000,40000000,47000000,32661000,35735000,46861000,49032000,55590000,55500000,54020000,49796000,40407000,45945000,0.0,0.0,0.0,0.0,0.0,0.0,0.0,0.0,0.0,0.0,0.0,0.0,0.0,0.0,0.0,0.0,0.0,0.0,0.0
changeInWorkingCapital,-443000000,601000000,-179000000,356672000,308036000,131184000,-445725000,-142662000,27858000,513662000,-61793000,14052000,-27659000,407961000,-181349000,-115141000,178625000,165506000,28092000,59881000,103122000,135078000,58700000,-107200000,-55000000,85500000,114100000,504500000,0.0,0.0,0.0,0.0,-100300000
accountsReceivables,-324000000,-121000000,-42000000,-79000000,-103126000,-45600000,-3085000.0,-122580000,-126465000,-45953000,-85083000,-127790000,2794000.0,-5592000.0,0.0,0.0,0.0,0.0,0.0,0.0,0.0,0.0,0.0,0.0,0.0,0.0,0.0,0.0,0.0,0.0,0.0,0.0,0.0
inventory,-152000000,-158000000,-106000000,-129000000,-4915000.0,-4403000.0,-37737000,-92443000,-23636000,-14872000,-219680000,-80545000,175286000,-92518000,-97234000,-33839000,-84031000,-30728000,83530000,-97297000,66446000,54468000,-135800000,-14600000,74800000,-7400000.0,-82700000,-70100000,-34000000,23700000,-23600000,15600000,-79400000
accountsPayables,54000000,80000000,32000000,-51000000,72332000,72882000,23130000,32019000,71118000,-54314000,86395000,36219000,-16736000,-6960000.0,0.0,0.0,0.0,0.0,0.0,0.0,0.0,0.0,0.0,0.0,0.0,0.0,0.0,0.0,0.0,0.0,0.0,0.0,0.0
otherWorkingCapital,-26000000,2478000000,1877000000,2056000000,1699328000,1391292000,1260108000,1705833000,1848495000,1820637000,1306975000,1368768000,1354716000,1382375000,974414000,1155763000,1270904000,1092279000,926773000,898681000,838800000,735678000,600600000,541900000,649100000,704100000,618600000,504500000,0.0,0.0,0.0,0.0,0.0
otherNonCashItems,83000000,-396000000,99000000,-392672000,-128886000,-12844000,387729000,57121000,-65280000,-614240000,-55408000,-122393000,119968000,-543947000,116737000,40069000,-224851000,-139748000,43410000,-54986000,136786000,-136040000,-302600000,132300000,167400000,-97000000,-239900000,-475900000,-22800000,22500000,-9200000.0,31700000,-5200000.0
netCashProvidedByOperatingActivities,937000000,1123000000,1042000000,1057000000,1056557000,1002976000,989904000,959814000,986498000,816195000,746108000,596445000,732396000,530066000,468875000,436753000,432543000,406487000,394108000,303470000,510794000,277757000,29700000,334600000,426100000,271400000,126300000,191400000,162500000,196400000,150600000,182800000,46900000
investmentsInPropertyPlantAndEquipment,-255000000,-197000000,0.0,-239000000,-237283000,-284249000,-373868000,-387390000,-272145000,-249860000,-196942000,-120616000,-142414000,-182678000,-197423000,-136764000,-112297000,-128276000,-74064000,-133978000,-100451000,-94913000,-114100000,-130200000,-108300000,-62100000,-111900000,-120400000,-98400000,-217200000,-32800000,-35000000,-34800000
acquisitionsNet,0.0,20000000,17000000,86000000,0.0,0.0,-464000000,-31000000,-154000000,-65000000,-359000000,-62000000,-123000000,-34000000,-9000000.0,-34000000,-25000000,0.0,0.0,0.0,0.0,0.0,0.0,0.0,0.0,0.0,0.0,0.0,0.0,0.0,0.0,0.0,0.0
purchasesOfInvestments,0.0,0.0,0.0,0.0,0.0,0.0,0.0,0.0,0.0,0.0,0.0,0.0,0.0,-6487000.0,-17079000,-13187000,0.0,0.0,0.0,0.0,0.0,-5000000.0,-18500000,0.0,0.0,0.0,0.0,0.0,0.0,0.0,0.0,0.0,0.0
salesMaturitiesOfInvestments,0.0,0.0,0.0,0.0,0.0,0.0,0.0,0.0,0.0,0.0,0.0,0.0,0.0,19848000,12765000,27843000,0.0,50000.0,6115000.0,15957000,1015000.0,31665000,0.0,0.0,0.0,0.0,0.0,0.0,0.0,0.0,0.0,0.0,6600000.0
otherInvestingActivites,29000000,-2000000.0,-219000000,-13000000,91200000,21985000,-5490000.0,34332000,26718000,9204000.0,20874000,13457000,2851000.0,682000.0,13780000,16362000,-25688000,-14166000,-37332000,12263000,-16241000,-25935000,-16800000,-46100000,5200000.0,-129000000,5300000.0,2400000.0,1400000.0,-1600000.0,-35200000,-3700000.0,14500000
netCashUsedForInvestingActivites,-226000000,-179000000,-202000000,-166000000,-146083000,-262264000,-843358000,-384058000,-399427000,-305656000,-535068000,-169159000,-262563000,-202635000,-196957000,-139746000,-162985000,-142392000,-105281000,-105758000,-115677000,-94183000,-149400000,-176300000,-103100000,-191100000,-106600000,-118000000,-97000000,-218800000,-68000000,-38700000,-13700000
debtRepayment,-8000000.0,-1435000000,-57000000,-127000000,-452323000,-299606000,-131397000,-288184000,-171131000,-424956000,-373621000,-268921000,-62439000,-111384000,0.0,0.0,0.0,0.0,0.0,0.0,0.0,0.0,0.0,0.0,0.0,0.0,0.0,0.0,0.0,0.0,0.0,0.0,0.0
commonStockIssued,0.0,0.0,0.0,0.0,0.0,0.0,0.0,0.0,0.0,0.0,0.0,0.0,0.0,0.0,0.0,64437000,65997000,72275000,15171000,17076000,32347000,6011000.0,1200000.0,4600000.0,2200000.0,2900000.0,2100000.0,1200000.0,2900000.0,6300000.0,2900000.0,2000000.0,1200000.0
commonStockRepurchased,-695000000,-601000000,-700000000,-425000000,-605431000,-789773000,-1400071000,-525120000,-438473000,-340532000,-151082000,-504803000,-372727000,-394247000,-647293000,-472787000,-137473000,-100872000,-41204000,-99882000,-74631000,-947000.0,-15300000,-194000000,-346800000,-32100000,0.0,0.0,-104700000,-38600000,-54800000,-37900000,-3000000.0
dividendsPaid,-357000000,-338000000,-328000000,-316000000,-304473000,-302971000,-306474000,-291395000,-255466000,-220077000,-180527000,-152338000,-134684000,-121504000,-113093000,-97896000,-82663000,-71243000,-67281000,-66467000,-65445000,-62863000,-58800000,-56700000,-53900000,-50000000,-45200000,-39600000,-36300000,-34300000,-32700000,-31000000,-27200000
otherFinancingActivites,21000000,1648000000,62000000,198000000,495079000,637818000,1775391000,346576000,274201000,591129000,527784000,347475000,156320000,590325000,246499000,13373000,0.0,-140800000,-4564000.0,-8780000.0,-179353000,-123268000,212100000,84000000,-4400000.0,114300000,19600000,-22200000,30400000,-7200000.0,-4500000.0,-11200000,4700000.0
netCashUsedProvidedByFinancingActivities,-1039000000,-726000000,-1023000000,-670000000,-867148000,-754532000,-62551000,-758123000,-590869000,-394436000,-177446000,-578587000,-413530000,-36810000,-513887000,-492873000,-154139000,-240640000,-97878000,-158053000,-287082000,-181067000,139200000,-162100000,-402900000,35100000,-23500000,-60600000,-107700000,-73800000,-89100000,-78100000,-24300000
effectOfForexChangesOnCash,-16000000,7000000.0,5000000.0,-10000000,9404000.0,-2170000.0,-20503000,-21633000,-17621000,469000.0,-11557000,4884000.0,7278000.0,-7768000.0,6935000.0,-557000.0,229000.0,2967000.0,3347000.0,23000.0,-2573000.0,-1806000.0,0.0,0.0,0.0,0.0,0.0,0.0,0.0,0.0,0.0,0.0,0.0
netChangeInCash,-344000000,225000000,-178000000,211000000,52730000,-15990000,63492000,-204000000,-21419000,116572000,22037000,-146417000,63581000,282853000,-235034000,-196423000,115648000,26422000,194296000,39682000,105462000,701000.0,19500000,-3800000.0,0.0,0.0,0.0,0.0,-107700000,-73800000,-89100000,-78100000,-24300000
cashAtEndOfPeriod,241000000,585000000,360000000,538000000,326876000,274146000,290136000,226644000,430644000,452063000,335491000,313454000,459871000,396290000,113437000,348471000,544894000,429246000,402824000,208528000,168846000,63384000,62700000,43100000,0.0,0.0,0.0,0.0,0.0,0.0,0.0,0.0,0.0
cashAtBeginningOfPeriod,585000000,360000000,538000000,327000000,274146000,290136000,226644000,430644000,452063000,335491000,313454000,459871000,396290000,113437000,348471000,544894000,429246000,402824000,208528000,168846000,63384000,62683000,43200000,46900000,126900000,11500000,15300000,2600000.0,44800000,141000000,147500000,81400000,72600000
operatingCashFlow,937000000,1123000000,1042000000,1057000000,1056557000,1002976000,989904000,959814000,986498000,816195000,746108000,596445000,732396000,530066000,468875000,436753000,432543000,406487000,394108000,303470000,510794000,277757000,29700000,334600000,426100000,271400000,126300000,191400000,162500000,196400000,150600000,182800000,46900000
capitalExpenditure,-255000000,-197000000,-221000000,-239000000,-237283000,-284249000,-373868000,-387390000,-272145000,-249860000,-196942000,-120616000,-142414000,-194975000,-197423000,-136764000,-112297000,-128276000,-74064000,-133978000,-100451000,-94913000,-114100000,-130200000,-108300000,-62100000,-111900000,-120400000,-98400000,-217200000,-32800000,-35000000,-34800000
freeCashFlow,682000000,926000000,821000000,818000000,819274000,718727000,616036000,572424000,714353000,566335000,549166000,475829000,589982000,335091000,271452000,299989000,320246000,278211000,320044000,169492000,410343000,182844000,-84400000,204400000,317800000,209300000,14400000,71000000,64100000,-20800000,117800000,147800000,12100000
link,https://www.sec.gov/Archives/edgar/data/277135/000027713522000012/0000277135-22-000012-index.htm,https://www.sec.gov/Archives/edgar/data/277135/000027713521000007/0000277135-21-000007-index.htm,https://www.sec.gov/Archives/edgar/data/277135/000027713520000007/0000277135-20-000007-index.htm,https://www.sec.gov/Archives/edgar/data/277135/000027713519000010/0000277135-19-000010-index.htm,https://www.sec.gov/Archives/edgar/data/277135/000027713518000007/0000277135-18-000007-index.htm,https://www.sec.gov/Archives/edgar/data/277135/000027713517000007/0000277135-17-000007-index.htm,https://www.sec.gov/Archives/edgar/data/277135/000027713516000037/0000277135-16-000037-index.htm,https://www.sec.gov/Archives/edgar/data/277135/000027713515000005/0000277135-15-000005-index.htm,https://www.sec.gov/Archives/edgar/data/277135/000027713514000008/0000277135-14-000008-index.htm,https://www.sec.gov/Archives/edgar/data/277135/000027713513000009/0000277135-13-000009-index.htm,https://www.sec.gov/Archives/edgar/data/277135/000027713512000008/0000277135-12-000008-index.htm,https://www.sec.gov/Archives/edgar/data/277135/000027713511000011/0000277135-11-000011-index.htm,https://www.sec.gov/Archives/edgar/data/277135/000027713510000011/0000277135-10-000011-index.htm,https://www.sec.gov/Archives/edgar/data/277135/000027713509000005/0000277135-09-000005-index.htm,https://www.sec.gov/Archives/edgar/data/277135/000027713508000006/0000277135-08-000006-index.htm,https://www.sec.gov/Archives/edgar/data/277135/000027713507000010/0000277135-07-000010-index.htm,https://www.sec.gov/Archives/edgar/data/277135/000027713506000013/0000277135-06-000013-index.htm,https://www.sec.gov/Archives/edgar/data/277135/000027713505000008/0000277135-05-000008-index.htm,https://www.sec.gov/Archives/edgar/data/277135/000027713504000007/0000277135-04-000007-index.htm,https://www.sec.gov/Archives/edgar/data/277135/000027713503000003/0000277135-03-000003-index.htm,,,,https://www.sec.gov/Archives/edgar/data/277135/000027713599000003/0000277135-99-000003-index.html,,,https://www.sec.gov/Archives/edgar/data/277135/000027713596000004/0000277135-96-000004-index.html,https://www.sec.gov/Archives/edgar/data/277135/000027713595000007/0000277135-95-000007-index.html,,,,,
finalLink,https://www.sec.gov/Archives/edgar/data/277135/000027713522000012/gww-20211231.htm,https://www.sec.gov/Archives/edgar/data/277135/000027713521000007/gww-20201231.htm,https://www.sec.gov/Archives/edgar/data/277135/000027713520000007/gww20191231-10k.htm,https://www.sec.gov/Archives/edgar/data/277135/000027713519000010/gww20181231-10k.htm,https://www.sec.gov/Archives/edgar/data/277135/000027713518000007/gww20171231-10k.htm,https://www.sec.gov/Archives/edgar/data/277135/000027713517000007/gww20161231-10k.htm,https://www.sec.gov/Archives/edgar/data/277135/000027713516000037/gww20151231-10k.htm,https://www.sec.gov/Archives/edgar/data/277135/000027713515000005/gww20141231-10k.htm,https://www.sec.gov/Archives/edgar/data/277135/000027713514000008/gww20131231-10k.htm,https://www.sec.gov/Archives/edgar/data/277135/000027713513000009/gww20121231-10k.htm,https://www.sec.gov/Archives/edgar/data/277135/000027713512000008/gww20111231-10k.htm,https://www.sec.gov/Archives/edgar/data/277135/000027713511000011/form10k123110.htm,https://www.sec.gov/Archives/edgar/data/277135/000027713510000011/form10k123109.htm,https://www.sec.gov/Archives/edgar/data/277135/000027713509000005/form10k123108.htm,https://www.sec.gov/Archives/edgar/data/277135/000027713508000006/form10k2007.htm,https://www.sec.gov/Archives/edgar/data/277135/000027713507000010/form10k2006.htm,https://www.sec.gov/Archives/edgar/data/277135/000027713506000013/form10k2005.htm,https://www.sec.gov/Archives/edgar/data/277135/000027713505000008/form10k2004.htm,https://www.sec.gov/Archives/edgar/data/277135/000027713504000007/form10k2003.htm,https://www.sec.gov/Archives/edgar/data/277135/000027713503000003/form10k2002.htm,,,,https://www.sec.gov/Archives/edgar/data/277135/0000277135-99-000003.txt,,,https://www.sec.gov/Archives/edgar/data/277135/0000277135-96-000004.txt,https://www.sec.gov/Archives/edgar/data/277135/0000277135-95-000007.txt,,,,,
