,2021,2020,2019,2018,2017,2016,2015,2014,2013,2012,2011,2010,2009,2008,2007,2006,2005,2004,2003,2002,2001,2000,1999,1998,1997,1996,1995,1994,1993,1992,1991,1990,1989,1988,1987,1986,1985
period,FY,FY,FY,FY,FY,FY,FY,FY,FY,FY,FY,FY,FY,FY,FY,FY,FY,FY,FY,FY,FY,FY,FY,FY,FY,FY,FY,FY,FY,FY,FY,FY,FY,FY,FY,FY,FY
revenuePerShare,250.90558766859345,220.50467289719626,209.98171846435102,199.8646313877064,180.75176419592543,167.74840727441213,153.06696133953375,145.8271577838265,135.8811045841972,128.20209992551423,115.91432179191,101.38992334514448,84.32481771609791,89.44952834593995,77.88477830154712,66.98246284841824,61.70272831552202,55.980109165417105,51.43791351695809,50.48679405403836,51.017934151377226,53.51440805980718,48.83736922304947,45.11293243735396,41.11743768803703,34.25116222718463,31.975235873105824,29.507202486464227,25.26923076923077,22.093457943925234,19.23148148148148,17.59090909090909,15.844036697247706,13.82882882882883,11.486956521739131,10,9.413793103448276
netIncomePerShare,20.096339113680155,12.990654205607477,15.521023765996343,13.928717738631708,10.155700043346338,10.026774337674372,11.802200837975965,11.732505048731232,11.475408891960377,9.881983040165014,9.447747915799745,7.211838446009853,5.833979345675331,6.207311228164231,5.098298797734934,4.364806168687129,3.8665719401720775,3.1807256867508165,2.5015812399228916,2.300080569734894,1.8728578778907394,2.074140766680179,1.9464285975881779,2.4783899721993228,2.304071473211571,2.018932297966752,1.8217756225422983,1.2483778895897504,1.4230769230769231,1.280373831775701,1.1851851851851851,1.1545454545454545,1.1009174311926606,0.9819819819819819,0.7913043478260869,0.7413793103448276,0.6206896551724138
operatingCashFlowPerShare,18.053949903660886,20.990654205607477,19.049360146252287,18.826924104518817,18.319150411790204,16.597044563220862,15.192596344214742,14.045921503204847,14.203207786224372,11.691328138428924,10.705944813534028,8.419964143032596,9.92594801181796,6.921741926493046,5.689957271227191,4.972214816920779,4.829173336869091,4.506169398167031,4.343696680648765,3.299217035253363,5.4812614844400525,2.9865119616117246,0.31991659849678405,3.4770200616263875,4.2353962671934875,2.6280010823413744,1.2324063263368628,1.8681745744134342,1.5625,1.8355140186915888,1.3944444444444444,1.6527272727272728,0.42110091743119266,1.5576576576576577,0.10956521739130434,0.8008620689655173,0.5560344827586207
freeCashFlowPerShare,13.140655105973025,17.30841121495327,15.009140767824498,14.569937481075112,14.205010836584309,11.893349439857028,9.454640330279172,8.376854859952585,10.284971780695692,8.112287285853435,7.880013201130706,6.717238166494911,7.995852871818502,4.375706843846769,3.2941621566284476,3.415224968605247,3.5754212747379537,3.0841475728213887,3.527393659762181,1.842656255113069,4.403335358891421,1.9659839107886898,-0.9091232630683023,2.1240373598219775,3.1589038575782453,2.026678800788687,0.14051188518805086,0.6930010176768747,0.6163461538461539,1.3691588785046729,1.0907407407407408,1.3345454545454545,0.1018348623853211,0.7927927927927928,-0.288695652173913,0.5465517241379311,0.3913793103448276
cashPerShare,4.64354527938343,10.934579439252337,6.581352833638026,9.582672817626419,5.66755093194625,4.5365127169830055,4.452875362585754,3.3167091052770217,6.20024187975121,6.4754340228041025,4.813978849492761,4.425003882151983,6.232496679586913,5.174859560979065,1.6202013014957364,4.113197319592181,6.0835282878695205,4.758467526601356,4.43976085663234,2.2670416513240625,1.8118636409232785,0.6815204447585391,0.675379485715433,0.4478767622716596,0.4661818468232212,1.2287890101294046,0.11221435275434617,0.14933683902050962,0.025,0.41869158878504675,1.3055555555555556,1.3409090909090908,0.7467889908256881,0.7135135135135136,0.5078260869565218,1.5560344827586208,0.868103448275862
bookValuePerShare,36.10789980732177,34.16822429906542,33.912248628884825,34.2161979231605,29.304412657130474,29.751865764260064,34.78726767653514,46.97327830947991,46.798519926284264,43.31507477224546,37.720580849751045,31.130849697192147,29.32426205513241,26.55796323252423,25.461252722836445,24.791059405542587,25.555521342232478,22.924775282671956,20.336320944636647,18.130614727182138,17.205096405447794,16.531386729273134,15.94735771294575,13.287703385539935,12.869203349296898,14.163512097055005,11.505386376752137,10.080724662770088,9.05673076923077,8.702803738317757,7.966666666666667,7.412727272727273,6.7128440366972475,5.725225225225225,5.053913043478261,5.018103448275862,4.4672413793103445
tangibleBookValuePerShare,29.633911368015415,27.55140186915888,24.259597806215723,21.534296350390967,12.39211096662332,13.113997782595026,20.06053071811164,36.77914361811104,35.964596291177145,33.389116484272044,26.750111205177138,23.656295438824344,22.614493264304883,22.343734885059067,22.63337884813737,22.39267526692072,23.5154570546293,20.989466057055385,18.487934219361136,16.840205243544883,15.536629314242353,14.820048291998523,14.080638974915695,11.410985444327364,10.81362966223843,11.937360848601497,11.505386376752137,10.080724662770088,13.2375,12.24766355140187,11.264814814814814,10.567272727272726,9.772477064220183,8.434234234234234,7.235652173913043,7.068965517241379,6.187931034482759
shareholdersEquityPerShare,36.10789980732177,34.16822429906542,33.912248628884825,34.2161979231605,29.304412657130474,29.751865764260064,34.78726767653514,46.97327830947991,46.798519926284264,43.31507477224546,37.720580849751045,31.130849697192147,29.32426205513241,26.55796323252423,25.461252722836445,24.791059405542587,25.555521342232478,22.924775282671956,20.336320944636647,18.130614727182138,17.205096405447794,16.531386729273134,15.94735771294575,13.287703385539935,12.869203349296898,14.163512097055005,11.505386376752137,10.080724662770088,9.05673076923077,8.702803738317757,7.966666666666667,7.412727272727273,6.7128440366972475,5.725225225225225,5.053913043478261,5.018103448275862,4.4672413793103445
interestDebtPerShare,54.89402697495183,46.54205607476636,40.93235831809872,40.23653883832357,41.04383181621153,31.891645016630537,25.620132909741088,6.410176486083063,8.005413499193734,7.185741706296912,7.542652566328507,7.093199881417903,7.239503428834738,7.102781702801844,1.3536364357644084,0.10798198876365724,0.1058963134305799,0.10514731526866614,1.6425475156989595,1.404235569771314,1.4515104615418029,3.4575571648874224,4.840758227759419,2.42954958281007,1.5705060084876108,1.6093359612569507,0.5415562241622793,0.37578224197971377,0.3701923076923077,0.04579439252336449,0.08611111111111111,0.11363636363636363,0.01651376146788991,0.13063063063063063,0.034782608695652174,0.16896551724137931,0.22758620689655173
marketCap,25690500000,19494865802.5,17096484343.599998,16622818710.141,15886579442.1,15389358701.723999,12815730460.314,16115890286.664001,16472879381.088,15257412809.436,13507510107.837,9223686265.859,7325474006.214001,5586500265.460432,6411851807.172084,6717905798.556169,6413122034.462508,5428643599.14,4367790875.088987,4293739832.4,4918522293.770867,3441141081,4467765995,3921447031.75,4841592428.75,4021169386.5,3445971843.25,3112008417,1909398400,1818775300.0000002,1685631600,981144999.9999999,848728500,796402800,713897000,602863600,460902800
enterpriseValue,28211500000,21306865802.5,18896484343.6,18255818710.141,17846448442.1,16976124701.723999,14161354460.314,16317186286.664001,16585034381.088,15290922809.436,13688583107.837,9404506265.859,7391011006.214001,5719655265.460432,6409959807.172084,6378919798.556169,5877713034.462508,5008882599.14,4113996875.0889874,4214376832.4,4884941293.770867,3699323081,4854465995,4112147031.75,4952692428.75,4060469386.5,3489971843.25,3135208417,1947298400,1780875300.0000002,1555931600,848144999.9999999,770128500,733702800,662497000,444963600,389602800
peRatio,24.631351869606902,28.050166622302157,20.137201818138987,21.25680141961765,27.122700633568368,25.397998940012677,16.665535919970974,20.10141866723544,20.667672954657004,22.116006687292447,20.514942685533462,18.05503658668924,17.01754379257363,11.752269915032832,15.261953268523477,17.521970058753855,18.51769451283338,18.92021064585272,19.243827956386443,20.294941235636937,28.18152921429478,17.838712104010824,24.72477030990592,16.442125919287214,20.886938864322694,19.28618410791367,18.457267505356185,24.33157480062549,12.90134054054054,13.275732116788323,13.168996875,7.725551181102362,7.0727375,7.306447706422019,7.845021978021978,7.010041860465115,6.401427777777777
priceToSalesRatio,1.9728536323145445,1.6525274054844452,1.4884628542225316,1.4814026120792265,1.523913269811445,1.5181068371243196,1.2849931838896407,1.6172570293772586,1.745422946963463,1.7047302901198822,1.6720971490300112,1.284249979721833,1.1773520736712733,0.8155436741697604,0.999039859865074,1.1417914443228931,1.1604024644399429,1.0750246989010424,0.9358855308959834,0.9245982216663674,1.0345381458095595,0.6914025837424785,0.9854134398641347,0.9032886535715109,1.1704279912851134,1.1368227373346151,1.0515950572950044,1.02940968442989,0.7265595129375951,0.7693634940778342,0.8115703418391912,0.5070516795865633,0.4914467284308049,0.5188291856677525,0.5404216502649507,0.51971,0.4220721611721612
pocfratio,27.417822838847385,17.359631168744436,16.407374609980803,15.72641316001987,15.036178305666425,15.3436958628362,12.946437695285603,16.79063890156218,16.698340372801567,18.693342656394613,18.103960965218175,15.464437233708052,10.002067196180755,10.539254103187965,13.674970529825824,15.381476025479317,14.826553740235092,13.35502389778763,11.082725737840864,14.148811521402445,9.629170064195876,12.389034591387436,150.4298314814815,11.71980583308428,11.362573172377376,14.81639420228445,27.28402092834521,16.25918713166144,11.750144,9.260566700611,11.192772908366534,5.396837183718371,18.490816993464055,4.606146905725853,56.65849206349206,6.489382131324004,7.145779844961241
pfcfRatio,37.66935483870968,21.0527708450324,20.823976057978072,20.32129426667604,19.391045538000718,21.41196685490318,20.803541449386074,28.153764144522246,23.059858894815306,26.94061431738459,24.59640638320107,19.38445589877666,12.416436444186434,16.671591494431162,23.62057309274599,22.393840436003217,20.025611668725006,19.512684973419457,13.647469957533925,25.33299407877658,11.98636821822443,18.82009298090175,-52.93561605450237,19.18516160347358,15.234715005506608,19.21246720735786,239.30360022569445,43.83110446478873,29.78780655226209,12.414848464163825,14.309266553480475,6.6835490463215255,76.46202702702703,9.050031818181818,-21.502921686746987,9.508889589905364,10.152044052863436
pbRatio,13.708911419423693,10.664587419310722,9.216433608409703,8.653211197366476,9.399608694528002,8.559463329722153,5.654080217765197,5.02072677248937,5.067895274756202,5.045587573129112,5.138309183838541,4.182667940854319,3.3855924085436193,2.74682197430945,3.0560160902928177,3.084983249360502,2.8017428030973277,2.625107520486274,2.3671931187089226,2.5746507055833847,3.06769562670325,2.2381667434155323,3.017741300236407,3.0667451566043638,3.739547716652506,2.74914157824571,2.92254418051904,3.0131762364446164,2.027177407368086,1.9531521692439866,1.9591255230125522,1.203268334559725,1.1599405494054942,1.253190873328088,1.2283155540261528,1.0356701597663631,0.889430335777692
ptbRatio,13.708911419423693,10.664587419310722,9.216433608409703,8.653211197366476,9.399608694528002,8.559463329722153,5.654080217765197,5.02072677248937,5.067895274756202,5.045587573129112,5.138309183838541,4.182667940854319,3.3855924085436193,2.74682197430945,3.0560160902928177,3.084983249360502,2.8017428030973277,2.625107520486274,2.3671931187089226,2.5746507055833847,3.06769562670325,2.2381667434155323,3.017741300236407,3.0667451566043638,3.739547716652506,2.74914157824571,2.92254418051904,3.0131762364446164,2.027177407368086,1.9531521692439866,1.9591255230125522,1.203268334559725,1.1599405494054942,1.253190873328088,1.2283155540261528,1.0356701597663631,0.889430335777692
evToSales,2.16644908616188,1.8061257779520217,1.6451753738115966,1.6269333134427413,1.711912856952104,1.674635797180761,1.4199146909728935,1.6374574257062728,1.757306595601201,1.708474405372934,1.6945122088485223,1.309426256824063,1.187885197232526,0.8349822694931107,0.9987450646215611,1.084176567581331,1.0635245444900856,0.9919001698369337,0.8815051497786351,0.9075084836919329,1.0274748809915004,0.7432771502522381,1.0707042491012153,0.9472155878999378,1.1972857972126867,1.14793322020242,1.0650223819005769,1.0370839261023452,0.7409811263318112,0.7533313451776651,0.7491245064997593,0.4383178294573643,0.44593427909669947,0.47798228013029315,0.5015117335352006,0.38358931034482757,0.3567791208791209
enterpriseValueOverEBITDA,16.732799525504152,18.336373324010328,12.846012470156355,13.18109654161805,14.356025012689711,12.985270593369574,9.46573475103956,10.58019986971142,11.276782306597294,11.909300695539072,11.389792647570495,9.321304303644666,8.561069496430095,6.168253864245408,7.875998092020843,8.840076717359514,9.16308060796455,9.217756142658656,8.728244346662594,9.016561331096867,12.197441861751178,8.436543488077211,12.078790731525254,8.572330689493434,10.553361237481354,9.594681915170133,9.109819481205951,10.609842358714044,6.359563683866754,6.497173659248451,6.330071602929211,3.520734744707347,3.354218205574913,3.5530401937046006,3.626146688560482,2.6438716577540107,2.578443414956982
evToOperatingCashFlow,30.108324439701175,18.973166342386463,18.1348218268714,17.27135166522327,16.891136438545196,16.925753658835305,14.305785672463188,17.000362868914188,16.812030415761612,18.734399021601458,18.34665103153565,15.767600140598041,10.091550208103268,10.790458670166418,13.67093533920999,14.605325661314676,13.5887369220228,12.322368486913481,10.438755049603122,13.887293084654168,9.563427318588056,13.318559319837124,163.4500335016835,12.289740082934848,11.623310088594227,14.961198918570377,27.6323978087886,16.380399252873563,11.98337476923077,9.06759317718941,10.331551128818061,4.66526402640264,16.77839869281046,4.24350954308849,52.57912698412699,4.7897050592034445,6.040353488372093
evToFreeCashFlow,41.3658357771261,23.00957430075594,23.01642429183922,22.317626785013445,21.783247658414645,23.619711937528436,22.987868339373023,28.50541956078711,23.216861105207087,26.999784243311822,24.92613000046798,19.764466364721358,12.52751949417779,17.068961164162666,23.61360316804475,21.263845669528443,18.353743792155118,18.003898476839524,12.854472744650696,24.864753689849667,11.904531803322751,20.23212728336724,-57.51736960900474,20.118136163160468,15.584305943203272,19.400235960344006,242.35915578125,44.15786502816901,30.379070202808112,12.156145392491469,13.208247877758913,5.777554495912805,69.38094594594594,8.337531818181818,-19.95472891566265,7.018353312302839,8.581559471365638
earningsYield,0.04059866487612153,0.03565041211573121,0.04965933246491228,0.047043766381385674,0.03686948484629704,0.039373180633714165,0.06000407096429825,0.0497477325632724,0.04838474085563039,0.045216119444139356,0.04874495704563536,0.05538620734433916,0.058762886829554974,0.0850899449408371,0.06552241265621077,0.057071208125961094,0.05400240290749837,0.05285353417665033,0.0519647131675863,0.04927336267641161,0.0354842348119548,0.056057858558923764,0.040445269560273826,0.06081938582084228,0.04787680983296771,0.0518505887118267,0.054179200670402924,0.041098860562625524,0.07751132503305753,0.07532541265542808,0.07593592811145686,0.1294406025612932,0.141387970358012,0.13686541534007665,0.12746936883051757,0.14265250049928377,0.15621514991881152
freeCashFlowYield,0.0265467779918647,0.04749968578297424,0.048021568850050635,0.049209464066462254,0.051570195018122954,0.04670285578043511,0.04806873879781227,0.03551922914700433,0.043365399786762626,0.03711867844656783,0.04065634566368943,0.05158772602243168,0.08053840604710825,0.05998227585734881,0.0423359753412209,0.04465513643619035,0.049936052718017584,0.05124871340680274,0.07327365461229404,0.039474212834470196,0.08342810614474284,0.053134700291586213,-0.018890872998821865,0.05212361619195036,0.06563956067695055,0.05204953581479774,0.0041787921245516986,0.022814848318580237,0.03357078334202019,0.08054870769357819,0.06988478384007514,0.14962110595273892,0.013078387258116112,0.11049684908189675,-0.0465053081887163,0.10516475036807663,0.09850233064325059
debtToEquity,1.4386339381003201,1.3068927789934355,1.0318059299191376,1.087975013014055,1.3300949274967873,1.0239224443597794,0.6125444160812906,0.12602870145600822,0.1370624512757973,0.15445158456992134,0.06659160030204067,0.19065978117336352,0.20219806629323572,0.24005644592279005,0.0023330543518255494,0.0022478720986032884,0.0021385108450241506,0,0.0026529224148910515,0.07177138786518902,0.07373350930065464,0.0814695716762863,0.08436339074636948,0.09611324000938454,0.10133621688422029,0.00423873658303138,0.007378509032312781,0.0009682416731216112,0.4616201295254273,0.407323883161512,0.41387726638772665,0.42568064753495216,0.45592455924559244,0.47317073170731705,0.43169304886441845,0.40869266449063735,0.38517946738710923
debtToAssets,0.6723300970873787,0.6675138999205719,0.6569525395503747,0.6436233611442194,0.68510458019239,0.6653204683203768,0.5983590983235045,0.3785116606853723,0.36828165659260115,0.3783417933002805,0.4223402915398483,0.4140755362507258,0.40230795323658763,0.4214612377422081,0.32188461125755813,0.28511093573133806,0.2635025150253176,0.2639557683676487,0.29700519454195906,0.31580160889586156,0.3122441818666927,0.3749059298642341,0.42276200873362446,0.39222396501734874,0.3519371308439283,0.3097215667767815,0.29361370716510904,0.3270784467031535,0.31582770392968695,0.28943151468905,0.2927009699161598,0.29860633172746043,0.31318062335711605,0.3211920529801324,0.3015262588631174,0.2901219512195122,0.278071886319309
netDebtToEBITDA,1.4952550415183867,1.5593803786574871,1.2236573759347382,1.1790613718411553,1.5765561689698528,1.213739074163739,0.8994422033802008,0.13052200762787586,0.07625835982822066,0.026099187817575167,0.15066452881399933,0.17922027978265997,0.0759120519663442,0.14359848717691553,-0.002324724154031406,-0.4697758148313934,-0.8346776707989324,-0.7724785837190258,-0.5384486456784126,-0.16979529486268838,-0.08384999338308917,0.5888006057178303,0.9621796466782782,0.3975401292474463,0.2367355636053697,0.09286389413988658,0.11485251892456277,0.07851099830795262,0.12377531025473547,-0.138270704122583,-0.5276647681041498,-0.552096305520963,-0.3423344947735192,-0.30363196125907993,-0.2813355227148331,-0.9382055852644088,-0.47187293183322304
currentRatio,2.625,2.7196391394864676,2.1185935637663884,2.369753497668221,2.127876808386226,1.854110379959446,1.704547970572547,2.3519944266380075,2.545835807290578,2.6857703173046743,1.9416755228128322,2.5745580079673025,2.7439723789551738,2.8147739237056504,2.1791026896078547,2.636309450492197,2.748235125810907,2.648887285374845,2.3115207177629347,2.5328895074931856,2.514596134782444,1.9844163977070186,1.6899483055715105,1.8155003762227238,2.215770743584941,2.1428339555267004,2.392929520378293,2.0988891309082987,2.1601992658626115,2.5175911251980985,3.048893647394718,3.0860335195530726,2.8868501529051986,2.6154495567750105,2.8581383773021405,3.265695067264574,3.4062268346923648
interestCoverage,17.7816091954023,10.956989247311828,15.974683544303797,13.159090909090908,13.033657311889433,16.877178435747453,38.73343063954008,133.47042504706232,98.06079395085067,70.35234481900734,115.7660323396766,105.10260168559913,75.88683550079854,54.033275802554364,,,,,,,,,,,,,,,-125,-113.5,-104.5,-104,-197,-90,-54,-47,-44.333333333333336
incomeQuality,0.8983700862895494,1.6158273381294963,1.2273262661955242,1.3516624040920715,1.8038294094548684,1.6552725736391123,1.2872680742162508,1.1971800945207172,1.2377082089140266,1.1830953454291393,1.1331742663910587,1.1675197948577414,1.7014026659480657,1.1150950342375698,1.1160501761401505,1.1391605090258452,1.2489547360275348,1.416711103675899,1.7363804186437914,1.4343919420325477,2.9266830917320803,1.4398791102263833,0.16436081903707803,1.4029350104821803,1.8382226056945643,1.3016786570743406,0.676486341724692,1.4964816262705238,1.097972972972973,1.4335766423357663,1.1765625,1.431496062992126,0.3825,1.5862385321100918,0.13846153846153847,1.080232558139535,0.8958333333333334
dividendYield,0.013896187306591931,0.01733789826635561,0.019185230916950798,0.019010013013449966,0.0191654220538586,0.019687045176616718,0.023913892458104262,0.01808122262045499,0.015508278430866954,0.01442426725610338,0.013364935399549248,0.016515956376776525,0.018385704445302957,0.021749573834484694,0.017638118191299734,0.014572398443133882,0.01288966583760449,0.013123536054436552,0.01540389682659183,0.015479978432425899,0.013305825630369462,0.01826806821350432,0.013160939956525184,0.014458948327219107,0.011132700819659015,0.012434193935689855,0.013116764168731719,0.012724901315715176,0.019011223639864787,0.0188588441903736,0.019399256634723742,0.031595737633071566,0.03204793994781606,0.02988437509260389,0.031377075404435094,0.034004375119015315,0.04165737331168307
payoutRatio,0.3422818791946309,0.48633093525179855,0.38633686690223795,0.4040920716112532,0.5198180048827958,0.500011552527693,0.3985378337468595,0.36345822590925364,0.3205200266989195,0.31900719109527587,0.2741808837176101,0.29819619664686364,0.31287953055525874,0.2556068622397997,0.2691921355803104,0.25533712920482315,0.23868689435326457,0.24830006656838247,0.2964299403888602,0.3141652526150108,0.3749785137225692,0.32587880955713494,0.3254012174875484,0.23773584905660378,0.23252804141501293,0.23980815347721823,0.24209962506695232,0.3096168881939015,0.24527027027027026,0.2503649635036496,0.25546875,0.2440944881889764,0.22666666666666666,0.21834862385321102,0.24615384615384617,0.23837209302325582,0.26666666666666666
salesGeneralAndAdministrativeToRevenue,0,0,0.27294097161762143,0.28428838784422067,0.2924639357197959,0.2954522765843521,0.29389302567714226,0.29775604561306007,0.300879615688387,0.3111755304023611,0.3043212058154152,0.2986858545857666,0.31072079660674534,0.29569934855778773,0.30117883818888525,0.3018666631314486,0.2972064742458161,0.29057633146757733,0.2681329003941278,0.25991010138465576,0.2548513277511786,0.2511966942626989,0.2945367123227244,0.27404233754866053,0.2662089638833825,0.2605733348411173,0.2639995117336507,0.26036188018920975,0,0,0,0,0,0,0,0,0
researchAndDdevelopementToRevenue,0,0,0,0,0,0,0,0,0,0,0,0,0,0,0,0,0,0,0,0,0,0,0,0,0,0,0,0,0,0,0,0,0,0,0,0,0
intangiblesToTotalAssets,0.09435679611650485,0.09833200953137411,0.12206494587843464,0.15051932572790738,0.19175900985725297,0.19550684569693907,0.1785035393252193,0.14587400449486512,0.15739220952435928,0.1568231391629,0.1823633785985002,0.1567289736621233,0.1498970032729236,0.09180276479291077,0.07531541408157909,0.06916116671612901,0.05879364372517834,0.06213684428203147,0.06389583788944778,0.0486964234724187,0.06669523508029612,0.0647100891567372,0.06756862133499689,0.08584058177670041,0.10351386525177696,0.10849457291175083,0,0,0,0,0,0,0,0,0,0,0
capexToOperatingCashFlow,-0.272145144076841,-0.17542297417631345,-0.21209213051823417,-0.2261116367076632,-0.2245813524495129,-0.2834055849791022,-0.3776810680631657,-0.40360944933080783,-0.2758697939580212,-0.3061278248457783,-0.2639591051161494,-0.2022248488963777,-0.19444945084353274,-0.3678315530518841,-0.42105678485737136,-0.31313808949223015,-0.25962043080109953,-0.31557220772128014,-0.18792818212266688,-0.4414868026493558,-0.19665657779848628,-0.3417123600845343,-3.8417508417508417,-0.3891213389121339,-0.2541656888054447,-0.2288135593220339,-0.8859857482185273,-0.6290491118077325,-1.6514227642276422,-3.935871743486974,-4.591463414634147,-5.194285714285714,-1.3189655172413792,-2.0365135453474674,-0.27510917030567683,-3.1491525423728812,-3.3769633507853403
capexToRevenue,-0.0195822454308094,-0.016699160803594133,-0.019240814905101863,-0.02129934943409678,-0.02276126926620967,-0.02804017754797082,-0.03748657426606656,-0.03887524607491877,-0.0288357679864222,-0.027917178070054397,-0.024379486233603215,-0.016793838286487152,-0.02288881485042328,-0.028463370682063966,-0.03076076181821978,-0.02324473872868799,-0.020319232169442678,-0.025402269601577095,-0.015869675985544503,-0.028850332199372164,-0.021128376589108384,-0.019070154895154633,-0.025165971900571252,-0.0299910165157902,-0.02618092152975874,-0.01755625918805835,-0.03414812780371693,-0.039826667989811784,-26.70731707317073,-47.37474949899799,-63.323170731707314,-55.285714285714285,-49.62643678160919,-18.080094228504123,-28.842794759825328,-39.32203389830509,-57.17277486910995
capexToDepreciation,-1.3783783783783783,-1.0824175824175823,-0.9650655021834061,-0.9299610894941635,-0.8985814045079981,-1.1422182217096566,-1.6400092995916076,-1.8595374557184412,-1.5067852258696772,-1.5709624078114293,-1.3199865951742626,-0.8058365290824303,-0.9653157641444848,-1.3969692627355448,-1.4956401184857462,-1.1534646784967275,-1.0323123310841866,-1.305528415567497,-0.8206264611702658,-1.4331037138456273,-0.9732775242469165,-0.8879253084860561,-1.1619144602851323,-1.650190114068441,-1.358845671267252,-0.8358008075370121,-1.5782792665726375,-1.8050974512743627,-0.6016260162601627,-0.9839679358717435,-1.1524390243902438,-0.9685714285714285,-0.9655172413793104,-0.33568904593639576,-0.49563318777292575,-0.6542372881355932,-0.8952879581151832
stockBasedCompensationToRevenue,0.003225311012133313,0.003899296431296092,0.0034825004353125546,0.0041885749933161034,0.00313299231509916,0.003525133754830227,0.004698605809221825,0.004920444682478683,0.005890170101839865,0.006201086139790359,0.0066871456892854024,0.006933292194351614,0.006494223472840125,0.006707267936850514,0,0,0,0,0,0,0,0,0,0,0,0,0,0,0,0,0,0,0,0,0,0,0
grahamNumber,127.7764590299845,99.93508243103551,108.82526536087201,103.55300414096797,81.83002847412327,81.92736412956204,96.11317388248703,111.35560183813018,109.92371633585272,98.13701529679412,89.54567063730553,71.07383358748282,62.042208463499264,60.90324068417428,54.043539560963275,49.34251516680144,47.151626579713636,40.50483904551603,33.832552027499574,30.6315552927887,26.92602380065208,27.77570018489498,26.427425999140272,27.220809935531424,25.82944438430026,25.365160566635705,21.716473692906252,16.82713463578978,17.0290796144358,15.833949248892093,14.575474072716963,13.876686853011021,12.895016781289907,11.247067631791758,9.485864520900806,9.149161527634082,7.898565471284119
roic,0.3054897314375987,0.20992995467655542,0.2916570372082274,0.26486733760292774,0.2440114733991795,0.2753739512024736,0.3195501055361702,0.33489246584741567,0.31859523237468856,0.28748193905598923,0.3162216579425667,0.28351038557873715,0.22553536441192554,0.2842273420724172,0.29575128162725317,0.2470637008417512,0.21797495712858317,0.20470495855182175,0.20190475892552703,0.21238052228252002,0.19048404020400184,0.19571599688601785,0.18727498081803695,0.28345143809920803,0.26852927112507685,0.22988888149577483,0.2581013794792262,0.26466486938737566,0.2511805485783181,0.22814070351758794,0.22319521571977788,0.23268822015885446,0.24514683922349428,0.2574002574002574,0.25665399239543724,0.2197630922693267,0.2281694973408818
returnOnTangibleAssets,0.1747068676716918,0.12244538407329104,0.16103945371775416,0.15674483864501904,0.1248562212602393,0.1322689150106166,0.15980382886978206,0.17763237919297065,0.1796158107957973,0.1631621356924814,0.1707517456448026,0.1551626631612709,0.1358894564813184,0.14888846152400545,0.14684376092275428,0.1352178533175191,0.11839347462305931,0.10888939068195576,0.09237834212192894,0.0912417148355172,0.08021553818131846,0.08385482777207838,0.07555927242316537,0.12400561534861956,0.1294249022892239,0.11037001746863585,0.11184998801821232,0.08333333333333333,0.10750345027965424,0.10454025181228539,0.10521124445175078,0.10925671025464556,0.11265490048817124,0.11642811365092928,0.10936185554620839,0.1048780487804878,0.10030649205906939
grahamNetNet,-37.38921001926782,-30.747663551401867,-30.872943327239486,-25.519655166271843,-33.6568010403121,-31.338816170508515,-24.565062080820173,-3.1553253138993766,-0.42971089610688784,-1.277523921388873,-5.1003106570432335,-3.321615116393975,-1.7041173122272517,-1.8058796036388474,0.7613954659799229,3.772906056478075,5.69979789602056,4.418651025239535,3.062089695835315,1.2697751081374997,1.0611752451991934,-0.5427385004096552,-2.3589809788146705,-1.2594585519100963,-0.08473774507820812,1.3483756474430226,0.9748012034921029,0.31868286235422477,0.2483173076923077,0.7537383177570094,1.6377314814814814,1.5829545454545455,1.0938073394495413,0.7256756756756757,0.7941304347826087,1.475,0.9191810344827587
workingCapital,2483000000,2478000000,1877000000,2056000000,1699328000,1391292000,1260108000,1705833000,1848495000,1820637000,1306975000,1368768000,1354716000,1382375000,974414000,1155763000,1270904000,1092279000,926773000,898681000,838800000,735678000,600600000,541900000,649100000,704100000,618600000,504500000,442500000,478800000,574100000,560100000,493600000,382700000,373300000,404200000,324600000
tangibleAssetValue,1538000000,1474000000,1327000000,1209000000,714715000,792492000,1307084000,2513266000,2497957000,2330961000,1864242000,1675741000,1668633000,1711080000,1865080000,1966944000,2106250000,1893392000,1677429000,1549003000,1447845000,1378321000,1307200000,1098100000,1087900000,1232800000,,,,,,,,,,,
netCurrentAssetValue,-421000000,-283000000,-390000000,-223000000,-770532000,-768310000,-456399000,967398000,1104793000,1003408000,703117000,621364000,632382000,662497000,804897000,993613000,1178923000,1013110000,853870000,715197000,664693000,560883000,386800000,381200000,479900000,663900000,572600000,461600000,389100000,415000000,498200000,481500000,421600000,318900000,323300000,344700000,259900000
investedCapital,1.4738527214514408,1.311269146608315,1.1644204851752022,1.1301405517959395,1.352997872355532,1.0350274064412786,0.7216692240564644,0.1333199579297866,0.1669925714626767,0.1605777549082116,0.19650294717901998,0.22413858778459797,0.24282624369142033,0.26032240062346196,0.05316456540845371,0.004355682707916688,0.004143774334025346,0.004586623597054116,0.080769157812301,0.0774510732758569,0.08436514549736548,0.2091510664840304,0.30354609929078014,0.18284194885430516,0.12203599289410674,0.11362548711287346,0.0470697989992367,0.03727730441518203,,,,,,,,,
averageReceivables,1614000000,1474000000,1449500000,1429500000,1399593000,1348548000,1341820500,1323462000,1287828000,1207010000,1181348500,1118447500,1049455000,1031708000,1038325000,1020303500,996312500,977446500,952948000,948620000,964090000,1041148500,1017900000,968700000,964750000,953800000,921800000,909900000,842450000,825200000,806050000,802750000,802650000,783900000,767650000,757800000,751650000
averagePayables,797500000,779000000,749000000,728500000,755291000,714546000,681237000,666544000,644817000,603891000,628324000,561647500,539895500,534901000,538464500,556910000,549127000,534194000,518403000,534903500,527446500,499962000,519550000,533050000,520400000,509900000,491950000,502750000,428050000,414950000,415300000,408050000,406600000,411300000,386150000,386150000,376350000
averageInventory,1801500000,1733000000,1694000000,1637000000,1581099500,1569735000,1573588500,1544698000,1519260000,1517467500,1500823500,1362288500,1311339500,1371466000,1339663500,1280127000,1262106000,1216779500,1197123500,1227089000,1183827000,1218535500,1247750000,1179850000,1172550000,1209950000,1167800000,1126500000,1003600000,986600000,992150000,978850000,976700000,935450000,941600000,901050000,887300000
daysSalesOutstanding,49.163722930425436,45.60566245655675,45.28338847292356,45.05168879778986,46.398031512755374,44.038774399726,44.26972479952642,42.962295958646266,42.60592822998852,38.335818423259326,40.154366977235604,38.770613929685204,36.659029239997295,31.406691238814652,34.27341386291772,35.15018983101318,34.25196177204361,34.75909271384821,33.77792310029496,33.26571772248228,34.86845744614842,44.61049671250646,45.227508326165115,38.960910326399926,40.19182420345211,44.74273436616532,41.16817724068479,41.750851774668384,41.65277777777778,40.97758037225042,39.90924410207029,41.593023255813954,46.56022003474233,43.46710097719869,41.52876608629826,41.09396551724138,39.541666666666664
daysPayablesOutstanding,35.87569260419176,37.615425320809635,37.02003103399633,36.006110868616325,42.20242248630183,39.39855349317335,37.08980180273064,35.790561577118346,35.157845989879796,31.090386451021427,38.1709040583983,30.089418729770614,30.299372285919695,26.261187438301157,28.5088982749802,34.62506346500811,34.628356703154,33.6055203518273,31.06673727449597,34.85078731031367,31.816742653308186,24.548501071902397,34.11300754581387,39.325815288775466,37.289081401701395,40.02914787994717,36.938064898503484,43.86739891754219,39.30259975816203,36.83953488372093,41.28910303928836,40.03693407466243,43.825932504440495,52.464214711729625,39.517221584385766,44.52716688227684,37.19713506139154
daysOfInventoryOnHand,82.21512888460612,83.68104246593465,85.21300606573564,81.83689800669285,82.44552219026723,85.23852551876276,89.89525607650076,87.61455682302635,89.8868291118646,94.4014960611933,101.38303294680357,86.65817265952093,89.61942091340748,91.20299568757562,90.55426016892343,85.54961547004905,85.81997833642141,81.35323417749106,79.68312150434295,86.42715302890711,73.19005191104034,78.23454082940464,100.00449155587496,85.84287161781813,87.1835245453836,114.18613653960011,108.63288388403221,100.71102621245889,102.87968561064086,104.81926910299003,119.94403261675315,120.80659253375696,133.68206039076378,119.69532803180915,143.40183696900115,123.28783958602845,116.32196452933151
receivablesTurnover,7.424173318129989,8.003392130257803,8.060350877192983,8.101805054151624,7.86671305009259,8.288150725699373,8.244912333493987,8.49582155365565,8.56688294712687,9.521121891023595,9.089920411568848,9.41434666631712,9.95661935318686,11.621727269025612,10.64965402804281,10.384012198931535,10.656323933477946,10.50084946131468,10.805874562394651,10.972256875531613,10.46791360253644,8.181930866007887,8.070309718761125,9.368364264134657,9.0814489571899,8.157749077490775,8.866071428571429,8.742336610757663,8.762920973657886,8.907309721175585,9.145750770585645,8.775510204081632,7.839310031774852,8.397155361050329,8.789088489687293,8.88208269525268,9.23076923076923
payablesTurnover,10.174019607843137,9.703465982028241,9.85952712100139,10.13716814159292,8.648792616548794,9.26429951453025,9.840980060808194,10.19821941641039,10.381750921403588,11.739963431300755,9.562257143335678,12.13051017296214,12.046454182472216,13.898838384880435,12.803020182660969,10.541496923720208,10.540494402576005,10.861310766168604,11.748900335911499,10.47322107101961,11.471947457891284,14.868524922597816,10.699730872741254,9.28143504005573,9.78838808250573,9.118355481727574,9.881405563689604,8.320529801324504,9.286917462099943,9.90783410138249,8.840104849279161,9.116582186821145,8.328402366863905,6.9571230982019365,9.236479321314953,8.197242841993637,9.812583668005354
inventoryTurnover,4.439572192513369,4.361800346220427,4.2833836858006045,4.460090850097339,4.427165846043833,4.282101289042781,4.060280997357474,4.165974390959573,4.060661652062014,3.866464147595694,3.600207938063149,4.211951265509385,4.072777934513459,4.002061524934352,4.0307325057828844,4.2665299895799835,4.25308893191711,4.4866071237397565,4.5806438441308615,4.223209803959633,4.987016547599164,4.665458455184207,3.6498360655737705,4.251954683261529,4.18657082176115,3.1965351579560344,3.3599402588781944,3.624230769230769,3.5478335478335477,3.4821841739935215,3.0430859463117526,3.021358291336693,2.7303588748787586,3.049408911791452,2.5452951490356517,2.960551512830333,3.1378424657534247
roe,0.5565635005336179,0.38019693654266956,0.45768194070080864,0.40707964601769914,0.346558730324022,0.3370132958088029,0.33926783062461785,0.24976977275106296,0.24520879955255262,0.22814189037247115,0.2504666604534034,0.2316621138246775,0.19894718355424917,0.2337269305562726,0.20023754735218588,0.17606372108935694,0.15130084369604574,0.13874621005140306,0.12301051142599322,0.12686169798128918,0.10885483194954494,0.12546683473367493,0.1220533603512327,0.18651755689372018,0.17903761489148065,0.14254460928420046,0.15834110762445933,0.12383810999225407,0.15712920692217858,0.14712199312714777,0.1487680148768015,0.15575177826833456,0.16400164001640016,0.17151848937844216,0.1565726083964212,0.1477409379831644,0.13894249324585103
capexPerShare,-4.913294797687861,-3.682242990654206,-4.040219378427788,-4.256986623443706,-4.114139575205895,-4.703695123363836,-5.737956013935571,-5.669066643252261,-3.91823600552868,-3.5790408525754884,-2.8259316124033234,-1.7027259765376852,-1.930095139999458,-2.546035082646277,-2.395795114598743,-1.5569898483155316,-1.2537520621311367,-1.4220218253456423,-0.8163030208865848,-1.4565607801402942,-1.0779261255486317,-1.0205280508230345,-1.2290398615650864,-1.3529827018044103,-1.0764924096152422,-0.6013222815526873,-1.0918944411488118,-1.1751735567365593,-0.9461538461538461,-0.4663551401869159,-0.3037037037037037,-0.3181818181818182,-0.3192660550458716,-0.7648648648648648,-0.3982608695652174,-0.2543103448275862,-0.1646551724137931
