,2021,2020,2019,2018,2017,2016,2015,2014,2013,2012,2011
reportedCurrency,USD,USD,USD,USD,USD,USD,USD,USD,USD,USD,USD
cik,0000759944,0000759944,0000759944,0000759944,0000759944,0000759944,0000759944,0000759944,0000759944,0000759944,0000759944
fillingDate,2022-02-23,2021-02-23,2020-02-24,2019-02-21,2018-02-22,2017-02-24,2016-02-26,2015-03-03,2013-12-31,2012-12-31,2011-12-31
acceptedDate,2022-02-23 16:10:35,2021-02-23 16:04:16,2020-02-24 16:44:55,2019-02-21 16:07:49,2018-02-22 13:24:06,2017-02-24 11:24:02,2016-02-26 14:29:14,2015-03-02 21:23:05,2013-12-31,2012-12-31,2011-12-31
calendarYear,2021,2020,2019,2018,2017,2016,2015,2014,2013,2012,2011
period,FY,FY,FY,FY,FY,FY,FY,FY,FY,FY,FY
revenue,6647000000,6905000000,6485000000,6123000000,5707000000,5253000000,4812000000,4691000000,4690000000,4894000000,5031000000
costOfRevenue,0.0,0.0,0.0,0.0,0.0,0.0,0.0,0.0,0.0,0.0,0.0
grossProfit,0.0,0.0,0.0,0.0,0.0,0.0,0.0,0.0,0.0,0.0,0.0
grossProfitRatio,0.0,0.0,0.0,0.0,0.0,0.0,0.0,0.0,0.0,0.0,0.0
researchAndDevelopmentExpenses,0.0,0.0,0.0,0.0,0.0,0.0,0.0,0.0,0.0,0.0,0.0
generalAndAdministrativeExpenses,2132000000,2189000000,2088000000,1984000000,1898000000,1829000000,1751000000,1773000000,1737000000,1841000000,1740000000
sellingAndMarketingExpenses,111000000,100000000,112000000,129000000,105000000,98000000,101000000,86000000,76000000,86000000,102000000
sellingGeneralAndAdministrativeExpenses,2243000000,2289000000,2200000000,2113000000,2003000000,1927000000,1852000000,1859000000,1813000000,1927000000,1842000000
otherExpenses,0.0,0.0,-302000000,-215000000,-251000000,-246000000,-225000000,-255000000,-256000000,-271000000,-370000000
operatingExpenses,0.0,0.0,0.0,0.0,0.0,0.0,0.0,0.0,0.0,0.0,0.0
costAndExpenses,0.0,0.0,0.0,0.0,0.0,0.0,0.0,0.0,0.0,0.0,0.0
interestIncome,4851000000,5357000000,6189000000,5758000000,4920000000,4266000000,3854000000,3664000000,3501000000,3846000000,4204000000
interestExpense,339000000,771000000,1575000000,1226000000,747000000,508000000,452000000,363000000,443000000,619000000,884000000
depreciationAndAmortization,625000000,578000000,633000000,489000000,502000000,523000000,471000000,386000000,404000000,467000000,434000000
ebitda,3941000000,2647000000,4459000000,3898000000,3161000000,2565000000,2186000000,2017000000,-2621000000,2110000000,2096000000
ebitdaratio,0.5928990522040019,0.3833454018826937,0.6875867386276021,0.6366160378899233,0.5538811985281233,0.4882924043403769,0.4542809642560266,0.42997228735877213,-0.5588486140724946,0.4311401716387413,0.41661697475650966
operatingIncome,0.0,0.0,0.0,0.0,0.0,0.0,0.0,0.0,0.0,0.0,0.0
operatingIncomeRatio,0.0,0.0,0.0,0.0,0.0,0.0,0.0,0.0,0.0,0.0,0.0
totalOtherIncomeExpensesNet,0.0,0.0,0.0,0.0,0.0,0.0,0.0,0.0,0.0,0.0,0.0
incomeBeforeTax,2977000000,1298000000,2251000000,2183000000,1912000000,1534000000,1263000000,1268000000,-3468000000,1024000000,778000000
incomeBeforeTaxRatio,0.4478712200992929,0.1879797248370746,0.34710871241326136,0.35652457945451577,0.33502715962852636,0.29202360555872836,0.26246882793017456,0.2703048390535067,-0.7394456289978678,0.20923579893747446,0.15464122440866626
incomeTaxExpense,658000000,241000000,460000000,462000000,260000000,489000000,423000000,403000000,-42000000,381000000,272000000
netIncome,2319000000,1057000000,1791000000,1721000000,1652000000,1045000000,840000000,865000000,-3426000000,643000000,506000000
netIncomeRatio,0.34887919362118247,0.15307748008689356,0.2761757902852737,0.2810713702433448,0.2894690730681619,0.19893394250904245,0.1745635910224439,0.18439565124706886,-0.7304904051172708,0.13138536984062116,0.1005764261578215
eps,5.430118071911328,2.22,3.82,3.54,3.26,1.97,1.55,1.55,-6.118,1.148218,0.904
epsdiluted,5.430118071911328,2.22,3.81,3.52,3.25,1.97,1.55,1.55,-6.118,1.148218,0.904
weightedAverageShsOut,424697880,427062537,449731453,478822072,502157440,522093545,535599731,556674146,559998324,559998324,559998324
weightedAverageShsOutDil,426868106,428157780,451213701,480430741,503685091,523930718,538220898,557724936,559998324,559998324,559998324
link,https://www.sec.gov/Archives/edgar/data/759944/000075994422000025/0000759944-22-000025-index.htm,https://www.sec.gov/Archives/edgar/data/759944/000075994421000034/0000759944-21-000034-index.htm,https://www.sec.gov/Archives/edgar/data/759944/000075994420000030/0000759944-20-000030-index.html,https://www.sec.gov/Archives/edgar/data/759944/000075994419000024/0000759944-19-000024-index.html,https://www.sec.gov/Archives/edgar/data/759944/000075994418000016/0000759944-18-000016-index.html,https://www.sec.gov/Archives/edgar/data/759944/000075994417000012/0000759944-17-000012-index.html,https://www.sec.gov/Archives/edgar/data/759944/000075994416000099/0000759944-16-000099-index.html,https://www.sec.gov/Archives/edgar/data/759944/000075994415000016/citizens2014-10k.htm,,,
finalLink,https://www.sec.gov/Archives/edgar/data/759944/000075994422000025/cfg-20211231.htm,https://www.sec.gov/Archives/edgar/data/759944/000075994421000034/cfg-20201231.htm,https://www.sec.gov/Archives/edgar/data/759944/000075994420000030/citizens10-kx2019.htm,https://www.sec.gov/Archives/edgar/data/759944/000075994419000024/citizens10-kx2018.htm,https://www.sec.gov/Archives/edgar/data/759944/000075994418000016/citizens10-kx2017.htm,https://www.sec.gov/Archives/edgar/data/759944/000075994417000012/citizens10-kx2016.htm,https://www.sec.gov/Archives/edgar/data/759944/000075994416000099/citizens10k-2015.htm,https://www.sec.gov/Archives/edgar/data/759944/000075994415000016/citizens2014-10k.htm,,,
