,2021,2020,2019,2018,2017,2016,2015,2014,2013,2012,2011,2010,2009,2008,2007,2006,2005,2004,2003,2002,2001,2000,1999,1998
period,FY,FY,FY,FY,FY,FY,FY,FY,FY,FY,FY,FY,FY,FY,FY,FY,FY,FY,FY,FY,FY,FY,FY,FY
revenuePerShare,21.091200072130555,18.12618339193941,17.13763143794411,16.9244732783447,15.563278146391362,13.608757523939005,11.390394526708793,10.354754797225969,8.509029465370595,7.285116472292867,6.1750418866293835,4.949084137683472,4.327866959523062,4.024538637746971,3.525436445795526,3.1031976915376007,3.1231562592972133,3.1500071321589047,3.4365731530336667,4.0337880012688405,5.920009812825572,4.358089085143585,1.7234238625967453,1.297771538866468
netIncomePerShare,5.787800919664593,3.8107474528897303,4.26796045388057,2.8125184824592933,2.893402556395543,2.2496548220245893,1.6353844648096116,2.0833270195323745,1.3956384163628999,1.6143064857690008,1.0018978496933368,0.9296625717932355,0.6190021964229683,0.8770012148090527,0.13630323815793613,0.06474059242682999,-0.5672209183167498,-1.1036436416803366,-1.4580486117117897,-5.842187931687251,-2.3493052728278685,-1.1535903742998548,-0.3387468363728639,-0.587095480410097
operatingCashFlowPerShare,10.864439635740691,8.748985664051935,8.48392223711846,8.5264987284068,6.832624520938575,6.359281465295207,5.2113046571196,5.390948029841549,4.047810348319158,3.5828047581895373,2.946448291808921,2.5451125757817485,2.113902729839975,1.9529330945808403,1.6765109507777727,1.4621942170661328,1.3130276685068263,0.9659617716282719,0.7515016963161587,0.5379731292273374,0.13607466098775484,-0.1484218949115372,0.6478240255360637,0.23098037249642794
freeCashFlowPerShare,7.76124785862411,6.423451447119286,6.24277953241891,6.449184042074039,4.95584811096242,4.75392750204049,3.4716512256897114,2.93007086610196,2.213737849331713,2.1438779852674457,1.6247387613687767,1.6809413888002553,1.4856956385315343,1.3379922060275744,1.302858166310475,1.1628054884871326,1.0200224785957488,0.777935774909065,0.45544887504925563,-0.385502471169687,-2.8294760577495226,-3.4023767892599945,-1.3170772425859272,-1.353946807710626
cashPerShare,4.395230366964205,3.936299702461455,3.3939306247301158,2.749507513546221,1.8756086795070308,1.860990302086592,0.7655302967006997,0.807646265513009,0.7902693398136897,0.9489933429929174,0.8907030635994451,2.3192979219846843,0.6452940069030436,0.3664758162077248,0.09765300713754971,0.7166833519816265,0.372552973455423,0.9608667356108694,0.5068044863477784,0.6512632128275707,0.18768594782499765,0.4862519633701805,0.1683617252869802,2.33342942370842
bookValuePerShare,11.453430709584348,9.227076007573709,11.429307807261274,12.13836935801604,14.576779446075374,15.909693914753388,15.878653257166865,9.98479636729148,8.946347205346294,9.051049719838286,8.307123127737162,8.728472000638162,8.321511139002196,7.554854563868396,7.314456382044065,10.328993581061185,14.963406168391128,6.556919085657229,8.2247162394641,8.904002987915316,15.048766611339033,17.14948878285867,14.382306392697114,13.73501616825007
tangibleBookValuePerShare,-56.369353529889096,-37.31426381750969,-29.40479608608267,-24.514224100671964,-24.74093899542483,-22.037505027720083,-17.227840546947174,-17.30754524469767,-17.318043742405834,-5.934863668142624,-4.415040269287434,-2.4207507378749202,-1.3011810480075305,-1.9141678052870712,-2.0556143157609394,0.8900865673399682,1.0462827675118178,-0.45000356607945224,0.3862891522263549,0.05313782271020291,1.9585042748426293,2.29792845923599,5.0073055579669985,4.728423532950643
shareholdersEquityPerShare,11.453430709584348,9.227076007573709,11.429307807261274,12.13836935801604,14.576779446075374,15.909693914753388,15.878653257166865,9.98479636729148,8.946347205346294,9.051049719838286,8.307123127737162,8.728472000638162,8.321511139002196,7.554854563868396,7.314456382044065,10.328993581061185,14.963406168391128,6.556919085657229,8.2247162394641,8.904002987915316,15.048766611339033,17.14948878285867,14.382306392697114,13.73501616825007
interestDebtPerShare,119.19461725723559,84.53994229555495,57.34345574121844,50.01433101459034,48.94168587583288,45.28300595329101,42.29047974848833,38.36372544562807,37.81403655326043,23.19446667950108,19.074936001273656,14.5416350909381,11.198955757765924,11.587962530338656,10.371796392257853,0.598096696307638,11.944824964463985,14.681611511304473,16.15212544089804,17.72631411994638,18.59196392220726,14.62954094182497,4.9470914663870875,3.523537964053844
marketCap,109477042800,100865990843.64,104033427473.043,74939635259.606,62150469580.913994,43793981280.286,39519684704.372,38388126912.126,32069347200.000004,30377704215.684,24874393855.711,20587120640,16911019148.375,12013031980,15572263816.833,16887604075.474998,8951270900,4089645280,2286997020,1026133500,929192099.9999999,6132789912.57,5662384062.5,2054489500
enterpriseValue,159535742800,135831490843.64,127082127473.043,94890835259.606,81553469580.914,61540285280.286,56318007704.372,52683342912.126,46254049200,38762462215.684,31780510855.711,25290545640,20875307148.375,16203100980,19824424816.833,16860247075.474998,12451998900,7167702280,5542757020,4363520500,4455194100,8518974912.57,6377994062.5,2149443500
peRatio,42.63622806402617,59.662836178658466,55.10828873452856,60.6111576023989,50.165848398509965,45.78924775103746,57.686738519301564,46.536139593562936,58.16692851688545,47.66752638260239,62.74092814875322,55.20282472059549,68.57811045793711,34.595163025636005,276.5158004267526,614.4521931114466,-52.16662334634886,-16.518012981295467,-7.537471598493163,-0.8986359325287531,-2.064440094735766,-31.51031666856773,-111.62465871232284,-43.859986764015204
priceToSalesRatio,11.700140302878092,12.543181103480695,13.724183406071395,10.072396239244902,9.326440910114798,7.569390652952433,8.282416888966106,9.362848169613136,9.540453506522717,10.562630987803725,10.179688195493654,10.369595378109992,9.808527248415709,7.538752321927023,10.690874613538845,12.819034735840319,9.474389861831146,5.787288483853621,3.1979531674739636,1.3015061769107836,0.8192553987820393,8.340811142184897,21.940336803174198,19.84170497566252
pocfratio,22.713550654577897,25.98701263555418,27.72302602809865,19.99296621391191,21.243666113246512,16.198371240864414,18.102951603705268,17.983849308754987,20.055287430575838,21.477585912017254,21.33416058063866,20.164137527094148,20.081340735679696,15.535606459939633,22.481212533991936,27.20568754526869,22.53570180562129,18.87238246423627,14.624052153006025,9.75885172469543,35.64219792865362,-244.90994419432133,58.36847432249951,111.48133376743176
pfcfRatio,31.795144865241635,35.395301555826926,37.67552510521964,26.43280140369158,29.28862845471913,21.66839985586357,27.174387594553803,33.08793589998664,36.67100873055351,35.89289946946332,38.689297316353176,30.53051126109092,28.57247467049018,22.67576736495185,28.928704577823066,34.21036398078559,29.009164622270042,23.433811103662066,24.130040937770367,-13.618589743589743,-1.7140982644884224,-10.68370737619157,-28.709401982954,-19.01847240479144
pbRatio,21.5455094859482,24.640525429006964,20.57867378902619,14.043896339949777,9.957617492736361,6.474669000669881,5.94130966097011,9.70976206561327,9.074094503227778,8.501775968740878,7.56700003520026,5.879608710006501,5.101237057899323,4.015960829359059,5.152809317794759,3.8512947740561048,1.97749093134331,2.7802691724344695,1.3362163119096349,0.5896224436498282,0.3222855483947497,2.119596593242634,2.6290984886262754,1.8747702721693058
ptbRatio,21.5455094859482,24.640525429006964,20.57867378902619,14.043896339949777,9.957617492736361,6.474669000669881,5.94130966097011,9.70976206561327,9.074094503227778,8.501775968740878,7.56700003520026,5.879608710006501,5.101237057899323,4.015960829359059,5.152809317794759,3.8512947740561048,1.97749093134331,2.7802691724344695,1.3362163119096349,0.5896224436498282,0.3222855483947497,2.119596593242634,2.6290984886262754,1.8747702721693058
evToSales,17.05006388868108,16.89131267097432,16.764788659161642,12.75397309977097,12.238099248325154,10.636677611001184,11.802958997595733,12.849445399694345,13.760323935780463,13.478095041545778,13.005972852293729,12.738679185124928,12.107846202962797,10.168221090125911,13.610123903320348,12.798268596860446,13.179703022695087,10.143070613873716,7.750546770999966,5.534512696278633,3.928080984596069,11.586107119880316,24.713148439830906,20.758745074557677
enterpriseValueOverEBITDA,26.44384929554119,30.21163052572064,28.36528000380407,23.350271976870417,21.82733441664588,18.338216433542154,20.666203215694246,21.303991216958163,24.72423489869029,21.63068137099675,38.133745369201435,31.556262441620927,30.745868550090357,21.960539556644637,30.648017316180766,27.77534764057151,42.75437827258837,96.15526984425097,284.1565169691377,-5.007074819471905,-41.53446231296322,190.44050058279123,74.04734556040587,910.7811440677966
evToOperatingCashFlow,33.09938853503185,34.99548895853043,33.86508753212253,25.315699186192674,27.87580994699002,22.762314776973994,25.797831524110283,24.680790031301576,28.92600980458986,27.40576135996623,27.25736859613171,24.770925926832827,24.788816814081265,20.954326990474073,28.619930468273182,27.16161581130042,31.349127652289503,33.07661412090447,35.44279551878045,41.49844981882852,170.89352128883775,-340.20106675332454,65.74506048283185,116.63375657930436
evToFreeCashFlow,46.33356842472119,47.66518961421904,46.02257178613081,33.47001349497584,38.43236078271159,30.448921740244295,38.72519179644076,45.40943290261984,52.89108728838271,45.79994424918029,49.43097872030728,37.50564743672449,35.27044582602591,30.58493051754144,36.82797412740341,34.154945052011584,40.35427929752696,41.071185830769146,58.4814727046361,-57.911563677868024,-8.218580931509274,-14.84059235821348,-32.337685569205654,-19.89746449928721
earningsYield,0.023454232360759383,0.01676085255158725,0.018146090596593716,0.016498612459439673,0.01993387995865534,0.021839188218097397,0.01733500672195928,0.02148867544093245,0.01719189968419438,0.020978642608251184,0.015938559238860606,0.01811501503883935,0.014581912410861151,0.0289057750431461,0.003616429869311913,0.0016274659138837584,-0.019169344992117265,-0.06053996937357853,-0.13267048332227385,-1.112797701273762,-0.4843928397583234,-0.03173563790291969,-0.00895859401977822,-0.022799824481945515
freeCashFlowYield,0.031451342783256106,0.028252337345473912,0.026542430323325684,0.037831782743252516,0.03414294396017971,0.0461501544485019,0.03679935735517427,0.03022249568612117,0.027269498020839035,0.02786066366276071,0.0258469413859662,0.03275411903352017,0.03499871857556692,0.04409994087104728,0.03456774212996065,0.02923090793660233,0.034471864771738726,0.04267338315463878,0.04144211783887677,-0.07342904212755942,-0.58339712530918,-0.09360046702781097,-0.03483179484524766,-0.05258045855186897
debtToEquity,9.196115090923405,8.643483571515818,4.1791351821814295,3.44916699462154,3.113081791236081,2.7047520696285203,2.566090005245292,3.468034885015024,4.076817579258467,2.4329972760355782,2.170372533630241,1.5743481832067,1.2491576377296247,1.447958126875007,1.4173847123118688,0.0,0.7624467036924124,2.145022988497933,1.9185000470334732,1.835600058150125,1.2310826451641321,0.8491965786679644,0.34177169346660874,0.2550293741365245
debtToAssets,0.8702264626637801,0.9032805106545143,0.8717244215169526,0.8212805661246153,0.7944228841191896,0.7740805689275774,0.750492486843725,0.8099831962476229,0.8229114600215237,0.7385089596383141,0.7212212127925522,0.6619836740189587,0.6102132727365851,0.6353383875255505,0.6278888136300333,0.4904916501020118,0.482634559808034,0.7095866827422566,0.675546199072553,0.6898927855465443,0.5778550608860711,0.4888641450963745,0.2865744951912407,0.27056471125435405
netDebtToEBITDA,8.297480523785845,7.777024021352313,5.144569438864337,4.909493577439835,5.193105478682119,5.288171190062485,6.16423717655624,5.780672585953602,7.582166540695468,4.678960476291188,8.286717238863638,5.868695590328944,5.838739371659428,5.678923814222284,6.57372434071999,-0.04506755933063382,12.019873302545966,41.29236816334196,166.91069414539118,-3.8296019029893134,-32.87187805901272,53.342834149285764,8.308101330485059,40.23474576271187
currentRatio,0.41130215168793355,0.7948570646970319,0.46536800481075863,0.5085609501268684,0.8113132438995263,1.0359235662542474,0.8303699327266257,0.49125352646950915,1.0301678925729758,1.31217473559662,1.0810424953597464,2.5897951843893803,1.6648331987199805,1.5651340679674206,0.7740738173408365,0.8532255204703412,0.4983892889924451,0.9302599298625849,1.3960166633873627,0.8000265555114622,1.523739911413015,1.5821831785241751,1.1153719986878636,1.7951744713970683
interestCoverage,3.5962797106441613,3.6389413988657844,3.301891427167772,2.304342566831983,2.6616941928609483,2.579785545630722,2.7025348166543504,2.5560961018778925,2.641062336470348,2.777425275951879,2.950521718496476,3.188295165394402,2.6911526282710776,2.378746476498885,,,,,,,,,,
incomeQuality,1.8771273902714491,2.295871288300012,1.9878165059858035,3.0316240698802974,2.3614496730971024,2.8267809812583318,3.186592981196192,2.5876628965584123,2.9003288393765656,2.219408018101848,2.9408669683349222,2.7376734882124545,3.4150165250714735,2.226830546644166,12.299861495844876,22.585431523795663,-2.314843522349787,-0.8752478926599538,-0.5154160775434468,-0.0920841875540228,-0.05792123423107173,0.12866082989086874,-1.9124135075995032,-0.3934289739976944
dividendYield,0.020744075122204525,0.01911645326509555,0.01540850896617212,0.017913084249071346,0.018735176223955347,0.022679851681973263,0.020129183872562507,0.010957658886636832,0.013554594588068196,0.011705097840027597,0.005538426415499168,,,,,,,,,,,0.00010875963623552332,6.993520673077798e-05,
payoutRatio,0.8844491178876037,1.1405418194723767,0.8491365610763852,1.0857327725655128,0.9398660101703123,1.0384933476226572,1.1611869666634553,0.509927143567177,0.7884291344795251,0.5579530601004578,0.3474860137919902,0.0,0.0,0.0,0.0,0.0,0.0,0.0,0.0,0.0,0.0,-0.003427050578539573,-0.007806493583298835,0.0
salesGeneralAndAdministrativeToRevenue,0.0,0.09683516756823976,0.0963550255266942,0.09854706253948199,0.09558966971293087,0.09392087482378872,0.10433476488394883,0.10891140786644449,0.1236223402878616,0.11380582483761943,0.11819939333718568,0.11573311305144976,0.11698414373991511,0.1131933148583248,0.12802675282199433,0.12093958865479719,0.040196404265092835,0.03887017802054736,0.03756865750114662,0.03088328555845869,0.023345274296833602,0.020343408928632144,0.03539973884168149,0.17259329367225526
researchAndDdevelopementToRevenue,0.0,0.0,0.0,0.0,0.0,0.0,0.0,0.0,0.0,0.0,0.0,0.0,0.0,0.0,0.0,0.0,0.0,0.0,0.0,0.007478247634509525,0.007608947699285217,0.019743633334466697,0.0062267272677957695,0.0
intangiblesToTotalAssets,0.4875994270825136,0.44719319974170874,0.43214973272027213,0.5051801856384655,0.5245240754735159,0.5293309887092099,0.5177497833801264,0.5112809690999879,0.5145553565948788,0.42778364794587376,0.42160241260321946,0.4316783329960781,0.45067927000089747,0.4569582417207716,0.4765717351435473,0.46563810812194606,0.4812679198286539,0.31026242378054775,0.3093790365772975,0.3082729460600406,0.3672053756792186,0.4426467213562189,0.4650411777137508,0.4783195315583725
capexToOperatingCashFlow,-0.28562833253801945,-0.26580615241923017,-0.2641635132974471,-0.24363044580209695,-0.2746786983866557,-0.25244266541993576,-0.3338230147518245,-0.4564831918462992,-0.45310237910455414,-0.4016202026172395,-0.4485772019534419,-0.33954143922928726,-0.2971788069718783,-0.31488067372080214,-0.22287524235612743,-0.20475305201228217,-0.22315233482039457,-0.1946515920627596,-0.39394830739324493,-1.7165831344092668,-21.79355581127733,21.923685156343595,-3.0330787230314087,-6.861739649465516
capexToRevenue,-0.14713206296957326,-0.12829695952247716,-0.1307731883962376,-0.12274028574884746,-0.12059004486862047,-0.11796477087866086,-0.1527298661473628,-0.23765672987243075,-0.21554426464870216,-0.19751595988817647,-0.21404057732822815,-0.17461234501985812,-0.14515397473716934,-0.1527978593087937,-0.10598766711932082,-0.09647749139393572,-0.09381701252982157,-0.05969065745903263,-0.08614768494177397,-0.22893508536059462,-0.5009367910695818,-0.7466471728264935,-1.1401149251591554,-1.2212682531097891
capexToDepreciation,-0.5901997770727943,-0.5481060404823885,-0.5574111560953666,-0.4326321773735077,-0.4683256600034967,-0.4473579853634716,-0.5669782343495201,-0.9707133478514687,-0.9055008779658686,-0.8816842471239035,,,,,-0.2908913790212109,-0.236342674377522,-0.19317963873487465,-0.10484805098606534,-0.15835089703387653,-0.5387294727228228,-1.2361580101650074,-1.8359859138443633,-2.153300109040081,-2.3551487158475033
stockBasedCompensationToRevenue,0.012771323835885817,0.01502207299633153,0.01469598828542406,0.018480934396043064,0.016281756929125587,0.015538050230327768,0.018974472683314904,0.019549283325463507,0.020270678320120115,0.018075007997329588,0.01941329190696091,0.026471603029211695,0.035189088424547335,0.0343940146996807,0.0,0.0,0.0,0.0,0.0,0.0,0.0,0.0,0.0,0.0
grahamNumber,38.620318200016904,28.127322461502317,33.129235715209916,27.715270767982716,30.805373647287436,28.377890896362523,24.171746199324488,21.634137636416394,16.761025670668204,18.131499827080894,13.68448018645199,13.512106011966333,10.765605307343963,12.20968362325215,4.73625823096099,3.8789001251957456,13.819190722671859,12.760144838625699,16.426223306961525,34.211464788772005,28.204047614933433,21.09806665648667,10.469914888914126,13.46977108581035
roic,0.051495710334985186,0.06626049841663224,0.07204821795631118,0.06726576155082008,0.06508979812521579,0.06335600859426363,0.0627440769214639,0.07663814378966792,0.06276187391308775,0.08320748139753202,0.0803409530161037,0.07982825655550951,0.08277587772784674,0.07671671079349907,0.0,0.0,0.0,0.0,0.0,0.0,0.0,0.0,0.0,0.0
returnOnTangibleAssets,0.07170223341692125,0.06474665849641914,0.07767158062777464,0.07569394277038362,0.07844813393614732,0.0658066794235447,0.05280120198008554,0.07912705565742477,0.056022881736810644,0.07904746075120038,0.05603538440141972,0.06329137339883954,0.05273422672541826,0.07787047093060152,0.013233041435379423,0.005971438603077929,-0.03772571062473768,-0.0705781037894678,-0.0823891962697218,-0.29154116770270067,-0.10414474299205981,-0.06168878712442924,-0.03141051004694208,-0.05976704098154625
grahamNetNet,-131.46182715715446,-90.95820935893968,-79.81377693474619,-57.775712797368556,-58.547261555276854,-53.66091644458453,-46.91242566965938,-42.36037281731901,-40.95604116038882,-25.105001114567397,-21.212700051300065,-14.638701165642948,-12.266111703796675,-12.712803102435426,-12.184997833805701,-9.183054001531122,-13.524838021883575,-14.997171653234433,-16.524070389912445,-18.899721929456547,-19.386423068491435,-14.717611060071718,-5.211408757320583,-2.602818790263956
workingCapital,-5337900000,-749900000,-2933900000,-2304800000,-474000000,58601000,-203561000,-981724000,27898000,197350000,63180000,861979000,260112000,171035000,-71704000,-83607000,-227338000,-23168000,116737000,-134041000,179493000,173366000,14420000,91950000
tangibleAssetValue,-25007700000,-16554100000,-13006300000,-10776600000,-10593600000,-9369091000,-7216863000,-6853061000,-6841320000,-2342918000,-1747080000,-971089000,-518358000,-757909000,-849312000,377864000,316511000,-100952000,80386000,10386000,375222000,387695000,749839000,377262000
netCurrentAssetValue,-57088900000,-39759500000,-34757400000,-24725700000,-24348100000,-22213080000,-19194986000,-16330225000,-15729875000,-9575420000,-7979517000,-5459282000,-4543187000,-4743506000,-4859349000,-3738690000,-4005968000,-3299901000,-3190827000,-3370060000,-3424383000,-2296151000,-725723000,-198896000
investedCapital,10.235495552231756,8.968315622328081,4.8561735965502235,3.965424186203407,3.2372186173195545,2.7400580582637666,2.5736372726344734,3.695076842137213,4.096661587673467,2.4497980885510935,2.2013458180468604,1.595738215433404,1.270430414692608,1.4485722366231386,1.4179859514534965,0.05790464401142462,0.7982691126634236,2.239102133106904,1.963852000558559,1.990825266344236,1.2354476883307153,0.8530598857528369,0.34397066307105423,0.2565368632181789
averageReceivables,741850000,754800000,715300000,713100000,720250000,576200000,523283000,501047000,504779000,457107000,427885500,417880500,411374500,403056500,397558000,392084000,395897500,396717000,416234000,431032500,491932500,496231500,413322500,385825000
averagePayables,205750000,139100000,143600000,134950000,141000000,128883000,117907000,114733000,155075000,114339000,176919500,215821500,162119000,145542500,157282000,163367000,157329000,130386000,123328500,124765000,94612500,106573000,82332000,72898000
averageInventory,,,,,,,,,,,,,,,,,,,,,,,,
daysSalesOutstanding,28.433402088298475,34.260026114530866,32.54053269659512,32.93786373839061,37.55766142949324,25.083361160716446,22.318816493542094,22.01493982509473,27.663020276925703,20.23189126413441,15.08243599838267,14.884523266854208,14.385002963841139,11.753497324135992,10.102568045728598,8.136816496316566,14.29231063965808,19.955013726544593,39.64071571599566,49.658462494609466,73.71661827681581,117.97898065349699,101.60928158213893,59.39745422235957
daysPayablesOutstanding,37.07158836689038,22.796111709770116,24.38492421508481,21.92212324364037,25.36151901196149,24.191999615725965,26.97033619891387,30.142232457402912,72.60752459956296,45.25525309386155,126.22429769581098,224.99229855073685,162.29449414590212,142.29527644893616,178.0879923920116,199.35672140118822,201.42354202226142,173.40111591367872,125.96234121674736,90.33199688935007,21.57396095948078,51.570560646015636,59.86808420539341,39.57895418697673
daysOfInventoryOnHand,0.0,0.0,0.0,0.0,0.0,0.0,0.0,0.0,0.0,0.0,0.0,0.0,0.0,0.0,0.0,0.0,0.0,0.0,0.0,7.4372771503936494,21.23265121302954,33.34124570194285,26.374368812437044,0.0
receivablesTurnover,12.837014679654274,10.65381558028617,11.216780112459308,11.081471551980936,9.718389966457634,14.551478873239436,16.3539137528019,16.579650133040026,13.194510084079793,18.04082451980378,24.200334749581565,24.522115586516964,25.373647882971053,31.054586557012843,36.12942752257168,44.85783846363389,25.538207865927827,18.29114251695398,9.207704588762425,7.350207430196243,4.951393709209176,3.093771432658849,3.5921915234184705,6.145044510385756
payablesTurnover,9.845814977973568,16.011502516175412,14.968264686022957,16.649847094801224,14.39188243526942,15.087632514789409,13.533387100109602,12.109255693513047,5.027027185033616,8.065362030855791,2.8916778042181437,1.6222777506212762,2.24899804470179,2.565088660065138,2.049548625359048,1.8308888580960807,1.8121019833901046,2.1049460845551975,2.897691456623,4.04065018563796,16.918543640897756,7.07768144126624,6.096737599749648,9.222072879330943
inventoryTurnover,,,,,,,,,,,,,,,,,,,,49.07710074791025,17.190505148787803,10.947401403743315,13.839193748890073,
roe,0.5053333858143746,0.41299621350922194,0.37342247893341773,0.23170480313337455,0.1984939517744132,0.1414015149555101,0.10299264291015847,0.20864992563664142,0.15600092242439162,0.1783557195836334,0.12060707832149963,0.10650920020425858,0.07438579196532695,0.11608446031553941,0.018634773527741712,0.006267850969094961,-0.03790720588170318,-0.16831741054948732,-0.1772764639241575,-0.6561304999129471,-0.15611281200000138,-0.06726674998341038,-0.023553025997615308,-0.0427444331494294
capexPerShare,-3.103191777116581,-2.325534216932648,-2.2411427046995493,-2.0773146863327616,-1.876776409976155,-1.6053539632547167,-1.7396534314298877,-2.4608771637395885,-1.8340724989874444,-1.4389267729220918,-1.3217095304401445,-0.8641711869814933,-0.6282070913084405,-0.614940888553266,-0.3736527844672977,-0.29938872857900006,-0.2930051899110773,-0.18802599671920692,-0.2960528212669031,-0.9234756003970244,-2.965550718737277,-3.2539548943484573,-1.9649012681219908,-1.584927180207054
