,2021,2020,2019,2018,2017,2016,2015,2014,2013,2012
period,FY,FY,FY,FY,FY,FY,FY,FY,FY,FY
currentRatio,2.972780383013282,4.105122867260436,3.8098426661980422,4.562160187802716,5.30501693678958,5.563212555606226,4.135179929794935,3.3097605511390364,6.054588028684326,4.2282484162286025
quickRatio,2.902141678237405,4.04166112243803,3.7066169097656534,4.462585939907696,5.244099752993639,5.46575861089839,3.9926042326305007,3.2474145423520686,5.821344943655788,3.9828312441029787
cashRatio,1.894926776872495,2.8375211932610793,2.420356223575261,2.9317921538338614,3.219288599578929,3.1150242215128334,1.559279499026667,1.7584620414151644,3.095400995170496,1.9900256099204745
daysOfSalesOutstanding,74.68013998399209,68.76824324171886,79.19892684534558,79.68530510409612,92.20927603057814,85.82722052318185,112.22697477814924,93.36354682772007,97.19643786805304,98.6722306874843
daysOfInventoryOutstanding,0.0,0.0,0.0,0.0,0.0,0.0,0.0,0.0,0.0,0.0
operatingCycle,74.68013998399209,68.76824324171886,79.19892684534558,79.68530510409612,92.20927603057814,85.82722052318185,112.22697477814924,93.36354682772007,97.19643786805304,98.6722306874843
daysOfPayablesOutstanding,3.651473992197921,2.1465730305300594,1.9206550472450574,2.2891666757939237,2.2081788502114286,1.590840032230672,1.6585260877771368,3.710522857205441,2.976484970516324,8.228535180739826
cashConversionCycle,71.02866599179417,66.6216702111888,77.27827179810052,77.3961384283022,90.00109718036671,84.23638049095118,110.56844869037211,89.65302397051462,94.21995289753671,90.44369550674448
grossProfitMargin,0.3391160636739838,0.3485480985366301,0.35120790932767404,0.3559535127016374,0.3647810883258138,0.36456713546389546,0.3798319272574519,0.3746395681255625,0.3737356269038779,0.3767597435678736
operatingProfitMargin,0.14430420973757258,0.14263099751154174,0.13202993463243057,0.13335634040040978,0.11923626355443284,0.11524205866229015,0.11592140269196437,0.11805453770887926,0.13779617630157245,0.152158027104719
pretaxProfitMargin,0.14192963335093067,0.14231326598678387,0.13058080964409247,0.13553170200204892,0.12017321544791679,0.109010009205849,0.1160340783785203,0.11910929321792207,0.13829517020736168,0.1518283813471216
netProfitMargin,0.12816219921322866,0.12301662205891532,0.11380993444060898,0.130367592158497,0.05016381145687401,0.08556440129226674,0.09238968722104562,0.095395101825001,0.11167735810648927,0.1255973388597023
effectiveTaxRate,0.09700182979872214,0.13559272773390332,0.12843292401995152,0.03810259715821966,0.5825707811020912,0.2150775702560372,0.2037710945601961,0.19909606339056732,0.19247101732447572,0.17276771480193737
returnOnAssets,0.13670762627557068,0.12022053905954878,0.11632477916485459,0.1490604925418879,0.05819608144252057,0.10722058821940979,0.10848053269212984,0.11723560921575824,0.14321389216798305,0.15530737085749144
returnOnEquity,0.19365876233405988,0.1649808524178802,0.1635546895802073,0.19028731280631334,0.07462969781947121,0.12703413820110263,0.13772477548950382,0.15007219049671372,0.16483338252224802,0.19031717199944112
returnOnCapitalEmployed,0.19650504546151235,0.16818614318993413,0.16306279142392557,0.1821860037228321,0.16173924916463184,0.16513997173885117,0.16286954851104707,0.18391081766831052,0.2022484684556057,0.22646519958004818
netIncomePerEBT,0.9029981702012778,0.8644072722660967,0.8715670759800485,0.9618974028417804,0.41742921889790885,0.7849224297439628,0.796228905439804,0.8009039366094327,0.8075289826755243,0.8272322851980627
ebtPerEbit,0.9835446492450896,0.9977723529225675,0.989024269440317,1.0163123972591592,1.0078579440981579,0.9459220919100048,1.0009720007172045,1.0089344766369237,1.0036212463885585,0.9978335302851256
ebitPerRevenue,0.14430420973757258,0.14263099751154174,0.13202993463243057,0.13335634040040978,0.11923626355443284,0.11524205866229015,0.11592140269196437,0.11805453770887926,0.13779617630157245,0.152158027104719
debtRatio,0.29160482705201796,0.271306110390059,0.28877136165631706,0.2166556438073659,0.2202021026093856,0.15597027903103333,0.21233828621926282,0.2188052374811877,0.13115965967237805,0.1839550303009572
debtEquityRatio,0.413084708117873,0.3723183551536093,0.4060176237121314,0.2765777810162554,0.2823835552086421,0.1847924014476358,0.26958056041603135,0.2800905074884172,0.15095944972228204,0.2254226631270085
longTermDebtToCapitalization,0.06504738637213724,0.012468775771193633,0.015466139984789223,0.019439635857278544,0.0250335006700134,0.03105919698435136,0.05399376449154072,,,
totalDebtToCapitalization,0.08772335879542599,0.04147156705650336,0.04921248468364466,,,,,,,
interestCoverage,314.02200347423275,,,,,,,,,
cashFlowToDebtRatio,2.39309159635053,6.34529179341935,3.479386559504212,11.674243937517478,7.8042583789397995,6.580046311082721,2.182657142857143,,,
companyEquityMultiplier,1.4165907755847433,1.3723183551536093,1.4060176237121313,1.2765777810162553,1.282383555208642,1.1847924014476359,1.2695805604160313,1.2800905074884172,1.1509594497222821,1.2254226631270084
receivablesTurnover,4.8875109242998045,5.307682482407367,4.608648305459338,4.580518321705436,3.958387005217999,4.252730052016701,3.2523375126303953,3.909448734563604,3.755281654411019,3.6991157234098795
payablesTurnover,99.9596329536765,170.03847286289135,190.03933086451283,159.4466684578184,165.2945819878005,229.43853096794274,220.07492236024845,98.36888601594484,122.62786596119929,44.35783429040197
inventoryTurnover,,,,,,,,,,
fixedAssetTurnover,8.92554179382741,6.678665511482779,5.6742065553494125,17.954055686534304,16.78390168828614,15.759237122364704,15.109803467825914,13.240958392280625,10.412022882865985,8.164091465135975
assetTurnover,1.0666766575074498,0.9772706895005828,1.022096882285421,1.1433860982924702,1.1601208072586735,1.2530980945354937,1.1741627875910683,1.2289478911697467,1.2823896857536898,1.2365498526284584
operatingCashFlowPerShare,10.103038005966566,9.769178315717696,5.253257552221349,5.449489957667419,3.7514449757090462,3.276093740682582,1.5679686377537407,2.2224247176248704,1.2725663329982078,1.2067429708882806
freeCashFlowPerShare,8.134759660364702,8.53471387298796,3.4383852044079752,4.748783171400332,3.1791001785817157,2.693355065694011,1.199256993904066,1.8867532687702642,0.9246186125803209,0.533018163722319
cashPerShare,25.536637892990168,24.802160532596407,17.115663663444142,14.369953191727431,11.186992338268334,7.204039038740583,4.713162701914985,4.673419652885206,3.7241552651134326,2.9638716098531974
payoutRatio,0.0,0.0,0.0,0.0,0.0,0.0,0.0,0.0,0.0,0.0
operatingCashFlowSalesRatio,0.15228980049726673,0.20470445704006576,0.12531748654415079,0.15856318695629526,0.13469217786504584,0.1420674543931208,0.08356925944725466,0.14365770033163158,0.10488779842807913,0.11180062655746094
freeCashFlowOperatingCashFlowRatio,0.8051795564423835,0.8736368195118726,0.6545243918136182,0.8714179140230923,0.8474335087324174,0.8221239313905726,0.7648475645674342,0.8489616110761485,0.7265779304422499,0.4416998288624508
cashFlowCoverageRatios,2.39309159635053,6.34529179341935,3.479386559504212,,,,,,,
shortTermCoverageRatios,8.655621427059073,8.960104675850491,4.995533697125578,,,,,,,
capitalExpenditureCoverageRatio,-5.132931543214859,-7.913697614582879,-2.894560357675112,-7.777133123968702,-6.554519224317252,-5.6218917351707205,-4.252560676909375,-6.620833333333334,-3.657349246231156,-1.791151161502382
dividendPaidAndCapexCoverageRatio,,,,,,,,,,
dividendPayoutRatio,,,,,,,,,,
priceBookValueRatio,10.274693108526861,9.679211489759549,7.950675208079465,5.9925782277149615,6.270945805259157,4.1410611559587,5.950857844536165,4.975665919620731,5.058352197946828,2.943916096129663
priceToBookRatio,10.274693108526861,9.679211489759549,7.950675208079465,5.9925782277149615,6.270945805259157,4.1410611559587,5.950857844536165,4.975665919620731,5.058352197946828,2.943916096129663
priceToSalesRatio,6.799729840048705,7.217224812538401,5.532496967910862,4.105570586115886,4.215138908806107,2.789229915216544,3.992004292615476,3.162838867603527,3.4271177427461237,1.942799084368567
priceEarningsRatio,53.055658234576,58.66869608142805,48.61172265060887,31.492263668753328,84.02748488180319,32.59801825398424,43.20833214928484,33.15514955270602,30.687668484046846,15.46847331326628
priceToFreeCashFlowsRatio,55.4533899996962,40.3563616924649,67.45026697493954,29.71287483702738,36.928688435472765,23.88099542435424,62.455337246915064,25.9334385740279,44.96989292045858,39.34199887965643
priceToOperatingCashFlowsRatio,44.64993596318189,35.2568034760758,44.14784496943848,25.892331410111627,31.294608013758932,19.633137843790383,47.768812587540744,22.01649379255106,32.67413173035638,17.377354172250975
priceCashFlowRatio,44.64993596318189,35.2568034760758,44.14784496943848,25.892331410111627,31.294608013758932,19.633137843790383,47.768812587540744,22.01649379255106,32.67413173035638,17.377354172250975
priceEarningsToGrowthRatio,1.2570531226880193,2.3148917620258227,7.509673016369946,0.14314665303978782,-2.9041078108272327,2.349773815808031,2.557933263237663,3.4430347612425516,4.871667371842432,0.1840214928647195
priceSalesRatio,6.799729840048705,7.217224812538401,5.532496967910862,4.105570586115886,4.215138908806107,2.789229915216544,3.992004292615476,3.162838867603527,3.4271177427461237,1.942799084368567
dividendYield,,,,,,,,,,
enterpriseValueMultiple,35.790049392153115,35.36916779261092,29.53939456254274,23.814129596072803,27.38882026155067,19.34494391170013,28.224629652128137,19.997163525987208,18.86216476221569,9.4425995178839
priceFairValue,10.274693108526861,9.679211489759549,7.950675208079465,5.9925782277149615,6.270945805259157,4.1410611559587,5.950857844536165,4.975665919620731,5.058352197946828,2.943916096129663
