,2021,2020,2019,2018,2017,2016,2015,2014,2013,2012,2011,2010,2009,2008,2007,2006,2005,2004,2003
reportedCurrency,USD,USD,USD,USD,USD,USD,USD,USD,USD,USD,USD,USD,USD,USD,USD,USD,USD,USD,USD
cik,0001571949,0001571949,0001571949,0001571949,0001571949,0001571949,0001571949,0001571949,0001571949,0001571949,0001571949,0001571949,0001571949,0001571949,0001571949,0001571949,0001571949,0001571949,0001571949
fillingDate,2022-02-03,2021-02-04,2020-02-06,2019-02-07,2018-02-07,2017-02-07,2016-02-04,2015-02-05,2014-02-14,2012-12-31,2011-12-31,2010-12-31,2009-12-31,2008-12-31,2007-12-31,2006-12-31,2005-12-31,2004-12-31,2003-12-31
acceptedDate,2022-02-03 08:33:47,2021-02-04 08:29:58,2020-02-06 08:33:20,2019-02-07 08:32:23,2018-02-07 08:34:03,2017-02-07 08:26:48,2016-02-04 08:31:47,2015-02-05 08:30:33,2014-02-14 16:25:29,2012-12-31,2011-12-31,2010-12-31,2009-12-31,2008-12-31,2007-12-31,2006-12-31,2005-12-31,2004-12-31,2003-12-31
calendarYear,2021,2020,2019,2018,2017,2016,2015,2014,2013,2012,2011,2010,2009,2008,2007,2006,2005,2004,2003
period,FY,FY,FY,FY,FY,FY,FY,FY,FY,FY,FY,FY,FY,FY,FY,FY,FY,FY,FY
netIncome,4058000000,2089000000,1933000000,1988000000,2514000000,1422000000,1274000000,981000000,254000000,551576000,509673000,398298000,315988000,300972000,240612000,143268000,40410000,21949000,13377000
depreciationAndAmortization,1009000000,751000000,662000000,586000000,535000000,610000000,374000000,333000000,161000000,130502000,132252000,121209000,111357000,63891000,33399000,13861000,16846000,17406000,19346000
deferredIncomeTax,537000000,92000000,-33000000,27000000,-651000000,114000000,-108000000,21000000,-15000000,-24277000,-2901000.0,-22800000,-11536000,-16986000,-3222000.0,-5345000.0,-2356000.0,-579000.0,-462000.0
stockBasedCompensation,188000000,139000000,139000000,130000000,135000000,124000000,111000000,97000000,64000000,52112000,52944000,49320000,53171000,0.0,0.0,0.0,0.0,0.0,0.0
changeInWorkingCapital,-87000000,57000000,-1421000000,1193000000,875000000,-54000000,-1136000000,-211000000,-1587390000,699313000,356683000,-43625000,251073000,9813000.0,-71885000,165397000,72019000,-22374000,-5490000.0
accountsReceivables,-5000000.0,-149000000,-30000000,-44000000,-135000000,-65000000,-45000000,-78000000,29000000,10730000,-22590000,-2669000.0,-27427000,0.0,0.0,0.0,0.0,0.0,0.0
inventory,0.0,0.0,0.0,0.0,0.0,0.0,0.0,0.0,0.0,0.0,0.0,0.0,0.0,0.0,0.0,0.0,0.0,0.0,0.0
accountsPayables,-150000000,69000000,34000000,-33000000,-88000000,14000000,-21000000,52000000,0.0,-10875000,-6855000.0,0.0,0.0,0.0,0.0,0.0,0.0,0.0,0.0
otherWorkingCapital,34000000,-780000000,-837000000,584000000,-609000000,-1484000000,-1430000000,-294000000,-83000000,1504390000,805077000,448394000,492019000,240946000,231133000,303018000,137621000,65602000,87976000
otherNonCashItems,-2582000000,-247000000,1379000000,-1391000000,-1323000000,-67000000,796000000,293000000,1858390000,-676272000,-335881000,31356000,-233460000,17422000,88877000,-171257000,-77107000,23759000,322000.0
netCashProvidedByOperatingActivities,3123000000,2881000000,2659000000,2533000000,2085000000,2149000000,1311000000,1514000000,735000000,732954000,712770000,533758000,486593000,375112000,287781000,145924000,49812000,40161000,27093000
investmentsInPropertyPlantAndEquipment,0.0,0.0,0.0,0.0,0.0,0.0,0.0,0.0,0.0,0.0,0.0,-25994000,0.0,-48812000,-104365000,-19815000,-8610000.0,-1703000.0,0.0
acquisitionsNet,1054000000,-9446000000,-292000000,-1246000000,449000000,-425000000,-3811000000,1697000000,-2241000000,-18250000,-13588000,-552981000,-37792000,-46816000,-480114000,0.0,0.0,0.0,0.0
purchasesOfInvestments,-5050000000,0.0,0.0,-306000000,0.0,0.0,-5000000.0,-1304000000,-42000000,0.0,-514100000,-33306000,-91731000,-102567000,-332357000,-309227000,-166575000,-24000000,-19000000
salesMaturitiesOfInvestments,3662000000,4000000.0,9000000.0,77000000,0.0,0.0,1089000000,54000000,16000000,43000.0,1999000.0,19541000,31990000,236935000,272771000,346090000,58755000,30463000,11096000
otherInvestingActivites,-452000000,-388000000,-311000000,-280000000,-357000000,-473000000,-571000000,-915000000,-256000000,-99660000,-89167000,-40342000,-44742000,-108486000,6677000.0,-44676000,-690000.0,-9537000.0,-10227000
netCashUsedForInvestingActivites,-786000000,-9830000000,-594000000,-1755000000,92000000,-898000000,-3298000000,-468000000,-2523000000,-117867000,-614856000,-633082000,-142275000,-69746000,-637388000,-27628000,-117120000,-4777000.0,-18131000
debtRepayment,-2639000000,-2004000000,0.0,-883000000,-1259000000,-949000000,-1028000000,-552000000,-2513000000,-50000000,-991500000,-349000000,-89032000,0.0,0.0,0.0,0.0,0.0,-1870000.0
commonStockIssued,0.0,0.0,0.0,0.0,0.0,0.0,0.0,0.0,0.0,0.0,0.0,0.0,0.0,5210000.0,9931000.0,22108000,56005000,14000.0,546000.0
commonStockRepurchased,-320000000,-1321000000,-1525000000,-1278000000,-1037000000,-104000000,-705000000,-690000000,-77000000,-72524000,-190474000,-90395000,0.0,-300000000,-25484000,0.0,0.0,-43500000,0.0
dividendsPaid,-747000000,-669000000,-621000000,-555000000,-476000000,-409000000,-331000000,-299000000,-75000000,0.0,0.0,0.0,0.0,-3447000.0,0.0,0.0,0.0,0.0,0.0
otherFinancingActivites,65732000000,10738000000,393000000,2253000000,801000000,0.0,4040000000,207000000,3784000000,294887000,1287085000,608915000,13920000,157118000,280312000,40996000,-25676000,23162000,0.0
netCashUsedProvidedByFinancingActivities,62026000000,6744000000,-1753000000,-463000000,-1971000000,-1462000000,1976000000,-1334000000,1119000000,172363000,105111000,169520000,-75112000,-141119000,264759000,63104000,30329000,-20324000,-1324000.0
effectOfForexChangesOnCash,-6000000.0,8000000.0,4000000.0,-11000000,12000000,-9000000.0,-14000000,-21000000,18000000,1796000.0,-1868000.0,-869000.0,-263000.0,-322000.0,188000.0,2855000.0,-4218000.0,1226000.0,3648000.0
netChangeInCash,64357000000,-197000000,316000000,304000000,218000000,-220000000,-25000000,-309000000,-651000000,789246000,201157000,69327000,268943000,163925000,-84660000,184255000,-41197000,16286000,11286000
cashAtEndOfPeriod,147976000000,1991000000,2188000000,1872000000,1568000000,407000000,627000000,652000000,961000000,1612195000,822949000,621792000,552465000,283522000,119597000,204257000,20002000,61199000,44913000
cashAtBeginningOfPeriod,83619000000,2188000000,1872000000,1568000000,1350000000,627000000,652000000,961000000,1612000000,822949000,621792000,552465000,283522000,119597000,204257000,20002000,61199000,44913000,33627000
operatingCashFlow,3123000000,2881000000,2659000000,2533000000,2085000000,2149000000,1311000000,1514000000,735000000,732954000,712770000,533758000,486593000,375112000,287781000,145924000,49812000,40161000,27093000
capitalExpenditure,-452000000,-410000000,-305000000,-280000000,-357000000,-365000000,-277000000,-250000000,-181000000,-67809000,-87635000,-47768000,-44742000,-48812000,-104365000,-19815000,-8610000.0,-1703000.0,-6782000.0
freeCashFlow,2671000000,2471000000,2354000000,2253000000,1728000000,1784000000,1034000000,1264000000,554000000,665145000,625135000,485990000,441851000,326300000,183416000,126109000,41202000,38458000,20311000
link,https://www.sec.gov/Archives/edgar/data/1571949/000157194922000006/0001571949-22-000006-index.htm,https://www.sec.gov/Archives/edgar/data/1571949/000157194921000003/0001571949-21-000003-index.htm,https://www.sec.gov/Archives/edgar/data/1571949/000157194920000003/0001571949-20-000003-index.html,https://www.sec.gov/Archives/edgar/data/1571949/000157194919000003/0001571949-19-000003-index.html,https://www.sec.gov/Archives/edgar/data/1571949/000157194918000003/0001571949-18-000003-index.html,https://www.sec.gov/Archives/edgar/data/1571949/000157194917000003/0001571949-17-000003-index.html,https://www.sec.gov/Archives/edgar/data/1571949/000157194916000020/0001571949-16-000020-index.html,https://www.sec.gov/Archives/edgar/data/1571949/000157194915000003/ice2014123110k.htm,https://www.sec.gov/Archives/edgar/data/1571949/000157194914000006/ice2013123110k.htm,,,,,,,,,,
finalLink,https://www.sec.gov/Archives/edgar/data/1571949/000157194922000006/ice-20211231.htm,https://www.sec.gov/Archives/edgar/data/1571949/000157194921000003/ice-20201231.htm,https://www.sec.gov/Archives/edgar/data/1571949/000157194920000003/ice2019123110k.htm,https://www.sec.gov/Archives/edgar/data/1571949/000157194919000003/ice2018123110k.htm,https://www.sec.gov/Archives/edgar/data/1571949/000157194918000003/ice2017123110k.htm,https://www.sec.gov/Archives/edgar/data/1571949/000157194917000003/ice2016123110k.htm,https://www.sec.gov/Archives/edgar/data/1571949/000157194916000020/ice2015123110k.htm,https://www.sec.gov/Archives/edgar/data/1571949/000157194915000003/ice2014123110k.htm,https://www.sec.gov/Archives/edgar/data/1571949/000157194914000006/ice2013123110k.htm,,,,,,,,,,
