,2021,2020,2019,2018,2017,2016,2015,2014,2013,2012,2011,2010,2009,2008,2007,2006,2005,2004,2003,2002,2001,2000,1999,1998,1997,1996,1995,1994
reportedCurrency,USD,USD,USD,USD,USD,USD,USD,USD,USD,USD,USD,USD,USD,USD,USD,USD,USD,USD,USD,USD,USD,USD,USD,USD,USD,USD,USD,USD
cik,0000827052,0000827052,0000827052,0000827052,0000827052,0000827052,0000827052,0000827052,0000827052,0000827052,0000827052,0000827052,0000827052,0000827052,0000827052,0000827052,0000827052,0000827052,0000827052,0000827052,0000827052,0000827052,0000827052,0000827052,0000827052,0000827052,0000827052,0000827052
fillingDate,2022-02-24,2021-02-25,2020-02-27,2019-02-28,2018-02-22,2017-02-21,2016-02-23,2015-02-24,2014-02-25,2013-02-26,2012-02-29,2011-02-28,2010-03-01,2009-03-02,2008-02-27,2007-02-28,2005-12-31,2004-12-31,2003-12-31,2002-12-31,2001-12-31,2000-12-31,1999-12-31,1998-12-31,1997-12-31,1996-12-31,1996-03-27,1995-03-29
acceptedDate,2022-02-24 16:10:36,2021-02-25 16:10:55,2020-02-27 16:13:21,2019-02-28 16:12:51,2018-02-22 16:11:02,2017-02-21 16:06:50,2016-02-23 16:05:48,2015-02-24 16:05:54,2014-02-25 16:03:23,2013-02-26 16:04:21,2012-02-29 16:06:02,2011-02-28 08:56:24,2010-03-01 09:05:45,2009-03-02 09:23:54,2008-02-27 09:40:05,2007-02-28 10:10:18,2005-12-31,2004-12-31,2003-12-31,2002-12-31,2001-12-31,2000-12-31,1999-12-31,1998-12-31,1997-12-31,1996-12-31,1996-03-27 00:00:00,1995-03-29 00:00:00
calendarYear,2021,2020,2019,2018,2017,2016,2015,2014,2013,2012,2011,2010,2009,2008,2007,2006,2005,2004,2003,2002,2001,2000,1999,1998,1997,1996,1995,1994
period,FY,FY,FY,FY,FY,FY,FY,FY,FY,FY,FY,FY,FY,FY,FY,FY,FY,FY,FY,FY,FY,FY,FY,FY,FY,FY,FY,FY
netIncome,925000000,871000000,1405000000,-302000000,689000000,1434000000,1133000000,1724000000,1015000000,-92000000,-37000000,1256000000,849000000,1215000000,1098000000,1181000000,1137000000,916000000,821000000,1077000000,1035000000,-1943000000,623000000,668200000,700000000,717000000,739000000,681000000
depreciationAndAmortization,2280000000,2029000000,1803000000,1940000000,2115000000,2098000000,2005000000,1815000000,1622000000,1634000000,1889000000,1640000000,1538000000,0.0,0.0,0.0,0.0,0.0,0.0,0.0,0.0,0.0,0.0,0.0,0.0,0.0,0.0,0.0
deferredIncomeTax,62000000,-296000000,-284000000,-527000000,498000000,190000000,449000000,522000000,345000000,141000000,-188000000,1139000000,-1457000000,207000000,-39000000,-136000000,160000000,557000000,194000000,160000000,1908000000,-1086000000,525000000,348000000,115000000,91000000,-172000000,16000000
stockBasedCompensation,0.0,0.0,0.0,0.0,0.0,0.0,0.0,0.0,0.0,33000000,30000000,30000000,22000000,0.0,0.0,0.0,0.0,0.0,0.0,0.0,0.0,0.0,0.0,0.0,0.0,0.0,0.0,0.0
changeInWorkingCapital,-3360000000,-1051000000,73000000,1303000000,450000000,-1516000000,-813000000,109000000,-497000000,-1208000000,-334000000,-173000000,-13000000,671000000,-1194000000,179000000,-412000000,2530000000,78000000,1161000000,2777000000,-962000000,-3015000000,-1026000000,735000000,-13000000,170000000,333000000
accountsReceivables,-513000000,-283000000,-76000000,-39000000,7000000.0,52000000,49000000,64000000,-56000000,-13000000,0.0,0.0,0.0,0.0,0.0,0.0,0.0,0.0,0.0,0.0,0.0,0.0,0.0,0.0,0.0,0.0,0.0,0.0
inventory,-21000000,-43000000,-83000000,-49000000,-12000000,8000000.0,14000000,-25000000,80000000,10000000,-56000000,-49000000,20000000,-204000000,-121000000,-39000000,-71000000,-27000000,4000000.0,-11000000,-16000000,30000000,-5000000.0,24000000,36000000,39000000,-19000000,-21000000
accountsPayables,131000000,87000000,288000000,-31000000,50000000,35000000,8000000.0,14000000,45000000,14000000,56000000,-3000000.0,152000000,0.0,0.0,0.0,0.0,0.0,0.0,0.0,0.0,0.0,0.0,0.0,0.0,0.0,0.0,0.0
otherWorkingCapital,-1017000000,-1688000000,-1963000000,-2036000000,-3339000000,-3789000000,-2273000000,-1460000000,-1569000000,-1072000000,136000000,470000000,643000000,656000000,-15000000,1179000000,1000000000,1412000000,-1118000000,-1196000000,-2357000000,-5134000000,-4172000000,-1157000000,-131000000,-866000000,-853000000,-1023000000
otherNonCashItems,251000000,-290000000,-3304000000,763000000,-165000000,1050000000,1735000000,-922000000,718000000,2826000000,2546000000,-415000000,2106000000,117000000,3328000000,2369000000,1328000000,-2875000000,2214000000,-71000000,-2746000000,5400000000,3980000000,1471800000,584000000,1402000000,1394000000,1020000000
netCashProvidedByOperatingActivities,158000000,1263000000,-307000000,3177000000,3587000000,3256000000,4509000000,3248000000,3203000000,3334000000,3906000000,3477000000,3045000000,2210000000,3193000000,3593000000,2213000000,1128000000,3307000000,2327000000,2974000000,1409000000,2113000000,1462000000,2134000000,2197000000,2131000000,2050000000
investmentsInPropertyPlantAndEquipment,0.0,0.0,0.0,0.0,0.0,0.0,0.0,0.0,0.0,0.0,0.0,0.0,0.0,-2824000000,-2826000000,-2536000000,-1868000000,-1733000000,-1288000000,-1590000000,-933000000,-1488000000,-9189000000,-963000000,-783000000,-744000000,-1984000000,-1137000000
acquisitionsNet,0.0,0.0,0.0,78000000,0.0,0.0,0.0,0.0,0.0,110000000,-3000000.0,-4000000.0,-22000000,-19000000,-33000000,-18000000,0.0,-285000000,0.0,0.0,0.0,-47000000,0.0,0.0,0.0,0.0,0.0,0.0
purchasesOfInvestments,-3705000000,-5730000000,-4283000000,-4231000000,-5042000000,-3033000000,-3132000000,-10123000000,-5951000000,-2337000000,-2940000000,-1655000000,-2423000000,-22000000,-9476000000,-3661000000,-183000000,-120000000,0.0,0.0,0.0,0.0,0.0,0.0,0.0,0.0,0.0,0.0
salesMaturitiesOfInvestments,3961000000,6059000000,4389000000,4340000000,5239000000,3212000000,3506000000,10079000000,5617000000,2122000000,2814000000,1483000000,3652000000,96000000,9953000000,137000000,140000000,33000000,0.0,0.0,0.0,58000000,0.0,0.0,0.0,0.0,0.0,0.0
otherInvestingActivites,-5408000000,-5300000000,-4784000000,-4426000000,-3796000000,-3595000000,-4266000000,-3863000000,-3474000000,-5178000000,-4804000000,-4638000000,-3566000000,-176000000,-288000000,3086000000,136000000,2745000000,-287000000,261000000,1634000000,812000000,-921000000,-98000000,-454000000,-476000000,-161000000,-256000000
netCashUsedForInvestingActivites,-5152000000,-4971000000,-4678000000,-4239000000,-3599000000,-3416000000,-3892000000,-3907000000,-3808000000,-5283000000,-4933000000,-4814000000,-2359000000,-2945000000,-2670000000,-2992000000,-1775000000,640000000,-1575000000,-1329000000,701000000,-665000000,-10110000000,-1061000000,-1237000000,-1220000000,-2145000000,-1393000000
debtRepayment,-3416000000,-1921000000,-1832000000,-654000000,-1285000000,-220000000,-762000000,-607000000,-1017000000,-6000000.0,-153000000,-396000000,-1263000000,0.0,0.0,0.0,0.0,0.0,0.0,0.0,0.0,0.0,0.0,0.0,0.0,0.0,0.0,0.0
commonStockIssued,32000000,912000000,2391000000,0.0,0.0,0.0,0.0,0.0,0.0,0.0,0.0,0.0,0.0,30000000,86000000,262000000,676000000,48000000,0.0,0.0,104000000,0.0,0.0,0.0,0.0,414000000,63000000,88000000
commonStockRepurchased,0.0,-308000000,0.0,0.0,-475000000,-125000000,-325000000,0.0,-400000000,-75000000,0.0,0.0,0.0,-66000000,-215000000,-169000000,-330000000,-111000000,-6000000.0,-100000000,-164000000,-511000000,-92000000,-788000000,-1273000000,-344000000,-145000000,0.0
dividendsPaid,-1081000000,-928000000,-810000000,-788000000,-707000000,-626000000,-544000000,-463000000,-440000000,-424000000,-417000000,-411000000,-404000000,-397000000,-378000000,-514000000,-500000000,-407000000,-42000000,-37000000,0.0,-371000000,-373000000,-374000000,-408000000,-440000000,-447000000,-549000000
otherFinancingActivites,9683000000,5972000000,5154000000,1524000000,3474000000,1066000000,1043000000,1715000000,2438000000,1155000000,1677000000,1860000000,-1262000000,3643000000,-370000000,-278000000,-1080000000,-788000000,-1958000000,-2464000000,-1497000000,1639000000,8386000000,-562000000,1794000000,-217000000,516000000,-83000000
netCashUsedProvidedByFinancingActivities,5218000000,3727000000,4903000000,82000000,1007000000,95000000,-588000000,645000000,581000000,650000000,1107000000,1053000000,-2929000000,3210000000,-877000000,-699000000,-1234000000,-1258000000,-2006000000,-2601000000,-1557000000,757000000,7921000000,-1724000000,113000000,-587000000,-13000000,-544000000
effectOfForexChangesOnCash,0.0,0.0,0.0,0.0,0.0,0.0,0.0,0.0,0.0,0.0,0.0,0.0,0.0,0.0,0.0,0.0,0.0,0.0,4000000.0,23000000,-37000000,-36000000,0.0,0.0,0.0,0.0,0.0,0.0
netChangeInCash,224000000,19000000,-82000000,-980000000,995000000,-65000000,29000000,-14000000,-24000000,-1299000000,80000000,-284000000,-2243000000,2475000000,-354000000,-98000000,-794000000,510000000,-270000000,-1580000000,2081000000,1465000000,-76000000,-1323000000,1010000000,390000000,-27000000,113000000
cashAtEndOfPeriod,280000000,89000000,70000000,152000000,1091000000,96000000,161000000,132000000,146000000,170000000,1469000000,1389000000,1673000000,3916000000,1441000000,1795000000,1895000000,2689000000,2198000000,2474000000,4054000000,1973000000,508000000,584000000,1907000000,897000000,507000000,534000000
cashAtBeginningOfPeriod,56000000,70000000,152000000,1132000000,96000000,161000000,132000000,146000000,170000000,1469000000,1389000000,1673000000,3916000000,1441000000,1795000000,1893000000,2689000000,2179000000,2468000000,4054000000,1973000000,508000000,584000000,1907000000,897000000,507000000,534000000,421000000
operatingCashFlow,158000000,1263000000,-307000000,3177000000,3587000000,3256000000,4509000000,3248000000,3203000000,3334000000,3906000000,3477000000,3045000000,2210000000,3193000000,3593000000,2213000000,1128000000,3307000000,2327000000,2974000000,1409000000,2113000000,1462000000,2134000000,2197000000,2131000000,2050000000
capitalExpenditure,-5503000000,-5484000000,-4877000000,-4509000000,-3828000000,-3734000000,-4225000000,-3906000000,-3599000000,-4149000000,-4808000000,-4543000000,-3282000000,-2824000000,-2826000000,-2536000000,-1868000000,-1733000000,-1288000000,-1590000000,-933000000,-1488000000,-9189000000,-963000000,-783000000,-744000000,-1984000000,-1137000000
freeCashFlow,-5345000000,-4221000000,-5184000000,-1332000000,-241000000,-478000000,284000000,-658000000,-396000000,-815000000,-902000000,-1066000000,-237000000,-614000000,367000000,1057000000,345000000,-605000000,2019000000,737000000,2041000000,-79000000,-7076000000,499000000,1351000000,1453000000,147000000,913000000
link,https://www.sec.gov/Archives/edgar/data/827052/000082705222000006/0000827052-22-000006-index.htm,https://www.sec.gov/Archives/edgar/data/827052/000082705221000019/0000827052-21-000019-index.htm,https://www.sec.gov/Archives/edgar/data/827052/000082705220000026/0000827052-20-000026-index.htm,https://www.sec.gov/Archives/edgar/data/827052/000082705219000034/0000827052-19-000034-index.htm,https://www.sec.gov/Archives/edgar/data/827052/000082705218000046/0000827052-18-000046-index.htm,https://www.sec.gov/Archives/edgar/data/827052/000082705217000033/0000827052-17-000033-index.htm,https://www.sec.gov/Archives/edgar/data/827052/000082705216000222/0000827052-16-000222-index.htm,https://www.sec.gov/Archives/edgar/data/827052/000082705215000035/0000827052-15-000035-index.htm,https://www.sec.gov/Archives/edgar/data/827052/000082705214000030/0000827052-14-000030-index.htm,https://www.sec.gov/Archives/edgar/data/827052/000082705213000024/0000827052-13-000024-index.htm,https://www.sec.gov/Archives/edgar/data/827052/000082705212000013/0000827052-12-000013-index.htm,https://www.sec.gov/Archives/edgar/data/827052/000104746911001484/0001047469-11-001484-index.htm,https://www.sec.gov/Archives/edgar/data/827052/000104746910001604/0001047469-10-001604-index.htm,https://www.sec.gov/Archives/edgar/data/827052/000089256909000150/0000892569-09-000150-index.htm,https://www.sec.gov/Archives/edgar/data/827052/000089256908000173/0000892569-08-000173-index.htm,https://www.sec.gov/Archives/edgar/data/827052/000119312507042000/0001193125-07-042000-index.htm,,,,,,,,,,,https://www.sec.gov/Archives/edgar/data/827052/000082705296000030/0000827052-96-000030-index.html,https://www.sec.gov/Archives/edgar/data/827052/000082705295000019/0000827052-95-000019-index.html
finalLink,https://www.sec.gov/Archives/edgar/data/92103/000082705222000006/eix-20211231x10k.htm,https://www.sec.gov/Archives/edgar/data/827052/000082705221000019/eix-20201231.htm,https://www.sec.gov/Archives/edgar/data/827052/000082705220000026/eix-sceq4201910k.htm,https://www.sec.gov/Archives/edgar/data/827052/000082705219000034/eix-sceq4201810k.htm,https://www.sec.gov/Archives/edgar/data/827052/000082705218000046/eix-sce201710k.htm,https://www.sec.gov/Archives/edgar/data/827052/000082705217000033/eix-sce201610k.htm,https://www.sec.gov/Archives/edgar/data/827052/000082705216000222/eix-sce201510k.htm,https://www.sec.gov/Archives/edgar/data/827052/000082705215000035/eix-sce201410k.htm,https://www.sec.gov/Archives/edgar/data/827052/000082705214000030/eix-sce201310k.htm,https://www.sec.gov/Archives/edgar/data/827052/000082705213000024/eix201210k.htm,https://www.sec.gov/Archives/edgar/data/827052/000082705212000013/eix201110k.htm,https://www.sec.gov/Archives/edgar/data/827052/000104746911001484/a2201615z10-k.htm,https://www.sec.gov/Archives/edgar/data/827052/000104746910001604/a2196047z10-k.htm,https://www.sec.gov/Archives/edgar/data/827052/000089256909000150/a51166e10vk.htm,https://www.sec.gov/Archives/edgar/data/827052/000089256908000173/a38147e10vk.htm,https://www.sec.gov/Archives/edgar/data/827052/000119312507042000/d10k.htm,,,,,,,,,,,https://www.sec.gov/Archives/edgar/data/827052/0000827052-96-000030.txt,https://www.sec.gov/Archives/edgar/data/827052/0000827052-95-000019.txt
