,2021,2020,2019,2018,2017,2016,2015,2014,2013,2012,2011,2010,2009,2008,2007,2006,2005,2004,2003,2002,2001,2000,1999,1998,1997,1996,1995,1994,1993,1992,1991,1990,1989,1988,1987,1986
period,FY,FY,FY,FY,FY,FY,FY,FY,FY,FY,FY,FY,FY,FY,FY,FY,FY,FY,FY,FY,FY,FY,FY,FY,FY,FY,FY,FY,FY,FY,FY,FY,FY,FY,FY,FY
revenuePerShare,39.223684210526315,36.402144772117964,36.31470588235294,38.82515337423313,37.79141104294479,36.4079754601227,35.34969325153374,41.144171779141104,38.5920245398773,36.38650306748466,39.14110429447853,38.06441717791411,37.831288343558285,43.28834355828221,40.2239263803681,38.717791411042946,36.355828220858896,31.28527607361963,37.2239263803681,35.239263803680984,35.079754601226995,35.186186186186184,27.78735632183908,28.434540389972145,23.0875,19.553775743707092,18.845291479820627,18.627232142857142,17.457589285714285,17.941573033707865,17.13013698630137,16.509174311926607,15.79862700228833,14.308924485125859,12.84862385321101,12.311926605504587
netIncomePerShare,2.4342105263157894,2.3351206434316354,4.132352941176471,-0.9263803680981595,2.1134969325153374,4.398773006134969,3.4754601226993866,5.288343558282208,3.1134969325153374,-0.2822085889570552,-0.11349693251533742,3.852760736196319,2.604294478527607,3.726993865030675,3.3680981595092025,3.6226993865030677,3.4877300613496933,2.8098159509202456,2.51840490797546,3.303680981595092,3.1748466257668713,-5.834834834834835,1.7902298850574712,1.8612813370473538,1.75,1.6407322654462242,1.65695067264574,1.5200892857142858,1.4263392857142858,1.6606741573033708,1.6050228310502284,1.8027522935779816,1.7803203661327232,1.7437070938215102,1.694954128440367,1.194954128440367
operatingCashFlowPerShare,0.41578947368421054,3.386058981233244,-0.9029411764705882,9.745398773006135,11.003067484662576,9.987730061349692,13.831288343558283,9.963190184049079,9.825153374233128,10.226993865030675,11.98159509202454,10.66564417177914,9.340490797546012,6.779141104294479,9.794478527607362,11.021472392638037,6.788343558282208,3.460122699386503,10.144171779141104,7.138036809815951,9.122699386503067,4.231231231231231,6.07183908045977,4.072423398328691,5.335,5.02745995423341,4.778026905829597,4.575892857142857,4.453125,4.4224719101123595,4.1632420091324205,3.7206422018348624,3.6647597254004576,3.262700228832952,3.6837155963302752,3.911467889908257
freeCashFlowPerShare,-14.06578947368421,-11.316353887399464,-15.24705882352941,-4.085889570552148,-0.7392638036809815,-1.4662576687116564,0.8711656441717791,-2.01840490797546,-1.2147239263803682,-2.5,-2.766871165644172,-3.2699386503067487,-0.7269938650306749,-1.883435582822086,1.1257668711656441,3.2423312883435584,1.0582822085889572,-1.8558282208588956,6.193251533742331,2.2607361963190185,6.2607361963190185,-0.23723723723723725,-20.333333333333332,1.3899721448467968,3.3775,3.324942791762014,0.3295964125560538,2.0379464285714284,1.6428571428571428,2.5258426966292133,1.9121004566210045,1.6442660550458716,1.7471395881006866,1.3528604118993135,1.3114678899082568,1.255045871559633
cashPerShare,1.0263157894736843,0.23324396782841822,0.2,0.44171779141104295,3.3466257668711656,0.294478527607362,0.4938650306748466,0.4049079754601227,0.44785276073619634,0.5214723926380368,4.506134969325154,4.2607361963190185,5.162576687116564,12.012269938650308,4.429447852760736,5.506134969325154,5.806748466257669,8.245398773006135,6.742331288343558,7.588957055214724,12.242331288343559,5.924924924924925,1.4597701149425288,1.626740947075209,4.7675,2.0526315789473686,1.1367713004484306,1.1919642857142858,0.9397321428571429,1.1146067415730336,1.0890410958904109,1.098623853211009,0.34553775743707094,0.5217391304347826,0.3738532110091743,0.22706422018348624
bookValuePerShare,41.810526315789474,37.66219839142091,39.12647058823529,32.08282208588957,35.80061349693251,36.79754601226994,34.87116564417178,33.61963190184049,30.484662576687118,28.932515337423315,30.84355828220859,32.46319018404908,30.187116564417177,31.975460122699385,28.708588957055216,26.45398773006135,22.496932515337424,18.950920245398773,16.9079754601227,17.7760736196319,15.184049079754601,11.855855855855856,19.767241379310345,15.73816155988858,15.3625,17.87871853546911,17.26233183856502,16.667410714285715,14.100446428571429,14.81123595505618,14.242009132420092,13.926605504587156,13.434782608695652,12.958810068649885,12.552752293577981,12.520642201834862
tangibleBookValuePerShare,46.81315789473684,42.75871313672922,45.576470588235296,38.809815950920246,42.533742331288344,43.51840490797546,41.06748466257669,39.82208588957055,35.86196319018405,34.328220858895705,34.00613496932515,35.25766871165644,33.760736196319016,32.84969325153374,29.613496932515336,27.28527607361963,23.420245398773005,19.911042944785276,15.831288343558283,17.052147239263803,13.242331288343559,11.855855855855856,19.767241379310345,15.73816155988858,15.3625,17.87871853546911,17.26233183856502,16.667410714285715,47.720982142857146,43.01123595505618,38.42009132420091,37.41284403669725,35.338672768878716,34.01830663615561,32.9151376146789,31.5802752293578
shareholdersEquityPerShare,41.810526315789474,37.66219839142091,39.12647058823529,32.08282208588957,35.80061349693251,36.79754601226994,34.87116564417178,33.61963190184049,30.484662576687118,28.932515337423315,30.84355828220859,32.46319018404908,30.187116564417177,31.975460122699385,28.708588957055216,26.45398773006135,22.496932515337424,18.950920245398773,16.9079754601227,17.7760736196319,15.184049079754601,11.855855855855856,19.767241379310345,15.73816155988858,15.3625,17.87871853546911,17.26233183856502,16.667410714285715,14.100446428571429,14.81123595505618,14.242009132420092,13.926605504587156,13.434782608695652,12.958810068649885,12.552752293577981,12.520642201834862
interestDebtPerShare,80.15263157894736,67.15549597855228,58.27647058823529,49.58588957055215,46.487730061349694,40.012269938650306,38.37116564417178,38.61656441717791,34.29141104294479,30.450920245398773,45.9601226993865,40.604294478527606,36.36503067484663,40.69631901840491,29.245398773006134,32.47546012269939,32.67791411042945,33.17791411042945,46.83435582822086,44.18711656441718,51.29754601226994,59.213213213213216,48.58045977011494,26.44289693593315,25.1725,19.36842105263158,17.81390134529148,16.571428571428573,15.270089285714286,14.719101123595506,13.614155251141552,13.839449541284404,12.592677345537757,12.725400457665904,12.399082568807339,10.777522935779816
marketCap,23567600000,21693680000,26067799320.000004,18200580652,20375000000,23449180000.000004,20146799674,22216900652,15631700326,15530639674.000002,13274720326.000002,11837060326,10862320000,10617820000,16668380326,14777580652,14445060326,10428740000,7172000000,3791380000.0000005,4971500000,4795200000,9831000000,9984687500,10750000000,9286250000,8251000000,7168000000,3525760000,3697816499.9999995,2943009600,2351740400,2001328900,1569922500,1392235200,1388878000
enterpriseValue,52710600000,45753680000,44972799320,33487580652,33800000000,35816180000,31939799674,34113900652,26120700326,24766639674,25980720326,22982060326,20312320000,19968820000,24758380326,22711580652,22387060326,18556740000,19016000000,15722380000,17703500000,21152200000,26229000000,18893687500,18912000000,16853250000,15689000000,14058000000,10493760000,10279816500,8984009600,8476740400,7927328900,7421922500,7053235200,6447878000
peRatio,25.47848648648649,24.906636050516646,18.553593822064055,-60.26682335099338,29.571843251088534,16.352287308228732,17.781817894086494,12.886833324825988,15.40068997635468,-168.81130080434784,-358.77622502702707,9.424411087579617,12.794252061248528,8.738946502057614,15.180674249544627,12.512769392040642,12.704538545294636,11.38508733624454,8.735688185140074,3.520315691736305,4.803381642512077,-2.4679361811631497,15.780096308186197,14.94266312481293,15.357142857142858,12.951534170153417,11.16508795669824,10.525697503671072,5.517621283255086,5.003811231393775,4.186357894736842,2.992036132315522,2.5724021850899743,2.060265748031496,1.883944790257104,2.6657927063339732
priceToSalesRatio,1.5811875209661188,1.597708057151274,2.1112658394751764,1.4379853560875404,1.653814935064935,1.975666020726262,1.7482471081221798,1.6563707337657496,1.242484725061601,1.3092766543584557,1.0403385835423198,0.9539092856797486,0.8807524527689937,0.7523965419501134,1.2711340140318768,1.1707796428458248,1.218786730172123,1.022525737817433,0.5910177173465183,0.33002959610027854,0.43472367960825464,0.4092515148928907,1.01664943123061,0.9781237754702194,1.1640498105035193,1.086746635459333,0.9816775728732897,0.8589574595566207,0.45080680219920727,0.46315336923847694,0.3922443822471012,0.32672136704640176,0.28987962050984933,0.251067087797857,0.2485246697607997,0.25873286140089424
pocfratio,149.1620253164557,17.176310372129848,-84.91139843648209,5.728857617878502,5.680234178979648,7.201836609336611,4.468130333555112,6.840178772167488,4.880331041523572,4.65826025014997,3.3985459103942657,3.404388934713834,3.567264367816092,4.804443438914027,5.220288232383338,4.112880782632898,6.527365714414822,9.245336879432624,2.168732990625945,1.6292995272883541,1.6716543375924682,3.403264726756565,4.652626597255088,6.829471614227087,5.037488284910966,4.226786527082385,3.8718911309244484,3.496585365853659,1.7672982456140351,1.8789717987804877,1.6139345215245404,1.449722845518432,1.249659007180768,1.101081848786646,0.8668421642488015,0.8144001407294477
pfcfRatio,-4.4092797006548174,-5.139464581852642,-5.0285106712962975,-13.664099588588588,-84.54356846473028,-49.0568619246862,70.93943547183099,-33.76428670516717,-39.473990722222226,-19.055999600000003,-14.716984840354769,-11.104184170731708,-45.832573839662444,-17.2928664495114,45.41793004359673,13.980681789971618,41.869740075362316,-17.237586776859505,3.5522535908865773,5.144341926729987,2.4358157765801076,-60.69873417721519,-1.389344262295082,20.00939378757515,7.957068837897854,6.391087405368204,56.12925170068027,7.851040525739321,4.7904347826086955,3.2898723309608537,3.514041313432836,3.280430185520993,2.621255926653569,2.655484607577808,2.4348289611752363,2.5381542397660817
pbRatio,1.4833585095669688,1.5442539863325742,1.9595429091182441,1.740183636294101,1.7457801388055867,1.9547499166388798,1.7722378319845178,2.027089475547445,1.5729221499295631,1.646590296225615,1.3202108727996023,1.1184976212794102,1.1037821359617925,1.0185936300844207,1.7810001416818035,1.7135413557513914,1.9696018988273793,1.6880446746519908,1.3011611030478956,0.6542502157031924,1.0043434343434343,1.2145896656534956,1.4291321412996074,1.7672013274336282,1.7493897477624083,1.1885639319083579,1.071697623067931,0.9599571447703227,0.5581383568149438,0.5610402822030041,0.47178736774607244,0.38730902503293807,0.3408838187702265,0.27722452763552885,0.2543824593458798,0.2544198571166881
ptbRatio,1.4833585095669688,1.5442539863325742,1.9595429091182441,1.740183636294101,1.7457801388055867,1.9547499166388798,1.7722378319845178,2.027089475547445,1.5729221499295631,1.646590296225615,1.3202108727996023,1.1184976212794102,1.1037821359617925,1.0185936300844207,1.7810001416818035,1.7135413557513914,1.9696018988273793,1.6880446746519908,1.3011611030478956,0.6542502157031924,1.0043434343434343,1.2145896656534956,1.4291321412996074,1.7672013274336282,1.7493897477624083,1.1885639319083579,1.071697623067931,0.9599571447703227,0.5581383568149438,0.5610402822030041,0.47178736774607244,0.38730902503293807,0.3408838187702265,0.27722452763552885,0.2543824593458798,0.2544198571166881
evToSales,3.5364374371016436,3.3696921490646634,3.6424070073702115,2.645775511732638,2.7435064935064934,3.0176240626843036,2.771589697500868,2.5433460562141206,2.076202235593355,2.087897460293374,2.0361066086206896,1.8520477335804657,1.6469893780912999,1.4150240929705216,1.8880790304278197,1.7993646531453018,1.8888846039487006,1.8194666143739582,1.5670374948496086,1.368591573816156,1.5480500174886325,1.8052573184262184,2.7124095139607034,1.8508706406739812,2.0478613968597728,1.9722937390286717,1.8666270077334919,1.6846015578190534,1.341741465285769,1.2875521668336674,1.1973889910702387,1.1776521811614338,1.1482226100811124,1.1869378698224853,1.2590566226347732,1.201169523099851
enterpriseValueOverEBITDA,13.197446169253881,13.083694595367458,11.925961103155661,20.506785457440294,9.07626208378088,8.348759906759907,7.642928852357024,7.510766325847644,7.630937869120654,10.629459087553649,10.953086140809443,5.813827555274475,6.7237073816617015,11.026405300938707,15.571308381132075,8.665234892025945,9.281534131840797,22.520315533980583,8.414159292035398,10.710068119891009,6.600857568978374,-13.18715710723192,28.603053435114504,16.821302973646723,15.288601455133387,13.1666015625,12.382794001578532,12.098106712564544,6.612325141776938,6.004565712616823,5.887293315858454,5.330277557693517,5.117377122199987,4.973478858138444,4.387431699427719,4.601354456576036
evToOperatingCashFlow,333.61139240506327,36.22619160728424,-146.49120299674266,10.5406297299339,9.422916085865626,11.000055282555282,7.083566128631626,10.503048230295567,8.15507347049641,7.428506200959808,6.6514900988223244,6.609738373885533,6.6707126436781605,9.03566515837104,7.753955629815221,6.3210633598664066,10.116159207410755,16.451010638297873,5.750226791654067,6.75650193382037,5.95275722932078,15.012207239176721,12.413156649313771,12.923178864569083,8.862230552952202,7.6710286754665455,7.362271234162365,6.857560975609756,5.26003007518797,5.223483993902439,4.926794406361393,5.225459499445198,4.949939993755854,5.205444311965213,4.391529294564473,3.7808596223759823
evToFreeCashFlow,-9.861665107577174,-10.839535655058043,-8.67530851080247,-25.140826315315316,-140.24896265560167,-74.92924686192468,112.46408335915493,-51.84483381762918,-65.96136445959596,-30.388514937423313,-28.803459341463416,-21.55915602814259,-85.70599156118143,-32.522508143322476,67.46152677384197,21.486831269631033,64.89002993043478,-30.672297520661157,9.418524021792967,21.33294436906377,8.673934345908869,-267.7493670886076,-3.7067552289429058,37.863101202404806,13.998519615099926,11.598933241569167,106.72789115646259,15.397590361445783,14.257826086956522,9.14574421708185,10.727175641791044,11.82416013390989,10.382880026195155,12.553996109607578,12.335143756558237,11.783402777777777
earningsYield,0.03924879919890018,0.04014994228733899,0.053897913772952895,-0.01659287721498128,0.0338159509202454,0.06115352434498775,0.056237219723893304,0.0775985825837864,0.06493215573687552,-0.005923774031923367,-0.0027872526946975617,0.10610742578047076,0.07816009839518628,0.1144302691136222,0.06587322694378986,0.07991835929111735,0.07871202849554648,0.08783419665271165,0.1144729503625209,0.2840654326393028,0.20818666398471286,-0.40519686353019685,0.06337096938256535,0.06692247503990485,0.06511627906976744,0.07721093013864584,0.08956490122409405,0.09500558035714286,0.18123752042112906,0.19984766685961838,0.23887112023012091,0.3342205627798034,0.3887417005770516,0.48537427802964794,0.5308011175123284,0.3751229409638572
freeCashFlowYield,-0.22679441266823944,-0.19457279723864276,-0.198866039145187,-0.073184478312434,-0.011828220858895705,-0.020384508114995915,0.014096531687189495,-0.029617092424670217,-0.025333136622465724,-0.052476911261060265,-0.06794870082749191,-0.0900561432181384,-0.02181854336826755,-0.057827312951246115,0.022017736146057267,0.07152726991592805,0.023883597036907244,-0.058012760889618493,0.28151143335192413,0.1943883229852982,0.41054007844714874,-0.016474808141474808,-0.7197640117994101,0.04997652655628932,0.12567441860465117,0.1564678960829183,0.017816022300327233,0.12737165178571427,0.20874931929569795,0.30396316312613136,0.28457263612052097,0.3048380680112482,0.3814965146408469,0.3765790986497741,0.4107064668383618,0.39398708885877665
debtToEquity,1.606243705941591,1.4596383826879271,1.3428549951138842,1.398986518787647,0.997515208636792,0.8481993997999333,0.9644616467276566,0.9337591240875912,0.9886295029180922,0.9786895674300254,1.3614122327200397,1.1689502031560048,1.060562950919622,1.0504604758250191,0.9633507853403142,1.0553107606679035,1.2043905099536405,1.5665263839430237,2.138425253991292,1.9943054357204486,2.5604040404040402,3.0775075987841944,1.9466492222706788,1.4173451327433628,1.4436126932465418,0.956738768718802,0.9345369528510196,0.8500066961296371,2.3843596643976572,1.9039599453800637,1.697659506252004,1.686429512516469,1.6303866462272185,1.6252869503796574,1.6221450758267861,1.5222568235940648
debtToAssets,0.762004147434611,0.7700945626477541,0.7593116088347674,0.7769196861500485,0.7362875618105743,0.7235526802938482,0.733889882727092,0.741322281114255,0.7493675770698452,0.7479163850970852,0.7692291679676929,0.7475510652317153,0.734436830421774,0.7599686204191416,0.7429849315797881,0.7546951269959461,0.7805466931102871,0.8048934443475908,0.8275556318288427,0.813123422665545,0.8653940283896231,0.8875213675213676,0.8101244859090784,0.771236537371447,0.7551890362933747,0.6818681542408078,0.6784849244132631,0.6665029030817329,0.7045231301744703,0.6556426332288401,0.6293082956976468,0.6277587052476704,0.6198277536748041,0.6191309027310642,0.6186328478851648,0.603529668094996
netDebtToEBITDA,7.2966950425638455,6.88018301401201,5.013259082471493,9.361298224127372,3.6049946294307196,2.8827505827505826,2.821966977745872,2.6193306913254073,3.0642711072158924,3.9639484978540773,5.356661045531197,2.8193776878320262,3.128103277060576,5.1634456101601325,5.088050314465409,3.027088897367417,3.2927031509121063,9.864077669902912,5.24070796460177,8.127384196185286,4.747203579418344,-10.197630922693266,17.882224645583424,7.931801994301995,6.598221503637833,5.91171875,5.870560378847672,5.929432013769363,4.3906742281033395,3.8446261682242993,3.958715596330275,3.8514745645475696,3.825447033761539,3.921463512698519,3.521398357800448,3.6102190822807394
currentRatio,0.6378208851202231,0.4924588887807726,0.6445772225239906,0.622613531047266,0.5275891341256367,0.3591001353179973,0.5386645017251878,0.733528016061325,0.6785494775660725,0.7136752136752137,1.031278748850046,1.1189271255060729,1.169791391602852,1.0979543078990592,0.9964953271028038,1.2739948872879387,1.2016535591853197,1.3497646767401537,0.8187125020269175,0.820258491133153,0.7608805924723546,0.5246296296296297,0.39023677287342884,0.7300513299113393,0.9648605150214592,0.748109365910413,0.7402557856272838,0.6759581881533101,0.6481936162749913,0.7036511875221553,0.6928595831909805,0.6013859596263935,0.6066642520825788,0.6765905383360522,0.6767955801104972,0.7421555252387448
interestCoverage,1.5967567567567567,1.3492239467849223,2.1105826397146252,-0.7520435967302452,2.3364632237871676,3.6006884681583475,3.618018018018018,4.414285714285715,3.1525735294117645,4.385796545105566,0.39603960396039606,3.0241820768136556,1.9098360655737705,,,2.7296037296037294,2.71760391198044,,1.4567699836867862,,,0.3940922190201729,,,,,,,-2.0145985401459856,-2.429924242424242,-2.0720720720720722,-2.23859649122807,-2.2229965156794425,-2.327552986512524,-2.988038277511962,-2.664488017429194
incomeQuality,0.17081081081081081,1.4500574052812858,-0.2185053380782918,-10.519867549668874,5.206095791001451,2.2705718270571826,3.979699911738747,1.8839907192575407,3.155665024630542,-36.23913043478261,-105.56756756756756,2.768312101910828,3.5865724381625443,1.8189300411522633,2.908014571948998,3.0423370025402203,1.9463500439753738,1.2314410480349345,4.028014616321559,2.160631383472609,2.873429951690821,-0.7251672671127123,3.391653290529695,2.1879676743489975,3.0485714285714285,3.0641562064156207,2.8836265223274697,3.0102790014684286,3.1220657276995305,2.6630581867388363,2.5938833570412516,2.0638676844783714,2.058483290488432,1.8711286089238846,2.173342354533153,3.273320537428023
dividendYield,0.04586805614487686,0.042777435640241765,0.03107281861643547,0.04329532200465315,0.03469938650306749,0.026696029456040677,0.027001807175461568,0.020839990566295305,0.02814792958051747,0.027300871625385956,0.03141309118078063,0.034721458595361056,0.037192791226920215,0.03738997270626174,0.02267766829212438,0.03478241886167173,0.034613908749140936,0.03902676641665244,0.005856107083100948,0.00975897957999462,,0.07736903570236904,0.037941206387956464,0.03745735657725893,0.037953488372093024,0.0473818818145107,0.05417525148466852,0.07659040178571429,0.17726674532583048,0.16604393430555572,0.19894600411768962,0.24152325656352203,0.275067231577978,0.3378510722663061,0.36473722256124536,0.3486987337980729
payoutRatio,1.1686486486486487,1.0654420206659012,0.5765124555160143,-2.609271523178808,1.0261248185776488,0.43654114365411434,0.4801412180052957,0.2685614849187935,0.43349753694581283,-4.608695652173913,-11.27027027027027,0.32722929936305734,0.4758539458186101,0.3267489711934156,0.3442622950819672,0.43522438611346315,0.4397537379067722,0.4443231441048035,0.05115712545676005,0.034354688950789226,0,-0.19094184251158003,0.5987158908507223,0.5597126608799761,0.5828571428571429,0.6136680613668062,0.6048714479025711,0.8061674008810573,0.9780907668231612,0.8308525033829499,0.8328591749644382,0.72264631043257,0.7075835475578406,0.6960629921259842,0.6871447902571042,0.9295585412667946
salesGeneralAndAdministrativeToRevenue,0.10003354579000336,0.1225511857416409,0.0329634729083988,0.21087145453108952,0,0,0,0,0.0023845481281297193,0.0005058168942842691,0,0,0,0,0,0.0019806686737442562,0.03670266621667229,-0.019707814491616824,0,0,0,0,0,0,0,0,0,0,0,0,0,0,0,0,0,0
researchAndDdevelopementToRevenue,0,0,0,0,0,0,0,0,0,0,0,0,0,0,0,0,0,0,0,0,0,0,0,0,0,0,0,0,0,0,0,0,0,0,0,0
intangiblesToTotalAssets,0,0,0,0,0,0,0,0,0,0,0,0,0,0,0,0,0,0,0.02482695497969224,0.019859391900012017,0.01721324849078153,0,0,0,0,0,0,0,0,0,0,0,0,0,0,0
capexToOperatingCashFlow,-34.82911392405063,-4.342042755344418,15.88599348534202,-1.4192634560906516,-1.0671870643992194,-1.1468058968058967,-0.9370148591705478,-1.2025862068965518,-1.123634093037777,-1.2444511097780444,-1.230926779313876,-1.3065861374748347,-1.077832512315271,-1.2778280542986424,-0.885061071093016,-0.7058168661285834,-0.8441030275643923,-1.5363475177304964,-0.38947686725128516,-0.6832831972496777,-0.31371889710827167,-1.0560681334279631,-4.3487931850449595,-0.658686730506156,-0.3669165885660731,-0.33864360491579426,-0.9310183012670108,-0.5546341463414635,-1.584590945194599,-2.3317535545023698,-1.8493914807302232,-1.7918921904341103,-1.9110978520286397,-1.70836328780254,-1.5528376679880111,-1.472457261267484
capexToRevenue,-0.3692049647769205,-0.40388864339372516,-0.39499473556329473,-0.35624555581891443,-0.3107142857142857,-0.3146010615890134,-0.36662617146824017,-0.2912100201297249,-0.286066290437962,-0.3497723823975721,-0.3768025078369906,-0.3661052461922798,-0.2661153004135247,-0.20011337868480725,-0.21551132463967054,-0.20091903026461733,-0.15761052986837665,-0.1699186194724973,-0.1061392665842604,-0.13840529247910863,-0.08158447009443862,-0.1269949645813775,-0.9502585315408479,-0.09433777429467084,-0.08478613968597726,-0.08706846108835577,-0.23604997025580013,-0.13624925104853206,-6.212073073868149,-9.459715639810426,-7.609533468559838,-7.950955484369822,-8.238663484486873,-7.492211838006231,-5.416223532824132,-4.634778103954412
capexToDepreciation,-2.4135964912280703,-2.7028092656481024,-2.7049362174154186,-2.3242268041237115,-1.8099290780141843,-1.7797902764537654,-2.107231920199501,-2.152066115702479,-2.218865598027127,-2.539167686658507,-2.545262043409211,-2.770121951219512,-2.133940182054616,,,,,,,,,,,,,,,,-0.8189038919777601,-1.1338862559241707,-0.9432048681541582,-0.9768032696343755,-1.0108591885441527,-0.9624970045530793,-0.6851010345160977,-0.5502503885339319
stockBasedCompensationToRevenue,0,0,0,0,0,0,0,0,0,0.00278199291856348,0.0023510971786833857,0.0024176001289386738,0.0017838319954593368,0,0,0,0,0,0,0,0,0,0,0,0,0,0,0,0,0,0,0,0,0,0,0
grahamNumber,47.85343794907223,44.48347986802017,60.31499548864982,25.859624359316747,41.26076772405618,60.34849767842283,52.21925197317736,63.24811211015027,46.2121502094288,13.55406202538314,8.874942714744465,53.04847171726539,42.057855060690756,51.782021334134456,46.6433304625451,46.43580531449509,42.01693261046906,34.613486602452014,30.95279290485411,36.35031936247291,32.934148041092435,39.452270108979626,28.21751035976927,25.672861036399418,24.59468311444569,25.690840454030532,25.368557860178935,23.875906895156195,21.272528421924257,23.52497242796252,22.678665544848585,23.767413623296925,23.19827331049874,22.548133037887734,21.879616879049983,18.347638663344753
roic,0.02233276883996613,0.020593958879769864,0.030156815440289506,-0.010756040530007794,0.03280453506767446,0.04607219151232189,0.04424564264151775,0.055293354508242555,0.04106309110499222,0.05621156211562116,0.007324162871071845,0.051132810621001494,0.03712457179276098,0.06643282873569281,0.06823508202632053,0.0732836848363477,0.07451729686242961,0.03762999452654625,0.062024657058517105,0.14528726999624483,0.0899803098413642,0.022510288065843622,0.03334807908258754,0.06422692533803645,0.07598371777476255,0.08593343118223569,0.1033297841448069,0.0954089325638226,0.05958549222797927,0.0786200134812182,0.08272786130494209,0.09820672669899176,0.10061504494559217,0.09730948928628967,0.1056951849031057,0.10570440795159897
returnOnTangibleAssets,0.012375409726403105,0.012555497895404485,0.021822869746202355,-0.0053248699638543595,0.013103841764929632,0.02794286716420819,0.022520373683164382,0.034352209779619815,0.021759636410410326,-0.0020723521196558095,-0.0007702075397073211,0.027586206896551724,0.020485474375060323,0.027232993387874032,0.029231670305095575,0.032569427208295414,0.03268086574113995,0.027533138958189304,0.02408048336950783,0.03301351807007326,0.028637835145679424,-0.05535612535612536,0.017196168815037677,0.027054822252813995,0.027887335165929644,0.02919499979640865,0.03086110415100643,0.030415364001786512,0.02988914355208382,0.038610240334378265,0.041775612075112906,0.04818538499264345,0.05037881240691575,0.0512579039418808,0.05149466936102014,0.03783862299368146
grahamNetNet,-143.97894736842105,-137.5690348525469,-139.9720588235294,-131.06058282208588,-112.38420245398773,-110.74693251533742,-109.28067484662577,-110.01533742331289,-103.08435582822086,-97.78834355828221,-104.60659509202453,-96.11426380368098,-84.25,-88.07668711656441,-77.28757668711657,-74.80751533742331,-73.49463190184049,-70.74693251533742,-77.78220858895706,-71.33282208588957,-80.94171779141104,-83.65465465465465,-79.27729885057471,-48.449860724233986,-40.364375,-34.129862700228834,-33.21917040358744,-30.211495535714285,-30.956473214285715,-25.364044943820225,-21.30593607305936,-20.579701834862384,-19.85812356979405,-19.08466819221968,-18.654816513761467,-17.797018348623855
workingCapital,-3118000000,-5216000000,-1963000000,-2036000000,-3339000000,-3789000000,-2273000000,-1460000000,-1569000000,-1072000000,136000000,470000000,643000000,656000000,-15000000,1179000000,1000000000,1412000000,-1118000000,-1196000000,-2357000000,-5134000000,-4172000000,-1157000000,-131000000,-866000000,-853000000,-1023000000,-1003000000,-836000000,-899000000,-1323000000,-1086000000,-793000000,-819000000,-567000000
tangibleAssetValue,,,,,,,,,,,,,,,,,,,5161000000,5559000000,4317000000,,,,,,,,,,,,,,,
netCurrentAssetValue,-51465000000,-48362000000,-45326000000,-40704000000,-34985000000,-35009000000,-34268000000,-33185000000,-31643000000,-30531000000,-32469000000,-29614000000,-26008000000,-26553000000,-23643000000,-21884000000,-21197000000,-21329000000,-23884000000,-21606000000,-24324000000,-25486000000,-26680000000,-15919000000,-15359000000,-14174000000,-13816000000,-12789000000,-13214000000,-10564000000,-8562000000,-8244000000,-7897000000,-7545000000,-7163000000,-6678000000
investedCapital,1.8588242698892246,1.7188923690205011,1.4262196497030746,1.4753800554546324,1.24376660097678,1.0389296432144048,1.0515482054890921,1.0975364963503649,1.0701348359830951,0.9972434266327396,1.4097463948284437,1.1843522630634036,1.1302713138908647,1.2727359938603224,1.018698578908003,1.128130797773655,1.3410144532315245,1.7507283910650695,2.547532656023222,2.4857635893011216,3.3783838383838383,4.642857142857143,2.4576246547463296,1.6801769911504425,1.6385679414157852,1.0833226673492897,1.0319522015846214,0.99424132851212,,,,,,,,
averageReceivables,2309500000,2427000000,1910500000,1915000000,1790000000,1755500000,1881500000,1924500000,1930500000,1869500000,1927000000,1900000000,1895500000,1880500000,1915000000,1872000000,1969000000,1796500000,2017500000,1987500000,2068500000,1951500000,1902500000,1871500000,1752000000,1761000000,1741000000,1701000000,900500000,898500000,889500000,891000000,893500000,810500000,773500000,642500000
averagePayables,1991000000,1980000000,1866000000,1745500000,1741500000,1661000000,1645000000,1780000000,1693500000,1701500000,1699500000,1671000000,1551500000,1505000000,1479500000,1453000000,1470500000,1364500000,1533000000,1423000000,2697000000,1604000000,1302500000,1235000000,1210500000,1209000000,1200000000,1196500000,942000000,951000000,1064500000,1098000000,1086500000,1057500000,1051000000,1027000000
averageInventory,412500000,405000000,384500000,343500000,323500000,322000000,336000000,343000000,330500000,372500000,514500000,486500000,469000000,479000000,418500000,398500000,373000000,354500000,374500000,377000000,366000000,417500000,422500000,286000000,298000000,315500000,335500000,325500000,253500000,250000000,278500000,283500000,234500000,252000000,253000000,319500000
daysSalesOutstanding,53.67863133176787,65.24193548387096,41.209200615534144,40.45942956466777,34.15949675324675,33.335580082568036,42.31516834432489,38.69604115410423,41.60321119147922,40.3709323891418,40.81935736677116,40.385607220565724,40.36811805724479,34.50325963718821,39.05246701746359,38.08469339248931,46.533496456294294,41.72860084321992,48.36588380716935,49.18349582172702,54.577649527806926,45.97934624903986,52.013443640124095,47.05525078369906,42.566865186789386,46.77296664716208,45.814991076740036,42.645296584781306,41.068917018284104,40.04759519038076,41.739304278288685,43.66004445679355,45.78360370799537,40.86038701423317,40.78721885041057,24.750372578241432
daysPayablesOutstanding,79.55688622754491,84.61538461538461,81.38984345169912,67.23332926977935,71.431640625,66.23799864773495,65.89718853362734,65.9688858384809,59.21307506053269,64.57727216212855,124.65342960288808,121.19210141394441,96.03912839737582,62.74198931909213,71.48129625925185,65.42586140147115,79.1437274368231,72.6894442967296,96.11784675072744,98.71642723297938,254.4120048999592,75.16686231762536,59.19174883238195,34.993152025044026,40.97886965376782,46.01899827288428,46.794871794871796,43.58051459959526,54.47979191676671,63.40071079520214,102.3921924648207,120.66843629343629,147.51526251526252,178.51012145748987,276.20358514724717,255.40592783505156
daysOfInventoryOnHand,16.6902558519325,17.307692307692307,16.90976199567265,12.547848348165306,11.501302083333332,11.796484110885734,13.430953693495038,11.732441088995653,10.773665398362734,15.429566082307597,54.81588447653429,50.54119941491955,45.58223992502343,33.6857476635514,31.542308461692336,27.696476964769648,28.083258122743683,29.50279181068865,30.446168768186226,39.78294815740163,24.3681094324214,26.32064397115546,41.67099117799689,11.926237526902758,17.748217922606926,23.74496257915947,29.636752136752136,25.95836947094536,32.86314525810324,35.348733896046205,45.562868815251925,50.20511583011583,41.669719169719166,65.61133603238866,104.68629961587709,167.9188144329897
receivablesTurnover,6.799726277372263,5.594561186650186,8.857245337159254,9.021382751247327,10.685169124024284,10.949261992619926,8.625748502994012,9.432489451476794,8.773361227336123,9.041158536585366,8.941836019621583,9.037873270211216,9.041788856304985,10.578710644677662,9.3464005702067,9.583902809415338,7.843812045003309,8.746998284734135,7.5466417910447765,7.421188630490956,6.687719298245614,7.938346883468835,7.017416545718432,7.756838905775076,8.574744661095636,7.80365296803653,7.966824644549763,8.558974358974359,8.8875,9.114155251141552,8.744755244755245,8.360046457607433,7.972286374133949,8.932857142857143,8.94888178913738,14.747252747252746
payablesTurnover,4.587912087912088,4.3136363636363635,4.484589041095891,5.42885506287227,5.1097804391217565,5.51043219076006,5.538931297709924,5.5329113924050635,6.164179104477612,5.652143359100492,2.9281183932346724,3.011747430249633,3.80053428317008,5.8174757281553395,5.106230847803881,5.578833693304536,4.611862643080125,5.021361815754339,3.7974217311233884,3.697459584295612,1.434680726420621,4.855863192182411,6.1664,10.43061224489796,8.90702947845805,7.931506849315069,7.8,8.375302663438257,6.6997319034852545,5.757033248081841,3.5647249190938513,3.024817518248175,2.474320241691843,2.044701986754967,1.3214890016920473,1.429097605893186
inventoryTurnover,21.86904761904762,21.08888888888889,21.585164835164836,29.088652482269502,31.735537190082646,30.94142259414226,27.176029962546817,31.110320284697508,33.87890625,23.655882352941177,6.658653846153846,7.221830985915493,8.007504690431519,10.835443037974683,11.57175925925926,13.178571428571429,12.997067448680351,12.37171052631579,11.988372093023257,9.174785100286533,14.978593272171254,13.867441860465116,8.75909090909091,30.604790419161677,20.56544502617801,15.371681415929203,12.31578947368421,14.060975609756097,11.106666666666667,10.325688073394495,8.010909090909092,7.270175438596492,8.759358288770054,5.563063063063063,3.486607142857143,2.1736694677871147
roe,0.05822004028197382,0.06200170842824601,0.10561527475005637,-0.02887465340854766,0.05903521549138891,0.11953984661553851,0.09966572836030964,0.15729927007299271,0.10213322600120749,-0.009754028837998304,-0.0036797613127797116,0.11868090333553813,0.0862717203536226,0.11655794320798159,0.11732022651992734,0.13694341372912802,0.15503136078538315,0.14826804791194562,0.1489477503628447,0.18584987057808455,0.20909090909090908,-0.49214792299898685,0.0905654891699375,0.11826548672566371,0.11391375101708706,0.09177012671189044,0.0959864917521756,0.09120128565689031,0.1011556118410638,0.11212259141253224,0.11269637704392434,0.12944664031620554,0.1325157554079373,0.134557654953205,0.13502649369632744,0.09543872504121634
capexPerShare,-14.48157894736842,-14.702412868632708,-14.344117647058823,-13.831288343558283,-11.742331288343559,-11.45398773006135,-12.960122699386503,-11.98159509202454,-11.039877300613497,-12.726993865030675,-14.748466257668712,-13.93558282208589,-10.067484662576687,-8.662576687116564,-8.668711656441717,-7.779141104294479,-5.730061349693251,-5.315950920245399,-3.950920245398773,-4.877300613496932,-2.861963190184049,-4.468468468468468,-26.405172413793103,-2.682451253481894,-1.9575,-1.702517162471396,-4.448430493273543,-2.5379464285714284,-2.810267857142857,-1.8966292134831462,-2.2511415525114153,-2.076376146788991,-1.9176201372997712,-1.9098398169336384,-2.3722477064220184,-2.656422018348624
