,2021,2020,2019,2018,2017,2016,2015,2014,2013,2012,2011,2010,2009
reportedCurrency,USD,USD,USD,USD,USD,USD,USD,USD,USD,USD,USD,USD,USD
cik,0001539838,0001539838,0001539838,0001539838,0001539838,0001539838,0001539838,0001539838,0001539838,0001539838,0001539838,0001539838,0001539838
fillingDate,2022-02-24,2021-02-25,2020-02-27,2019-02-25,2018-02-15,2017-02-15,2016-02-19,2015-02-20,2014-02-19,2013-03-01,2011-12-31,2010-12-31,2009-12-31
acceptedDate,2022-02-24 17:27:49,2021-02-25 16:34:19,2020-02-26 18:38:37,2019-02-25 06:35:46,2018-02-14 21:06:11,2017-02-15 17:26:25,2016-02-19 16:41:46,2015-02-19 19:09:53,2014-02-19 17:29:30,2013-03-01 16:52:42,2011-12-31,2010-12-31,2009-12-31
calendarYear,2021,2020,2019,2018,2017,2016,2015,2014,2013,2012,2011,2010,2009
period,FY,FY,FY,FY,FY,FY,FY,FY,FY,FY,FY,FY,FY
netIncome,2182000000,-4517000000,240000000,845672000,482261000,-165034000,-550628000,193755000,54587000,11829000,-545051.0,8216219.0,-2706082.0
depreciationAndAmortization,1275000000,1304000000,0.0,0.0,0.0,0.0,0.0,0.0,0.0,0.0,0.0,0.0,0.0
deferredIncomeTax,606000000,-1042000000,47000000,169357000,-20567000,0.0,-201545000,108985000,31563000,54903000,0.0,0.0,0.0
stockBasedCompensation,51000000,37000000,48000000,26764000,25537000,26453000,18529000,9816000.0,1752000.0,3482000.0,544290.0,0.0,0.0
changeInWorkingCapital,36000000,-240000000,-299409000,124236000,-1801651000,1615500000,-17658000,44334000,-30395000,-17471534,-16512594,14305803,-1916707.0
accountsReceivables,-196000000,217000000,-187000000,13160000,-97314000,-33736000,11147000,-42141000,-20505000,1060000.0,-5865581.0,-8616157.0,-956336.0
inventory,0.0,0.0,-10000000,-14774000,-2245000.0,-255000.0,224000.0,915000.0,554000.0,-639000.0,-871969.0,-4896909.0,83048.0
accountsPayables,-41000000,-20000000,-129000000,-6846000.0,36760000,15706000,1020000.0,6812000.0,20460000,5933000.0,0.0,0.0,0.0
otherWorkingCapital,-47000000,-634000000,-394000000,-94591000,-218827000,1582824000,-32676000,-15018000,-59352000,-28957000,-11485466,5027128.0,-9278675.0
otherNonCashItems,-206000000,6576000000,2698409000,398476000,2203045000,-1144839000,1167803000,-501000.0,98270000,-3050466.0,46897549,-17346198,7324355.0
netCashProvidedByOperatingActivities,3944000000,2118000000,2734000000,1564505000,888625000,332080000,416501000,356389000,155777000,49692000,30384194,5175824.0,2701566.0
investmentsInPropertyPlantAndEquipment,-2299000000,-2044000000,-3702000000,-3482825000,-3301837000,-1191167000,-902087000,-1447576000,-939923000,-176489000,-82444581,-54264166,-26631591
acquisitionsNet,-114000000,-102000000,-485000000,-612000.0,-188000.0,-2345000.0,-2702000.0,-34477000,0.0,0.0,0.0,0.0,0.0
purchasesOfInvestments,0.0,0.0,0.0,-8000.0,0.0,0.0,0.0,0.0,-289000.0,-8963000.0,0.0,0.0,0.0
salesMaturitiesOfInvestments,0.0,0.0,0.0,0.0,0.0,0.0,0.0,0.0,0.0,2326000.0,6085166.0,0.0,0.0
otherInvestingActivites,874000000,45000000,299000000,-19598000,169743000,-116730000,9739000.0,56000.0,72000.0,48000.0,45373.0,1129525.0,-5518026.0
netCashUsedForInvestingActivites,-1539000000,-2101000000,-3888000000,-3503043000,-3132282000,-1310242000,-895050000,-1481997000,-940140000,-183078000,-76314042,-53134641,-32149617
debtRepayment,-4371000000,-1717000000,-4968000000,-1800500000,-383500000,-539000000,-603001000,-295900000,-49000000,-130050000,0.0,-23950000,0.0
commonStockIssued,0.0,0.0,1106000000,305773000,370344000,2051503000,650688000,928432000,322680000,237164000,0.0,0.0,0.0
commonStockRepurchased,-525000000,-137000000,-606000000,-14460000,0.0,0.0,0.0,0.0,0.0,0.0,0.0,0.0,0.0
dividendsPaid,-312000000,-236000000,-112000000,-37313000,0.0,0.0,0.0,0.0,0.0,0.0,0.0,0.0,0.0
otherFinancingActivites,3367000000,2053000000,5642000000,3587108000,702685000,1112118000,420794000,507704000,499880000,45671000,48642492,73568254,23849250
netCashUsedProvidedByFinancingActivities,-1841000000,-37000000,1062000000,2040608000,689529000,2624621000,468481000,1140236000,773560000,152785000,48642492,49618254,23849250
effectOfForexChangesOnCash,0.0,0.0,0.0,0.0,0.0,0.0,0.0,0.0,0.0,0.0,0.0,0.0,0.0
netChangeInCash,564000000,-20000000,-92000000,102070000,-1554128000,1646459000,-10068000,14628000,-10803000,19399000,2712644.0,1659437.0,-5598801.0
cashAtEndOfPeriod,672000000,108000000,123000000,214516000,112446000,1666574000,20115000,30183000,15555000,26358000,6802389.0,4089745.0,2430308.0
cashAtBeginningOfPeriod,108000000,128000000,215000000,112446000,1666574000,20115000,30183000,15555000,26358000,6959000.0,4089745.0,2430308.0,8029109.0
operatingCashFlow,3944000000,2118000000,2734000000,1564505000,888625000,332080000,416501000,356389000,155777000,49692000,30384194,5175824.0,2701566.0
capitalExpenditure,-2299000000,-2044000000,-3702000000,-3482825000,-3301837000,-1191167000,-902087000,-1447576000,-939923000,-176489000,-82444581,-54264166,-26631591
freeCashFlow,1645000000,74000000,-968000000,-1918320000,-2413212000,-859087000,-485586000,-1091187000,-784146000,-126797000,-52060387,-49088342,-23930025
link,https://www.sec.gov/Archives/edgar/data/1539838/000153983822000008/0001539838-22-000008-index.htm,https://www.sec.gov/Archives/edgar/data/1539838/000153983821000015/0001539838-21-000015-index.htm,https://www.sec.gov/Archives/edgar/data/1539838/000153983820000021/0001539838-20-000021-index.htm,https://www.sec.gov/Archives/edgar/data/1539838/000153983819000008/0001539838-19-000008-index.htm,https://www.sec.gov/Archives/edgar/data/1539838/000153983818000014/0001539838-18-000014-index.htm,https://www.sec.gov/Archives/edgar/data/1539838/000153983817000009/0001539838-17-000009-index.htm,https://www.sec.gov/Archives/edgar/data/1539838/000153983816000129/0001539838-16-000129-index.htm,https://www.sec.gov/Archives/edgar/data/1539838/000153983815000005/0001539838-15-000005-index.htm,https://www.sec.gov/Archives/edgar/data/1539838/000153983814000007/0001539838-14-000007-index.htm,https://www.sec.gov/Archives/edgar/data/1539838/000153983813000004/0001539838-13-000004-index.htm,,,
finalLink,https://www.sec.gov/Archives/edgar/data/1539838/000153983822000008/fang-20211231.htm,https://www.sec.gov/Archives/edgar/data/1539838/000153983821000015/fang-20201231.htm,https://www.sec.gov/Archives/edgar/data/1539838/000153983820000021/diamondback201910-k.htm,https://www.sec.gov/Archives/edgar/data/1539838/000153983819000008/diamondback201810-k.htm,https://www.sec.gov/Archives/edgar/data/1539838/000153983818000014/diamondback201710-k.htm,https://www.sec.gov/Archives/edgar/data/1539838/000153983817000009/diamondback201610-k.htm,https://www.sec.gov/Archives/edgar/data/1539838/000153983816000129/diamondback201510-k.htm,https://www.sec.gov/Archives/edgar/data/1539838/000153983815000005/a12311410-k.htm,https://www.sec.gov/Archives/edgar/data/1539838/000153983814000007/a12311310-k.htm,https://www.sec.gov/Archives/edgar/data/1539838/000153983813000004/a12311210-k.htm,,,
