,2021,2020,2019,2018,2017,2016,2015,2014,2013,2012,2011,2010,2009
reportedCurrency,USD,USD,USD,USD,USD,USD,USD,USD,USD,USD,USD,USD,USD
cik,0001519751,0001519751,0001519751,0001519751,0001519751,0001519751,0001519751,0001519751,0001519751,0001519751,0001519751,0001519751,0001519751
fillingDate,2022-02-28,2021-02-24,2020-02-26,2019-02-25,2018-02-28,2017-02-28,2016-02-25,2015-02-25,2014-02-26,2013-02-27,2012-02-22,2010-12-31,2009-12-31
acceptedDate,2022-02-28 16:14:07,2021-02-24 16:35:18,2020-02-26 16:32:47,2019-02-25 16:32:26,2018-02-28 16:18:12,2017-02-28 16:23:45,2016-02-25 16:15:16,2015-02-25 16:06:20,2014-02-26 16:06:14,2013-02-27 16:10:18,2012-02-22 16:45:53,2010-12-31,2009-12-31
calendarYear,2021,2020,2019,2018,2017,2016,2015,2014,2013,2012,2011,2010,2009
period,FY,FY,FY,FY,FY,FY,FY,FY,FY,FY,FY,FY,FY
cashAndCashEquivalents,471500000,419100000,387900000,262900000,323000000,251500000,238500000,191900000,241400000,336000000,120800000,60700000,57800000
shortTermInvestments,0.0,0.0,0.0,0.0,0.0,0.0,0.0,0.0,0.0,0.0,0.0,0.0,0.0
cashAndShortTermInvestments,471500000,419100000,387900000,262900000,323000000,251500000,238500000,191900000,241400000,336000000,120800000,60700000,57800000
netReceivables,885700000,734900000,624800000,571700000,555300000,550700000,502600000,458900000,477100000,381800000,346100000,374200000,353000000
inventory,1193800000,867200000,718600000,678900000,580800000,531100000,555600000,462200000,471600000,357200000,336300000,333000000,297700000
otherCurrentAssets,193500000,187300000,166900000,172600000,142600000,111900000,122000000,186100000,137300000,153000000,150300000,699900000,660900000
totalCurrentAssets,2744500000,2208500000,1898200000,1686100000,1601700000,1445200000,1418700000,1299100000,1327400000,1228000000,953500000,1467800000,1369400000
propertyPlantEquipmentNet,1009500000,1087600000,989800000,813400000,740000000,662500000,627900000,539800000,534400000,509400000,525800000,550000000,590200000
goodwill,2465100000,2394800000,2090200000,2080300000,1912000000,1833800000,1755300000,1467800000,1519900000,1387000000,1366600000,1364900000,1363300000
intangibleAssets,1383800000,1420300000,1168900000,1246800000,1162400000,1107000000,996700000,656500000,752900000,677700000,697300000,798800000,810600000
goodwillAndIntangibleAssets,3848900000,3815100000,3259100000,3327100000,3074400000,2940800000,2752000000,2124300000,2272800000,2064700000,2063900000,2163700000,2173900000
longTermInvestments,0.0,0.0,0.0,0.0,0.0,0.0,0.0,0.0,0.0,0.0,0.0,0.0,0.0
taxAssets,0.0,0.0,0.0,0.0,0.0,0.0,0.0,0.0,0.0,0.0,0.0,0.0,0.0
otherNonCurrentAssets,333300000,247500000,144200000,138000000,95300000,80000000,80000000,89700000,43500000,71600000,94700000,77900000,57700000
totalNonCurrentAssets,5191700000,5150200000,4393100000,4278500000,3909700000,3683300000,3459900000,2753800000,2850700000,2645700000,2684400000,2791600000,2821800000
otherAssets,0.0,0.0,0.0,0.0,0.0,0.0,0.0,0.0,0.0,0.0,0.0,0.0,0.0
totalAssets,7936200000,7358700000,6291300000,5964600000,5511400000,5128500000,4878600000,4052900000,4178100000,3873700000,3637900000,4259400000,4191200000
accountPayables,764900000,620500000,460000000,459000000,428800000,393800000,344200000,333800000,343800000,287000000,260700000,252800000,235400000
shortTermDebt,400000000,0.0,399700000,525000000,0.0,0.0,800000.0,26300000,6000000.0,28000000,21300000,3000000.0,1200000.0
taxPayables,0.0,70800000,39300000,57700000,61400000,46300000,43300000,0.0,0.0,0.0,0.0,0.0,0.0
deferredRevenue,0.0,0.0,0.0,0.0,0.0,0.0,0.0,0.0,0.0,0.0,0.0,0.0,0.0
otherCurrentLiabilities,806200000,724600000,549600000,508100000,478000000,449000000,412900000,339500000,388900000,317600000,315800000,320700000,316400000
totalCurrentLiabilities,1971100000,1345100000,1409300000,1492100000,906800000,842800000,757900000,699600000,738700000,632600000,597800000,576500000,553000000
longTermDebt,2309800000,2712700000,1784600000,1809000000,1507600000,1431100000,1171600000,643700000,350000000,297500000,389300000,16800000,23900000
deferredRevenueNonCurrent,0.0,0.0,0.0,0.0,0.0,0.0,0.0,0.0,0.0,0.0,0.0,0.0,0.0
deferredTaxLiabilitiesNonCurrent,176000000,160500000,157200000,162600000,166800000,163500000,201700000,150600000,245800000,223600000,0.0,0.0,0.0
otherNonCurrentLiabilities,414500000,364900000,512400000,320900000,329100000,328100000,293600000,295900000,190500000,335300000,526300000,3721000000,3773600000
totalNonCurrentLiabilities,2900300000,3238100000,2454200000,2292500000,2003500000,1922700000,1666900000,1090200000,786300000,856400000,915600000,3737800000,3797500000
otherLiabilities,0.0,0.0,0.0,0.0,0.0,0.0,0.0,0.0,0.0,0.0,0.0,0.0,0.0
capitalLeaseObligations,0,140500000,139800000,0.0,0.0,0.0,0.0,0.0,0.0,0.0,0.0,0.0,0.0
totalLiabilities,4871400000,4583200000,3863500000,3784600000,2910300000,2765500000,2424800000,1789800000,1525000000,1489000000,1513400000,4314300000,4350500000
preferredStock,0,0.0,0.0,0.0,0.0,0.0,0.0,0.0,0.0,0.0,0.0,0.0,0.0
commonStock,0.0,1800000.0,1800000.0,1800000.0,1700000.0,1700000.0,1700000.0,1700000.0,1700000.0,1600000.0,1600000.0,0.0,0.0
retainedEarnings,0.0,2180200000,1763000000,1448100000,1174200000,814600000,501600000,279500000,200800000,41000000,-77700000,-685400000,-742600000
accumulatedOtherComprehensiveIncomeLoss,0.0,-55100000,-72600000,-67000000,-39200000,-71900000,-52500000,-6700000.0,95400000,30600000,10600000,-76300000,-90100000
othertotalStockholdersEquity,0.0,648600000,734400000,795300000,1462800000,1617100000,2000100000,1985000000,2351500000,2307900000,2186300000,1541800000,1436900000
totalStockholdersEquity,3064800000,2775500000,2426600000,2178200000,2599500000,2361500000,2450900000,2259500000,2649400000,2381100000,2120800000,-58400000,-162200000
totalLiabilitiesAndStockholdersEquity,7936200000,7358700000,6290100000,5962800000,5509800000,5127000000,4875700000,4049300000,4174400000,3870100000,3634200000,4255900000,4188300000
minorityInterest,0,0,1200000,1800000,1600000,1500000,2900000,3600000,3700000,3600000,3700000,3500000,2900000
totalEquity,3064800000,2775500000,2427800000,2180000000,2601100000,2363000000,2453800000,2263100000,2653100000,2384700000,2124500000,-54900000,-159300000
totalLiabilitiesAndTotalEquity,7936200000,7358700000,6291300000,5964600000,5511400000,5128500000,4878600000,4052900000,4178100000,3873700000,3637900000,4259400000,4191200000
totalInvestments,0.0,0.0,0.0,0.0,0.0,0.0,0.0,0.0,0.0,0.0,0.0,0.0,0.0
totalDebt,2709800000,2712700000,2184300000,2334000000,1507600000,1431100000,1172400000,670000000,356000000,325500000,410600000,19800000,25100000
netDebt,2238300000,2293600000,1796400000,2071100000,1184600000,1179600000,933900000,478100000,114600000,-10500000,289800000,-40900000,-32700000
link,https://www.sec.gov/Archives/edgar/data/1519751/000095017022002294/0000950170-22-002294-index.htm,https://www.sec.gov/Archives/edgar/data/1519751/000156459021008129/0001564590-21-008129-index.htm,https://www.sec.gov/Archives/edgar/data/1519751/000156459020006812/0001564590-20-006812-index.html,https://www.sec.gov/Archives/edgar/data/1519751/000119312519049951/0001193125-19-049951-index.html,https://www.sec.gov/Archives/edgar/data/1519751/000119312518063999/0001193125-18-063999-index.html,https://www.sec.gov/Archives/edgar/data/1519751/000119312517062357/0001193125-17-062357-index.html,https://www.sec.gov/Archives/edgar/data/1519751/000119312516478315/0001193125-16-478315-index.html,https://www.sec.gov/Archives/edgar/data/1519751/000119312515062500/d852986d10k.htm,https://www.sec.gov/Archives/edgar/data/1519751/000119312514069698/d643089d10k.htm,https://www.sec.gov/Archives/edgar/data/1519751/000119312513079983/0001193125-13-079983-index.html,https://www.sec.gov/Archives/edgar/data/1519751/000119312512072886/0001193125-12-072886-index.html,,
finalLink,https://www.sec.gov/Archives/edgar/data/1519751/000095017022002294/fbhs-20211231.htm,https://www.sec.gov/Archives/edgar/data/1519751/000156459021008129/fbhs-10k_20201231.htm,https://www.sec.gov/Archives/edgar/data/1519751/000156459020006812/fbhs-10k_20191231.htm,https://www.sec.gov/Archives/edgar/data/1519751/000119312519049951/d654795d10k.htm,https://www.sec.gov/Archives/edgar/data/1519751/000119312518063999/d486021d10k.htm,https://www.sec.gov/Archives/edgar/data/1519751/000119312517062357/d341756d10k.htm,https://www.sec.gov/Archives/edgar/data/1519751/000119312516478315/d121353d10k.htm,https://www.sec.gov/Archives/edgar/data/1519751/000119312515062500/d852986d10k.htm,https://www.sec.gov/Archives/edgar/data/1519751/000119312514069698/d643089d10k.htm,https://www.sec.gov/Archives/edgar/data/1519751/000119312513079983/d441040d10k.htm,https://www.sec.gov/Archives/edgar/data/1519751/000119312512072886/d289278d10k.htm,,
