,2021,2020,2019,2018,2017,2016,2015,2014,2013,2012,2011,2010,2009
reportedCurrency,USD,USD,USD,USD,USD,USD,USD,USD,USD,USD,USD,USD,USD
cik,0001519751,0001519751,0001519751,0001519751,0001519751,0001519751,0001519751,0001519751,0001519751,0001519751,0001519751,0001519751,0001519751
fillingDate,2022-02-28,2021-02-24,2020-02-26,2019-02-25,2018-02-28,2017-02-28,2016-02-25,2015-02-25,2014-02-26,2013-02-27,2012-02-22,2010-12-31,2009-12-31
acceptedDate,2022-02-28 16:14:07,2021-02-24 16:35:18,2020-02-26 16:32:47,2019-02-25 16:32:26,2018-02-28 16:18:12,2017-02-28 16:23:45,2016-02-25 16:15:16,2015-02-25 16:06:20,2014-02-26 16:06:14,2013-02-27 16:10:18,2012-02-22 16:45:53,2010-12-31,2009-12-31
calendarYear,2021,2020,2019,2018,2017,2016,2015,2014,2013,2012,2011,2010,2009
period,FY,FY,FY,FY,FY,FY,FY,FY,FY,FY,FY,FY,FY
revenue,7656100000,6090300000,5764600000,5485100000,5283300000,4984900000,4579400000,4013600000,4157400000,3591100000,3328600000,3233500000,3006800000
costOfRevenue,4909100000,3925900000,3712200000,3525700000,3350800000,3180300000,2997500000,2646700000,2718600000,2421100000,2332100000,2182400000,2104300000
grossProfit,2747000000,2164400000,2052400000,1959400000,1932500000,1804600000,1581900000,1366900000,1438800000,1170000000,996500000,1051100000,902500000
grossProfitRatio,0.3587988662635023,0.35538479221056435,0.35603511084897477,0.35722229312136516,0.3657751783922927,0.3620132801059199,0.3454382670218806,0.3405670719553518,0.3460816856689277,0.3258054635070034,0.2993751126599772,0.32506571826194525,0.30015298656378875
researchAndDevelopmentExpenses,0.0,0.0,0.0,0.0,0.0,0.0,0.0,0.0,0.0,0.0,0.0,0.0,0.0
generalAndAdministrativeExpenses,0.0,1281300000,1288200000,1234900000,1194800000,1129900000,1047600000,943300000,1043100000,976900000,903000000,0.0,0.0
sellingAndMarketingExpenses,0.0,0.0,0.0,0.0,0.0,0.0,0.0,0.0,0.0,0.0,0.0,0.0,0.0
sellingGeneralAndAdministrativeExpenses,1579000000,1281300000,1288200000,1234900000,1194800000,1129900000,1047600000,943300000,1043100000,976900000,903000000,0.0,0.0
otherExpenses,64100000,42000000,41400000,36100000,31700000,28100000,21600000,13100000,13200000,11100000,14400000,855300000,831300000
operatingExpenses,1643100000,1323300000,1329600000,1271000000,1226500000,1158000000,1069200000,956400000,1056300000,988000000,917400000,855300000,831300000
costAndExpenses,6552200000,5249200000,5041800000,4796700000,4577300000,4338300000,4066700000,3603100000,3774900000,3409100000,3249500000,3037700000,2935600000
interestIncome,0,0.0,0.0,0.0,0.0,0.0,0.0,0.0,0.0,0.0,0.0,0.0,0.0
interestExpense,84400000,83900000,94200000,74500000,49400000,49100000,31900000,10400000,7200000.0,8700000.0,26400000,116300000,85200000
depreciationAndAmortization,189100000,163500000,152700000,149600000,130300000,122700000,115100000,98800000,90400000,101300000,111500000,111600000,131100000
ebitda,1278600000,969300000,822800000,760700000,811800000,754700000,615400000,385600000,441300000,263000000,93300000,299200000,180700000
ebitdaratio,0.1670040882433615,0.15915472144229348,0.14273323387572426,0.13868480064173852,0.15365396627108058,0.15139721960320168,0.13438441717255536,0.09607335060793303,0.10614807331505267,0.07323661273704436,0.028029802319293397,0.09253131281892686,0.0600971132100572
operatingIncome,1090400000,801400000,698500000,595200000,692100000,632700000,496100000,403500000,357100000,161700000,-15600000,187800000,49400000
operatingIncomeRatio,0.1424223821527932,0.13158629295765398,0.12117059292925789,0.10851215110025342,0.13099767190960196,0.12692330839134186,0.10833296938463555,0.10053318716364361,0.08589503054793862,0.045027985853916624,-0.0046866550501712435,0.05807948043915262,0.016429426632965278
totalOtherIncomeExpensesNet,-85300000,-70600000,-123200000,-58200000,-57300000,-50600000,-36200000,-11600000,-12200000,-7700000.0,-28000000,-115300000,-84200000
incomeBeforeTax,1005100000,730800000,575300000,537000000,634800000,582100000,459900000,391900000,344900000,154000000,-43600000,72500000,-34800000
incomeBeforeTaxRatio,0.13128093938166951,0.11999408896113492,0.09979877181417618,0.09790158793823267,0.12015217761626257,0.1167726534133082,0.10042800366860287,0.09764301375323899,0.08296050416125463,0.04288379605134917,-0.013098600012017065,0.02242152466367713,-0.011573766130105094
incomeTaxExpense,232700000,168800000,144000000,147000000,159500000,169700000,153400000,118300000,114000000,34300000,-9000000.0,14100000,6300000.0
netIncome,772400000,553100000,431900000,389600000,472600000,413200000,315000000,158100000,229700000,118700000,-35600000,57200000,-41900000
netIncomeRatio,0.10088687451835791,0.09081654434100127,0.07492280470457621,0.07102878707771965,0.08945166846478526,0.08289032879295473,0.0687863038826047,0.03939107036077337,0.05525087795256651,0.033053938904513934,-0.0106951871657754,0.01768980980361837,-0.013935080484235732
eps,5.570453931559891,3.988889,3.094826,2.772974,3.111118,2.6934,1.969907,0.999746,1.37819,0.724418,-0.23,0.368794,-0.270148
epsdiluted,5.570453931559891,3.94,3.06,2.66,3.05,2.61,1.88,0.999746,1.34,0.71,-0.23,0.368794,-0.270148
weightedAverageShsOut,138660154,138660154,139555487,140498981,151906797,153412050,159906032,158140128,166667936,163855647,155200000,155100000,155100000
weightedAverageShsOutDil,138660154,140200000,141300000,146400000,155800000,157800000,163000000,166300000,171300000,166100000,155200000,155100000,155100000
link,https://www.sec.gov/Archives/edgar/data/1519751/000095017022002294/0000950170-22-002294-index.htm,https://www.sec.gov/Archives/edgar/data/1519751/000156459021008129/0001564590-21-008129-index.htm,https://www.sec.gov/Archives/edgar/data/1519751/000156459020006812/0001564590-20-006812-index.html,https://www.sec.gov/Archives/edgar/data/1519751/000119312519049951/0001193125-19-049951-index.html,https://www.sec.gov/Archives/edgar/data/1519751/000119312518063999/0001193125-18-063999-index.html,https://www.sec.gov/Archives/edgar/data/1519751/000119312517062357/0001193125-17-062357-index.html,https://www.sec.gov/Archives/edgar/data/1519751/000119312516478315/0001193125-16-478315-index.html,https://www.sec.gov/Archives/edgar/data/1519751/000119312515062500/d852986d10k.htm,https://www.sec.gov/Archives/edgar/data/1519751/000119312514069698/d643089d10k.htm,https://www.sec.gov/Archives/edgar/data/1519751/000119312513079983/0001193125-13-079983-index.html,https://www.sec.gov/Archives/edgar/data/1519751/000119312512072886/0001193125-12-072886-index.html,,
finalLink,https://www.sec.gov/Archives/edgar/data/1519751/000095017022002294/fbhs-20211231.htm,https://www.sec.gov/Archives/edgar/data/1519751/000156459021008129/fbhs-10k_20201231.htm,https://www.sec.gov/Archives/edgar/data/1519751/000156459020006812/fbhs-10k_20191231.htm,https://www.sec.gov/Archives/edgar/data/1519751/000119312519049951/d654795d10k.htm,https://www.sec.gov/Archives/edgar/data/1519751/000119312518063999/d486021d10k.htm,https://www.sec.gov/Archives/edgar/data/1519751/000119312517062357/d341756d10k.htm,https://www.sec.gov/Archives/edgar/data/1519751/000119312516478315/d121353d10k.htm,https://www.sec.gov/Archives/edgar/data/1519751/000119312515062500/d852986d10k.htm,https://www.sec.gov/Archives/edgar/data/1519751/000119312514069698/d643089d10k.htm,https://www.sec.gov/Archives/edgar/data/1519751/000119312513079983/d441040d10k.htm,https://www.sec.gov/Archives/edgar/data/1519751/000119312512072886/d289278d10k.htm,,
