,2021,2020,2019,2018,2017,2016,2015,2014,2013,2012,2011,2010,2009,2008,2007,2006,2005,2004,2003,2002,2001,2000,1999,1998,1997,1996,1995,1994,1993,1992,1991,1990,1989,1988,1987,1986
period,FY,FY,FY,FY,FY,FY,FY,FY,FY,FY,FY,FY,FY,FY,FY,FY,FY,FY,FY,FY,FY,FY,FY,FY,FY,FY,FY,FY,FY,FY,FY,FY,FY,FY,FY,FY
currentRatio,0.6239407444604859,0.5324747010119595,0.6211361171366594,0.6458347184362742,0.6772151898734177,0.6959570599948056,0.73,1.03044600729992,1.2165664044423878,1.0092731079868382,1.244573082489146,1.596869386707724,1.4104696673189825,1.2135788262370542,0.8628241065171689,1.0494480568577045,0.9452363981943455,1.057442292385248,1.0246817355157183,0.9885738115095913,0.9154119113839072,0.9641411723747769,1.050204220558203,0.9792977471077735,1.1251908396946564,1.3256083429895713,1.52925877763329,1.3776041666666667,1.171604938271605,1.3450704225352113,1.211436170212766,1.2002881844380404,1.2517985611510791,1.7777777777777777,2.0094117647058822,1.7103960396039604
quickRatio,0.2481325717155232,0.20926096289481755,0.22851138828633405,0.23775014959111762,0.2509213267104631,0.2628343866331919,0.29017543859649125,0.4273123831567702,0.526376677464137,0.44610629175391364,0.5578871201157742,0.9820374647164486,0.803082191780822,0.6073647871116226,0.42834618079887876,0.4845002268259489,0.3671893561416013,0.5001326611833378,0.5258508703559366,0.6357798165137615,0.5362040855471373,0.38796292266852345,0.6570796460176991,0.4867059062309722,0.7297709923664122,0.9490150637311703,1.0546163849154746,0.94140625,0.825925925925926,0.9084507042253521,0.8125,0.7579250720461095,0.8517985611510791,1.2136752136752136,1.3929411764705881,1.0965346534653466
cashRatio,0.021530349632791414,0.015884697945415516,0.021081887201735358,0.029386343993085567,0.028681301073545905,0.033936455718119644,0.07517543859649123,0.1812516691889967,0.17364645997223507,0.14198823412104897,0.3816931982633864,0.428534770336156,0.37720156555772993,0.22692750287686997,0.11878065872459706,0.1433539996975654,0.06070325492991209,0.07070841071902362,0.1506884905170174,0.07147623019182653,0.02781241008919152,0.02706819269768049,0.10432266848196052,0.016237061091942357,0.033282442748091605,0.04171494785631518,0.05851755526657997,0.048177083333333336,0.019753086419753086,0.01267605633802817,0.013297872340425532,0.011527377521613832,0.02014388489208633,0.04487179487179487,0.05176470588235294,0.009900990099009901
daysOfSalesOutstanding,52.50229111049129,48.21706887883359,44.53526855137764,46.65021818033522,42.96668788457458,42.43327617288836,38.135257257342595,42.16760710553814,44.59000731766811,50.53531390134529,19.695780852088927,55.16430773542601,49.91477495876208,45.683728325887785,50.70400943396226,54.23076923076923,56.23432461483339,52.50433275563258,46.7894713480403,157.67030581625485,32.517099978152366,61.376069589196646,54.526722472633615,48.04486087450312,51.04942056533202,54.4661622530475,53.84862091084028,44.964357317888165,43.47962382445141,43.82124666504972,48.67304165575059,45.612685560053976,51.394530192255615,45.98979873173422,32.69832703723691,34.98676859747133
daysOfInventoryOutstanding,89.80426088294108,93.98772257907147,87.26089207781641,80.45600743335001,92.89350039154269,99.07745664739885,101.30026223776224,88.14738532430357,78.59083079369286,93.5577381899157,112.65694849368319,97.67918781725888,124.43181818181817,82.52490039840637,82.02975793915168,94.7381498470948,40.06040951290856,25.59592049430507,30.900036616623947,59.5211389128559,7.648034448656667,6.771867910259642,15.458884253694407,19.033419763756843,16.61665804449043,289.88126649076514,266.7307692307692,210.5515370705244,183.5233644859813,201.79962894248607,193.1959706959707,191.2212389380531,171.57570422535213,157.31686541737648,156.42857142857144,224.98677248677248
operatingCycle,142.30655199343238,142.20479145790506,131.79616062919405,127.10622561368524,135.86018827611727,141.51073282028722,139.43551949510484,130.3149924298417,123.18083811136097,144.09305209126097,132.3527293457721,152.84349555268489,174.34659314058024,128.20862872429416,132.73376737311395,148.96891907786403,96.29473412774195,78.10025324993765,77.68950796466424,217.19144472911074,40.16513442680903,68.14793749945629,69.98560672632803,67.07828063825997,67.66607860982245,344.34742874381266,320.5793901416095,255.51589438841256,227.0029883104327,245.6208756075358,241.86901235172127,236.83392449810708,222.97023441760774,203.3066641491107,189.12689846580835,259.97354108424383
daysOfPayablesOutstanding,101.87548069527764,93.30514675989919,94.14564686737185,90.96955185476378,86.97689898198904,84.2242774566474,63.81118881118881,57.873001466173285,57.81866967006757,70.94480674407508,101.66083576287657,117.61522842639593,114.16516651665167,107.3914342629482,128.4754608039085,117.62041284403671,112.84687778201703,65.5929427529219,62.30794580739656,293.4066724187518,31.817928959947256,67.8566927148979,59.66768012444319,61.48180159416115,51.32281427832385,314.9208443271768,268.29059829059827,227.0524412296564,229.91588785046727,267.4860853432282,224.6153846153846,193.80530973451326,196.63732394366198,164.778534923339,124.38898450946644,138.08201058201058
cashConversionCycle,40.431071298154734,48.89964469800587,37.6505137618222,36.13667375892146,48.88328929412823,57.28645536363982,75.62433068391603,72.44199096366842,65.36216844129339,73.14824534718589,30.69189358289553,35.228267126288955,60.18142662392857,20.817194461345963,4.258306569205445,31.348506233827322,-16.552143654275085,12.507310497015752,15.381562157267687,-76.21522768964104,8.347205466861777,0.291244784558387,10.317926601884842,5.596479044098821,16.343264331498602,29.426584416635876,52.28879185101124,28.463453158756153,-2.912899540034573,-21.86520973569239,17.253627736336654,43.02861476359382,26.33291047394576,38.52812922577169,64.73791395634191,121.89153050223325
grossProfitMargin,0.4819301111686656,0.48470755823697,0.4609434187966027,0.4294278373638922,0.45809463186929766,0.42949478960559295,0.41480881538002473,0.401337513061651,0.3863728758435645,0.35925397472482673,0.6458806524881272,0.6549187219730942,0.6509307988374833,0.6198985386537442,0.6459905660377359,0.6554267650158061,0.5304550340379792,0.4030573701284273,0.39389231656975454,0.5560237502394177,0.18431003478816194,0.19562837098016952,0.34950786496182507,0.40868824531516185,0.40738242688086335,0.9203446826397647,0.8999358563181526,0.8768099799509913,0.880206000895656,0.8692699490662139,0.8569557243908829,0.8475033738191633,0.8461955050094774,0.8381582575130962,0.8432271991365353,0.8888562187591885
operatingProfitMargin,0.21408933338646052,0.190757499581029,0.22764065552852986,0.19106072346152278,0.24532145130490135,0.23484148968913512,0.22878213052559784,0.21977011494252874,0.2025367916090739,0.15929474113330616,0.19113497143643746,0.17243553811659193,0.1766554080590684,0.18422048913454986,0.19638364779874215,0.17722602739726026,0.17263824196823122,0.13540416833311114,-0.0277420213946469,0.15648343229266423,0.06890408886946876,0.07731457074496127,0.0825591021985098,0.13816013628620102,0.12079220062542155,0.2862547288776797,0.2884327560401967,0.2628647805747382,0.2704881325570981,0.25103080281348533,0.26198585276395076,0.24507422402159243,0.2740319523422692,0.24869037772263577,0.28440366972477066,0.30049985298441634
pretaxProfitMargin,0.14997808503008328,0.03515166750460868,0.16336377048526657,0.12532115329717386,0.181031190324634,0.164182385789034,0.17635022805746195,0.1727899686520376,0.1593625498007968,0.12489808397880146,0.16966067864271456,0.1548486547085202,0.14382216636556436,0.1434845157870826,0.17562893081761005,0.18848788198103267,0.22787531350770332,0.07874505621472692,-0.07599094500421678,0.10547149332822575,0.052837672050148735,0.056693296565148626,0.05979210744181768,0.11567291311754685,0.09890244650193145,0.25346784363177804,0.2525122942056874,0.23078636667409222,0.23197492163009403,0.1969439728353141,0.22976159287398482,0.21700404858299596,0.2380178716490658,0.19851116625310175,0.2420399352401511,0.26609820640987947
netProfitMargin,0.15571582260827987,0.057692307692307696,0.14944774512540374,0.10872313527180784,0.1298111606195629,0.094622521215319,0.12003921735794365,0.0787042842215256,0.1083421416375315,0.09009376273950265,0.11742033175029253,0.09248878923766816,0.08443955698688241,0.10312712955251004,0.1179245283018868,0.12269494204425711,0.10892153350053745,0.06621339376971959,-0.05872431088818856,0.06601545042456745,0.031897551383963836,0.0360111926679914,0.06931285070370712,0.07109596819988642,0.0597216260960206,0.1534258091635141,0.152875775069489,0.14234796168411673,0.14017017465293327,0.12321125394130487,0.15299973801414724,0.14520917678812414,0.15488762523693475,0.15164047422111937,0.13491635186184567,0.1376065862981476
effectiveTaxRate,0.05100956429330499,-0.28128724672228844,0.12667805711496216,0.14578587699316628,0.2803563056727614,0.30958757364756295,0.3205221174764322,0.40372520561199804,0.32168367346938775,0.2876376988984088,0.3050709939148073,0.40271493212669685,0.4139814309120699,0.325065963060686,0.3187108325872874,0.2945492662473795,0.3362159329140461,0.3047404063205418,0.41296728971962615,0.37409200968523004,0.3657760814249364,0.3648068669527897,0.3484615384615385,0.38144329896907214,0.39615623062616245,0.3946932006633499,0.39458086367485184,0.3832046332046332,0.39575289575289574,0.37438423645320196,0.33409350057012543,0.3308457711442786,0.3503981797497156,0.37777777777777777,0.4414715719063545,0.4839779005524862
returnOnAssets,0.023044219191329523,0.008479690617533316,0.02359636862715471,0.018336634752943767,0.022180489290427367,0.016209579620521088,0.023242761398527517,0.015599499623060419,0.023218533006908928,0.015528386734120292,0.027284649585772317,0.02233880521238788,0.018846423562412343,0.025660832375605253,0.03017865765330758,0.027117903930131006,0.03333150594813881,0.0268613665044168,-0.023539668700959023,0.01696027293901519,0.03923514211886305,0.03052805280528053,0.04510760573498159,0.04670596135193613,0.04053435432186108,0.054194506310319225,0.05352597694265609,0.04968123153475354,0.0513409333223981,0.04702832808739122,0.055773087575207714,0.053351844506148355,0.05994550408719346,0.06186030817680801,0.0587406015037594,0.0568858636197885
returnOnEquity,0.07927620902304447,0.028709031773830374,0.08004784075861775,0.06084396467124632,0.07328877069407509,0.05244559257183243,0.07088378181085911,0.04606727828746177,0.0644810065327849,0.0431682781521633,0.07491656420165115,0.0586093597371459,0.04942528735632184,0.06489422527158376,0.07075805462521817,0.07137384108497433,0.11095565423687573,0.08989441930618401,-0.09530327042212938,0.06847228660353619,0.1492842535787321,0.175946106597979,0.16617047083471165,0.15168403198449237,0.12667447002210952,0.14249463205153232,0.130736880599744,0.12029367469879518,0.1222895096698574,0.10304259634888438,0.12174275588909736,0.11800833516121957,0.13204062788550322,0.13323643410852712,0.12729124236252545,0.12440191387559808
returnOnCapitalEmployed,0.03496772010204613,0.03116721315964212,0.03962217009286121,0.03594141970525734,0.04608871739269086,0.044064021120369605,0.048899376799446045,0.04802879169863714,0.04694021764733594,0.03010777543413563,0.048721007754658055,0.04458898773395177,0.04247242785919323,0.049926126569810395,0.05677788889899082,0.04334240662296455,0.06243386243386243,0.06356922306601018,-0.012885269559839192,0.05004491996079712,0.08285021608516918,0.07943858851606671,0.04721606799113791,0.09310297545591663,0.07771995759853523,0.09566114063615452,0.09381205814600048,0.08566231189019348,0.09101291399455329,0.08045977011494253,0.09023562094865727,0.08562300319488818,0.09935571380128858,0.08548023269618901,0.11091875850129838,0.11568452000511313
netIncomePerEBT,1.0382571732199788,1.6412395709177592,0.9148157188186478,0.8675561340709405,0.717065166432255,0.5763256561328334,0.6806864877930868,0.45549104983067246,0.6798469387755102,0.7213382292941657,0.6920892494929006,0.5972850678733032,0.5871108683779356,0.7187335092348285,0.6714413607878246,0.6509433962264151,0.4779874213836478,0.8408577878103838,0.7727803738317757,0.62590799031477,0.6036895674300254,0.6351931330472103,1.1592307692307693,0.6146293568973982,0.6038437693738375,0.6053067993366501,0.6054191363251482,0.6167953667953668,0.6042471042471043,0.625615763546798,0.6659064994298746,0.6691542288557214,0.6507394766780432,0.7638888888888888,0.5574136008918618,0.5171270718232044
ebtPerEbit,0.7005397357156151,0.1842741049857237,0.7176388159047119,0.655923159018143,0.737934613388687,0.6991200149784684,0.7708216880939072,0.7862305058957778,0.7868325973504616,0.7840690978886756,0.8876485415916456,0.8980089394555059,0.8141396176078257,0.7788738183312782,0.8943154523618895,1.0635451505016722,1.3199584918713247,0.5815556284870365,2.7392,0.6740106079151367,1.0,1.0,1.0,1.0,1.0,1.0,1.0,1.0,1.0,1.0,1.0,1.0,1.0,1.0,1.0,1.0
ebitPerRevenue,0.21408933338646052,0.190757499581029,0.22764065552852986,0.19106072346152278,0.24532145130490135,0.23484148968913512,0.22878213052559784,0.21977011494252874,0.2025367916090739,0.15929474113330616,0.19113497143643746,0.17243553811659193,0.1766554080590684,0.18422048913454986,0.19638364779874215,0.17722602739726026,0.17263824196823122,0.13540416833311114,-0.0277420213946469,0.15648343229266423,0.052837672050148735,0.056693296565148626,0.05979210744181768,0.11567291311754685,0.09890244650193145,0.25346784363177804,0.2525122942056874,0.23078636667409222,0.23197492163009403,0.1969439728353141,0.22976159287398482,0.21700404858299596,0.2380178716490658,0.19851116625310175,0.2420399352401511,0.26609820640987947
debtRatio,0.6984674532835654,0.6971204768825283,0.6981138014832723,0.6985116099922967,0.697369375117827,0.6908655403318745,0.6717372643533956,0.6611768799343877,0.639237142682895,0.6395973861720068,0.6343121261555194,0.6166356405483161,0.616304347826087,0.6015034760819187,0.569853532914856,0.6083406113537118,0.6859090327650166,0.6744005768884082,0.722737220433073,0.6979792015221599,0.7371782945736434,0.8264920242024203,0.7285462001257146,0.6920838618219801,0.680011652586458,0.6196733481811433,0.590582422518341,0.5870004664904369,0.5801689493971951,0.5436030364747269,0.5418775666125489,0.5478976596588655,0.5461119262209181,0.5357102688111574,0.5385338345864662,0.5426036222195211
debtEquityRatio,2.402852158390133,2.3601868067717455,2.3682670539489985,2.3177762055823083,2.3042478257744556,2.2352740477176907,2.0486067410073754,1.9525382262996942,1.77524800387128,1.7780544975095225,1.741656420165115,1.6178403338957463,1.6162758620689655,1.5211549456832476,1.3361007594697862,1.6011416749674354,2.283289737818602,2.256953242835596,2.9260913413052876,2.8178928547778295,2.8048607833883907,4.763423816128393,2.6838681221744403,2.2476375090865037,2.1251137989335414,1.629318758539918,1.4424940574145182,1.4213102409638554,1.3819105294002736,1.1910750507099392,1.182822597456744,1.2118885720552752,1.2029085872576177,1.153827519379845,1.1670061099796334,1.186602870813397
longTermDebtToCapitalization,0.5551625187243949,0.5428909071848583,0.5356710763799362,0.536842661592939,0.5378662060718794,0.5217710542877788,0.4795703150586232,0.46828576631891144,0.4725154110244662,0.46103434662455584,0.4506284528720658,0.4433101811800183,0.4255605736470961,0.38699690402476783,0.30941134312799295,0.4097241067390321,0.4694700832634093,0.5053272450532724,0.5976698353814051,0.5724760772323197,0.5191740412979351,0.5517562946844886,0.5265713092503654,0.46558756879248947,0.47183679076796264,0.40849786398799215,0.4042483660130719,0.4017344295528776,0.39088529271775346,0.3937530742744712,0.3971345984667588,0.40498564343513443,0.39446463516913616,0.39798745807204317,0.4094121184784243,0.4224746699416641
totalDebtToCapitalization,0.5804917070181859,0.5719028918243484,0.5628769348544541,0.5679691582611096,0.5639697048837816,0.547137118135264,0.5157724092537969,0.5027069773100553,0.49161090336547925,0.48905273400950633,0.4797587498857717,0.4499853472697079,0.43892686701921835,0.40757049707849946,0.35692401031396936,0.4359373311723393,0.4937016846838523,0.5318722286553507,0.6126025562315119,0.5980355621805792,0.5466571581387056,0.5853768741014582,0.5330793389280749,0.47272262680465055,0.47793318848451927,0.4156495950724307,0.4141403320835565,0.40885822390385046,0.39218712894799335,0.40300314846209734,0.40358075345020517,0.41901363578437617,0.4085199344620426,,,
interestCoverage,2.356578947368421,2.1059204440333024,2.590290381125227,2.237344794651385,2.9108761329305137,2.787578288100209,3.327340359578425,3.2416769420468556,3.222509702457956,2.5169082125603865,3.2328288707799766,2.9297619047619046,2.9946737683089215,,,,,,,,-2.827338129496403,-2.2955665024630543,-1.749663526244953,-3.339344262295082,-3.2585858585858585,-4.261484098939929,-4.086505190311419,-3.837037037037037,-3.781021897810219,-2.594249201277955,-3.2007299270072993,-3.2031872509960158,-3.7404255319148936,-3.1578947368421053,-3.883116883116883,-3.693877551020408
cashFlowToDebtRatio,0.12153108644979696,0.1382108745864286,0.1361540502885955,0.12474828136934935,0.12288371059163487,0.13712556732223904,0.15776911260782228,0.15939012584704743,0.159685732872942,0.13377209765057013,0.17485714285714285,0.24481710626288938,0.2035263003232442,0.23048687582242539,0.2726500084990651,0.18470232488970406,0.17492202121023082,0.22185641461342395,0.17647594752186588,0.2016290559487248,0.2997195225360381,0.16314644586344818,0.26395595904964264,0.32013513513513514,0.3040346640147748,0.4068880351262349,0.3392912571132954,0.28189983669025587,0.40375416288222826,0.34900841346153844,0.3413123844731978,0.2940389294403893,0.3706216577540107,,,
companyEquityMultiplier,3.4401777020447906,3.3856225502460178,3.3923796505916024,3.3181641828514046,3.304199908958049,3.2354690127458388,3.04971430009817,2.953125382262997,2.7771352528429714,2.7799589803691767,2.745740382926401,2.623656868839357,2.622528735632184,2.5289212883552508,2.344638898061229,2.6319822235843997,3.328852119958635,3.346606334841629,4.048624117562311,4.037216078405404,3.8048607833883907,5.763423816128393,3.6838681221744403,3.2476375090865037,3.1251137989335414,2.629318758539918,2.442494057414518,2.4213102409638556,2.3819105294002734,2.191075050709939,2.182822597456744,2.2118885720552752,2.202677746999077,2.153827519379845,2.1670061099796336,2.186868686868687
receivablesTurnover,6.95207756232687,7.569933396764986,8.195751633986928,7.824186343331206,8.494953136265321,8.601739788199698,9.571195430436557,8.655933429811867,8.185690515806987,7.222672064777328,18.53188775510204,6.616597125637459,7.312464101091327,7.989715668481549,7.1986417657045845,6.7304964539007095,6.4906976744186045,6.951807228915663,7.80090027700831,2.314957138634348,11.224863233352197,5.9469432051127455,6.693965517241379,7.597066436583262,7.149934239368698,6.701408450704226,6.778260869565218,8.11754068716094,8.394736842105264,8.32929292929293,7.49901768172888,8.002159827213823,7.101923076923077,7.936542669584245,11.162650602409638,10.432515337423313
payablesTurnover,3.5828051804904932,3.9118956743002546,3.8769716088328074,4.012331517063378,4.196516595465002,4.333667334669339,5.72,6.306913254073096,6.312839815976579,5.144844517184943,3.5903698534542916,3.1033396345305606,3.1971223021582733,3.3987813134732567,2.8410094637223975,3.1032028469750887,3.234471410941999,5.564623032311516,5.858000858000858,1.2440071556350627,11.471519735287167,5.378983050847458,6.117214532871972,5.936716077537058,7.111846946284032,1.1590214067278288,1.3604651162790697,1.6075581395348837,1.5875370919881306,1.3645569620253164,1.625,1.8833333333333333,1.8562091503267975,2.2150943396226417,2.9343434343434343,2.6433566433566433
inventoryTurnover,4.0643951234760864,3.8834859488474898,4.182858910891089,4.536640726329442,3.9292307692307693,3.683986371379898,3.6031496062992128,4.140792136455623,4.6443076923076925,3.901334160719826,3.2399244332493704,3.736722306525038,2.933333333333333,4.422907488986784,4.449604743083004,3.8527245949926363,9.111239860950175,14.260084925690022,11.812283737024222,6.132275132275132,47.72468043264504,53.89945652173913,23.6110183639399,19.176795580110497,21.96590909090909,1.2591362126245846,1.368421052631579,1.7335423197492164,1.9888475836431228,1.808724832214765,1.8892733564013842,1.9087837837837838,2.1273408239700373,2.3201581027667983,2.3333333333333335,1.6223175965665235
fixedAssetTurnover,0.22273994000390507,0.22037560245969753,0.24164378282025342,0.26742207778044363,0.2727714692502691,0.27560591371788656,0.30985748061657137,0.3415612597435971,0.35397898978270254,0.28623938854692377,0.3405686692763883,0.3537576839183026,0.335467720685112,0.3880303208367611,0.4088717454194793,0.3663473834053128,0.5734931506849315,0.6716110547364651,0.6439432916023552,0.4324525801374969,8.23229109020476,9.762074425969914,1.923219814241486,1.1076168312472483,5.202232854864434,5.838036809815951,,,,,,,,,,
assetTurnover,0.1479889378313196,0.14698130403724413,0.15789042924237273,0.16865439639044788,0.17086735211798657,0.17130783889847168,0.19362639902274753,0.19820394502481173,0.21430749527352563,0.17235806632939854,0.23236733518856156,0.24152986969030293,0.22319424964936888,0.24882717561278897,0.2559150169000483,0.221018922852984,0.3060139246751823,0.4056787452677123,0.4008504884080921,0.25691368959748057,1.2300361757105944,0.847737898789879,0.6507827232182944,0.6569424755651719,0.6787215448000333,0.3532293986636971,0.350127264560563,0.34901259524179756,0.36627573197736407,0.3816885761895945,0.36453060834686274,0.36741372471241573,0.38702578075875077,0.4079406141041503,0.4353853383458647,0.4133949191685912
operatingCashFlowPerShare,10.780234070221066,12.016282225237449,11.260631001371742,10.149717514124294,9.477142857142857,9.837916063675832,9.619596541786743,9.315417256011315,9.039660056657224,9.13588850174216,8.27027854054881,10.267840313363834,8.034810819033558,7.892498011075086,7.638102876198114,9.553855707701862,9.006432989302368,13.462956534922164,12.870444764132472,16.255997117241137,17.810077519379846,9.451219512195122,11.155102040816326,9.8298755186722,8.880082987551868,10.902205882352941,9.574452554744525,7.55985401459854,9.734306569343065,8.478102189781023,8.146323529411765,7.161481481481482,8.214074074074073,8.021481481481482,7.716296296296297,6.891851851851852
freeCashFlowPerShare,10.780234070221066,-1.4260515603799186,-3.9958847736625516,-3.111581920903955,-2.025714285714286,-1.5962373371924747,-0.12968299711815562,1.7001414427157002,1.2124645892351276,-0.44773519163763065,-1.5765781531547298,-0.6965105599399984,-2.148494027844376,-2.509093418184327,0.19761924523829286,0.8846162692316538,1.5899373501086562,6.841037990339816,4.661134229240542,-1.4138770119631363,-5.174418604651163,-13.451219512195122,-13.073469387755102,-0.5435684647302904,3.3896265560165975,5.529411764705882,3.808759124087591,1.1277372262773722,4.951094890510949,4.513138686131387,2.583823529411765,-0.045925925925925926,0.8148148148148148,1.3792592592592592,2.228148148148148,2.1333333333333333
cashPerShare,0.4460338101430429,0.3514246947082768,0.42661179698216734,0.6242937853107344,0.5114285714285715,0.5672937771345875,1.2348703170028819,2.8797736916548797,2.188385269121813,3.0609756097560976,5.180185360365541,3.801217761764044,3.577729795827244,2.338342259290876,1.6142873285730428,2.4307716615408923,1.6413292644556028,1.717509773363694,3.8538244518310965,3.075361927036568,1.124031007751938,2.5284552845528454,2.5020408163265304,0.33195020746887965,0.45228215767634855,0.8014705882352942,0.8832116788321168,1.2408759124087592,1.0,1.094890510948905,0.75,0.4666666666666667,0.5333333333333333,0.8222222222222222,1.9259259259259258,0.8666666666666667
payoutRatio,0.0,2.0421205519244734,0.7118463180362861,0.9268567141785446,0.8009153318077803,1.08364312267658,0.8004261363636364,1.186404673393521,0.8210131332082552,0.9909502262443439,0.7790152403282532,0.9727272727272728,1.1711627906976745,0.8392070484581498,0.726,0.7987117552334944,0.6058114035087719,0.714765100671141,-0.7944066515495087,0.90715667311412,0.4589041095890411,0.46621621621621623,0.5454545454545454,0.6501597444089456,0.7457905544147844,0.6394520547945205,0.6405594405594406,0.6942097026604069,0.6835463258785942,0.8216535433070866,0.6534246575342466,0.700185873605948,0.6300699300699301,0.6272727272727273,0.6634,0.6965811965811965
operatingCashFlowSalesRatio,0.3303183647447902,0.37104072398190047,0.3273256509430201,0.2930549325068309,0.28151920220666243,0.2989051576309194,0.28458161046932945,0.27527690700104496,0.2594519879665013,0.267223807582552,0.25273590749535413,0.3160734304932735,0.27201319613541747,0.2519875823426971,0.2522012578616352,0.24538988408851423,0.16744297145587006,0.18566413367106607,0.17195614541257934,0.2892166251675924,0.07722299715980707,0.04714303094204956,0.1257014074142213,0.13452583759227713,0.13122202464896682,0.3116225304749895,0.28045755826384433,0.23071953664513253,0.29861173309449174,0.28171234537957796,0.29025412627718106,0.26094466936572197,0.30027078256160306,0.2985663082437276,0.28108472746896923,0.2735665980593943
freeCashFlowOperatingCashFlowRatio,1.0,-0.11867660343270099,-0.354854428066756,-0.30656832730308936,-0.2137473620741634,-0.1622536040011768,-0.01348112642300779,0.1825083510476769,0.13412723284236916,-0.04900839054157132,-0.1906318082788671,-0.06783418310795833,-0.26739820964481664,-0.31790865384615385,0.025872817955112218,0.09259259259259259,0.17653352353780313,0.5081378650071805,0.36215797625193596,-0.0869757174392936,-0.29053318824809576,-1.423225806451613,-1.1719721917306989,-0.05529759392148586,0.38171113499369186,0.5071828421123625,0.3978043760006099,0.14917447137201892,0.508623275344931,0.5323288850624193,0.31717664049101907,-0.006412908564335954,0.09919740283163496,0.17194570135746606,0.28875875971968895,0.30954428202923473
cashFlowCoverageRatios,0.12153108644979696,0.1382108745864286,0.1361540502885955,0.12474828136934935,0.12288371059163487,0.13712556732223904,0.15776911260782228,0.15939012584704743,0.159685732872942,0.13377209765057013,0.17485714285714285,0.24481710626288938,0.2035263003232442,0.23048687582242539,0.2726500084990651,0.18470232488970406,0.17492202121023082,0.22185641461342395,0.17647594752186588,0.2016290559487248,0.2997195225360381,0.16314644586344818,0.26395595904964264,0.32013513513513514,0.3040346640147748,0.4068880351262349,0.3392912571132954,0.28189983669025587,0.40375416288222826,0.34900841346153844,0.3413123844731978,0.2940389294403893,0.3706216577540107,,,
shortTermCoverageRatios,1.238977731280825,1.2453944592884263,1.3079987253027405,1.0542840375586855,1.2269280562234142,1.414481897627965,1.1697914841422814,1.237737267430934,2.1685355079850495,1.2584593232541397,1.5820766910814303,9.187372708757637,3.8392461197339247,2.798990748528175,1.4144620811287478,1.813138686131387,1.8907619689817936,2.1989473684210528,2.912781954887218,2.016918967052538,2.866500311915159,1.2732749178532312,10.235955056179776,11.334928229665072,12.588823529411764,13.987735849056603,8.46258064516129,9.679439252336449,74.08888888888889,9.218253968253968,12.882558139534884,5.225945945945946,6.522941176470588,,,
capitalExpenditureCoverageRatio,,-0.8939133945694964,-0.7380866750584427,-0.7653637235062307,-0.8238946845504223,-0.8603974180483484,-0.9866981968666864,-1.223254086181278,-1.15490408975751,-0.9532812215960734,-0.8398902104300091,-0.9364749844301432,-0.7890179995443153,-0.7587779297765618,-1.02656,-1.1020408163265305,-1.2143785188393244,-2.0330900243309,-1.567786321327398,-0.9199837530463039,-0.7748735244519392,-0.4126730564430245,-0.460411051212938,-0.9476,-1.6173669891172915,-2.029150130012317,-1.6605899480946955,-1.1753290966863368,-2.035098428200824,-2.1382547864506627,-1.4645076007931261,-0.9936279547790339,-1.1101211332465712,-1.2076502732240437,-1.405992711567013,-1.448318804483188
dividendPaidAndCapexCoverageRatio,,-1.2482029598308668,-0.9710196356754199,-1.0387395200925122,-1.1842199214566227,-1.220685940025139,-1.4796099290780143,-2.0907936507936506,-1.9119233073696824,-1.3987730061349692,-1.2067039106145252,-1.2768185677894142,-1.1063897763578274,-1.0262102991057662,-1.575638506876228,-1.9683042789223455,-2.3289036544850497,-4.22020202020202,-2.728169014084507,-1.1364776718514802,-0.9082822692231667,-0.4837702871410737,-0.5344153304653891,-1.4051008303677344,-3.5859584450402147,-5.618416066691929,-3.952094004218138,-2.3667733089579523,-5.864555848724714,-9.232909379968204,-2.9551880501467056,-1.6213315445245682,-1.73672670321065,-1.96284212434294,-2.545698924731183,-2.940581542351454
dividendPayoutRatio,,2.0421205519244734,0.711846318036286,0.9268567141785446,0.8009153318077803,1.08364312267658,0.8004261363636364,1.186404673393521,0.8210131332082551,0.9909502262443438,0.7790152403282532,0.9727272727272727,1.1711627906976745,0.8392070484581496,0.7260000000000001,0.7987117552334944,0.6058114035087719,0.7147651006711409,-0.7944066515495087,0.90715667311412,0.4589041095890411,0.4662162162162162,0.5454545454545454,0.6501597444089456,0.7457905544147844,0.6394520547945206,0.6405594405594406,0.6942097026604069,0.6835463258785942,0.8216535433070866,0.6534246575342465,0.7001858736059479,0.6300699300699301,0.6272727272727272,0.6634,0.6965811965811965
priceBookValueRatio,1.6337506553675756,1.444374947877575,1.517569320597155,1.3904055988315038,1.3024270538345433,1.2987088946214023,1.3154328814660055,1.507228851204893,1.1938625524800388,0.9591894019923822,1.235953425735133,1.0510281843554257,0.98267901732,0.9131280377795047,1.0936354184631152,0.8727253551490307,0.9366584359707548,0.8532025962083153,0.8213832953137654,0.5439946190624712,0.6543264747522416,0.8202542698632851,0.6864673613408313,0.769027671432033,0.6928569775003252,0.485538317392153,0.4574206801974767,0.3546680346385542,0.36812293416682945,0.31432468559837723,0.2694540754638316,0.22232211011186664,0.1993057479224377,0.15811155523255813,0.15231148167006112,0.1434401913875598
priceToBookRatio,1.6337506553675756,1.444374947877575,1.517569320597155,1.3904055988315038,1.3024270538345433,1.2987088946214023,1.3154328814660055,1.507228851204893,1.1938625524800388,0.9591894019923822,1.235953425735133,1.0510281843554257,0.98267901732,0.9131280377795047,1.0936354184631152,0.8727253551490307,0.9366584359707548,0.8532025962083153,0.8213832953137654,0.5439946190624712,0.6543264747522416,0.8202542698632851,0.6864673613408313,0.769027671432033,0.6928569775003252,0.485538317392153,0.4574206801974767,0.3546680346385542,0.36812293416682945,0.31432468559837723,0.2694540754638316,0.22232211011186664,0.1993057479224377,0.15811155523255813,0.15231148167006112,0.1434401913875598
priceToSalesRatio,3.209043802326971,2.9025473437238145,2.8332720893576298,2.484539868847111,2.3068959388924255,2.3431351217077783,2.2276398005882605,2.575046156447231,2.005949235466298,2.0018630833673052,1.9371692071608813,1.658580210766038,1.678836589954442,1.4511040551916594,1.8226397198112878,1.5002553490582193,0.9194869239772626,0.6284421202574246,0.5061229040590214,0.5244756906379605,0.13980987177117118,0.16788285413033782,0.28633853831294265,0.36045169789892106,0.326652602857318,0.5227853720050442,0.5348799871712636,0.41969182445979064,0.42194834303627404,0.37584785350472955,0.3386353680901232,0.2735672064777328,0.2337916328188465,0.17995161290322578,0.16143537506745817,0.15866568656277563
priceEarningsRatio,20.608334776612075,50.31082062454611,18.958279276680894,22.851988793698425,17.771167963386727,24.762974940985128,18.557600171164772,32.71799218959108,18.514949078424017,22.21977440497738,16.49773236274352,17.93277027882795,19.882110350427908,14.07102148084893,15.45598482399972,12.227524004347824,8.441736857962303,9.4911631088274,-8.618626534804001,7.94474153042783,4.383091043203372,4.661963175675676,4.131103185136032,5.069931629392971,5.4695865503080086,3.407414794520548,3.4987883916083917,2.948351486697965,3.010257667731629,3.0504344488188977,2.2133068493150687,1.8839526022304833,1.5094274475524474,1.1866990909090906,1.1965590000000002,1.1530384615384615
priceToFreeCashFlowsRatio,9.715002690832328,-65.9162702188392,-24.392595512873328,-27.654744495687698,-38.33709647390691,-48.31361928649139,-580.6466898,51.254558480033275,57.64291973598131,-152.85821458365763,-40.20733058691492,-77.35704826161077,-23.08128361415767,-18.1141127192025,279.32502693975397,66.02862962347825,31.106521270551998,6.661249661871326,8.127186675371128,-20.84990543772177,-6.231540674157303,-2.502159746146872,-1.9436692163596627,-48.454613740458015,6.5214558697515,3.3077297872340425,4.794238597163664,12.194152750809062,2.7781531770602976,2.5062602296619763,3.6783471826977805,-163.47846774193548,7.849022727272727,3.5052873254564982,1.9889611037234043,1.8736875
priceToOperatingCashFlowsRatio,9.715002690832328,7.822719060523939,8.655820529784382,8.478068762037294,8.194453240880314,7.839058851573991,7.827771432294788,9.354384951867598,7.731485317141962,7.491335077803204,7.6647961358497945,5.247452176469274,6.171893914730003,5.75863319017916,7.226925572319072,6.113762002173912,5.491343804894165,3.3848331814630988,2.9433254789741077,1.8134354839872795,1.8104693797606093,3.561138322580645,2.277926271496524,2.679423554242296,2.489312321854119,1.677623794429082,1.907169093542731,1.8190562904315921,1.4130333683263347,1.3341547137322427,1.1666858019676867,1.048372465866777,0.7786026693119309,0.602719087635054,0.5743299414418739,0.5799892519346517
priceCashFlowRatio,9.715002690832328,7.822719060523939,8.655820529784382,8.478068762037294,8.194453240880314,7.839058851573991,7.827771432294788,9.354384951867598,7.731485317141962,7.491335077803204,7.6647961358497945,5.247452176469274,6.171893914730003,5.75863319017916,7.226925572319072,6.113762002173912,5.491343804894165,3.3848331814630988,2.9433254789741077,1.8134354839872795,1.8104693797606093,3.561138322580645,2.277926271496524,2.679423554242296,2.489312321854119,1.677623794429082,1.907169093542731,1.8190562904315921,1.4130333683263347,1.3341547137322427,1.1666858019676867,1.048372465866777,0.7786026693119309,0.602719087635054,0.5743299414418739,0.5799892519346517
priceEarningsToGrowthRatio,0.12080836159024103,-0.762193869341926,0.5483317698486166,-1.660577852342084,0.44214665892906163,-1.0669154096913807,0.3551310536352396,-1.1112327077005262,0.8266687704089521,-1.1201167987539387,0.5916554404829664,0.8764114921719605,-0.863743810844889,-1.5222257802466248,-0.614375528773749,-0.6777542409049931,0.3834960825862497,0.04575544081210572,0.03894342770018102,-0.15824893871857357,0.424170100955165,0.430173646367673,0.3796400151381575,0.45830964841849436,0.49443749385755065,0.17382160992302872,0.179795202419486,0.1515094349878549,0.15469066034479861,0.15675525862272655,0.11290687603407704,0.0953989502254746,0.0764338730005928,0.06009166439337106,0.060590947111777954,0.05838716890761152
priceSalesRatio,3.209043802326971,2.9025473437238145,2.8332720893576298,2.484539868847111,2.3068959388924255,2.3431351217077783,2.2276398005882605,2.575046156447231,2.005949235466298,2.0018630833673052,1.9371692071608813,1.658580210766038,1.678836589954442,1.4511040551916594,1.8226397198112878,1.5002553490582193,0.9194869239772626,0.6284421202574246,0.5061229040590214,0.5244756906379605,0.13980987177117118,0.16788285413033782,0.28633853831294265,0.36045169789892106,0.326652602857318,0.5227853720050442,0.5348799871712636,0.41969182445979064,0.42194834303627404,0.37584785350472955,0.3386353680901232,0.2735672064777328,0.2337916328188465,0.17995161290322578,0.16143537506745817,0.15866568656277563
dividendYield,,0.040590086318889114,0.03754804471689964,0.04055912693402559,0.04506824388008015,0.043760619443306274,0.04313198522335646,0.03626153666516751,0.04434325634549028,0.04459767269384897,0.04721953436991661,0.054243000808174534,0.058905356124455285,0.05964080501194138,0.046972095810593896,0.06532080860765359,0.0717638341139912,0.07530848353099767,0.09217323065821584,0.11418328332517431,0.10469874001377166,0.10000426829811794,0.13203604969663432,0.12823836531436422,0.1363522722522394,0.187664870101175,0.1830803606459251,0.23545690050608373,0.22707236433805966,0.2693562366584287,0.29522551639708505,0.37165790305816143,0.4174231302680994,0.528586169887595,0.5544231416921356,0.6041265923183265
enterpriseValueMultiple,13.052539340985048,15.143361019456139,11.250676631664806,11.923001022213247,10.49771583552056,11.255813057227591,10.003864440862511,11.622160959912453,10.091637661648086,12.103276448562902,8.803131463754529,8.014920057108029,8.31744212792551,16.490258471646232,15.49366059493652,15.522866674094605,9.950668821668247,15.980705927168879,-15.85933148056438,18.053791006333157,6.899027406969876,7.487575734791524,6.742640413851351,5.524476313662086,5.835456938824089,3.8319059533538695,4.035380201684963,3.9059049168730104,3.6441556620393207,4.197448659367187,3.7034438992476284,3.80197157531214,3.0728681705463563,2.7391674138071562,2.5735409516380656,2.887932185523542
priceFairValue,1.6337506553675756,1.444374947877575,1.517569320597155,1.3904055988315038,1.3024270538345433,1.2987088946214023,1.3154328814660055,1.507228851204893,1.1938625524800388,0.9591894019923822,1.235953425735133,1.0510281843554257,0.98267901732,0.9131280377795047,1.0936354184631152,0.8727253551490307,0.9366584359707548,0.8532025962083153,0.8213832953137654,0.5439946190624712,0.6543264747522416,0.8202542698632851,0.6864673613408313,0.769027671432033,0.6928569775003252,0.485538317392153,0.4574206801974767,0.3546680346385542,0.36812293416682945,0.31432468559837723,0.2694540754638316,0.22232211011186664,0.1993057479224377,0.15811155523255813,0.15231148167006112,0.1434401913875598
