,2021,2020,2019,2018,2017,2016,2015,2014,2013,2012,2011,2010,2009,2008,2007,2006,2005,2004,2003,2002,2001,2000,1999,1998,1997,1996,1995,1994,1993,1992,1991,1990,1989,1988,1987,1986,1985
reportedCurrency,USD,USD,USD,USD,USD,USD,USD,USD,USD,USD,USD,USD,USD,USD,USD,USD,USD,USD,USD,USD,USD,USD,USD,USD,USD,USD,USD,USD,USD,USD,USD,USD,USD,USD,USD,USD,USD
cik,0001326160,0001326160,0001326160,0001326160,0001326160,0001326160,0001326160,0001326160,0001326160,0001326160,0001326160,0001326160,0001326160,0001326160,0001326160,0001326160,0001326160,0001326160,0001326160,0001326160,0001326160,0001326160,0001326160,0001326160,0001326160,0001326160,0001326160,0001326160,0001326160,0001326160,0001326160,0001326160,0001326160,0001326160,0001326160,0001326160,0001326160
fillingDate,2022-02-24,2021-02-25,2020-02-20,2019-02-28,2018-02-21,2017-02-24,2016-02-25,2015-03-02,2014-02-28,2013-03-01,2012-02-28,2011-02-25,2010-02-26,2009-02-27,2008-02-29,2007-04-02,2005-12-31,2004-12-31,2003-12-31,2002-12-31,2001-12-31,2000-12-31,1999-12-31,1998-12-31,1997-12-31,1996-12-31,1995-12-31,1994-12-31,1993-12-31,1992-12-31,1991-12-31,1990-12-31,1989-12-31,1988-12-31,1987-12-31,1986-12-31,1985-12-31
acceptedDate,2022-02-24 13:35:41,2021-02-25 14:46:09,2020-02-20 14:37:25,2019-02-28 15:36:52,2018-02-21 16:28:38,2017-02-24 16:22:25,2016-02-25 17:07:24,2015-02-27 19:04:35,2014-02-28 15:50:25,2013-03-01 09:24:17,2012-02-28 16:47:30,2011-02-25 14:57:55,2010-02-26 16:59:55,2009-02-27 16:48:05,2008-02-29 17:09:31,2007-04-02 07:59:05,2005-12-31,2004-12-31,2003-12-31,2002-12-31,2001-12-31,2000-12-31,1999-12-31,1998-12-31,1997-12-31,1996-12-31,1995-12-31,1994-12-31,1993-12-31,1992-12-31,1991-12-31,1990-12-31,1989-12-31,1988-12-31,1987-12-31,1986-12-31,1985-12-31
calendarYear,2021,2020,2019,2018,2017,2016,2015,2014,2013,2012,2011,2010,2009,2008,2007,2006,2005,2004,2003,2002,2001,2000,1999,1998,1997,1996,1995,1994,1993,1992,1991,1990,1989,1988,1987,1986,1985
period,FY,FY,FY,FY,FY,FY,FY,FY,FY,FY,FY,FY,FY,FY,FY,FY,FY,FY,FY,FY,FY,FY,FY,FY,FY,FY,FY,FY,FY,FY,FY,FY,FY,FY,FY,FY,FY
revenue,25097000000,23868000000,25079000000,24521000000,23565000000,22743000000,23459000000,23925000000,24598000000,19624000000,14529000000,14272000000,12731000000,13207000000,12720000000,15184000000,16746000000,22503000000,22529000000,15663000000,59503000000,49318000000,21742000000,17610000000,16308900000,4758000000,4676700000,4488900000,4281900000,3961500000,3817000000,3681500000,3639300000,3627000000,3705800000,3400900000,2898900000
costOfRevenue,13002000000,12299000000,13519000000,13991000000,12770000000,12975000000,13728000000,14323000000,15094000000,12574000000,5145000000,4925000000,4444000000,5020000000,4503000000,5232000000,7863000000,13433000000,13655000000,6954000000,49501000000,40451000000,14907000000,11180000000,10408200000,1137200000,1212500000,1258400000,0.0,0.0,0.0,0.0,0.0,0.0,0.0,0.0,0.0
grossProfit,12095000000,11569000000,11560000000,10530000000,10795000000,9768000000,9731000000,9602000000,9504000000,7050000000,9384000000,9347000000,8287000000,8187000000,8217000000,9952000000,8883000000,9070000000,8874000000,8709000000,10002000000,8867000000,6835000000,6430000000,5900700000,3620800000,3464200000,3230500000,0.0,0.0,0.0,0.0,0.0,0.0,0.0,0.0,0.0
grossProfitRatio,0.4819301111686656,0.48470755823697,0.4609434187966027,0.4294278373638922,0.45809463186929766,0.42949478960559295,0.41480881538002473,0.401337513061651,0.3863728758435645,0.35925397472482673,0.6458806524881272,0.6549187219730942,0.6509307988374833,0.6198985386537442,0.6459905660377359,0.6554267650158061,0.5304550340379792,0.4030573701284273,0.39389231656975454,0.5560237502394177,0.16809236509083575,0.1797923678981305,0.3143685033575568,0.3651334469051675,0.36180858304361424,0.7609920134510298,0.7407359890521094,0.7196640602374746,0.0,0.0,0.0,0.0,0.0,0.0,0.0,0.0,0.0
researchAndDevelopmentExpenses,0.0,0.0,0.0,0.0,0.0,0.0,0.0,0.0,0.0,0.0,0.0,0.0,0.0,0.0,0.0,0.0,0.0,0.0,0.0,0.0,0.0,0.0,0.0,0.0,0.0,0.0,0.0,0.0,0.0,0.0,0.0,0.0,0.0,0.0,0.0,0.0,0.0
generalAndAdministrativeExpenses,0.0,0.0,0.0,0.0,0.0,0.0,0.0,0.0,0.0,0.0,0.0,0.0,0.0,0.0,0.0,0.0,0.0,0.0,0.0,0.0,0.0,0.0,0.0,0.0,0.0,0.0,0.0,0.0,0.0,0.0,0.0,0.0,0.0,0.0,0.0,0.0,0.0
sellingAndMarketingExpenses,0.0,0.0,0.0,0.0,0.0,0.0,0.0,0.0,0.0,0.0,0.0,0.0,0.0,0.0,0.0,0.0,0.0,0.0,0.0,0.0,0.0,0.0,0.0,0.0,0.0,0.0,0.0,0.0,0.0,0.0,0.0,0.0,0.0,0.0,0.0,0.0,0.0
sellingGeneralAndAdministrativeExpenses,0.0,0.0,0.0,0.0,0.0,0.0,0.0,0.0,0.0,0.0,0.0,0.0,0.0,0.0,0.0,0.0,0.0,0.0,0.0,0.0,0.0,0.0,0.0,0.0,0.0,0.0,0.0,0.0,0.0,0.0,0.0,0.0,0.0,0.0,0.0,0.0,0.0
otherExpenses,6379000000,6042000000,5855000000,5354000000,4760000000,4436000000,4279000000,4279000000,4107000000,3274000000,6280000000,6160000000,5654000000,5754000000,5719000000,7261000000,5992000000,6023000000,9499000000,6258000000,5902000000,5054000000,5040000000,3997000000,3930700000,2258500000,2115000000,2050800000,0.0,0.0,0.0,0.0,0.0,0.0,0.0,0.0,0.0
operatingExpenses,6379000000,6042000000,5855000000,5354000000,4760000000,4436000000,4279000000,4279000000,4107000000,3274000000,6280000000,6160000000,5654000000,5754000000,5719000000,7261000000,5992000000,6023000000,9499000000,6258000000,5902000000,5054000000,5040000000,3997000000,3930700000,2258500000,2115000000,2050800000,0.0,0.0,0.0,0.0,0.0,0.0,0.0,0.0,0.0
costAndExpenses,19381000000,18341000000,19374000000,19345000000,17530000000,17411000000,18007000000,18602000000,19201000000,15848000000,11425000000,11085000000,10098000000,10774000000,10222000000,12493000000,13855000000,19456000000,23154000000,13212000000,55403000000,45505000000,19947000000,15177000000,14338900000,3395700000,3327500000,3309200000,0.0,0.0,0.0,0.0,0.0,0.0,0.0,0.0,0.0
interestIncome,0.0,32000000,31000000,20000000,13000000,21000000,38000000,57000000,26000000,50000000,0.0,0.0,77000000,0.0,0.0,0.0,0.0,0.0,0.0,0.0,0.0,0.0,0.0,0.0,0.0,0.0,0.0,0.0,0.0,0.0,0.0,0.0,0.0,0.0,0.0,0.0,0.0
interestExpense,2280000000,2162000000,2204000000,2094000000,1986000000,1916000000,1613000000,1622000000,1546000000,1242000000,859000000,840000000,751000000,0.0,0.0,0.0,0.0,0.0,0.0,0.0,0.0,0.0,0.0,0.0,0.0,0.0,0.0,0.0,0.0,0.0,0.0,0.0,0.0,0.0,0.0,0.0,0.0
depreciationAndAmortization,4990000000,5486000000,5176000000,4696000000,4046000000,3880000000,3613000000,3507000000,3229000000,2652000000,2026000000,1994000000,1846000000,0.0,0.0,0.0,0.0,0.0,0.0,0.0,1450000000,1348000000,0.0,0.0,0.0,0.0,0.0,0.0,0.0,0.0,0.0,0.0,0.0,0.0,0.0,0.0,0.0
ebitda,11370000000,8789000000,11647000000,9904000000,10287000000,9104000000,9368000000,8681000000,8701000000,6367000000,5343000000,5044000000,4430000000,1978000000,2212000000,2706000000,3107000000,2030000000,-2030000000,1652000000,4498000000,4144000000,1960000000,2029000000,1613300000,1205700000,1180900000,1035900000,626400000,508100000,583600000,538200000,571600000,448100000,500200000,467800000,437600000
ebitdaratio,0.45304219627843967,0.3682336182336182,0.464412456637027,0.4038986990742629,0.43653723742838957,0.400298993096777,0.3993350100174773,0.36284221525600835,0.3537279453614115,0.3244496534855279,0.36774726409250463,0.35341928251121074,0.3479695232110596,0.14976906186113426,0.17389937106918238,0.17821390937829293,0.18553684461961065,0.09021019419632938,-0.09010608548981312,0.10547149332822575,0.07559282725240744,0.08402611622531328,0.0901481004507405,0.11521862578080636,0.09892144779844134,0.2534047919293821,0.25250710971411466,0.23076923076923078,0.14629019827646605,0.12825949766502587,0.15289494367304166,0.14619041151704468,0.1570631714890226,0.1235456299972429,0.13497760267688488,0.1375518245170396,0.15095381006588707
operatingIncome,5373000000,4553000000,5709000000,4685000000,5781000000,5341000000,5367000000,5258000000,4982000000,3126000000,2777000000,2461000000,2249000000,2433000000,2498000000,2691000000,2891000000,3047000000,-625000000,2451000000,4100000000,3813000000,1795000000,2433000000,1970000000,1362300000,1349200000,1179700000,0.0,0.0,0.0,0.0,0.0,0.0,0.0,0.0,0.0
operatingIncomeRatio,0.21408933338646052,0.190757499581029,0.22764065552852986,0.19106072346152278,0.24532145130490135,0.23484148968913512,0.22878213052559784,0.21977011494252874,0.2025367916090739,0.15929474113330616,0.19113497143643746,0.17243553811659193,0.1766554080590684,0.18422048913454986,0.19638364779874215,0.17722602739726026,0.17263824196823122,0.13540416833311114,-0.0277420213946469,0.15648343229266423,0.06890408886946876,0.07731457074496127,0.0825591021985098,0.13816013628620102,0.120792941277462,0.2863177805800757,0.2884940235636239,0.26280380494107686,0.0,0.0,0.0,0.0,0.0,0.0,0.0,0.0,0.0
totalOtherIncomeExpensesNet,-1609000000,-3714000000,-1612000000,-1612000000,-1515000000,-1607000000,-1230000000,-1124000000,-1062000000,-675000000,-312000000,-251000000,-418000000,-538000000,-264000000,171000000,925000000,-1275000000,-1087000000,-799000000,-956000000,-1017000000,-495000000,-396000000,-356700000,-156600000,-168300000,-143800000,0.0,0.0,0.0,0.0,0.0,0.0,0.0,0.0,0.0
incomeBeforeTax,3764000000,839000000,4097000000,3073000000,4266000000,3734000000,4137000000,4134000000,3920000000,2451000000,2465000000,2210000000,1831000000,1895000000,2234000000,2862000000,3816000000,1772000000,-1712000000,1652000000,3144000000,2796000000,1300000000,2037000000,1613300000,1205700000,1180900000,1035900000,0.0,0.0,0.0,0.0,0.0,0.0,0.0,0.0,0.0
incomeBeforeTaxRatio,0.14997808503008328,0.03515166750460868,0.16336377048526657,0.12532115329717386,0.181031190324634,0.164182385789034,0.17635022805746195,0.1727899686520376,0.1593625498007968,0.12489808397880146,0.16966067864271456,0.1548486547085202,0.14382216636556436,0.1434845157870826,0.17562893081761005,0.18848788198103267,0.22787531350770332,0.07874505621472692,-0.07599094500421678,0.10547149332822575,0.052837672050148735,0.056693296565148626,0.05979210744181768,0.11567291311754685,0.09892144779844134,0.2534047919293821,0.25250710971411466,0.23076923076923078,0.0,0.0,0.0,0.0,0.0,0.0,0.0,0.0,0.0
incomeTaxExpense,192000000,-236000000,519000000,448000000,1196000000,1156000000,1326000000,1669000000,1261000000,705000000,752000000,890000000,758000000,616000000,712000000,843000000,1283000000,540000000,-707000000,618000000,1150000000,1020000000,453000000,777000000,638900000,475700000,466400000,397000000,0.0,0.0,0.0,0.0,0.0,0.0,0.0,0.0,0.0
netIncome,3908000000,1377000000,3748000000,2666000000,3059000000,2152000000,2816000000,1883000000,2665000000,1768000000,1706000000,1320000000,1075000000,1362000000,1500000000,1863000000,1824000000,1490000000,-1323000000,1034000000,1898000000,1776000000,1507000000,1252000000,974400000,730000000,714500000,638900000,626400000,508100000,583600000,538200000,571600000,448100000,500200000,467800000,437600000
netIncomeRatio,0.15571582260827987,0.057692307692307696,0.14944774512540374,0.10872313527180784,0.1298111606195629,0.094622521215319,0.12003921735794365,0.0787042842215256,0.1083421416375315,0.09009376273950265,0.11742033175029253,0.09248878923766816,0.08443955698688241,0.10312712955251004,0.1179245283018868,0.12269494204425711,0.10892153350053745,0.06621339376971959,-0.05872431088818856,0.06601545042456745,0.031897551383963836,0.0360111926679914,0.06931285070370712,0.07109596819988642,0.05974651877195887,0.1534258091635141,0.15277866871939616,0.1423288556216445,0.14629019827646605,0.12825949766502587,0.15289494367304166,0.14619041151704468,0.1570631714890226,0.1235456299972429,0.13497760267688488,0.1375518245170396,0.15095381006588707
eps,4.654096228868661,1.72,5.06,3.76,4.36,3.11,4.05,2.66,3.77,3.07,3.840004,3.000003,2.490002,3.240003,3.570004,4.770005,5.820006,4.770005,-4.440004,3.660004,7.350007,7.170007,6.120006,5.115005,3.765004,5.055005,4.875005,4.320004,3.180003,3.330003,3.900004,3.600004,3.870004,2.940003,3.300003,3.030003,2.790003
epsdiluted,4.654096228868661,1.72,5.06,3.76,4.36,3.11,4.05,2.66,3.76,3.07,3.840004,3.000003,2.490002,3.210003,3.540004,4.710005,5.640006,4.620005,-4.440004,3.660004,7.320007,7.140007,6.105006,5.100005,3.750004,5.055005,4.875005,4.320004,3.180003,3.330003,3.900004,3.600004,3.870004,2.940003,3.300003,3.030003,2.790003
weightedAverageShsOut,769000000,737000000,729000000,708000000,700000000,691000000,694000000,707000000,706000000,574000000,443999556,439332894,430999569,421666245,419999580,389999610,311333022,310333023,300999699,278666388,255666411,245333088,243333090,240666426,239866426,135701864,136572530,136572530,136286413,135645510,135615249,134888754,134134233,134285580,135121077,134983363,135017786
weightedAverageShsOutDil,769000000,738000000,729000000,708000000,700000000,691000000,694000000,707000000,706000000,575000000,444332889,439666227,431332902,422666244,421999578,395999604,323333010,320562450,300999699,278666388,257376792,246078185,243570600,241372308,240426426,165384450,136643220,136585885,136286413,135645510,135615249,134888754,134134233,134285580,135121077,134983363,135017786
link,https://www.sec.gov/Archives/edgar/data/1326160/000132616022000072/0001326160-22-000072-index.htm,https://www.sec.gov/Archives/edgar/data/1326160/000132616021000063/0001326160-21-000063-index.htm,https://www.sec.gov/Archives/edgar/data/1326160/000132616020000034/0001326160-20-000034-index.html,https://www.sec.gov/Archives/edgar/data/1326160/000132616019000057/0001326160-19-000057-index.html,https://www.sec.gov/Archives/edgar/data/1326160/000132616018000034/0001326160-18-000034-index.html,https://www.sec.gov/Archives/edgar/data/1326160/000132616017000016/duk-20161231x10k.htm,https://www.sec.gov/Archives/edgar/data/1326160/000132616016000221/duk-20151231x10k.htm,https://www.sec.gov/Archives/edgar/data/1326160/000132616015000008/duk-20141231x10k.htm,https://www.sec.gov/Archives/edgar/data/1326160/000132616014000003/form10k.htm,https://www.sec.gov/Archives/edgar/data/1326160/000132616013000009/form10k.htm,https://www.sec.gov/Archives/edgar/data/1326160/000119312512085533/0001193125-12-085533-index.html,https://www.sec.gov/Archives/edgar/data/1326160/000119312511047229/d10k.htm,https://www.sec.gov/Archives/edgar/data/1326160/000119312510043083/0001193125-10-043083-index.html,https://www.sec.gov/Archives/edgar/data/1326160/000119312509041096/0001193125-09-041096-index.html,https://www.sec.gov/Archives/edgar/data/1326160/000119312508043884/d10k.htm,https://www.sec.gov/Archives/edgar/data/20290/000119312507071402/0001193125-07-071402-index.html,,,,,,,,,,,,,,,,,,,,,
finalLink,https://www.sec.gov/Archives/edgar/data/1326160/000132616022000072/duk-20211231.htm,https://www.sec.gov/Archives/edgar/data/1326160/000132616021000063/duk-20201231.htm,https://www.sec.gov/Archives/edgar/data/17797/000132616020000034/duk-20191231x10k.htm,https://www.sec.gov/Archives/edgar/data/17797/000132616019000057/duk-20181231x10k.htm,https://www.sec.gov/Archives/edgar/data/17797/000132616018000034/duk-20171231x10k.htm,https://www.sec.gov/Archives/edgar/data/1326160/000132616017000016/duk-20161231x10k.htm,https://www.sec.gov/Archives/edgar/data/1326160/000132616016000221/duk-20151231x10k.htm,https://www.sec.gov/Archives/edgar/data/1326160/000132616015000008/duk-20141231x10k.htm,https://www.sec.gov/Archives/edgar/data/1326160/000132616014000003/form10k.htm,https://www.sec.gov/Archives/edgar/data/1326160/000132616013000009/form10k.htm,https://www.sec.gov/Archives/edgar/data/20290/000119312512085533/d265218d10k.htm,https://www.sec.gov/Archives/edgar/data/1326160/000119312511047229/d10k.htm,https://www.sec.gov/Archives/edgar/data/1326160/000119312510043083/d10k.htm,https://www.sec.gov/Archives/edgar/data/1326160/000119312509041096/d10k.htm,https://www.sec.gov/Archives/edgar/data/1326160/000119312508043884/d10k.htm,https://www.sec.gov/Archives/edgar/data/20290/000119312507071402/d10k.htm,,,,,,,,,,,,,,,,,,,,,
