,2021,2020,2019,2018,2017,2016,2015,2014,2013,2012,2011,2010,2009,2008,2007,2006,2005,2004,2003,2002,2001,2000,1999,1998,1997,1996,1995,1994,1993,1992,1991,1990,1987
period,FY,FY,FY,FY,FY,FY,FY,FY,FY,FY,FY,FY,FY,FY,FY,FY,FY,FY,FY,FY,FY,FY,FY,FY,FY,FY,FY,FY,FY,FY,FY,FY,FY
revenuePerShare,23.0232606010704,22.684998973938026,21.482882882882883,19.654122307501858,18.12201898587636,19.944981583793737,37.156536024407416,42.034179919297415,37.70934761441091,32.121579074836525,28.63160344426344,27.229486023444544,28.11039964672113,23.820610353532853,23.85561285204284,22.348967380814514,28.219682293684617,27.545523520485585,37.53121452894438,52.54849752757703,53.15480844409695,53.67878915282741,52.15245539788696,52.875211995711,53.07759353736137,55.06821963394343,53.166581903138166,51.79356087612747,47.179512800774546,45.74374817063542,47.47458695317921,42.38609371688587,24.983606557377048
netIncomePerShare,2.6735282009057224,1.7239893289554689,1.5277027027027028,2.0014855162168854,1.4802037508682566,-1.5584714548802947,-0.5928185871861066,1.7113695703774032,1.88412852969815,1.1334463550496487,1.9013265068652547,1.636609558160505,2.1603002870390813,1.9108209752833951,1.5172550575168584,1.0306890561667632,1.2437039907012786,1.5383156297420333,1.4661369655694287,1.4891593761886648,1.2490226739640344,0.8030271179314694,0.759151786307373,1.35999999982257,1.3600000010614635,0.4193011647254576,1.0938083132422136,0.9626482690910048,0.5926187577570325,0.8028169008315487,0.7574631478479223,0.6335546870050354,0.40710382513661203
operatingCashFlowPerShare,3.0220255249073693,3.7812435871126615,2.53490990990991,2.3624659569200297,2.7216948367677705,2.779465930018416,3.4747711804740673,3.68193686209352,3.437682570593963,2.5478324049406638,3.1470793576914127,3.319882777276826,0.2737911238684036,0.2095540511025077,1.8710829036096788,2.0600270218104613,2.450406819062379,1.0796661608497724,1.3864926220204312,4.46842906047927,0.24354964816262706,1.452596174059281,2.5011718769540403,1.277716894810474,2.0747187008062844,2.5777038269550747,1.4005597978631652,1.5221738076473326,1.8024116934963244,1.6787151468247232,1.683846419284038,0.8657031243236695,0.940983606557377
freeCashFlowPerShare,1.9796212433100042,3.0229837882208086,1.7396396396396396,1.7395394899727656,2.161148413984719,1.7661141804788214,2.36728467495893,2.2497032993116544,2.309396299902629,1.5810123516589973,2.0621363742145684,2.2312894499549145,-0.7019209538529476,-0.7957307111894439,0.843316144387148,1.5516309592742714,1.5720650910499807,0.4117981790591806,0.6479379493000378,3.4593001141118296,-0.8504691164972635,0.31889846541938194,0.20208705372930907,-0.05921722112730369,0.5930926833897309,1.0946200776483639,0.45715012769175584,0.6520455094987126,1.0547868455675486,0.8819344632926599,0.8762427160194475,0.3289453122430115,0.5754098360655737
cashPerShare,0.16303005351996708,1.1354401805869074,0.5328828828828829,0.31691012626887843,0.582079184996527,1.8372467771639043,0.4297113353672847,0.6479943033467838,0.44790652385589097,0.24945507386776458,2.2620432860134976,2.148331830477908,0.5369838816515787,0.2893939393286345,1.457754859182864,0.6408029337965644,0.40294459511817127,1.1551593323216995,1.1899356791524782,0.300494484594903,0.38702111024237684,0.33214210636956065,0.1335937501043701,0.21114155248386934,0.23440650424799206,0.2529118136439268,0.13231552176317102,0.36567417086752124,0.563459196239576,0.764874963520498,1.7420191995975514,0.3294921872425842,0.5327868852459017
bookValuePerShare,17.603540551667354,16.162733429099116,16.631981981981983,9.101757860856647,9.240101875434128,8.548802946593002,10.621919737150904,12.481604557322573,12.814995131450827,10.751998062484864,10.941354433325577,11.099864743011722,10.4237138441157,10.954689445196127,9.089448631495438,8.97510133178923,9.413793103448276,9.179628224582702,8.743284146802875,8.526055534423735,8.811571540265833,7.334454488122766,7.281919648546142,7.327632092977478,6.627512200294643,6.169717138103161,7.442748099178369,5.910263858057587,5.28467722418628,5.579836155806384,5.290315397967414,3.002343747654419,2.010928961748634
tangibleBookValuePerShare,-14.2027583367641,-16.00923455776729,-19.766666666666666,-5.184451596929933,-3.566566334799722,-4.419429097605893,-11.07791598216381,-13.731307856634228,-16.088120740019473,-1.85759263744248,0.3653711892017687,1.1203787195671777,0.870611614042835,2.1304319788873944,0.7140023800079334,0.7797722447403976,0.46881053855094923,0.3224582701062215,0.2383654937570942,-0.503993914035755,-0.6489444878811571,2.360731553500105,2.1735491088409424,2.025140247615768,1.2450081310530146,0.831946755407654,2.106022054730472,0.12556281770752237,-0.5698172961193221,-0.2916786430787017,-1.308035654413475,2.314648435691681,6.590163934426229
shareholdersEquityPerShare,17.603540551667354,16.162733429099116,16.631981981981983,9.101757860856647,9.240101875434128,8.548802946593002,10.621919737150904,12.481604557322573,12.814995131450827,10.751998062484864,10.941354433325577,11.099864743011722,10.4237138441157,10.954689445196127,9.089448631495438,8.97510133178923,9.413793103448276,9.179628224582702,8.743284146802875,8.526055534423735,8.811571540265833,7.334454488122766,7.281919648546142,7.327632092977478,6.627512200294643,6.169717138103161,7.442748099178369,5.910263858057587,5.28467722418628,5.579836155806384,5.290315397967414,3.002343747654419,2.010928961748634
interestDebtPerShare,19.79477151090984,21.431766878719475,23.187162162162164,9.049517207229512,6.483445241954156,13.327348066298342,19.33325510443558,20.58153334915737,24.015335929892892,6.619278275611528,7.110774959273912,7.499549143372407,8.116361227644072,7.693979151498242,6.415113050376835,6.446824937270797,8.097249128244867,10.280728376327769,10.69731365872115,10.218714340053252,12.439405785770132,7.397519445028379,6.4973214336474605,7.535668622630702,5.767284557346824,5.266777592900721,4.950805772638649,5.795715322605111,6.290791718950254,5.421169872505627,7.028440185493768,2.78414062282489,1.1721311475409837
marketCap,17469367514.2,17138340025.4,12827159556,15441096999.999998,15980300000,15922364673.6,14497347730.599998,9448923562.1,10636043340,8106978108.9,8600687850.800001,8150502787.599999,6717723036.5,8690428078.191456,10029067410,8801652218.7,9416130669,11097868412,10119502013.4,10184561970,7843206072.4,7357616698.200001,9656358931.403337,11118548262.921148,11261157818.416687,7870585416,6087324368.80425,5409495473.271049,4481247422.797234,4715376300.721789,4449489495.001369,3355938379.764684,427268400
enterpriseValue,26584167514.2,26538540025.4,23267859556,19128897000,18725300000,20615864673.6,22219047730.6,18259923562.1,20041943340,10941078108.9,10862187850.800001,10684302787.599998,9964223036.5,12551128078.191456,12753567410,12055752218.7,13682930669,16182868412,15421102013.4,15801561970,14432206072.4,11022616698.2,12974358931.403337,14421048262.921148,14040157818.416687,10435585416,8547324368.80425,7869495473.271049,7093547422.797234,6875276300.721789,6621389495.001369,4253638379.764684,661268400
peRatio,13.450390756236528,20.400357130579692,18.910746802299865,19.10081271647699,24.996558736117628,-23.519002472082718,-57.39250883056214,13.10530313744799,13.741658062015503,17.32260279679487,10.527157712117504,11.226587861707989,6.866029268704007,9.334509213954304,13.109892039215685,16.482494791573036,14.666870200934579,13.684178066584465,13.057421952774192,13.007103409961687,12.274187906729264,19.26077669685864,26.973069640791447,18.13200956118909,18.310825721002743,41.643309079365075,12.272831388718247,12.37870817682162,16.578791797252066,12.66212755295862,14.297845420955559,14.483980922592508,2.867573154362416
priceToSalesRatio,1.5618986217064383,1.5503636583984657,1.344791532751824,1.9451390096116294,2.041715110707943,1.8377401776987803,0.9156759386195396,0.5335661845445818,0.6865950125879542,0.6112476897308301,0.6990724092335203,0.6747663538041229,0.5276582754571446,0.7487875304317987,0.8338100606917194,0.7601392364366526,0.6464015012699939,0.7642107431483267,0.5100812547709057,0.368605210640608,0.28841678577627416,0.28813850394360685,0.3926306794910685,0.46637227671068765,0.4691758111164356,0.3170810335992265,0.2524917818575739,0.23007381223507348,0.20824511354086525,0.22222424717101605,0.2281239647367747,0.2164953925995848,0.04672664041994751
pocfratio,11.899303531230844,9.301172270378812,11.396854336739226,16.182243764409975,13.594470438111442,13.187315449395395,9.79153568188572,6.091363822911295,7.531541807109475,7.706252955228136,6.360044258522517,5.534394505058736,54.17518577822581,85.11682740638057,10.630768931524273,8.246652505106344,7.444170028460747,19.497309226985244,13.80747989275481,4.334778450734198,62.94707923274478,10.647781039363243,8.186824019841746,19.29968453900564,12.002939478167434,6.773892259230571,9.584828166909542,7.828502855674454,5.450976064708957,6.055446642765879,6.431757003471191,10.599931711196096,1.240616724738676
pfcfRatio,18.165090479567432,11.634200003665738,16.606887048161575,21.977080842584684,17.120527105206772,20.753864277372262,14.372308645385148,9.969322179890273,11.21117670496469,12.418777740349265,9.70622711973818,8.234494632855121,-21.13156035388487,-22.41534196077239,23.586706044214488,10.948690407637766,11.603364964879852,51.11869374481805,29.54599128,5.599297361042388,-18.02621482969432,48.50109886750165,101.3259069402239,-416.4250285738258,41.98791132892128,15.951733717065261,29.364806410054268,18.275322544834623,9.314586204109819,11.526219263558517,12.359693041670472,27.896412134369776,2.028814814814815
pbRatio,2.042770821838677,2.1759931978263354,1.7370148086558512,4.200287525161852,4.004284855166884,4.287582042654029,3.2031258794962434,1.7968857206617856,2.0203714269432416,1.8261016125464578,1.8293497502499203,1.6552941342431813,1.4229750760448219,1.6282137516752455,2.1883670623404394,1.8928284341290325,1.9377146703296704,2.2931849182766815,2.1895627179176493,2.271818418469775,1.7398416309671694,2.1088038687876183,2.811985710950302,3.3652799003968488,3.7574767495551176,2.830127801510248,1.803651664830889,2.016211506996291,1.859130195319131,1.8218043892600508,2.047154126984757,3.0564101819350493,0.5805277173913044
ptbRatio,2.042770821838677,2.1759931978263354,1.7370148086558512,4.200287525161852,4.004284855166884,4.287582042654029,3.2031258794962434,1.7968857206617856,2.0203714269432416,1.8261016125464578,1.8293497502499203,1.6552941342431813,1.4229750760448219,1.6282137516752455,2.1883670623404394,1.8928284341290325,1.9377146703296704,2.2931849182766815,2.1895627179176493,2.271818418469775,1.7398416309671694,2.1088038687876183,2.811985710950302,3.3652799003968488,3.7574767495551176,2.830127801510248,1.803651664830889,2.016211506996291,1.859130195319131,1.8218043892600508,2.047154126984757,3.0564101819350493,0.5805277173913044
evToSales,2.3768333092707,2.400721886796208,2.439388110794263,2.409696912437172,2.392428675465382,2.3794583019124893,1.4033910039286526,1.0311098064317579,1.2937798295784648,0.8249323764532911,0.8828893644476957,0.884535374418412,0.7826617315335553,1.0814344372041578,1.060323196707682,1.0411738680974179,0.9393101303631496,1.114369123536703,0.7773124660214729,0.571898732175172,0.5307128805030521,0.43166699425102806,0.5275416333822615,0.6048970559728676,0.5849578292815885,0.42041678414309885,0.3545283657059293,0.33470123652905104,0.329639595652106,0.3240150949960785,0.3394766130728168,0.27440703814960676,0.07231719160104987
enterpriseValueOverEBITDA,11.545282512898464,13.81855768049987,27.441749682745606,17.723429074400073,19.388382687927106,93.66590037982735,24.502699305910895,14.0558260042337,10.576223398416886,13.169328489287434,7.644582905763953,8.514745606949313,5.472742921129236,10.444477055996884,10.194698169464429,13.274336290134332,11.715840970117304,13.005600266816684,11.580012024780356,10.625041668908015,11.724921660898529,12.975416949028842,15.002727719014034,9.927749045106118,12.158086091458856,20.38598440320375,9.222404368584646,7.716704719818639,9.011112071642827,7.58023847929635,8.644111612273328,8.741550307777814,1.8818110415480933
evToOperatingCashFlow,18.107872429807234,14.402767841853903,20.673353670368726,20.04705198071683,15.929646958740962,17.074593898956433,15.006786255977305,11.771482440755543,14.192000665628099,10.400264362072242,8.032380278636397,7.254907847898417,80.35663739112903,122.92975590784971,13.518727379690482,11.295560965707862,10.817401113922049,28.430900231904427,21.041208914449445,6.725499880825708,115.8282991364366,15.951688419971058,10.999880399663702,25.032196255721487,14.964994477101564,8.981483273947845,13.45823392978153,11.38856074279457,8.62857003137968,8.829172082601502,9.571248185893856,13.435370750993949,1.9200592334494773
evToFreeCashFlow,27.642890209212855,18.01543685113027,30.124106105644742,27.22587105038429,20.06138847225198,26.871565007299267,22.02740926995142,19.265587214707743,21.125691303889532,16.760229946231618,12.258422131587858,10.794405726005252,-31.343891275558352,-32.37329914416161,29.994278951081842,14.99658193643488,16.8612824017252,74.54107974205435,45.02511536759124,8.687427549617901,-33.16985996874282,72.66062424653923,136.14227630013994,-540.1141671506048,52.34958172414872,21.150355524929065,41.23166603378799,26.586133355645433,14.744434468503915,16.805857493820067,18.392748597226028,35.35859002298158,3.139925925925926
earningsYield,0.07434728240414362,0.04901874970125016,0.052879984616915454,0.05235379325704644,0.04000550678022315,-0.04251881010629637,-0.017423876745870516,0.07630498810382581,0.0727714221593234,0.05772804535961684,0.09499240225582725,0.08907425945605722,0.14564458741212946,0.10712936021372012,0.07627827879960376,0.06067042718019044,0.0681808720129179,0.07307709641998231,0.07658479626504978,0.07688106786589663,0.08147178514773713,0.051918986224636324,0.0370740154278806,0.05515108497077256,0.054612501655399825,0.02401346151657088,0.08148079023714497,0.08078387386758493,0.0603180263211792,0.07897566943766422,0.06994060787189345,0.06904179212499326,0.34872693604301186
freeCashFlowYield,0.055050647896569854,0.08595348194847235,0.06021598130341367,0.045501948469075744,0.058409416594181585,0.04818379780435831,0.06957824415502609,0.10030772222580597,0.08919670310406991,0.08052322224520914,0.10302664337685254,0.12144036089477334,-0.04732258211193372,-0.044612301777507295,0.04239676358900852,0.09133512436358632,0.0861818966331509,0.019562315206878126,0.03384553899455426,0.17859383696204265,-0.05547476325161256,0.020618089555699815,0.009869144330382742,-0.0024013926430522304,0.023816378770696315,0.06268911064696334,0.03405437059709708,0.05471859648696828,0.10735849967857682,0.086758717419303,0.08090815820656055,0.03584690372307591,0.49289860893059256
debtToEquity,0.9896746883697,1.1562702352687244,1.4429623811716275,0.879032696806485,0.6938959607096321,1.3144657475226196,1.5220724701723376,1.6673956451459542,1.6881316009421776,0.6439914404775312,0.6104434754865469,0.6551717134791527,0.7331864686818191,0.6345786337917338,0.7462523729516245,0.678494623655914,0.8949664567642096,1.0912284326893273,1.167319384642015,1.2812848538924828,0.9117125110913931,0.7357408999713385,0.7405358182877111,0.7528678228759951,0.7861194527861195,0.8137360661632507,0.7466666666666667,0.8225866567275438,0.8957849319615002,0.8207703898311633,0.9629629629629629,0.578688524590164,2.373641304347826
debtToAssets,0.6111211231054804,0.6435303084648494,0.6675670078959925,0.6461619904711488,0.6047264839594703,0.722671127507356,0.7372051396062067,0.7284932355674895,0.7420240137221269,0.6119559517566859,0.58786922604961,0.5805077525983984,0.5736681928603036,0.6098808740773223,0.6127914836093274,0.6115288220551378,0.6200750469043153,0.6629166080720011,0.6817729414106563,0.7106995353639649,0.7264729081973181,0.716249186727391,0.7172731763543554,0.7176829476706429,0.7342378292098962,0.7516299008663034,0.6875289325062495,0.7497668345457937,0.7586873166678346,0.7347700001024726,0.7692748638578389,0.7714499812663919,0.7035843737414418
netDebtToEBITDA,3.958481716320681,4.89466284821661,12.31359830168652,3.416844250903363,2.8422033547318284,21.324398000908676,8.515328628142921,6.782387806943269,4.96353562005277,3.411290322580645,1.591596875219931,2.019285941982786,1.783105399022354,3.2126986768744277,2.177857713828937,3.583021360933715,3.6533949824471272,4.086635055854697,3.981076819103402,3.7768961807423347,5.352993744414656,4.314302530900529,3.8367252543940795,2.2735095690486027,2.4064773120886733,5.010744285993358,2.6542943461372466,2.4122376936654244,3.3184705284552845,2.381367144432194,2.835378590078329,1.8448417591450883,0.665907797381901
currentRatio,0.8172826810235315,0.8778670073614406,1.275926444506674,0.8299375053505693,1.1701249636733508,1.4123756120676039,1.1079995166455199,1.601438304314913,1.2878565127903558,1.4467415730337079,1.8339604891815615,1.9449901768172888,2.118879786626024,1.6658449739797316,1.8672137262215591,1.615514333895447,1.8936793637505231,1.713477537437604,1.5934788325006575,1.4917690702527244,1.061562860438293,1.0870832574239389,1.0501299665800223,1.082284722496154,1.0430861723446894,1.0718136311128226,1.296343001261034,1.082053439932674,1.0501100032766932,1.0710312890500575,1.0625091745363802,1.1281550126368998,1.379951495553759
interestCoverage,0.0,0.0,0.0,0.0,0.0,0.0,0.0,0.0,0.0,0.0,0.0,0.0,0.0,0.0,0.0,0.0,0.0,0.0,0.0,0.0,0.0,0.0,0.0,,0.0,0.0,0.0,0.0,,,,,
incomeQuality,1.1303510933169079,2.193310320199976,1.659295297066195,1.1803562592775854,1.8387298607852338,-1.7834564254062037,-5.8614410134600154,2.151456310679612,1.824547803617571,2.247863247863248,1.655201958384333,2.028512396694215,0.1267375306623058,0.10966702470461868,1.233202614379085,1.998689138576779,1.9702492211838005,0.701849568434032,0.9456774193548387,3.000638569604087,0.19499217527386542,1.8089005235602094,3.2946927374301676,0.9394977168949772,1.525528455284553,6.147619047619048,1.2804435483870968,1.5812356979405033,3.0414354421013687,2.091031149301826,2.223007712082262,1.3664220975399224,2.3114093959731545
dividendYield,0.02716755484216705,0.024133025683177087,0.027769203185235566,0.02216811409189386,0.025969474915990314,0.027163050769532023,0.029329502740871507,0.04454475657822509,0.03767378405586678,0.04793401373236562,0.04354302894101261,0.04253725310387746,0.051833038978846564,0.04168954587049495,0.03656371873962706,0.06422657768719411,0.05844226459300424,0.04836063828434588,0.05031868162343658,0.04741490124194315,0.05768049389802235,0.05096759118910634,0.03235173860242989,0.023672155192934342,0.020415307529392555,0.027380428342968385,0.03278944703898011,0.03253538169495412,0.03539193109337411,0.028735776607957845,0.022317166971976284,0.020798951619872805,0.09689459833678316
payoutRatio,0.3654142285186326,0.4923223425782645,0.5251363703376087,0.42342899554675906,0.6491475050836852,-0.6388478581979321,-1.6832937450514647,0.5837725381414702,0.5177002583979328,0.8303418803418804,0.4583843329253366,0.4775482093663912,0.35588716271463616,0.3891514500537057,0.47934640522875815,1.0586142322097378,0.8571651090342679,0.6617755856966708,0.6570322580645162,0.6167305236270754,0.707981220657277,0.981675392670157,0.8726256983240224,0.4292237442922374,0.37382113821138213,1.1402116402116402,0.40241935483870966,0.40274599542334094,0.5867554568997411,0.3638560687432868,0.3190874035989717,0.30125161847216225,0.2778523489932886
salesGeneralAndAdministrativeToRevenue,0.0,0.14677413518598928,0.1321185943135117,0.13616265447262008,0.0907511275217519,0.2001939035791369,0.2193034536772694,0.1246823648992038,0.1375637466916274,0.14951368468672246,0.11883280500690889,0.14885338190247538,0.13312177956516275,0.1521626744787179,0.15862986365147988,0.1673719664910614,0.12596965744490973,0.12553367304778956,0.11633650889661777,0.08595729279768367,0.08659998529087298,0.08255335813589192,0.10563552085874603,0.09889473794593234,0.094367136071994,0.09177342679880751,0.09249657804139533,0.08893331064988091,0.09360521583151711,0.10067863707054998,0.09140873738124657,0.07427166929011947,0.0
researchAndDdevelopementToRevenue,0.0,0.0,0.0,0.0,0.0,0.0,0.0,0.0,0.0,0.0,0.0,0.0,0.0,0.0,0.0,0.0,0.0,0.0,0.0,0.0,0.0,0.0,0.0,0.0,0.0,0.0,0.0,0.0,0.0,0.0,0.0,0.0,0.0
intangiblesToTotalAssets,0.6997377858674693,0.7062410329985653,0.7275207303568052,0.5553876509937918,0.5478442597783346,0.42069810165339866,0.5318774156035161,0.5702261695755447,0.5818671894143592,0.455077783604265,0.39836970812516437,0.3771511330720736,0.3907236325214706,0.3142585690272601,0.3567928354173707,0.3547201336675021,0.3610068792995622,0.32513008015750244,0.3098666312786146,0.3064016520392359,0.2936715005157454,0.1924202992843201,0.19833690103737855,0.20429298971186383,0.21583754544648398,0.21487898544252926,0.22405332839551895,0.24491699309830256,0.26733208525633967,0.2790945515283798,0.28777215162999054,0.052350027059656135,0.028594442207007652
capexToOperatingCashFlow,-0.34493563108780056,-0.2005318571583632,-0.3137272323411817,-0.263676378117795,-0.20595491280306252,-0.36458505880404174,-0.3187221396731055,-0.38898916967509023,-0.3282113015153661,-0.379467680608365,-0.344745988316202,-0.32790113397161674,-3.5637096774193546,-4.797257590597454,-0.5492898028407887,-0.24679096786283145,-0.35844730808759584,-0.6185874912157414,-0.5326784008732433,-0.22583528410300063,-4.491974317817014,-0.7804630969609262,-0.9192030521407376,-1.046346120465197,-0.7141334470262204,-0.5753507186504863,-0.6735947094945678,-0.5716353111432706,-0.4147913879090135,-0.4746372158726082,-0.47961838681699914,-0.6200252684775742,-2.5739910313901344
capexToRevenue,-0.045276136150276716,-0.0334256042842669,-0.03701878721798205,-0.03169444339468148,-0.03093178653106594,-0.05080735448575155,-0.029805967509663727,-0.03407307019029872,-0.029920599057517268,-0.030098771017115285,-0.03789319678127286,-0.039978475039324446,-0.034710003770265174,-0.042202309150439425,-0.04308280678417027,-0.022748078417825373,-0.0311251458776687,-0.02424597162925217,-0.019678411210242452,-0.01920376402461093,-0.02058174597337648,-0.021120031329547678,-0.044083922908026346,-0.02528470459931629,-0.027914340471627365,-0.026931754089114496,-0.017744410800945704,-0.016799931949642737,-0.01584638762773536,-0.017418351477449457,-0.01701128445964306,-0.012663535726266354,-68.34080717488789
capexToDepreciation,-1.3061645602269796,-0.9501157109796863,-1.0603603603603604,-0.978988326848249,-0.9033582089552239,-1.1773201390746189,-0.7967246327874388,-1.0008293249295075,-1.0411051212938005,-1.0736955352339967,-1.2917705735660847,-1.4776621787025703,-1.385700846660395,-1.6508257499157397,-1.4976878612716762,-0.846401028277635,-1.292106013109148,-0.9994323020153278,-0.984118981598185,-0.8514120667522465,-0.9440040479001518,-1.0052190121155637,-2.1692677070828332,-1.3506609903652251,-1.6191396810053167,-1.6388820789409169,-1.1383714741883981,-1.3398914518317504,-1.2310469314079422,-1.15753210147197,-1.3229665071770336,-1.5134926754047802,-0.57847533632287
stockBasedCompensationToRevenue,0.005713161729863117,0.005355333622810827,0.003533087310240711,0.004774321958101861,0.004612298611199836,0.005205387749448875,0.0043139385058487655,0.003399401434298944,0.00435091343360661,0.003151624820930408,0.003641388279281476,0.004619587714214753,0.0036288802312429307,0.0,0.0,0.0,0.0,0.0,0.0,0.0,0.0,0.0,0.0,0.0,0.0,0.0,0.0,0.0,0.0,0.0,0.0,0.0,0.0
grahamNumber,32.54120691162328,25.038940653842985,23.91017118438243,20.24557536695116,17.54245572103587,17.313837550566,11.902924332494743,21.92291860473714,23.308039461524032,16.559084902314137,21.634913036906706,20.21727618859153,22.509174134400595,21.702076705143185,17.61527087185897,14.42695814144185,16.230507420714943,17.82487658848373,16.983055437180887,16.90191556221744,15.736317376012243,11.511721487550288,11.15266120489467,14.974162481282805,14.240852273909047,7.62933913230685,13.534073453532093,11.314321395412138,8.394371576493592,10.039457272155046,9.495389748461433,6.542044898183686,4.29182707353546
roic,0.0,0.0,0.0,0.0,0.0,0.0,0.0,0.0,0.0,0.0,0.0,0.0,0.0,0.0,0.0,0.0,0.0,0.0,0.0,0.0,0.0,0.0,0.0,0.0,0.0,0.0,0.0,0.0,0.0,0.0,0.0,0.0,0.21990369181380418
returnOnTangibleAssets,0.19488333708455247,0.1282203907203907,0.11206383822363204,0.1750048708678804,0.14004074390484328,-0.08727375857268087,-0.030760238190918058,0.08662741799831791,0.09071729957805907,0.07506014434643143,0.11902680652680653,0.09930242100943783,0.14501904634858523,0.09922199722903123,0.10048601077104952,0.069135163127913,0.07854171764130169,0.0844967701604501,0.07451206614748582,0.07285076293263863,0.05489219139249205,0.038469284994964756,0.0367669713464106,0.06585051546391753,0.06954653398168043,0.021499260607439428,0.059181481923398165,0.05397727272727273,0.036934302579798864,0.05293457093715796,0.04638268697648076,0.0508928767544534,0.061774461028192375
grahamNetNet,-24.747993001235077,-25.58064847116766,-29.691385135135135,-14.023025501361722,-11.494443158138457,-18.070269337016576,-25.625029335836658,-27.637669119392356,-31.14776046738072,-12.763986437394042,-9.766697696067023,-9.963931469792605,-9.959372930006625,-13.484012999321251,-8.808508528361761,-9.719648716464004,-10.553080201472298,-12.311267071320183,-13.765607264472191,-14.562571319893495,-15.707095387021111,-11.667542568845912,-11.876060277135315,-11.955335941036486,-12.110634155793665,-12.078757626178591,-10.204834615984565,-11.539663518611507,-11.040401951532376,-10.047822642966498,-11.195278551109302,-4.884414058684052,-1.8224043715846994
workingCapital,-604100000,-401500000,591200000,-397300000,292700000,1044300000,357500000,1589000000,979000000,994000000,1773000000,1924000000,1761900000,2431000000,2325000000,1825000000,2135000000,2144000000,2257000000,2121000000,427000000,478000000,270000000,417200000,215000000,373000000,1175000000,390000000,214100000,289900000,255500000,380300000,470000000
tangibleAssetValue,-6899700000,-7801300000,-8776400000,-2094000000,-1540400000,-1919800000,-4720300000,-5785000000,-6609000000,-767000000,157000000,497000000,394300000,1038000000,360000000,404000000,242000000,170000000,126000000,-265000000,-332000000,1123000000,1025000000,913100000,563000000,375000000,955000000,57000000,-259900000,-135300000,-537400000,846500000,665000000
netCurrentAssetValue,-10862100000,-11467400000,-12095400000,-4774400000,-4092300000,-6100300000,-9264500000,-9877000000,-10761000000,-3783000000,-2808000000,-2854000000,-3015800000,-2263000000,-2247000000,-2530000000,-3408000000,-4279000000,-4215000000,-4579000000,-4610000000,-2840000000,-3056000000,-2911500000,-3075000000,-2849000000,-2286000000,-2896000000,-3091600000,-2799200000,-2903900000,-358400000,-40000000
investedCapital,1.0750953015739377,1.2637599827325707,1.4458873872653901,1.0379739948860236,0.7508269018743109,1.4787806979750107,1.7465311533362793,1.7103736807074261,1.821651090342679,0.6615835116567181,0.6877592257790067,0.7081378582018318,0.739202270753458,0.7497470678607562,0.7548713696567676,0.7712043010752688,0.920854426472404,1.1765678272548816,1.283207477767921,1.288199866161053,1.5055456965394853,1.0957294353683005,0.9845661036691904,1.0283906897908532,0.9626292959626293,0.9633225458468176,0.7466666666666667,0.9787551248602311,1.1903833388649188,0.971564347254955,1.328548424200598,0.9273224043715848,
averageReceivables,827350000,860800000,846250000,715100000,712100000,755450000,916850000,1126900000,1073400000,892900000,854900000,855400000,821100000,875900000,1031900000,1020900000,1076400000,1122400000,918400000,1127400000,1232900000,1233900000,1249400000,1198200000,1114400000,1144400000,1200400000,1225400000,1141100000,1075600000,1044850000,1080400000,717850000
averagePayables,1590750000,1525600000,1390450000,1215450000,1149350000,1116150000,1441950000,1508800000,1513800000,1357800000,1304800000,1222300000,1174700000,1155800000,1316800000,1197300000,1171800000,1233300000,1401300000,1845300000,1907800000,1785300000,1781300000,1743800000,1710300000,1691300000,1550300000,2411800000,1492600000,2081600000,1944500000,1457800000,1124650000
averageInventory,1555950000,1377900000,1474800000,1183300000,1156050000,1230550000,1789550000,1835450000,1885950000,1623950000,1590450000,1492450000,1701500000,1654950000,1863450000,1755450000,1996450000,1979450000,2326450000,2841450000,3224450000,2582450000,2508950000,2450500000,2360450000,2475450000,2272450000,2130950000,1908550000,1875900000,1698850000,1513350000,1217850000
daysSalesOutstanding,25.908026142855867,28.422347662469242,31.826144846095783,26.18079437662976,26.273620462763038,27.387322399325953,22.42922740708926,28.711107346546953,30.300819830869536,25.456156224082033,25.187759083150453,25.68507326765461,22.402522935779817,28.02128209546786,36.50606917193216,37.22817169012868,32.37317223862154,34.78584217049993,17.956550229346238,18.415128483532392,21.542435831433405,22.970628549050325,24.309587704318126,23.510161280174493,20.803266394467126,20.99830795262267,23.314944626488032,24.683140523987753,24.10932613352789,22.19689900560818,22.99694432623932,30.610533378061053,24.109798775153106
daysPayablesOutstanding,75.4985322590719,69.73800220418795,66.61498088134805,59.2378229146125,51.60409275447131,41.42039341629867,39.58667028641238,38.647363565396354,45.95004609839913,41.62035262552702,42.136315228966986,37.212669181273576,30.401290113845473,32.2710911136108,45.49156355455568,36.278737275534716,26.085095229774595,30.389754025836137,29.10246003996004,33.57373497047202,35.8549245024022,33.648514628318985,36.16973146526562,36.32209209732148,33.83597495352706,31.7889972798049,27.667484839734335,58.85830236651672,29.011729853948616,53.856576245965186,51.71274593259558,36.987220144493286,45.78044164037855
daysOfInventoryOnHand,79.05939666479296,62.986361587015324,83.40537357700528,64.69505745684015,62.35744852053693,63.48743476515455,64.15238064820063,59.39571357604145,73.23862207694242,65.40341126868532,70.08466453674122,65.07155535833148,74.73373708369563,79.32283464566929,96.4437570303712,89.04780967631248,83.38939367464617,83.35383118032208,74.6363011988012,66.75978247015337,79.39752059025395,62.311454717576524,64.63319712006228,65.22240706833502,59.69058800508757,61.164290404277274,55.63360284916739,51.46978290631723,48.482742847185165,48.47214374821685,44.19455201601784,43.87376156420182,39.79305993690851
receivablesTurnover,14.088298274341856,12.842007434944238,11.46855837441385,13.941517386722866,13.89226127085552,13.327334256268266,16.273409394593482,12.712849964106246,12.045878693623639,14.338378378378378,14.491166077738516,14.210588235294118,16.292807780906067,13.025813692480359,9.99833748960931,9.804403048264183,11.274767801857585,10.492774566473988,20.326844262295083,19.820659971305595,16.943302180685357,15.889856876166771,15.014652014652015,15.525201875488408,17.545321637426902,17.38235294117647,15.655194805194805,14.787421383647798,15.139369635570564,16.443738375697457,15.871673854666776,11.924,15.139072847682119
payablesTurnover,4.834531070716831,5.233875196643943,5.4792479885286385,6.161603888213852,7.073082395550381,8.812084335644546,9.220275344180225,9.444369973190348,7.94340878828229,8.769747899159665,8.662361623616237,9.80848748639826,12.00606943432872,11.310432569974555,8.02346570397112,10.060989643268124,13.992665036674817,12.010626992561106,12.541895066562255,10.871593533487298,10.17991266375546,10.847432762836187,10.091310751104565,10.048980632008155,10.787335092348284,11.481960150780829,13.192380952380953,6.2013341419041845,12.581118114551932,6.777259629966636,7.058221206736058,9.868273381294964,7.972837022132797
inventoryTurnover,4.616782006920415,5.7949052906597,4.376216835273907,5.641852938201679,5.853350460286877,5.749169128508124,5.689578411775395,6.145224596598343,4.983709273182957,5.580748663101605,5.207986688851913,5.609209707529558,4.884005728112192,4.601449275362318,3.7845891868880375,4.098921706516643,4.377055449330784,4.378922898101511,4.890381679389313,5.467363530778165,4.59712088345494,5.857670979667283,5.647252747252748,5.596236269194743,6.114866886030511,5.967534284914637,6.56078307546574,7.091539528432732,7.528451951459495,7.53009815072244,8.258936528369146,8.319323144104803,9.172453703703704
roe,0.1518744591781847,0.10666446591587207,0.09185331636107576,0.21990098471247485,0.16019344492332366,-0.18230288668677294,-0.05581087052585064,0.13711134353903204,0.14702530202872122,0.1054172767203514,0.17377432734233755,0.14744409918966672,0.20724861784829163,0.17442949750815004,0.16692487289707392,0.11483870967741935,0.13211507593530064,0.1675792953817543,0.16768721466127182,0.17465982600936872,0.1417480035492458,0.10948695901404414,0.10425160163075131,0.18559883773721966,0.20520520520520522,0.06796116504854369,0.14696296296296296,0.1628773760715617,0.11213906405575838,0.14387822122628752,0.14317920404876927,0.2110200364298725,0.20244565217391305
capexPerShare,-1.042404281597365,-0.758259798891853,-0.7952702702702703,-0.6229264669472642,-0.5605464227830517,-1.013351749539595,-1.1074865055151373,-1.4322335627818656,-1.128286270691334,-0.9668200532816663,-1.0849429834768443,-1.0885933273219117,-0.9757120777213513,-1.0052847622919516,-1.0277667592225308,-0.50839606253619,-0.8783417280123983,-0.6678679817905918,-0.7385546727203935,-1.00912894636744,-1.0940187646598905,-1.1336977086398992,-2.2990848232247316,-1.3369341159377777,-1.4816260174165536,-1.483083749306711,-0.9434096701714093,-0.8701282981486199,-0.7476248479287758,-0.7967806835320633,-0.8076037032645907,-0.536757812080658,-0.3655737704918033
