,2021,2020,2019,2018,2017,2016,2015,2014,2013,2012,2011,2010,2009,2008,2007,2006,2005,2004,2003,2002,2001,2000
period,FY,FY,FY,FY,FY,FY,FY,FY,FY,FY,FY,FY,FY,FY,FY,FY,FY,FY,FY,FY,FY,FY
currentRatio,1.233172181167942,1.4303418513345028,1.4381192963483957,1.6083851944208576,1.7834258172529256,1.5289634607640255,1.793790756380689,2.048953409858204,2.237246963562753,1.418176504967855,1.9642476602536012,2.128175519630485,2.3843074459567655,2.0534883720930233,2.009586776859504,1.9325106054762824,1.346518438595815,1.4617588083643656,3.242132867132867,2.3932874354561102,2.134010152284264,1.8615863141524105
quickRatio,0.8639866045287146,1.0088561966582952,1.0602761831138823,1.1976865834739583,1.3425968276433429,1.130016084992074,1.244591209291733,1.4659014179608372,1.5696356275303645,0.9336645236703682,1.1950073109867756,1.4703618167821402,1.744995996797438,1.507641196013289,1.5018181818181817,1.4870806016197455,1.0268454651715413,1.1733027785734746,2.6835664335664338,1.8648881239242685,1.5918781725888325,1.2301710730948678
cashRatio,0.23346641695340137,0.2720139660446966,0.33514554740270436,0.35011518714776557,0.3533820635852118,0.273807999664799,0.37832506310924074,0.5401755570560433,0.6311740890688259,0.32057276446522504,0.3178318888176497,0.6897613548883756,0.7309847878302642,0.8093023255813954,0.7451239669421488,0.6764365599691478,0.3687109038829589,0.594672013749642,1.5935314685314685,1.0542168674698795,0.5918781725888325,0.5147744945567652
daysOfSalesOutstanding,67.05602712871735,77.11363427274154,71.5779734368574,76.06496812138585,84.49383909677051,79.02683545929898,72.30593074755262,72.56684904061032,69.08537108537108,65.59982293050022,59.03454872764729,62.15369684136227,59.76093464160985,57.10681056940826,63.4434422233057,69.90315570672713,66.11402495749527,96.04511670361195,66.31497474335994,61.99603317706455,77.21756872852234,54.76190476190476
daysOfInventoryOutstanding,32.957408722288875,36.62936015719912,35.26391908185325,32.734663881309565,36.27522839014665,33.80382134704851,41.14768934724436,39.53389314835098,42.66047849392078,44.08693871980347,45.8312477630486,48.89742219847736,48.48098810139679,42.46938040345822,42.69005847953216,40.54311138386008,34.35297832854838,48.23548249359522,50.31833727966325,46.36429398148148,47.826742627345844,66.2747723620782
operatingCycle,100.01343585100622,113.74299442994067,106.84189251871067,108.7996320026954,120.76906748691717,112.83065680634749,113.45362009479697,112.1007421889613,111.74584957929186,109.6867616503037,104.86579649069589,111.05111903983962,108.24192274300664,99.57619097286647,106.13350070283786,110.44626709058721,100.46700328604365,144.28059919720718,116.6333120230232,108.36032715854603,125.04431135586819,121.03667712398295
daysOfPayablesOutstanding,32.78926712134361,24.158867418363243,24.47315106304291,16.9570534680571,24.562364969486023,24.157176598380698,16.099552000962145,15.013995375441159,15.17453261864296,15.542513989354443,16.924764149350693,14.917857619874448,14.728401448525606,17.750360230547553,17.803694843168525,15.79165388155876,16.024898593064385,22.364432109308286,18.62930807682189,13.835358796296296,17.00234584450402,21.114086770219604
cashConversionCycle,67.22416872966261,89.58412701157742,82.36874145566776,91.8425785346383,96.20670251743114,88.67348020796679,97.35406809383483,97.08674681352015,96.5713169606489,94.14424766094925,87.94103234134519,96.13326141996517,93.51352129448104,81.82583074231891,88.32980585966934,94.65461320902845,84.44210469297926,121.9161670878989,98.00400394620131,94.52496836224974,108.04196551136417,99.92259035376335
grossProfitMargin,0.37699934466238816,0.36715649777200776,0.36559648042557186,0.37071112609527573,0.3773243016126714,0.38459241884298623,0.39010211970641867,0.3668028049626262,0.3437151437151437,0.3513058875608676,0.352026478868802,0.3394212105170284,0.3570597039747214,0.3801265351693338,0.3885909312530473,0.38416477702191987,0.3820391221748165,0.3892293649758769,0.38064200749551896,0.3768481788676524,0.359106529209622,0.39106327462491847
operatingProfitMargin,0.1666201527614571,0.1479955252052629,0.13396441207282395,0.14623519921486117,0.15476843520217742,0.14120047673649602,0.15143306472080287,0.13691145873468444,0.1299021879021879,0.14675962815405047,0.15254579935885712,-0.26337744838538907,0.13880425744220856,-0.3347688872348344,0.18461807248496667,0.1777900604686319,0.16130322893387083,0.20905333159473205,0.22576666123513117,0.22045798773891093,0.19390678694158076,0.21220156555772995
pretaxProfitMargin,0.1357876480159089,0.15291526857831558,0.11600831061495652,0.12430232434989515,0.15985941006707038,0.1325780644117633,0.14334901584535195,0.13685751714571934,0.11866151866151867,0.11482957060646304,0.11610059799745678,-0.29477677783659784,0.1239813736903376,-0.34313360625232603,0.17666179099626197,0.16685563114134544,0.14294154129107453,0.19885252314512974,0.21606648199445982,0.20627479264334656,0.14926975945017182,0.08512720156555773
netProfitMargin,0.11044190093103137,0.12459382619232383,0.09614546780781207,0.09989559136064845,0.06640554134068619,0.09204356762569048,0.10952305505309902,0.09763427602681668,0.0882024882024882,0.08614431164231962,0.09588788138418952,-0.29707076054349746,0.09512722434724763,-0.3883885374023074,0.12546725174711523,-0.05272108843537415,0.12653311091863687,0.11709479723562394,0.1306827440117321,0.09033537684817887,0.07603092783505154,-0.0365296803652968
effectiveTaxRate,0.17031682303259763,0.18296899672119415,0.1645038870838321,0.19334992420504046,0.5770874374905288,0.2998147325734229,0.222030619972573,0.2684177927927928,0.23796818510484455,0.21301464919043947,0.1292005246415703,-6.884166417240348e-05,0.2664319248826291,-0.13436876355748373,0.2732290708371665,0.28164212910532277,0.10333327099424611,0.40102295081967215,0.38509049773755655,0.3808741258741259,0.3898561151079137,0.2988505747126437
returnOnAssets,0.05566141043111533,0.0663476985541897,0.05370344720304979,0.05870853312565047,0.0421018033927183,0.05707094918504314,0.07218429613385952,0.0672077233184808,0.06250760063237261,0.0613377040912816,0.07031033420606807,-0.19424252913349488,0.0519032711764439,-0.24158525857678595,0.05503475316342898,-0.02181818181818182,0.05594456563663591,0.034186081924775395,0.10030015007503752,0.0714387565948952,0.061953097654882744,-0.027277155382367267
returnOnEquity,0.15424448284296322,0.17228017376319515,0.15417928965412606,0.17184202615589692,0.11803402610326483,0.1849556866419366,0.20368261018433512,0.18848472857157733,0.1603784181820451,0.16194938457569427,0.20846564671992815,-0.48980031218041875,0.08318529888899634,-0.4351869227080336,0.08298991597271008,-0.034979698610403266,0.07772194286521224,0.06098451278603468,0.17261306478585864,0.14018848495702005,0.12227979274611399,-0.09580838323353294
returnOnCapitalEmployed,0.09845626192288003,0.09303839108336129,0.08817109588212149,0.10049043912086672,0.11656499425482623,0.10403044070936598,0.1175185116033371,0.11181246066708622,0.10832927876359473,0.1332408970340005,0.12993142868217689,-0.20257328990228013,0.08541472650053727,-0.24195061595567272,0.0907674790251698,0.08187842659472631,0.08129119987138478,0.07038811081353998,0.20220811441914768,0.20896598871987696,0.19091351237048002,0.1878746751371643
netIncomePerEBT,0.8133427638285037,0.814789964080749,0.8287808631825416,0.8036502284499132,0.4153996396760452,0.6942594013125726,0.7640307427799496,0.7134009009009009,0.7433116413593637,0.7501927525057825,0.8259034237385234,1.0077821011673151,0.7672702883970489,1.1318872017353578,0.7102115915363385,-0.3159682899207248,0.8852088047726805,0.5888524590163935,0.6048265460030166,0.4379370629370629,0.5093525179856115,-0.42911877394636017
ebtPerEbit,0.8149533280665647,1.033242514368115,0.865963645269414,0.8500164462268734,1.0328941418722912,0.9389349630821459,0.9466163556132507,0.9996060111442562,0.913468206947114,0.7824329623261846,0.7610868243204479,1.1192179878865842,0.893210164983286,1.0249865484411755,0.9569041027153364,0.9384980842097431,0.8861666454902524,0.9512047554000361,0.9570344922159751,0.9356648618585707,0.7698016237829934,0.4011619864434915
ebitPerRevenue,0.1666201527614571,0.1479955252052629,0.13396441207282395,0.14623519921486117,0.15476843520217742,0.14120047673649602,0.15143306472080287,0.13691145873468444,0.1299021879021879,0.14675962815405047,0.15254579935885712,-0.26337744838538907,0.13880425744220856,-0.3347688872348344,0.18461807248496667,0.1777900604686319,0.16130322893387083,0.20905333159473205,0.22576666123513117,0.22045798773891093,0.19390678694158076,0.21220156555772995
debtRatio,0.6309959779576362,0.6142352587431665,0.6516818353261067,0.6583575366343186,0.6433079105860156,0.6905653071760455,0.6456040303660097,0.6434330575005305,0.6102395719323848,0.6212570131753137,0.6615823450895837,0.6034383292950272,0.37607186606778276,0.4448817074864577,0.3368739975049011,0.37626588465298144,0.2763673125420326,0.43943200852748593,0.4188344172086043,0.4905176101525738,0.49334966748337417,0.7152946906965416
debtEquityRatio,1.748565973126297,1.5949393786632189,1.870938416135237,1.9270366164338224,1.8035384850920504,2.2379859172434893,1.8217025183237003,1.8045144100814783,1.5657177090223782,1.640299265152587,1.9615493651811418,1.5216249674509,0.6027298448346947,0.8014011384249703,0.5079907356593801,0.6032430819496606,0.3839480069381006,0.7839022617919803,0.7207994438501754,0.9625716332378224,0.9737478411053541,2.5124037639007697
longTermDebtToCapitalization,0.5350111054937524,0.49649552070495323,0.5308648920140633,0.5540408879018799,0.5159840402744554,0.590715219245729,0.5357585253035976,0.5260177844779627,0.5005516665316071,0.4673265922218627,0.5722690169844641,0.4936942218699985,0.24958488914644042,0.3107566285837465,0.20678184770879318,0.2553784207801762,0.12467097540759763,0.29155570951236587,0.28555041110340557,0.34663312467091795,0.3500224517287831,0.6340012523481527
totalDebtToCapitalization,0.538066901409734,0.5053164511951371,0.5386638789416881,0.5587338955015599,0.5228343932904237,0.5961109714028102,0.5407127511673789,0.5364459312312816,0.5087571398682271,0.5259131894934778,0.5773452628328434,0.5048472777955852,0.26381061381457516,0.3245222601611085,0.21516436491939736,0.26395984290043595,0.13969274959680741,0.3180858305894775,,,,
interestCoverage,7.9808145041266405,5.006525285481239,5.7677310206629215,5.196371448284514,9.655035765859557,8.568299108592877,13.697518577494693,14.867782426778243,7.220229863131289,4.971657369084038,4.093035269806979,-8.46146432722016,7.698828521354119,-32.10521807409523,12.618918018218174,9.686657057551734,,13.579789937320006,16.338797169811322,10.91173583221776,3.9603017940957144,-1.651294416243655
cashFlowToDebtRatio,0.25767104089347753,0.253037655540093,0.251987877822535,0.26447020228847,0.27618912883819186,0.2415520858552448,0.3318053833586318,0.3227274830827454,0.31203292374483493,0.31193547031886737,0.2859313735731846,0.24114330229624958,0.45665191462075877,0.48597869636768903,0.5572932902788152,0.28732146197102837,0.7978844611038826,0.26908781201546156,0.6664835756596661,0.7049525316455696,0.4573316228351507,0.16675555555555555
companyEquityMultiplier,2.7711206318397363,2.5966262209153306,2.8709384161352367,2.9270366164338224,2.80353848509205,3.2408027075605186,2.8217025183237,2.804509947143943,2.565742670643885,2.6402909429848287,2.964936080504887,2.5215915091581165,1.6026985776331892,1.8013802881507892,1.5079547231958428,1.6032361863101496,1.3892670714439361,1.7838988662177717,1.7209651696106305,1.9623589720630372,1.973747841105354,3.5124037639007697
receivablesTurnover,5.443209441850239,4.733274516786998,5.09933408944562,4.79852958614965,4.319841587289775,4.618684246669414,5.047995319697262,5.02984496124031,5.283318223028105,5.564039408866995,6.182820193712462,5.872538860103627,6.107668867445404,6.391531874405328,5.7531556802244035,5.221509620128268,5.520765075710617,3.800297324083251,5.504035874439462,5.887473460721869,4.7269035532994925,6.665217391304348
payablesTurnover,11.131691313783879,15.108324147785263,14.914303395576603,21.524966037735847,14.86013258305712,15.109381616412353,22.671438309475118,24.310650887573964,24.053459119496857,23.483974358974358,21.56603169055109,24.46732026143791,24.78205128205128,20.562962962962963,20.501362397820163,23.113475177304963,22.777055210693995,16.320557491289197,19.59278350515464,26.38167938931298,21.467625899280577,17.287037037037038
inventoryTurnover,11.074899822240969,9.964684024879507,10.350522843271506,11.150259594032464,10.061962837955392,10.797595817724583,8.870485944417773,9.23258426966292,8.55592841163311,8.27909604519774,7.963998752272262,7.4646061814556335,7.528724440116846,8.594427244582043,8.55,9.002762430939226,10.624988509269189,7.567043618739903,7.2538167938931295,7.87243735763098,7.631713554987212,5.507374631268436
fixedAssetTurnover,2.23493679644497,2.2447277629439464,2.213475109629771,2.429147679704827,2.3755308687128585,2.2246254764648525,2.01089151408861,1.9174054373522458,1.7236024844720497,1.5753138075313808,1.5482392314675555,1.5057791948983659,1.3891648377035926,1.6208227771745687,1.6434294871794872,1.9794277164765288,2.8094048376033287,2.147577709325119,3.0157248157248158,2.9515699840340606,2.986529826812059,2.6205128205128205
assetTurnover,0.5039881599455148,0.5325119276116858,0.5585645213188742,0.587698939722953,0.6340103934507472,0.6200427760159304,0.659078548337271,0.6883619775090176,0.7086829624224735,0.7120342936392864,0.7332556856101442,0.6538594669435791,0.5456195272446803,0.6220195379415714,0.4386383888789877,0.413841642228739,0.4421338037962989,0.29195218516826554,0.7675087543771886,0.7908170540424925,0.8148407420371019,0.746712128592304
operatingCashFlowPerShare,15.127333823792576,11.030776992936428,9.86940283193105,9.20057563559764,6.660874876266296,6.345322669843026,6.158766345492086,5.38424123689544,4.338883020664758,4.33919298315552,4.039170169653096,2.701558570703477,3.442812803945714,4.161340914140832,4.252508855753047,2.386743281169554,3.400531550165397,3.725686792918359,2.71772229373513,2.9860783722082718,1.7390367729518683,1.2174054806392043
freeCashFlowPerShare,10.578549698765237,7.669323915237134,6.985881387235789,6.2795586793751434,4.9247909690191864,5.169332539243629,4.7983912594631795,4.163381999488408,3.518735072711413,3.3470852426008566,3.072227268159733,2.016470439374224,2.218757338928631,1.2318029315090337,0.8559234775806455,-0.25232364784865446,2.0278317435803084,2.811817409961612,1.9995897703093615,2.147329463958059,0.8449565470083118,0.6562553886542121
cashPerShare,4.81731056011771,4.630635721493441,4.90365278062795,4.0946670281769455,4.04968303110718,2.5821457438209894,2.5367128355127324,3.778926616269111,3.500197223859732,2.4315343075402507,1.4612263727591546,3.0210372566782264,3.6563172541504136,3.6210261393493344,3.596518283059274,2.655809126518899,1.673645024254837,4.188769582195431,4.292897148047267,2.736774931695683,1.4220012323360252,1.1933227140830864
payoutRatio,0.0,0.0,0.0,0.0,0.0,0.0,0.0,0.0,0.0,0.0,0.0,0.0,0.0,0.0,0.0,0.0,0.009859224360734935,0.02351893095768374,0.02371571072319202,0.029341317365269463,0.020593220338983052,0.0
operatingCashFlowSalesRatio,0.21490525851938896,0.18693143789546476,0.18347750251218323,0.1946695991696733,0.17025453797666992,0.1774196042420984,0.21004737028185977,0.19345842644679048,0.17772543972543972,0.18406374501992032,0.17965565918433252,0.14912034586200812,0.18713121569931815,0.20837290658727206,0.23098326019827725,0.15530045351473923,0.2109214883250106,0.24100534619898292,0.201671826625387,0.2410007212405337,0.15313144329896908,0.11013698630136987
freeCashFlowOperatingCashFlowRatio,0.6993003408258949,0.6952659744774277,0.7078322271570437,0.6825180214897765,0.7393609789259008,0.8146681907622377,0.7791156524350638,0.773253243364894,0.8109771699197158,0.7713612313612314,0.7606085257912248,0.7464100394644199,0.6444606388084108,0.29601105915720366,0.20127494300751456,-0.10571880513475695,0.5963278721768299,0.754711162330179,0.7357594169642713,0.7191135651172013,0.4858761816600746,0.539060649135276
cashFlowCoverageRatios,0.25767104089347753,0.253037655540093,0.251987877822535,0.26447020228847,0.27618912883819186,0.2415520858552448,0.3318053833586318,0.3227274830827454,0.31203292374483493,0.31193547031886737,0.2859313735731846,0.24114330229624958,0.45665191462075877,0.48597869636768903,0.5572932902788152,0.28732146197102837,0.7978844611038826,0.26908781201546156,,,,
shortTermCoverageRatios,21.096971881759192,7.298565858348467,8.165019863502089,14.041889483065953,10.202755016452674,10.922234833229597,16.811953267187224,7.868950601805416,9.662686010169333,1.4915628766572921,13.909947147309934,5.526551566280819,6.354841442408155,7.896564368723908,11.346772583928786,6.580854386035153,6.494772945534367,2.285624188462252,,,,
capitalExpenditureCoverageRatio,-3.325577430804469,-3.2815501921229586,-3.4226909774115035,-3.149785082896597,-3.8367240479916536,-5.395727825206193,-4.527256055144502,-4.410206411945542,-5.2903662461051235,-4.373711448647284,-4.177258205644751,-3.9433737750816613,-2.8126281057841322,-1.4204768597683186,-1.2519952782818584,-0.9043890683202473,-2.477257980115123,-4.076826363155108,-3.784430039138943,-3.5601576858535546,-1.9450567437800088,-2.1694828140057822
dividendPaidAndCapexCoverageRatio,,,,,,,,,,,,,,,,,-2.514094530005311,-4.2760272071071626,-4.018115706772288,-3.7052366035539044,-1.9845241740195396,
dividendPayoutRatio,,,,,,,,,,,,,,,,,0.009859224360734935,0.02351893095768374,0.02371571072319202,0.02934131736526946,0.020593220338983052,
priceBookValueRatio,6.549268338580253,6.409672836779688,4.608020205752656,4.315962308666304,4.882672206912389,4.403798089793109,4.803936120436467,4.896437115320818,4.246821016343621,3.3716847692678993,3.233596266850335,3.4291979726020223,1.7381992024900328,1.3858439778987093,2.274227620914534,1.9362487845495049,1.7453148066981463,1.5025784387828904,3.812810095281551,3.6647634190320564,4.162167943419689,6.133609499144568
priceToBookRatio,6.549268338580253,6.409672836779688,4.608020205752656,4.315962308666304,4.882672206912389,4.403798089793109,4.803936120436467,4.896437115320818,4.246821016343621,3.3716847692678993,3.233596266850335,3.4291979726020223,1.7381992024900328,1.3858439778987093,2.274227620914534,1.9362487845495049,1.7453148066981463,1.5025784387828904,3.812810095281551,3.6647634190320564,4.162167943419689,6.133609499144568
priceToSalesRatio,4.689397193912138,4.635505327926461,2.8735393666932953,2.5089648717441806,2.7469747647638,2.1915589330998815,2.583145216540429,2.5363332960083222,2.3356021641698845,1.7934706222222223,1.487356311021689,2.079856677183695,1.9877318192499585,1.2368154637886117,3.438262180399805,2.918296825255102,2.841412654941777,2.8850622819142,2.886620930259084,2.3615190978002163,2.5879459184278355,2.3386136674820612
priceEarningsRatio,42.460308581980755,37.2049359875269,29.88741364738373,25.115871857509507,41.36664966965263,23.810017251962652,23.585401405102033,25.977898328571428,26.480003135603116,20.81937376978417,15.511410717923443,-7.001216388238788,20.89550949152098,-3.1844798305864317,27.403662170984454,-55.35350107258064,22.45588237191811,24.63868890868597,22.08876888902743,26.14168645988024,34.03806835084746,-64.01954914732143
priceToFreeCashFlowsRatio,31.203710281621042,35.666768417036174,22.126055601576866,18.883492623370067,21.822245995022108,15.162499105052442,15.784456894928867,16.954965940832242,16.20468686096973,12.631886233989748,10.88461141744588,18.686115731849423,16.482199003185503,20.051908765747935,73.955209382647,-177.74790584393162,22.590631666076288,15.861627373809062,19.45399030221168,13.62622759623788,34.782853750360836,39.390152746799984
priceToOperatingCashFlowsRatio,21.820765234970075,24.797890499931395,15.661535214664735,12.888324024119328,16.134517161241366,12.352405713347121,12.297917432025645,13.110482404889844,13.141631089944434,9.743747319865319,8.278928244033844,13.947504380846445,10.622128498560281,5.935586751872663,14.885330553601081,18.791296221025735,13.471423312561786,11.970947231735623,14.313456562383854,9.798805105829013,16.900160167466126,21.23368130922767
priceCashFlowRatio,21.820765234970075,24.797890499931395,15.661535214664735,12.888324024119328,16.134517161241366,12.352405713347121,12.297917432025645,13.110482404889844,13.141631089944434,9.743747319865319,8.278928244033844,13.947504380846445,10.622128498560281,5.935586751872663,14.885330553601081,18.791296221025735,13.471423312561786,11.970947231735623,14.313456562383854,9.798805105829013,16.900160167466126,21.23368130922767
priceEarningsToGrowthRatio,7.430554001846633,0.8281204002644852,3.044486902457245,0.30698841885976696,-1.8147380147097425,4.802434977017548,1.3277219728875997,1.0155946201054413,4.872189703788857,-3.0045999427229115,0.1106699244465024,0.01714206865780032,0.17058639095251807,0.007156393840138105,0.07182447373159626,0.39785060736806976,0.8250940424612587,9.577049802435178,0.3754560492184351,1.1417208357355257,0.10419239071778894,0.5278494200324519
priceSalesRatio,4.689397193912138,4.635505327926461,2.8735393666932953,2.5089648717441806,2.7469747647638,2.1915589330998815,2.583145216540429,2.5363332960083222,2.3356021641698845,1.7934706222222223,1.487356311021689,2.079856677183695,1.9877318192499585,1.2368154637886117,3.438262180399805,2.918296825255102,2.841412654941777,2.8850622819142,2.886620930259084,2.3615190978002163,2.5879459184278355,2.3386136674820612
dividendYield,,,,,,,,,,,,,,,,,0.0004390486286597337,0.0009545528597259299,0.0010736547085235144,0.0011223957341198972,0.0006050055522163712,
enterpriseValueMultiple,23.775060316014304,20.17741042309201,16.403633566777597,14.135685276280789,13.352262805600667,12.773302763274437,14.097443772983938,13.82522551590361,12.751193459315639,10.78089322590745,9.227348624951869,-13.858028476286288,10.0262076248515,-5.622542957841788,14.080121100024943,35.386951081791786,12.805471790533867,12.761187002815994,10.387906550824047,10.541778901411902,11.438900672872576,-37.042162576264104
priceFairValue,6.549268338580253,6.409672836779688,4.608020205752656,4.315962308666304,4.882672206912389,4.403798089793109,4.803936120436467,4.896437115320818,4.246821016343621,3.3716847692678993,3.233596266850335,3.4291979726020223,1.7381992024900328,1.3858439778987093,2.274227620914534,1.9362487845495049,1.7453148066981463,1.5025784387828904,3.812810095281551,3.6647634190320564,4.162167943419689,6.133609499144568
