,2021,2020,2019,2018,2017,2016,2015,2014,2013,2012,2011,2010,2009,2008,2007,2006,2005,2004,2003,2002,2001,2000,1999,1998,1997,1996,1995,1994,1993,1992
period,FY,FY,FY,FY,FY,FY,FY,FY,FY,FY,FY,FY,FY,FY,FY,FY,FY,FY,FY,FY,FY,FY,FY,FY,FY,FY,FY,FY,FY,FY
revenueGrowth,0.4597147073290703,-0.0002950432730133753,-0.034341285518918095,0.074525731429796,0.08028883254326977,0.13059627081463754,-0.03394299888020614,0.11678724148132211,0.03527675687715781,0.009627953392272338,0.2586151995471271,0.426826190115604,-0.2473641216588461,-0.012142026048117704,0.1620796440877568,0.06791187293306628,0.2179956315774544,0.14860549980450932,0.12379627256416828,0.1613794863071951,-0.11122869345024378,0.0761815667453022,0.33852351916376305,0.03950198075834748,0.1473280955782092,0.1587540440899857,0.08639856138630048,0.2415262837426426,0.06414686825053996,0.0
grossProfitGrowth,0.49476439790575916,-0.09090909090909091,-0.05759397147214497,0.05155417197302014,0.0967358129429414,0.13504785391345195,-0.03034616260532908,0.12770465489566613,0.06176290135660236,0.04005955757231991,0.2900393304673923,0.9495363766048502,-0.3311866428145498,-0.1172755026844931,0.11766090128250382,-0.004567814476458187,0.3113193057902012,0.10976649054031021,0.057879552830869097,0.009097525473071324,-0.1449906658369633,0.12752148745834063,0.47656047656047656,-0.014044943820224719,0.17035265989240886,0.17733990147783252,0.03345454545454545,0.2725590004627487,0.2652224824355972,0.0
ebitgrowth,0.8624595469255664,-0.5257099002302379,0.09505000420203379,0.10472565221427908,3.7680389552899514,-0.7596041289773332,-0.024904015772543323,0.1268709073900842,0.1358746181431797,-0.055924764890282135,0.5813999603410668,8.92716535433071,2.5277777777777777,-0.9661016949152542,0.5469774217042972,-0.15010832559579076,0.045292785506308636,0.14523897739903668,0.07103174603174603,0.7910447761194029,-0.4443127962085308,0.04026294165981923,0.5269761606022585,-0.07594202898550724,0.35719905586152634,0.16819852941176472,-0.03202846975088968,0.7292307692307692,1.3897058823529411,0.0
operatingIncomeGrowth,0.8624595469255664,-0.5257099002302379,0.09505000420203379,0.10472565221427908,3.7680389552899514,-0.7596041289773332,-0.024904015772543323,0.1268709073900842,0.1358746181431797,-0.055924764890282135,0.5813999603410668,8.92716535433071,2.5277777777777777,-0.9661016949152542,0.5469774217042972,-0.15010832559579076,0.045292785506308636,0.14523897739903668,0.07103174603174603,0.7910447761194029,-0.4443127962085308,0.04026294165981923,0.5269761606022585,-0.07594202898550724,0.35719905586152634,0.16819852941176472,-0.03202846975088968,0.7292307692307692,1.3897058823529411,0.0
netIncomeGrowth,0.074,-0.3297587131367292,-0.19845277747931664,1.115708115480791,2.7122362869198313,-0.8056421190749549,-0.0702958218969198,0.05045651129264776,0.24635655819524854,-0.08943828394837303,0.45760466348701645,12.977777777777778,1.7584269662921348,-1.1233968804159444,0.36342155009451793,-0.11686143572621036,0.09757214841960604,0.24814179531160663,2.468513853904282,-2.7936746987951806,-0.2936170212765957,-0.2894935752078609,0.39704329461457233,-0.08236434108527131,1.4688995215311005,-0.4366576819407008,0.15217391304347827,1.6571428571428573,-7.099173553719008,0.0
epsgrowth,0.07518814597901138,-0.4209917024721038,-0.19149209848909032,1.138064807423453,2.745103623694628,-0.7991758681532934,-0.04017701461679181,0.057428283102662105,0.2309950561797753,-0.12217889007904334,0.5086737199232177,13.609347826086957,1.741935483870968,-1.1244979919678715,0.3495934959349595,-0.1276595744680852,0.08184143222506401,0.21052631578947373,2.4451901565995526,-2.7738095238095237,-0.29213483146067415,-0.3019607843137254,0.2655086848635234,-0.07356321839080447,1.4576271186440675,-0.4380952380952381,0.12903225806451607,1.6413793103448278,-7.20754716981132,0.0
epsdilutedGrowth,0.07518814597901138,-0.42031662049861496,-0.18693693693693703,1.1346153846153848,2.7818181818181817,-0.7962962962962964,-0.05594405594405584,0.059259259259259144,0.2949640287769785,-0.0629213483146068,0.44951140065146594,12.34782608695652,1.741935483870968,-1.126530612244898,0.3424657534246577,-0.12470023980815348,0.08031088082901557,0.2062499999999999,2.4317673378076066,-2.7808764940239046,-0.2909604519774012,-0.3017751479289941,0.26750000000000007,-0.07192575406032474,1.4350282485875703,-0.4380952380952381,0.14545454545454542,1.632183908045977,-7.20754716981132,0.0
weightedAverageSharesGrowth,0.0,0.15756769121562578,-0.008609303554274736,-0.010456273764258554,-0.00877668414742063,-0.03219816146572849,-0.03137949651327911,-0.006593051244880642,0.01166803962646025,0.03812890856888734,-0.03385062653871057,-0.03609237740512521,0.004439387278353892,4.3102705125773697e-05,0.010417573994390536,0.0122557663821683,0.014962772050400917,0.03244881365954616,0.016262910798122067,0.011780353410602318,-0.0028797696184305254,0.01707260675196547,0.10515780058775927,-0.008613773592872525,0.005050076387710066,8.48824378236143e-05,0.020776088105687367,0.024577572137939277,-0.01320413970079496,0.0
weightedAverageSharesDilutedGrowth,0.0,0.15537090425531916,-0.012887828162291169,-0.009456264775413711,-0.01764979098931723,-0.04565602836879433,-0.014416775884665793,-0.010376134889753566,-0.047183568550878664,-0.05543190661478599,-0.008487654320987654,0.10827012373972755,0.008033997948399665,-0.015554989816700612,0.016370254092563524,0.009982926234363566,0.015228965102499247,0.03540033697165043,0.016682803306769942,0.014775346710501455,-0.0009061048816400498,0.01568371807653961,0.10145294813313059,-0.010779644021057909,0.013462384151521477,0.0022948550632374163,0.006141301906683565,0.010805195065856083,0.01479007162605079,0.0
dividendsperShareGrowth,0.10958904109589024,-0.09909619042495824,-0.00200869663861636,0.15225783179720107,0.10404612514753118,0.004050959967410853,0.03773144904330515,1.0575798136589276,0.0,0.0,0.0,-1.0,-0.5596846715591297,0.29689841489085705,-0.24722433556764,0.2793209414142118,0.4125560027941667,0.39294491975767876,0.19309677359745733,0.0008676531764426815,-0.0034193856004360486,0.008587238318048356,-0.005308762642579234,-0.005418917723530386,0.009088423542278127,0.014302392748846328,0.023841363578924305,0.0,0.0,0.0
operatingCashFlowGrowth,0.10304054054054054,0.1746031746031746,-0.1051930758988016,-0.04558163178852834,0.1396157188375012,0.19334024657218574,0.08243951110002494,0.11547022815804119,-0.1819733697507682,0.2407512002259249,0.31415847095936167,0.5353276353276353,-0.12425149700598802,-0.33587406793703395,0.3650757747116037,0.1150063051702396,-0.07055789967182373,0.39002932551319647,0.1740627390971691,0.3350357507660878,-0.35229904068805823,-0.12249637155297532,1.5980392156862746,-0.2078853046594982,-0.05902192242833052,0.5855614973262032,-0.28852251109701965,1.1282051282051282,0.9973045822102425,0.0
freeCashFlowGrowth,-0.11756569847856155,0.3719165085388994,-0.09122262459044662,-0.0651297759148799,0.15922257521958513,0.8413626978664831,0.2169179229480737,-0.20664451827242525,-0.3613409717801825,0.4985691573926868,0.19900876858558902,0.4653631284916201,4.755627009646302,-0.899547803617571,0.7813578826237054,0.1602136181575434,-0.3243121335137573,0.6434395848776872,0.4155299055613851,0.7358834244080146,-0.5939349112426036,1.206601466992665,-10.898181818181818,-4.445544554455446,-1.1174418604651162,3.3654822335025383,-0.66553480475382,5.848837209302325,1.8113207547169812,0.0
tenYRevenueGrowthPerShare,0.8943683572418631,0.6906166532604442,1.8977128832792731,1.2291418712843334,1.027830590690112,1.1399237331006546,0.9325126483711681,1.3252457986470298,1.301060195585587,1.4865148517344366,1.9347349547315948,1.007995276257789,0.43535927723611745,1.3200703334494805,1.4626789614803493,1.444402534689577,1.6846147394750572,1.3809213335092942,1.5933059575804978,1.5289864287302652,1.203223677359241,1.4718157354549868,1.3360519740854448,0.9287715342886714,0.8394938810842438,0.6113816726214909,0.3907338307429295,0.3067283866157615,0.07838602801584663,0.0
fiveYRevenueGrowthPerShare,0.45319021627802264,0.16298894729959576,0.34307180793329883,0.5501140699631285,0.46083195972266516,0.30359283734637726,0.45368247667871187,1.1575264004225028,0.4380502148060345,0.3881340541557496,0.6415583699099875,0.3293911699248513,0.07773689267101579,0.6001250664921711,0.7912642113277109,0.7877737450740281,0.5104623241715215,0.3318271713597797,0.44993062232040965,0.3748273124124866,0.3672885293370047,0.7773463770091389,0.7877104362410641,0.7885724445423996,0.8394938810842438,0.6113816726214909,0.3907338307429295,0.3067283866157615,0.07838602801584663,0.0
threeYRevenueGrowthPerShare,0.22792617635859275,-0.08654721551972197,0.15273381391413615,0.3825196526624183,0.26980951712037277,0.30982552836381017,0.14738925452805438,0.1188497400580299,0.2965139996355888,0.8754022585972643,0.4449257685829977,0.09565198943702435,-0.14872088929979949,0.19854942828403307,0.45604828052294255,0.4084555163621134,0.47631655839830206,0.4121205780271558,0.13138891014879706,0.08258996665532391,0.14229375443981096,0.34374773456600816,0.4497198359498637,0.3868732403369539,0.40770943673173604,0.4942531067342539,0.3907338307429295,0.3067283866157615,0.07838602801584663,0.0
tenYOperatingCFGrowthPerShare,0.6750698080507262,1.0655936914687496,2.2423939279320044,2.132109592055083,1.156576507130459,1.5341587443562021,1.2638259565642727,0.8550912803129594,1.2242824089969528,2.1779403733990246,2.508479788909229,0.6754926592906515,-0.09244314702252357,1.4470316134379,1.9441033408623514,1.0402763076518546,1.9366226987373918,1.2351496170179905,2.448417231835616,5.041594276678941,3.578728613757335,6.048843860065318,7.169978752147151,2.4753577598275873,3.3496501645498893,3.645821549235528,1.9303284077782057,3.2042217998617475,1.0240301591908205,0.0
fiveYOperatingCFGrowthPerShare,0.1202410069252886,0.2522695967756076,0.37912312823332966,0.715731539196772,0.43838434413783584,0.4952762822423983,0.6494800295298396,1.3510547111812585,0.8255242854143691,0.4993047692152863,0.6947762593785269,0.37244823582953196,-0.21095358968448177,0.218434850069426,1.1196093273699856,1.0701728440518665,0.22080572188426043,0.15019451468585873,1.0083401367733935,0.3889839523000208,-0.014441565343643808,1.405479140616119,0.9432796700725485,0.7170484066388555,3.3496501645498893,3.645821549235528,1.9303284077782057,3.2042217998617475,1.0240301591908205,0.0
threeYOperatingCFGrowthPerShare,0.010231125560436935,-0.11664947836977392,0.0008643448388261587,0.3673149618742514,0.5842172777890668,0.5472433104012346,0.014635797252038929,0.08515961043789684,0.31451726110064326,1.5894202127966286,0.8889687960184565,-0.07774070458425252,-0.2177541693691323,-0.011732185444173114,0.36274676480552465,0.3580467622354833,0.424337438588608,1.0523305787517243,-0.009809180445666294,-0.26051285321994866,0.3174841067253133,0.620554203994184,0.7585649094704306,0.1859959964223349,0.03459103054289977,1.2953321758272929,1.9303284077782057,3.2042217998617475,1.0240301591908205,0.0
tenYNetIncomeGrowthPerShare,-0.11329675651477174,0.2455738681587717,30.195174913774384,-30.133534873555032,0.6813490454758124,-0.39420868595002717,1.631757805847267,1.9650891790484306,2.3898639828992287,-4.976032919552254,7.036173595155155,2.773518949613772,-0.8182142357981623,-1.3043374590083407,1.2829549918211778,3.1560790672711283,1.6833710194961014,1.8008207155813778,-2.485952270637263,7.4400743886625555,-5.7608975325954,-7.720415677489603,-10.62011102652699,-8.610172701497982,-9.22180385379477,-4.346966743375874,-6.941770633535158,-6.264150936814687,7.207547152927122,0.0
fiveYNetIncomeGrowthPerShare,3.025855668020651,-0.24721729627667052,0.24788905811489614,0.6320842962115649,-0.059570818154698,-0.7797478805490352,0.6546260454684384,23.99835599239798,-18.85050866623772,0.7878529058154957,1.7504448790779576,0.590545376131919,-0.8813886329184961,-1.1899029347724295,-3.2239150137123054,1.9217722762905007,1.3724685923709217,0.5326167185723725,0.6025948170471612,-2.026547767223496,0.4224514008147517,0.13104596120890274,0.8274762904781134,-1.927216445997987,-9.22180385379477,-4.346966743375874,-6.941770633535158,-6.264150936814687,7.207547152927122,0.0
threeYNetIncomeGrowthPerShare,-0.4972253920250398,0.0008979896000586918,5.473946994963338,0.6080538097483259,-0.2781101427239768,-0.7961748731510537,0.2503922749746619,0.14265009183420047,0.6302636587463509,18.189174461895764,-17.519169950707955,0.3510711186646431,-0.874279888860729,-1.1452624332884869,0.2730657028256806,0.14055688863527113,-2.889079928482452,2.09688307568763,0.8147721679040926,-1.8773364845155593,-0.37440348342446056,-0.1826105563941666,1.87427744705458,0.2807920687053145,0.5618480458635452,-1.407791351181238,-6.941770633535158,-6.264150936814687,7.207547152927122,0.0
tenYShareholdersEquityGrowthPerShare,1.6429523335238696,1.6757031137656766,1.4313821213214943,1.34736510210004,0.7657331804623252,0.8563205336294479,1.2353351990084085,1.3264329844640481,1.6828323852129463,1.9694896896354497,1.076267825502821,0.9344025720044664,0.8255242516180736,1.0666850386633908,1.6532833700419076,1.4216858696052033,1.2651195458179447,1.355789208060961,1.27738811696091,0.15245534976332936,0.32547885001587024,0.30010006570879433,0.28482267037274406,0.04640570732135218,-0.05686817054042108,-0.15639493109954788,-0.199581989529957,-0.27113180531008707,-0.3604959151583759,0.0
fiveYShareholdersEquityGrowthPerShare,0.9179423549120294,0.6603931326502591,0.4276049414998792,0.29921529786208034,0.2911454973938105,0.37801447825322915,0.6114877020087505,0.703119715155245,0.8067560518743423,0.36757103210015796,0.34709798984298007,0.38712519879737217,0.36598323873667704,0.48488910964474474,1.1713604777627162,0.5412893799543373,0.39454071894994047,0.3364177537832755,0.3918110283385666,0.2219451340367701,0.5712077829777487,0.6242763764714822,0.7627640768703791,0.6362768153083792,-0.05686817054042108,-0.15639493109954788,-0.199581989529957,-0.27113180531008707,-0.3604959151583759,0.0
threeYShareholdersEquityGrowthPerShare,0.4328161499112617,0.5229317825645303,0.5037445273207827,0.2525769114712522,0.10612737570876143,-0.02940948343885831,0.18425358141390535,0.45150921659391885,0.5536395638025374,0.45906665425788845,0.2725702939722197,0.005003569424527145,0.14808438333061782,0.19279666259501282,0.4573726315737803,0.402738171257325,0.5731997605917982,0.29542604706881115,0.12022069837545178,-0.10302380527813476,0.2666968851010046,0.37849240699867026,0.523014402992352,0.3073240402309959,0.2939676011803774,0.3191550904782329,-0.199581989529957,-0.27113180531008707,-0.3604959151583759,0.0
tenYDividendperShareGrowthPerShare,0.0,0.0,5.994101946313506,2.0858087493020974,2.473164048175098,1.3681196958127297,2.017361906338909,3.107221263584942,1.7805157085292613,-1.0,-1.0,-1.0,0.2987713243684842,1.9339802006323044,1.2500460867385572,2.0161647962897136,1.3913492469056423,0.733285100840051,0.0,0.0,0.0,0.0,0.0,0.0,0.0,0.0,0.0,0.0,0.0,0.0
fiveYDividendperShareGrowthPerShare,0.2691244923129746,0.14841226582993403,0.3228310415081392,1.7273087838752013,0.0,0.0,0.0,4.287222424369206,0.1314482494781936,-1.0,-1.0,-1.0,-0.22317978440731945,1.4574837689762588,1.2607907622282373,2.005878711847857,1.3415550832400602,0.6719072164948453,0.19389606461349904,-0.004752618273745091,0.0034219891844981067,0.021265424854614502,0.03671129817471837,0.0,0.0,0.0,0.0,0.0,0.0,0.0
threeYDividendperShareGrowthPerShare,-0.0023749652492663473,0.03598829558839033,0.2695904393856215,0.27729920605228475,0.1503445838082091,1.143864953177898,0.0,0.0,0.0,-1.0,-1.0,-1.0,-0.5701317841514543,0.248967217495496,0.3603502942941473,1.5172081418927956,1.3475523735628128,0.6633600580712515,0.1900487701471472,0.006010601241859756,-0.00019755202585164128,-0.002203548412483281,-0.0017077253251730456,0.017974427477056687,0.047922934076948046,0.0,0.0,0.0,0.0,0.0
receivablesGrowth,-0.0068143100511073255,0.527850078084331,-0.03341048606219181,-0.015602555847243548,0.1951104007577103,0.014594594594594595,0.15344648423969517,0.15618742490989188,0.08820709491850431,-0.03017751479289941,0.15538626819025295,0.39877049180327867,0.20573216932959973,-0.24339481555333997,0.04574481949693731,0.22552307938029068,0.2544580244439992,0.20294046758255002,0.4204039712427251,0.4339715267550319,0.20603907637655416,-0.21877890841813136,0.16612729234088458,0.16897856242118536,0.27287319422150885,0.36323851203501095,-0.07583417593528817,0.0,0.18870192307692307,0.0
inventoryGrowth,0.19284603421461896,0.5935563816604709,0.03355532786885246,0.018922093174996737,0.19510293200249532,-0.11387506909894969,0.4308878781886494,0.1039074437895656,0.023458445040214475,-0.014747963900506273,0.055039479795634,0.37002863506204264,-0.3034131205673759,0.00804289544235925,0.15688808477642802,0.16536144578313253,0.486123545210385,0.10978638847491307,0.11647254575707154,0.25382475660639775,-0.11014851485148515,-0.0170316301703163,0.4209161624891962,0.0712962962962963,0.18551042810098792,-0.030851063829787233,0.15621156211562115,0.19383259911894274,0.05092592592592592,0.0
assetGrowth,0.0340632603406326,0.6521335807050093,-0.03895872336631898,0.031437737545465694,0.10785878411264672,-0.0007691002657920036,0.22322910902047594,0.0449616885933208,0.08064616922884639,0.07421206323633069,0.07265526552655266,0.1545496113397348,0.03604651162790698,-0.06342643944741354,0.08169720767888307,0.12094683816696826,0.15876569096936896,0.1613083681595314,0.1326922360132692,-0.031758634378721715,0.0018077298528507899,-0.06893998047598209,0.6091761009696116,0.06323791971433508,0.06941364868194136,0.21599760335530258,0.07651374667419172,0.06977747110574435,0.07931483894991621,0.0
bookValueperShareGrowth,0.08089607965152663,0.1799878853471412,0.12338592375718702,0.1488780283867297,0.1651213437200669,-0.06425111100677666,0.014552820597820842,0.0223557898411692,0.14174201600547204,0.2435113500445474,0.09429026369331296,0.072242070896749,0.08456704131097167,-0.13579184882159404,0.22489552693980114,0.12680563033469391,0.055899422765240105,0.17897624410948987,0.2637357307294961,-0.13053659833988984,0.01952063920036753,0.01189066451607491,0.22784371432921924,0.10950099936819134,0.11797790723193236,0.053955630514921235,0.09816564407858296,0.13973970138192318,0.0,0.0
debtGrowth,0.12880678981527707,0.9589242053789732,-0.03231912175270903,-0.034273180094137004,-0.014057220094615904,-0.1350687814192744,0.915,0.09602486504171438,0.14561469265367316,-0.19705063576856519,0.12597424601829887,0.4014009260358542,0.0794566192490068,0.2263083451202263,-0.11759811399251144,-0.026198514517218097,0.2668947818648417,-0.09239130434782608,-0.0041750425235812585,-0.12252374491180461,-0.07272269753397081,-0.18922778741201673,1.4912325285895807,0.16385684708666076,0.06555310431768042,1.3556050482553823,0.255358807082945,-0.3276942355889724,0.4846511627906977,0.0
rdexpenseGrowth,0.0,0.0,0.0,0.0,0.0,0.0,0.0,0.0,0.0,0.0,0.0,0.0,0.0,0.0,0.0,0.0,0.0,0.0,0.0,0.0,0.0,0.0,0.0,0.0,0.0,0.0,0.0,0.0,0.0,0.0
sgaexpensesGrowth,0.0,0.0,-1.0,0.05253199777406789,0.09908256880733946,0.18874509233677475,-0.020370370370370372,0.08736059479553904,-0.001546551190844417,0.0,0.0,0.0,0.0,0.0,0.0,0.0,0.0,0.0,0.0,0.0,0.0,0.0,0.0,0.0,0.0,0.0,0.0,0.0,0.0,0.0
