,2021,2020,2019,2018,2017,2016,2015,2014,2013,2012,2011,2010,2009,2008,2007,2006,2005,2004,2003,2002,2001,2000,1999,1998,1997,1996,1995,1994,1993,1992,1991,1990,1989
reportedCurrency,USD,USD,USD,USD,USD,USD,USD,USD,USD,USD,USD,USD,USD,USD,USD,USD,USD,USD,USD,USD,USD,USD,USD,USD,USD,USD,USD,USD,USD,USD,USD,USD,USD
cik,0000012208,0000012208,0000012208,0000012208,0000012208,0000012208,0000012208,0000012208,0000012208,0000012208,0000012208,0000012208,0000012208,0000012208,0000012208,0000012208,0000012208,0000012208,0000012208,0000012208,0000012208,0000012208,0000012208,0000012208,0000012208,0000012208,0000012208,0000012208,0000012208,0000012208,0000012208,0000012208,0000012208
fillingDate,2022-02-11,2021-02-16,2020-03-02,2019-04-01,2018-04-16,2017-03-01,2016-02-29,2015-03-02,2014-03-18,2013-03-18,2012-02-29,2010-12-31,2010-02-26,2009-02-27,2008-02-29,2007-03-01,2006-03-03,2005-03-03,2003-12-31,2002-12-31,2002-03-28,2001-03-28,1999-12-31,1999-03-25,1998-03-26,1997-03-27,1996-03-22,1994-12-31,1993-12-31,1992-12-31,1991-12-31,1990-12-31,1989-12-31
acceptedDate,2022-02-11 16:35:56,2021-02-12 21:00:53,2020-03-02 07:53:45,2019-03-29 21:07:23,2018-04-13 17:50:43,2017-02-28 20:11:41,2016-02-29 15:29:50,2015-03-02 15:01:26,2014-03-17 18:31:45,2013-03-18 16:27:34,2012-02-29 14:55:58,2010-12-31,2010-02-26 17:18:58,2009-02-27 16:06:27,2008-02-29 17:24:08,2007-02-28 20:48:43,2006-03-03 14:01:52,2005-03-03 16:59:49,2003-12-31,2002-12-31,2002-03-28 00:00:00,2001-03-28 00:00:00,1999-12-31,1999-03-25 00:00:00,1998-03-26 00:00:00,1997-03-27 00:00:00,1996-03-22,1994-12-31,1993-12-31,1992-12-31,1991-12-31,1990-12-31,1989-12-31
calendarYear,2021,2020,2019,2018,2017,2016,2015,2014,2013,2012,2011,2010,2009,2008,2007,2006,2005,2004,2003,2002,2001,2000,1999,1998,1997,1996,1995,1994,1993,1992,1991,1990,1989
period,FY,FY,FY,FY,FY,FY,FY,FY,FY,FY,FY,FY,FY,FY,FY,FY,FY,FY,FY,FY,FY,FY,FY,FY,FY,FY,FY,FY,FY,FY,FY,FY,FY
netIncome,4245902000,3806267000,1758675000,365614000,122249000,28125000,113093000,88845000,77790000,163778000,178223000,185490000,144620000,89510000,92994000,103263000,81553000,68242000,76171000,67863000,44179000,31100000,11700000,24300000,16400000,26200000,25200000,15600000,2800000.0,15600000,8200000.0,10700000,10100000
depreciationAndAmortization,133800000,138100000,134200000,138100000,148700000,142900000,131800000,149900000,147200000,130400000,121000000,108900000,101682000,97100000,67300000,55400000,61000000,56200000,42000000,38000000,41300000,43309000,27500000,21000000,19500000,17900000,16700000,16800000,16600000,13900000,12100000,10300000,7900000.0
deferredIncomeTax,0.0,0.0,0.0,0.0,0.0,0.0,0.0,0.0,0.0,0.0,0.0,0.0,0.0,0.0,-5900000.0,1200000.0,-15000000,2500000.0,-8000000.0,12700000,-1700000.0,3383000.0,-16900000,-5300000.0,-1300000.0,-4900000.0,-1300000.0,3900000.0,3400000.0,-2800000.0,600000.0,-1700000.0,-300000.0
stockBasedCompensation,51200000,41600000,35600000,27800000,23400000,19700000,17000000,14900000,13700000,13200000,10700000,10200000,0.0,7300000.0,0.0,0.0,0.0,0.0,0.0,0.0,0.0,0.0,0.0,0.0,0.0,0.0,0.0,0.0,0.0,0.0,0.0,0.0,0.0
changeInWorkingCapital,1142200000,308071000,233639000,-298023000,98730000,100751000,36957000,66639000,9222000.0,-199628000,120972000,30321000,166017000,466795000,61101000,-195438000,121276000,93119000,159297000,192765000,12065000,51362000,4160000.0,38000000,11600000,7200000.0,7600000.0,23400000,6200000.0,-700000.0,8200000.0,12100000,-6400000.0
accountsReceivables,-20400000,-15000000,1600000.0,59700000,-64100000,12500000,-39000000,11100000,-24200000,4400000.0,-20100000,-37000000,0.0,11100000,0.0,0.0,0.0,0.0,0.0,0.0,0.0,0.0,0.0,0.0,0.0,0.0,0.0,0.0,0.0,0.0,0.0,0.0,0.0
inventory,46100000,-52100000,24200000,-12900000,-47700000,-57100000,-54200000,5800000.0,-33400000,-2200000.0,-44000000,-15900000,0.0,-51900000,4400000.0,-22800000,-18700000,-5500000.0,-8200000.0,-16200000,-14000000,-18915000,4100000.0,-200000.0,-14800000,5300000.0,-1000000.0,1600000.0,9100000.0,-15700000,-8600000.0,-6000000.0,-1600000.0
accountsPayables,69900000,124700000,10600000,-45600000,7800000.0,30100000,28600000,-9900000.0,33200000,19000000,0.0,0.0,0.0,-3600000.0,0.0,0.0,0.0,0.0,0.0,0.0,0.0,0.0,0.0,0.0,0.0,0.0,0.0,0.0,0.0,0.0,0.0,0.0,0.0
otherWorkingCapital,1082300000,1816370000,1508299000,1274660000,1572683000,1473953000,1373202000,1336245000,1269606000,1260384000,1460012000,1339040000,1308719000,1142702000,675907000,614806000,810244000,688968000,595849000,436552000,243787000,231722000,180360000,176200000,138200000,126600000,119400000,111800000,88400000,82200000,82900000,74700000,62600000
otherNonCashItems,-4916581000,-3718710000,-1704217000,52003000,-289194000,-75043000,-112640000,-46972000,-72436000,171148000,-171079000,-109002000,-87245000,-469334000,-23915000,153804000,-140545000,-96968000,-141828000,-206493000,3651000.0,-104907000,18540000,-50700000,-25100000,-13200000,-10000000,-11400000,-6500000.0,-22000000,-25000000,-19300000,-1500000.0
netCashProvidedByOperatingActivities,656521000,575328000,457897000,285494000,103885000,216433000,186210000,273312000,175476000,278898000,259816000,225909000,325074000,191371000,191580000,118229000,108284000,123093000,127640000,104835000,99495000,24247000,45000000,27300000,21100000,33200000,38200000,48300000,22500000,4000000.0,4100000.0,12100000,9800000.0
investmentsInPropertyPlantAndEquipment,-120803000,0.0,0.0,0.0,0.0,0.0,0.0,0.0,0.0,0.0,0.0,0.0,0.0,0.0,-62670000,-52987000,-36055000,-60493000,-69003000,-42224000,-43228000,-31406000,-230100000,-21200000,-54800000,-15200000,-12300000,-9800000.0,-14500000,-20400000,-31000000,-13400000,-13400000
acquisitionsNet,-125516000,12240000,0.0,6964000.0,-76645000,-14165000,-4356000.0,-44627000,-72054000,-39443000,-158538000,-89307000,-35990000,-53014000,-387673000,-46071000,-4344000.0,-58983000,-16375000,-8568000.0,-4650000.0,0.0,0.0,0.0,0.0,0.0,0.0,0.0,0.0,0.0,0.0,0.0,0.0
purchasesOfInvestments,-1305067000,-345112000,-450836000,-370753000,-282656000,-278071000,-294497000,-205746000,-386714000,-683836000,-509310000,-240286000,-147554000,-77800000,-270174000,-334047000,-873822000,-2257694000,-8228000.0,-1887000.0,-567000.0,-326000.0,-2200000.0,-19100000,-8400000.0,-2700000.0,-3100000.0,-1400000.0,-200000.0,-3300000.0,-900000.0,-100000.0,0.0
salesMaturitiesOfInvestments,766896000,368058000,331532000,302324000,299770000,219879000,249487000,196115000,565831000,458347000,384606000,207636000,86473000,78906000,470200000,191415000,942790000,2174538000,1610000.0,493000.0,497000.0,795000.0,6600000.0,16400000,3400000.0,3000000.0,3000000.0,1300000.0,5100000.0,12000000,5100000.0,200000.0,200000.0
otherInvestingActivites,52000.0,-95436000,-89585000,-125513000,-116041000,-141523000,-117503000,-136253000,-112484000,-147872000,-100171000,-94555000,-78881000,-94199000,-4112000.0,33942000,-34741000,16314000,-14998000,-2270000.0,410000.0,40233000,2400000.0,-1400000.0,3900000.0,100000.0,-1500000.0,-3200000.0,800000.0,-400000.0,200000.0,-4300000.0,-3600000.0
netCashUsedForInvestingActivites,-784438000,-60250000,-208889000,-186978000,-175572000,-213880000,-166869000,-190511000,-5421000.0,-412804000,-383413000,-216512000,-175952000,-146107000,-254429000,-207748000,-6172000.0,-186318000,-106994000,-54456000,-47538000,9296000.0,-223300000,-25300000,-55900000,-14800000,-13900000,-13100000,-8800000.0,-12100000,-26600000,-17600000,-16800000
debtRepayment,-3020000.0,-426938000,-643000.0,-2961000.0,-352000.0,-303000.0,-282000.0,-1813000.0,-300228000,-811000.0,-230735000,-207536000,-9126000.0,-13231000,0.0,0.0,0.0,0.0,0.0,0.0,0.0,0.0,0.0,0.0,0.0,0.0,0.0,0.0,0.0,0.0,0.0,0.0,0.0
commonStockIssued,0.0,0.0,0.0,0.0,7294000.0,11280000,8236000.0,15051000,11237000,10611000,14249000,12730000,10286000,12912000,11580000,9923000.0,8915000.0,7464000.0,5309000.0,6257000.0,4942000.0,2388000.0,1600000.0,2100000.0,2200000.0,1500000.0,1100000.0,800000.0,800000.0,900000.0,900000.0,1600000.0,800000.0
commonStockRepurchased,-49998000,-100004000,-28000000,-48912000,-2920000.0,0.0,0.0,0.0,0.0,-101000.0,0.0,0.0,0.0,0.0,0.0,0.0,0.0,0.0,0.0,0.0,-261000.0,-378000.0,-2200000.0,-4700000.0,-5300000.0,-1900000.0,0.0,0.0,0.0,0.0,0.0,-500000.0,0.0
dividendsPaid,0.0,0.0,0.0,0.0,0.0,0.0,0.0,0.0,0.0,0.0,0.0,0.0,0.0,0.0,0.0,0.0,0.0,0.0,0.0,0.0,0.0,0.0,0.0,0.0,0.0,0.0,0.0,0.0,0.0,0.0,0.0,0.0,0.0
otherFinancingActivites,-2411000.0,3901000.0,5885000.0,3193000.0,-3681000.0,-1957000.0,627000.0,-1549000.0,-22706000,2889000.0,2926000.0,423551000,292773000,6650000.0,-19030000,239000.0,-7625000.0,185763000,102860000,-84461000,-24843000,-43616000,182900000,1700000.0,36600000,-24800000,-14200000,-33700000,-16000000,800000.0,24500000,6300000.0,5200000.0
netCashUsedProvidedByFinancingActivities,-55429000,-523041000,-22758000,-48680000,341000.0,9020000.0,8581000.0,11689000,-311697000,12588000,-213560000,228745000,293933000,6331000.0,-7450000.0,10162000,1290000.0,193227000,108169000,-78204000,-20162000,-41606000,182300000,-900000.0,33500000,-25200000,-13100000,-32900000,-15200000,1700000.0,25400000,7400000.0,6000000.0
effectOfForexChangesOnCash,-12636000,12427000,2237000.0,-655000.0,-1094000.0,-12858000,16376000,-12790000,9805000.0,10475000,4837000.0,18471000,2359000.0,-8835000.0,8456000.0,6248000.0,-2420000.0,337000.0,-7906000.0,8429000.0,1380000.0,4930000.0,3100000.0,-1900000.0,2800000.0,1500000.0,-200000.0,-1700000.0,1900000.0,4200000.0,-100000.0,-2800000.0,-100000.0
netChangeInCash,-195982000,4464000.0,228487000,49181000,-72440000,-1285000.0,44298000,81700000,-131837000,-110843000,-332320000,256613000,445414000,42760000,-61843000,-73109000,100982000,130339000,120909000,-19396000,33175000,-3133000.0,7000000.0,-900000.0,33500000,-5400000.0,-13100000,-32900000,-15200000,1700000.0,25400000,7400000.0,6000000.0
cashAtEndOfPeriod,471133000,667115000,662651000,434164000,383824000,456264000,457549000,413251000,331551000,463388000,574231000,906551000,649938000,204524000,161764000,223607000,296716000,195734000,148642000,27733000,47129000,13954000,17100000,0.0,0.0,9400000.0,0.0,0.0,0.0,0.0,0.0,0.0,0.0
cashAtBeginningOfPeriod,667115000,662651000,434164000,384983000,456264000,457549000,413251000,331551000,463388000,574231000,906551000,649938000,204524000,161764000,223607000,296716000,195734000,65395000,27733000,47129000,13954000,17087000,10100000,10800000,9400000.0,14800000,3800000.0,3100000.0,2700000.0,4800000.0,2000000.0,2900000.0,4000000.0
operatingCashFlow,656521000,575328000,457897000,285494000,103885000,216433000,186210000,273312000,175476000,278898000,259816000,225909000,325074000,191371000,191580000,118229000,108284000,123093000,127640000,104835000,99495000,24247000,45000000,27300000,21100000,33200000,38200000,48300000,22500000,4000000.0,4100000.0,12100000,9800000.0
capitalExpenditure,-120803000,-98920000,-98532000,-129828000,-115127000,-141571000,-113372000,-136478000,-113698000,-154197000,-103324000,-91344000,-76361000,-88809000,-62670000,-52987000,-36055000,-60493000,-69003000,-42224000,-43228000,-31406000,-230100000,-21200000,-54800000,-15200000,-12300000,-9800000.0,-14500000,-20400000,-31000000,-13400000,-13400000
freeCashFlow,535718000,476408000,359365000,155666000,-11242000,74862000,72838000,136834000,61778000,124701000,156492000,134565000,248713000,102562000,128910000,65242000,72229000,62600000,58637000,62611000,56267000,-7159000.0,-185100000,6100000.0,-33700000,18000000,25900000,38500000,8000000.0,-16400000,-26900000,-1300000.0,-3600000.0
link,https://www.sec.gov/Archives/edgar/data/12208/000001220822000011/0000012208-22-000011-index.htm,https://www.sec.gov/Archives/edgar/data/12208/000001220821000012/0000012208-21-000012-index.htm,https://www.sec.gov/Archives/edgar/data/12208/000001220820000012/0000012208-20-000012-index.html,https://www.sec.gov/Archives/edgar/data/12208/000001220819000014/0000012208-19-000014-index.html,https://www.sec.gov/Archives/edgar/data/12208/000001220818000014/a10k123117.htm,https://www.sec.gov/Archives/edgar/data/12208/000001220817000012/0000012208-17-000012-index.html,https://www.sec.gov/Archives/edgar/data/12208/000001220816000053/0000012208-16-000053-index.html,https://www.sec.gov/Archives/edgar/data/12208/000001220815000012/a10k123114.htm,https://www.sec.gov/Archives/edgar/data/12208/000001220814000020/a10k123113.htm,https://www.sec.gov/Archives/edgar/data/12208/000001220813000007/0000012208-13-000007-index.html,https://www.sec.gov/Archives/edgar/data/12208/000001220812000008/0000012208-12-000008-index.html,,https://www.sec.gov/Archives/edgar/data/12208/000001220810000013/0000012208-10-000013-index.html,https://www.sec.gov/Archives/edgar/data/12208/000001220809000011/0000012208-09-000011-index.html,https://www.sec.gov/Archives/edgar/data/12208/000001220808000008/f10k12312007.htm,https://www.sec.gov/Archives/edgar/data/12208/000001220807000011/f10k123106.htm,https://www.sec.gov/Archives/edgar/data/12208/000001220806000009/f10k123105.htm,https://www.sec.gov/Archives/edgar/data/12208/000001220805000010/f10k123104.htm,,,https://www.sec.gov/Archives/edgar/data/12208/000001220802000003/0000012208-02-000003-index.html,https://www.sec.gov/Archives/edgar/data/12208/000001220801500015/0000012208-01-500015-index.html,,https://www.sec.gov/Archives/edgar/data/12208/000001220899000001/0000012208-99-000001-index.html,https://www.sec.gov/Archives/edgar/data/12208/000001220898000001/0000012208-98-000001-index.html,https://www.sec.gov/Archives/edgar/data/12208/000001220897000003/0000012208-97-000003-index.html,https://www.sec.gov/Archives/edgar/data/12208/0000012208-96-000001-index.html,,,,,,
finalLink,https://www.sec.gov/Archives/edgar/data/12208/000001220822000011/bio-20211231.htm,https://www.sec.gov/Archives/edgar/data/12208/000001220821000012/bio-20201231.htm,https://www.sec.gov/Archives/edgar/data/12208/000001220820000012/a10k123119.htm,https://www.sec.gov/Archives/edgar/data/12208/000001220819000014/a10k123118.htm,https://www.sec.gov/Archives/edgar/data/12208/000001220818000014/a10k123117.htm,https://www.sec.gov/Archives/edgar/data/12208/000001220817000012/a10k123116.htm,https://www.sec.gov/Archives/edgar/data/12208/000001220816000053/a10k123115.htm,https://www.sec.gov/Archives/edgar/data/12208/000001220815000012/a10k123114.htm,https://www.sec.gov/Archives/edgar/data/12208/000001220814000020/a10k123113.htm,https://www.sec.gov/Archives/edgar/data/12208/000001220813000007/a10k123112.htm,https://www.sec.gov/Archives/edgar/data/12208/000001220812000008/a10k123111.htm,,https://www.sec.gov/Archives/edgar/data/12208/000001220810000013/b10k12312009.htm,https://www.sec.gov/Archives/edgar/data/12208/000001220809000011/f10k12312008.htm,https://www.sec.gov/Archives/edgar/data/12208/000001220808000008/f10k12312007.htm,https://www.sec.gov/Archives/edgar/data/12208/000001220807000011/f10k123106.htm,https://www.sec.gov/Archives/edgar/data/12208/000001220806000009/f10k123105.htm,https://www.sec.gov/Archives/edgar/data/12208/000001220805000010/f10k123104.htm,,,https://www.sec.gov/Archives/edgar/data/12208/000001220802000003/r10k01.txt,https://www.sec.gov/Archives/edgar/data/12208/000001220801500015/r10k00.txt,,https://www.sec.gov/Archives/edgar/data/12208/0000012208-99-000001.txt,https://www.sec.gov/Archives/edgar/data/12208/0000012208-98-000001.txt,https://www.sec.gov/Archives/edgar/data/12208/0000012208-97-000003.txt,https://www.sec.gov/Archives/edgar/data/12208/,,,,,,
