,2021,2020,2019,2018,2017,2016,2015,2014,2013,2012,2011,2010,2009,2008,2007,2006,2005,2004,2003,2002,2001,2000,1999,1998,1997,1996,1995,1994,1993,1992,1991,1990,1989,1988,1987,1986,1985
reportedCurrency,USD,USD,USD,USD,USD,USD,USD,USD,USD,USD,USD,USD,USD,USD,USD,USD,USD,USD,USD,USD,USD,USD,USD,USD,USD,USD,USD,USD,USD,USD,USD,USD,USD,USD,USD,USD,USD
cik,0000875045,0000875045,0000875045,0000875045,0000875045,0000875045,0000875045,0000875045,0000875045,0000875045,0000875045,0000875045,0000875045,0000875045,0000875045,0000875045,0000875045,0000875045,0000875045,0000875045,0000875045,0000875045,0000875045,0000875045,0000875045,0000875045,0000875045,0000875045,0000875045,0000875045,0000875045,0000875045,0000875045,0000875045,0000875045,0000875045,0000875045
fillingDate,2022-02-03,2021-02-03,2020-02-06,2019-02-06,2018-02-01,2017-02-02,2016-02-03,2015-02-04,2014-02-06,2013-02-05,2012-02-03,2011-02-04,2010-02-09,2009-02-06,2008-02-14,2007-02-21,2006-03-03,2005-03-31,2004-03-10,2003-03-31,2002-04-01,2000-12-31,1999-12-31,1998-12-31,1997-12-31,1996-12-31,1995-12-31,1994-12-31,1993-12-31,1992-12-31,1991-12-31,1990-12-31,1989-12-31,1988-12-31,1987-12-31,1986-12-31,1985-12-31
acceptedDate,2022-02-03 17:24:29,2021-02-03 16:30:07,2020-02-06 16:32:39,2019-02-06 17:21:15,2018-02-01 16:35:03,2017-02-02 16:24:00,2016-02-03 16:25:52,2015-02-04 16:39:52,2014-02-06 17:28:12,2013-02-05 06:42:21,2012-02-03 17:19:40,2011-02-04 17:06:26,2010-02-09 17:21:42,2009-02-06 17:15:32,2008-02-14 17:07:02,2007-02-21 17:10:26,2006-03-03 17:18:32,2005-03-31 17:25:18,2004-03-10 14:23:45,2003-03-28 20:18:09,2002-04-01 00:00:00,2000-12-31,1999-12-31,1998-12-31,1997-12-31,1996-12-31,1995-12-31,1994-12-31,1993-12-31,1992-12-31,1991-12-31,1990-12-31,1989-12-31,1988-12-31,1987-12-31,1986-12-31,1985-12-31
calendarYear,2021,2020,2019,2018,2017,2016,2015,2014,2013,2012,2011,2010,2009,2008,2007,2006,2005,2004,2003,2002,2001,2000,1999,1998,1997,1996,1995,1994,1993,1992,1991,1990,1989,1988,1987,1986,1985
period,FY,FY,FY,FY,FY,FY,FY,FY,FY,FY,FY,FY,FY,FY,FY,FY,FY,FY,FY,FY,FY,FY,FY,FY,FY,FY,FY,FY,FY,FY,FY,FY,FY,FY,FY,FY,FY
revenue,10981700000,13444600000,14377900000,13452900000,12273900000,11448800000,10763800000,9703324000,6932199000,5516461000,5048634000,4716423000,4377348000,4097507000,3171617000,1872185000,1713619000,1595819000,679183000,1148364000,1043360000,926452000,794435000,557587000,434044000,277090000,151691000,156344000,136400000,123700000,61400000,50100000,28500000,20600000,8600000.0,6400000.0,15100000
costOfRevenue,2109700000,1805200000,1955400000,1816300000,1630000000,1478700000,1240400000,1171036000,857726000,545494000,466780000,400262000,382104000,401989000,335192000,274383000,373614000,554319000,284739000,160159000,136510000,125198000,111005000,74509000,50188000,28525000,10504000,9948000.0,5500000.0,2200000.0,43300000,35400000,25200000,21100000,21000000,23300000,4500000.0
grossProfit,8872000000,11639400000,12422500000,11636600000,10643900000,9970100000,9523400000,8532288000,6074473000,4970967000,4581854000,4316161000,3995244000,3695518000,2836425000,1597802000,1340005000,1041500000,394444000,988205000,906850000,801254000,683430000,483078000,383856000,248565000,141187000,146396000,130900000,121500000,18100000,14700000,3300000.0,-500000.0,-12400000,-16900000,10600000
grossProfitRatio,0.8078894888769498,0.8657304791514809,0.8639996105133573,0.8649882181537066,0.8671978751660027,0.8708423590245266,0.8847618870659061,0.8793159952197824,0.8762692761705196,0.9011152258667287,0.907543307754137,0.9151344143644452,0.9127087908021021,0.901894249356987,0.8943151080347974,0.8534423681420372,0.7819737059404687,0.6526429375762539,0.5807624749147137,0.8605328972346747,0.8691630884833614,0.8648629394723094,0.8602717654685406,0.8663724225995226,0.8843711697431597,0.8970551084485185,0.9307539669459625,0.936371079158778,0.9596774193548387,0.9822150363783346,0.2947882736156352,0.2934131736526946,0.11578947368421053,-0.024271844660194174,-1.441860465116279,-2.640625,0.7019867549668874
researchAndDevelopmentExpenses,2501200000,3990900000,2280600000,2597200000,2253600000,1973300000,2012800000,1893422000,1444053000,1334919000,1219602000,1248604000,1283068000,1072058000,925164000,1048910000,747671000,687663000,1056337000,367567000,314556000,302840000,221153000,177228000,145501000,132384000,87448000,91213000,0.0,0.0,0.0,0.0,0.0,0.0,0.0,0.0,0.0
generalAndAdministrativeExpenses,0.0,0.0,0.0,0.0,0.0,0.0,0.0,0.0,0.0,0.0,0.0,0.0,0.0,0.0,0.0,0.0,0.0,0.0,0.0,0.0,232096000,170058000,146026000,115211000,90098000,73632000,40293000,24686000,102500000,85800000,14300000,10100000,9000000.0,8300000.0,8000000.0,8100000.0,39000000
sellingAndMarketingExpenses,0.0,0.0,0.0,0.0,0.0,0.0,0.0,0.0,0.0,0.0,0.0,0.0,0.0,0.0,0.0,0.0,0.0,0.0,0.0,0.0,0.0,0.0,0.0,0.0,0.0,0.0,0.0,0.0,0.0,0.0,0.0,0.0,0.0,0.0,0.0,0.0,0.0
sellingGeneralAndAdministrativeExpenses,2674300000,2504500000,2374700000,2106300000,1935500000,1947900000,2113100000,2232342000,1712051000,1277465000,1373904000,1289611000,1126938000,925305000,776103000,685067000,644758000,578487000,174596000,324001000,232096000,170058000,146026000,115211000,90098000,73632000,40293000,24686000,102500000,85800000,14300000,10100000,9000000.0,8300000.0,8000000.0,8100000.0,39000000
otherExpenses,888500000,697700000,731500000,932300000,927000000,395800000,382600000,489761000,428305000,520099000,244631000,208928000,289811000,459544000,271574000,257316000,302305000,347677000,33180000,0.0,0.0,0.0,0.0,0.0,-711000.0,1720000.0,6001000.0,32404000,6700000.0,7100000.0,5100000.0,3800000.0,3300000.0,3100000.0,3800000.0,4100000.0,4500000.0
operatingExpenses,6064000000,7193100000,5386800000,5635800000,5116100000,4317000000,4508500000,4615525000,3584409000,3132483000,2838137000,2747143000,2699817000,2456907000,1972841000,1991293000,1694734000,1613827000,1264113000,691568000,546652000,472898000,367179000,292439000,234888000,207736000,133742000,148303000,109200000,92900000,19400000,13900000,12300000,11400000,11800000,12200000,43500000
costAndExpenses,8173700000,8998300000,7342200000,7452100000,6746100000,5795700000,5748900000,5786561000,4442135000,3677977000,3304917000,3147405000,3081921000,2858896000,2308033000,2265676000,2068348000,2168146000,1548852000,851727000,683162000,598096000,478184000,366948000,285076000,236261000,144246000,158251000,114700000,95100000,62700000,49300000,37500000,32500000,32800000,35500000,48000000
interestIncome,11000000,42000000,120000000,112500000,78500000,63400000,22100000,12200000,8200000.0,29500000,19200000,22300000,48500000,72100000,103600000,101219000,62751000,57225000,33610000,41217000,0.0,0.0,0.0,0.0,0.0,0.0,0.0,0.0,0.0,0.0,0.0,0.0,0.0,0.0,0.0,0.0,0.0
interestExpense,253600000,222500000,187400000,200600000,250800000,260000000,95500000,29500000,31900000,36500000,33000000,36100000,35800000,52000000,40500000,871000.0,9647000.0,18898000,15182000,3546000.0,0.0,0.0,0.0,0.0,0.0,0.0,0.0,0.0,0.0,0.0,0.0,0.0,0.0,0.0,0.0,0.0,0.0
depreciationAndAmortization,487700000,457200000,680600000,1016600000,1081000000,682700000,600400000,688150000,531740000,365648000,358933000,354101000,427961000,462059000,380293000,375870000,402208000,439435000,61308000,45100000,36913000,38824000,31099000,24590000,19296000,15264000,10916000,8056000.0,-6700000.0,-7100000.0,-5100000.0,-3800000.0,-3300000.0,3100000.0,3800000.0,4100000.0,4500000.0
ebitda,2349900000,5672600000,7914500000,7073500000,6329600000,5882800000,5404500000,4642376000,3026995000,2252735000,2070889000,1726807000,1789510000,1663002000,1331388000,872683000,668050000,522426000,-804134000,325241000,426410000,525929000,360115000,234783000,168264000,56093000,18361000,6149000.0,27900000,32800000,2400000.0,4200000.0,100000.0,2200000.0,-18600000,-23700000,-14200000
ebitdaratio,0.21398326306491708,0.42192404385403803,0.550462863144131,0.5257974117104862,0.5156959075762391,0.5138355111452728,0.5020996302421078,0.47843151480873974,0.4366572569541065,0.4083659795655222,0.4101879835218794,0.3661264055408092,0.40881145387572565,0.4058570247714037,0.41978208592021043,0.4661307509674525,0.38984745150468103,0.32737171320807684,-1.1839725081458163,0.28322117377416917,0.40868923477994173,0.567680786484351,0.4532969972370301,0.42106971647473845,0.3876657666043074,0.20243603161427695,0.12104211851724889,0.03932993910863225,0.20454545454545456,0.2651576394502829,0.03908794788273615,0.08383233532934131,0.0035087719298245615,0.10679611650485436,-2.1627906976744184,-3.703125,-0.9403973509933775
operatingIncome,2840700000,4550100000,7042600000,5888600000,5344200000,5150400000,4891000000,3972414000,2515509000,1855849000,1724691000,1248889000,1295427000,1213611000,779772000,440020000,236040000,43416000,-869669000,296637000,360198000,328356000,316251000,190639000,148968000,40829000,7445000.0,-1907000.0,0.0,0.0,0.0,0.0,0.0,0.0,0.0,0.0,0.0
operatingIncomeRatio,0.25867579700774923,0.3384332743257516,0.48982118390029145,0.43771974815838965,0.4354117273238335,0.44986374117811473,0.45439342982961406,0.40938692761367135,0.36287316622041577,0.3364202157868967,0.3416153755649548,0.2647957996982035,0.2959387738877512,0.2961827765028833,0.24585944645901445,0.23503019199491504,0.13774357077039878,0.027206092921565665,-1.280463439161463,0.2583126952778039,0.3452288759392731,0.35442311096527396,0.39808291427240744,0.3419000084291779,0.34320944420381344,0.1473492367100942,0.049080037708235824,-0.012197462006856676,0.0,0.0,0.0,0.0,0.0,0.0,0.0,0.0,0.0
totalOtherIncomeExpensesNet,-1095500000,497400000,83300000,11000000,-215400000,-217400000,-123700000,-25781000,-34930000,-744000.0,-13477000,-18983000,37252000,-64668000,130823000,52143000,20155000,20677000,-10955000,-20042000,29299000,158749000,12765000,19554000,0.0,0.0,0.0,0.0,12900000,11300000,8800000.0,7200000.0,12400000,11000000,1800000.0,1300000.0,14200000
incomeBeforeTax,1745200000,5047500000,7125900000,5899600000,5128800000,4933000000,4767300000,3946633000,2480579000,1855105000,1711214000,1229906000,1332679000,1148943000,910595000,492163000,256195000,64093000,-880624000,276595000,389497000,487105000,329016000,210193000,148968000,40829000,7445000.0,-1907000.0,34600000,39900000,7500000.0,8000000.0,3400000.0,-900000.0,-22400000,-27800000,-18700000
incomeBeforeTaxRatio,0.15891892876330624,0.37542954048465554,0.495614797710375,0.4385374157244906,0.41786229315865375,0.4308748515128223,0.4429012058938293,0.40673000303813417,0.35783436107359295,0.3362853467105088,0.3389459406247314,0.2607709274592207,0.3044489494552409,0.2804004971803587,0.28710749122608437,0.26288160625151896,0.14950522840841518,0.04016307613833398,-1.2965931126073533,0.2408600408929573,0.37331026683024077,0.5257746758601632,0.4141509374586971,0.3769689752451187,0.34320944420381344,0.1473492367100942,0.049080037708235824,-0.012197462006856676,0.2536656891495601,0.322554567502021,0.12214983713355049,0.1596806387225549,0.11929824561403508,-0.043689320388349516,-2.604651162790698,-4.34375,-1.2384105960264902
incomeTaxExpense,52500000,992300000,1158000000,1425600000,2458700000,1237300000,1161600000,989942000,601014000,470554000,444528000,331333000,355617000,365776000,272423000,278431000,95484000,39007000,-5527000.0,77447000,116814000,153528000,108566000,71496000,59801000,299000.0,1785000.0,2990000.0,2200000.0,1600000.0,300000.0,300000.0,200000.0,300000.0,200000.0,400000.0,400000.0
netIncome,1556100000,4000600000,5888500000,4430700000,2539100000,3702800000,3547000000,2934784000,1862341000,1380033000,1234428000,1005273000,970132000,783167000,638172000,217511000,160711000,25086000,-875097000,199148000,272683000,333577000,220450000,138697000,89167000,40530000,5660000.0,-4897000.0,32400000,38300000,7200000.0,7700000.0,3200000.0,-1200000.0,-22600000,-28200000,-19100000
netIncomeRatio,0.14169937259258586,0.29756184639185995,0.4095521599120873,0.3293490622839685,0.2068698620650323,0.32342254210048216,0.3295304632193092,0.3024514073733908,0.26865082782534083,0.25016636571889117,0.24450732614010048,0.21314309594368444,0.22162551389562812,0.191132559383059,0.20121345042607602,0.1161802920117403,0.09378455771090306,0.015719827875216426,-1.2884553942015629,0.17341888112131693,0.26135082809385063,0.3600585891120101,0.27749280935507625,0.24874503889079194,0.20543308973283814,0.14627016492836262,0.037312694886314945,-0.03132195671084276,0.2375366568914956,0.30962004850444624,0.11726384364820847,0.1536926147704591,0.11228070175438597,-0.05825242718446602,-2.627906976744186,-4.40625,-1.2649006622516556
eps,9.67,24.86,31.47,21.63,11.94,16.96,15.38,12.42,7.86,5.8,5.09,3.98,3.37,2.67,2.02,0.64,0.48,0.07,-4.92,1.33,1.84,0.746667,0.49,0.313333,0.201667,0.091667,0.026667,-0.025,0.043333,0.046667,0.006667,0.003333,0.001667,-0.003333,-0.043333,-0.06,-0.043333
epsdiluted,9.65,24.8,31.42,21.58,11.92,16.93,15.34,12.37,7.81,5.76,5.04,3.94,3.35,2.65,1.99,0.63,0.47,0.07,-4.92,1.31,1.78,0.72,0.466667,0.3,0.195,0.091667,0.026667,-0.025,0.04,0.045,0.006667,0.003333,0.001667,-0.003333,-0.043333,-0.06,-0.043333
weightedAverageShsOut,160900000,160900000,187100000,204900000,212600000,218400000,230700000,236359000,236919000,237938000,242395000,252307000,287356000,292332000,315836000,338585000,335586000,334996000,177982000,149337000,148355000,446229000,449763000,442608000,442872000,439326000,218670000,196644000,747692308,820714286,675000000,540000000,120000000,360000000,521538462,470000000,440769231
weightedAverageShsOutDil,161300000,161300000,187400000,205300000,213000000,218800000,231200000,237176000,238308000,239740000,245033000,254867000,289476000,294984000,320171000,345281000,346163000,343475000,177982000,151930000,152916000,463806000,473364000,462810000,459000000,922857143,705000000,196644000,810000000,851111111,675000000,540000000,120000000,360000000,521538462,470000000,440769231
link,https://www.sec.gov/Archives/edgar/data/875045/000087504522000007/0000875045-22-000007-index.htm,https://www.sec.gov/Archives/edgar/data/875045/000087504521000010/0000875045-21-000010-index.htm,https://www.sec.gov/Archives/edgar/data/875045/000087504520000005/0000875045-20-000005-index.htm,https://www.sec.gov/Archives/edgar/data/875045/000087504519000006/0000875045-19-000006-index.htm,https://www.sec.gov/Archives/edgar/data/875045/000087504518000005/0000875045-18-000005-index.htm,https://www.sec.gov/Archives/edgar/data/875045/000087504517000009/0000875045-17-000009-index.htm,https://www.sec.gov/Archives/edgar/data/875045/000087504516000042/0000875045-16-000042-index.htm,https://www.sec.gov/Archives/edgar/data/875045/000087504515000005/0000875045-15-000005-index.htm,https://www.sec.gov/Archives/edgar/data/875045/000087504514000004/0000875045-14-000004-index.htm,https://www.sec.gov/Archives/edgar/data/875045/000087504513000006/0000875045-13-000006-index.htm,https://www.sec.gov/Archives/edgar/data/875045/000119312512039072/0001193125-12-039072-index.htm,https://www.sec.gov/Archives/edgar/data/875045/000095012311009300/0000950123-11-009300-index.htm,https://www.sec.gov/Archives/edgar/data/875045/000095012310010528/0000950123-10-010528-index.htm,https://www.sec.gov/Archives/edgar/data/875045/000095013509000730/0000950135-09-000730-index.htm,https://www.sec.gov/Archives/edgar/data/875045/000095013508001029/0000950135-08-001029-index.htm,https://www.sec.gov/Archives/edgar/data/875045/000095013507000981/0000950135-07-000981-index.htm,https://www.sec.gov/Archives/edgar/data/875045/000095013506001384/0000950135-06-001384-index.htm,https://www.sec.gov/Archives/edgar/data/875045/000095013505001792/0000950135-05-001792-index.htm,https://www.sec.gov/Archives/edgar/data/875045/000095013504001180/0000950135-04-001180-index.htm,https://www.sec.gov/Archives/edgar/data/875045/000104746903011017/0001047469-03-011017-index.htm,https://www.sec.gov/Archives/edgar/data/875045/000091205702012961/0000912057-02-012961-index.htm,,,,,,,,,,,,,,,,
finalLink,https://www.sec.gov/Archives/edgar/data/875045/000087504522000007/biib-20211231.htm,https://www.sec.gov/Archives/edgar/data/875045/000087504521000010/biib-20201231.htm,https://www.sec.gov/Archives/edgar/data/875045/000087504520000005/biib-20191231x10k.htm,https://www.sec.gov/Archives/edgar/data/875045/000087504519000006/biib-20181231x10k.htm,https://www.sec.gov/Archives/edgar/data/875045/000087504518000005/biib-20171231x10k.htm,https://www.sec.gov/Archives/edgar/data/875045/000087504517000009/biib-20161231x10k.htm,https://www.sec.gov/Archives/edgar/data/875045/000087504516000042/biib-20151231x10k.htm,https://www.sec.gov/Archives/edgar/data/875045/000087504515000005/biib-20141231x10k.htm,https://www.sec.gov/Archives/edgar/data/875045/000087504514000004/biib-20131231x10k.htm,https://www.sec.gov/Archives/edgar/data/875045/000087504513000006/biib-20121231x10k.htm,https://www.sec.gov/Archives/edgar/data/875045/000119312512039072/d272629d10k.htm,https://www.sec.gov/Archives/edgar/data/875045/000095012311009300/b83162e10vk.htm,https://www.sec.gov/Archives/edgar/data/875045/000095012310010528/b77985e10vk.htm,https://www.sec.gov/Archives/edgar/data/875045/000095013509000730/b73435bie10vk.htm,https://www.sec.gov/Archives/edgar/data/875045/000095013508001029/b68103bie10vk.htm,https://www.sec.gov/Archives/edgar/data/875045/000095013507000981/b63632bie10vk.htm,https://www.sec.gov/Archives/edgar/data/875045/000095013506001384/b58456bie10vk.htm,https://www.sec.gov/Archives/edgar/data/875045/000095013505001792/b53275bie10vk.htm,https://www.sec.gov/Archives/edgar/data/875045/000095013504001180/b48790bie10vk.htm,https://www.sec.gov/Archives/edgar/data/875045/000104746903011017/a2106647z10-k.htm,https://www.sec.gov/Archives/edgar/data/875045/000091205702012961/a2074782z10-k.htm,,,,,,,,,,,,,,,,
