,2021,2020,2019,2018,2017,2016,2015,2014,2013
period,FY,FY,FY,FY,FY,FY,FY,FY,FY
currentRatio,1.85894876912841,2.1955896452540746,1.9759368836291913,1.7887864823348694,2.2411024305555554,1.9304003724394785,1.644151196600313,1.8811267605633804,1.9302752293577983
quickRatio,1.1814703925482368,1.5877277085330777,1.3512820512820514,1.168778801843318,1.6553819444444444,1.3324022346368716,1.125251621561172,0.9782159624413146,0.9936799184505607
cashRatio,0.6618429807052562,0.9211888782358582,0.7007889546351085,0.5449308755760369,1.01171875,0.7271880819366853,0.44665622903153657,0.5455399061032864,0.4636085626911315
daysOfSalesOutstanding,39.76633884355165,46.64656788852531,42.178346180798876,43.411977889226485,44.95432273067021,42.403932082216265,53.54721725255065,39.699759240900725,45.85427135678392
daysOfInventoryOutstanding,83.5163909774436,67.0504834209331,61.50558781294875,65.65034650924025,65.5485658653486,64.50292397660819,62.845031213092625,48.91901519949335,104.89585062240664
operatingCycle,123.28272982099526,113.69705130945842,103.68393399374762,109.06232439846673,110.5028885960188,106.90685605882445,116.39224846564328,88.61877444039408,150.75012197919057
daysOfPayablesOutstanding,56.88511278195489,52.20037635455195,50.36211525254418,55.04042607802875,51.47120497266532,52.60233918128655,53.9155559304876,50.73939202026599,64.00373443983402
cashConversionCycle,66.39761703904037,61.49667495490647,53.32181874120344,54.02189832043798,59.03168362335349,54.30451687753789,62.47669253515568,37.87938242012809,86.74638753935655
grossProfitMargin,0.42020645881286184,0.433398286701717,0.4387876664330764,0.4295127576234579,0.44551947512665063,0.44222520107238605,0.42681688506358495,0.4036727564556484,0.4177618863548512
operatingProfitMargin,0.18490618678942597,0.14835104231773227,0.19800280308339174,0.19248087271662334,0.20272402624366748,0.19012511170688115,0.1733958706058701,0.15403861587121748,0.11393505991495942
pretaxProfitMargin,0.18274394922229198,0.13434317438141108,0.1665031534688157,0.17395760881502362,0.16431359521634414,0.13181411974977658,0.10120400367487066,0.12646933862059198,0.10794356397371473
netProfitMargin,0.16844528143963172,0.11555571896025589,0.14078486334968465,0.1592048907273859,0.11348725188937796,0.10236818588025022,0.0744161307480296,0.0827078317518765,0.0156068805566293
effectiveTaxRate,0.07767175572519083,0.13929939792008758,0.15382996632996632,0.08375420875420875,0.3007328784432651,0.21627118644067797,0.2608695652173913,0.3142963792459873,0.7833482542524619
returnOnAssets,0.1583087512291052,0.10239786277448361,0.1354138581827986,0.15475766849334566,0.10751376868607396,0.10194001957817923,0.06800707026071587,0.0869090728706781,0.01614515645306408
returnOnEquity,0.6362798050322751,0.37894863756932723,0.5304990757855823,0.6680491551459293,0.6805278884462151,2.0220653133274493,6.01171875,-36.5,-0.3721198156682028
returnOnCapitalEmployed,0.21642583068005553,0.1583657129400683,0.22969677262011218,0.2296671617017559,0.2345762060349798,0.23407415557267025,0.19747783468252658,0.21996764190373466,0.1561485994305013
netIncomePerEBT,0.9217557251908397,0.8601532567049809,0.8455387205387206,0.9151936026936027,0.690674753601213,0.7766101694915254,0.7353081700907788,0.6539753639417694,0.14458370635631154
ebtPerEbit,0.988306299509619,0.9055762081784386,0.8409131127234117,0.9037656903765691,0.8105284719377305,0.6933019976498237,0.5836586726157278,0.8210235979160282,0.9474130619168787
ebitPerRevenue,0.18490618678942597,0.14835104231773227,0.19800280308339174,0.19248087271662334,0.20272402624366748,0.19012511170688115,0.1733958706058701,0.15403861587121748,0.11393505991495942
debtRatio,0.7501147164863979,0.7287417736365414,0.7447425181989754,0.7683438901145826,0.8420141620771047,0.949586188484471,0.9886875828546178,1.0023810704896077,1.033040087973608
debtEquityRatio,3.014886049268871,2.6968893175789725,2.917612886189596,3.316743471582181,5.329681274900398,18.835834068843777,87.3984375,-420.9791666666667,-23.80990783410138
longTermDebtToCapitalization,0.6531572694873435,0.6328138834779529,0.6533638443935926,0.6840572676534822,0.7822007701068387,0.9258944339067303,0.9827388577978559,1.0039662865642043,1.0732365845426932
totalDebtToCapitalization,0.6551426494639288,0.632846392208942,0.6533797080225161,0.6893787575150301,0.7862579168662516,0.9281592796905713,0.9834700071027314,1.00381012859184,1.0690478084480153
interestCoverage,10.56175298804781,7.89628180039139,10.091071428571428,9.737037037037037,4.618732261116367,6.61741835147745,6.77882797731569,6.065055762081784,-13.551724137931034
cashFlowToDebtRatio,0.338811455516261,0.3429630665920537,0.34194858863906985,0.3168604651162791,0.23502335341501387,0.25789042218882363,0.1687348171492351,0.20235647635616005,0.16660465808467892
companyEquityMultiplier,4.019233302595178,3.700747528333735,3.917612886189596,4.316743471582181,6.329681274900398,19.835834068843777,88.3984375,-419.9791666666667,-23.048387096774192
receivablesTurnover,9.178617157490397,7.824798619102417,8.653729533050333,8.407817790089258,8.119352663519892,8.607692307692307,6.81641397495056,9.194010416666666,7.96
payablesTurnover,6.416441528367426,6.992286751361162,7.247511312217195,6.631489361702128,7.0913436006372805,6.938854919399667,6.769845802398629,7.193621867881549,5.702792238523426
inventoryTurnover,4.370399579390115,5.443659484281173,5.93442015561319,5.559757402782733,5.568390325271059,5.658658204895739,5.807937285644292,7.461311281748376,3.4796419289633267
fixedAssetTurnover,10.10715544589355,9.223126483553747,9.807560137457045,9.897463768115943,9.556349206349207,9.902654867256636,9.232589285714285,10.039336492890996,10.195073891625615
assetTurnover,0.9398230088495575,0.8861340978692904,0.9618495551361553,0.9720660451213436,0.9473642800944139,0.9958173889828246,0.9138753866548829,1.0507961704449627,1.0344896531040688
operatingCashFlowPerShare,5.293607800650054,5.3120260021668475,5.215811965811966,4.818947368421052,3.650893796004206,3.940501043841336,2.6798748696558916,2.662851196670135,2.332291666666667
freeCashFlowPerShare,4.801733477789816,4.801733477789816,4.514957264957265,4.302105263157895,3.132492113564669,3.4968684759916493,2.312825860271116,2.1269510926118627,2.121875
cashPerShare,4.310942578548213,5.204767063921993,3.7959401709401708,2.9873684210526315,4.902208201892744,3.2609603340292277,2.0823774765380603,3.0228928199791882,2.36875
payoutRatio,0.2670807453416149,0.37321030862233534,0.25037332005973123,0.18257070590940447,0.22283205268935236,0.2007856831078132,0.248862897985705,0.17123287671232876,0
operatingCashFlowSalesRatio,0.1703982702099463,0.18026398029339313,0.1710581639803784,0.1675879488962917,0.14417407192093679,0.16867739052725647,0.12426865238624825,0.12080441863758674,0.10818515655199072
freeCashFlowOperatingCashFlowRatio,0.9070814572247237,0.903936365490516,0.8656288406390823,0.8927479248580166,0.8580069124423964,0.8874172185430463,0.863035019455253,0.7987495115279406,0.909781152300134
cashFlowCoverageRatios,0.338811455516261,0.3429630665920537,0.34194858863906985,0.3168604651162791,0.23502335341501387,0.25789042218882363,0.1687348171492351,0.20235647635616005,0.16660465808467892
shortTermCoverageRatios,38.77777777777778,2451.5,4882,12.968838526912181,9.92,7.831950207468879,3.917682926829268,5.159274193548387,3.114047287899861
capitalExpenditureCoverageRatio,-10.762114537444933,-10.409766454352441,-7.442073170731708,-9.323828920570264,-7.0425963488843815,-8.882352941176471,-7.301136363636363,-4.968932038834952,-11.084158415841584
dividendPaidAndCapexCoverageRatio,5.844497607655502,6.984330484330484,13.948571428571428,15.108910891089108,29.93103448275862,107.85714285714286,82.90322580645162,-11.902325581395349,
dividendPayoutRatio,0.2670807453416149,0.37321030862233534,0.25037332005973123,0.18257070590940447,0.22283205268935238,0.20078568310781317,0.24886289798570502,0.17123287671232876,
priceBookValueRatio,14.73808840429456,11.908636586206898,16.147050930023763,12.536790138248847,20.23243075249004,55.67053501147396,226.86344124609374,-1081.3251682916668,-54.658062304147464
priceToBookRatio,14.73808840429456,11.908636586206898,16.147050930023763,12.536790138248847,20.23243075249004,55.67053501147396,226.86344124609374,-1081.3251682916668,-54.658062304147464
priceToSalesRatio,3.9016819793889934,3.631392030809956,4.2851353799579535,2.9876818025405427,3.3740321361182626,2.818351928865058,2.808231756636526,2.4502482215927865,2.2923849091611905
priceEarningsRatio,23.162904570807452,31.42546352083996,30.43747231060229,18.766268981375028,29.73049465861691,27.53152167961589,37.73686871929825,29.62534707648402,146.88296619195046
priceToFreeCashFlowsRatio,25.242966849503606,22.28570213131769,28.9393667165168,19.969293809640323,27.275408493454183,18.828273482985075,26.18441882732191,25.393154636986303,23.290720706921945
priceToOperatingCashFlowsRatio,22.897427154523125,20.144856586987558,25.05075045964768,17.827545609436434,23.402489027073734,16.708534084238412,22.598070412062256,20.28276986244627,21.189458722644037
priceCashFlowRatio,22.897427154523125,20.144856586987558,25.05075045964768,17.827545609436434,23.402489027073734,16.708534084238412,22.598070412062256,20.28276986244627,21.189458722644037
priceEarningsToGrowthRatio,-0.23162904570807452,-1.5319913466409483,-4.80702148905374,0.31496603495056336,1.4803308798769672,0.557600439080828,-3.121868230414674,0.06320074042983256,-1.7071761602994657
priceSalesRatio,3.9016819793889934,3.631392030809956,4.2851353799579535,2.9876818025405427,3.3740321361182626,2.818351928865058,2.808231756636526,2.4502482215927865,2.2923849091611905
dividendYield,0.011530537740859178,0.011876047854468049,0.008225824979971107,0.009728662958556148,0.007495067110320281,0.007292938089087653,0.006594688601135554,0.005779945000146507,
enterpriseValueMultiple,18.61778220350076,21.770004392921777,21.66831140967584,15.160921092860628,16.17356025880687,17.587530339070973,22.667209459313412,17.02889725911602,24.833982237288136
priceFairValue,14.73808840429456,11.908636586206898,16.147050930023763,12.536790138248847,20.23243075249004,55.67053501147396,226.86344124609374,-1081.3251682916668,-54.658062304147464
