,2021,2020,2019,2018,2017,2016,2015,2014,2013,2012,2011,2010,2009,2008,2007,2006,2005,2004,2003,2002,2001,2000,1999,1998,1997,1996,1995,1994,1993
period,FY,FY,FY,FY,FY,FY,FY,FY,FY,FY,FY,FY,FY,FY,FY,FY,FY,FY,FY,FY,FY,FY,FY,FY,FY,FY,FY,FY,FY
revenuePerShare,6.58280613826047,6.917071688125856,7.2911183633364915,7.005624205275342,6.7346635128948575,6.645990980871337,7.551527106063857,7.239439505400339,6.739114604648537,7.015883660774163,6.747235938898988,7.0540956138118265,7.103973188016476,7.789298253410959,7.2943458622935795,6.86312276092256,6.841184910414333,6.754393302447952,6.695006554379317,7.331778037606536,8.11913640971165,7.838726864184948,7.174618375281359,6.662593404403706,5.684865128025681,5.616693279481519,4.435227272727273,4.513671875,3.835616438356164
netIncomePerShare,3.560837598982656,2.457391383868894,2.619376938463158,1.7865274472085466,1.6444322120729873,11.759286250486298,2.393740818381394,1.747899252729241,5.166771566870352,2.7806944806921683,3.0305810293838347,1.0025522468255987,1.3240536678252544,1.555827148423033,3.5418781271697815,3.699219706295105,3.0157929731243,1.6884329958819493,1.996963321179274,1.5490929280004706,1.7714111517155477,2.1213177666072105,1.6119541641088602,1.2862707980472252,1.3433339926060035,1.1931620720424552,0.7693181818181818,0.671875,0.2089041095890411
operatingCashFlowPerShare,3.366703356594035,3.4038908956913967,3.932894420735246,3.68506352363253,3.449314381635456,3.045158656664895,3.731792196930932,3.665954189173849,2.452451983460578,3.4563843528762708,2.707538595110834,2.5900462373801645,2.4577481003914343,2.796272017539961,2.8386219336735787,2.6048845075667457,2.499618561030235,2.5657386753603295,2.7465272805384506,3.2684668387419387,3.3281478516845024,3.2218451512273467,3.213501125434827,2.655987844973598,2.5189414109449406,2.4765181045413986,1.6079545454545454,1.8359375,0.8767123287671232
freeCashFlowPerShare,2.9587104737275185,2.9840878342939985,3.437894947106443,3.1606647973655897,2.893099670815984,2.5577421493580856,3.219811388233223,3.136460666535615,2.440784070221984,3.4272433853869,-3.1360257210299265,-2.646563304205198,-0.7672042951803486,-1.2101943617320712,-5.824860597123899,-5.312114033908124,-6.863633818589026,-1.6192769103180051,-0.22446454209306851,1.2146308102980432,1.1492693071603035,2.6616939624885143,2.626523429506855,2.1477682574474444,2.136720473459204,-5.464624524491617,-1.5329545454545455,-15.353515625,-2.797945205479452
cashPerShare,0.33082915673723245,0.11455629641384542,0.12350287884554649,0.12890026409311728,0.13801475878005712,0.21152486835688572,0.1163032533879141,0.11096929240463922,0.1510958072846841,2.0237462050009745,1.3020627017934179,1.5250134328780294,0.7064387501873111,3.2990904107965573,0.18192522708889572,0.912785024429434,0.31084826427771556,0.29850506177076186,0.1820501804749263,0.10984505871884813,0.1930173668126681,0.09177882276633695,0.1191610394925312,0.019751917903756102,0.25327481020554093,1.7291011130418448,0.14772727272727273,0.390625,0.4794520547945205
bookValuePerShare,29.26720241084882,28.31066647659572,27.84505251564942,27.640670340060645,27.91105491486996,28.024717672779875,28.804472101634673,28.707091458299303,29.655807849169502,24.08255341079151,19.22638508288792,17.99364412771132,18.447269643907912,18.507673733019274,18.118859294360178,20.289091404356267,18.88066909294513,18.13274994280485,18.416304064449562,19.108896438630165,22.628743702052372,24.061112526736007,24.399071004706364,28.70290425425924,30.149515434587475,18.896667919034424,10.056818181818182,11.9140625,5.0
tangibleBookValuePerShare,29.887707449480107,28.95036727623853,28.46325524144242,28.255923076087075,28.54162488282357,28.66007309548989,29.426172908791795,29.64656501864716,30.609774064718252,24.866475498924682,21.29602585668937,19.767950567008853,18.91207160583168,19.687254640534494,19.40031352225793,21.7078225909337,20.253090005599105,19.940052333562114,20.512710355184936,21.246244126276775,22.451855065850257,23.80016524203325,24.399071004706364,28.70290425425924,30.149515434587475,18.896667919034424,24.329545454545453,36.09375,18.356164383561644
shareholdersEquityPerShare,29.26720241084882,28.31066647659572,27.84505251564942,27.640670340060645,27.91105491486996,28.024717672779875,28.804472101634673,28.707091458299303,29.655807849169502,24.08255341079151,19.22638508288792,17.99364412771132,18.447269643907912,18.507673733019274,18.118859294360178,20.289091404356267,18.88066909294513,18.13274994280485,18.416304064449562,19.108896438630165,22.628743702052372,24.061112526736007,24.399071004706364,28.70290425425924,30.149515434587475,18.896667919034424,10.056818181818182,11.9140625,5.0
interestDebtPerShare,23.847369011616102,23.50368621080123,25.44675957793128,25.081507504374382,25.45502877635107,25.943704418057983,31.39650562038856,31.291933961088763,32.043318609672454,29.689066108139716,34.560253140516046,36.8298761347247,36.21661568150171,40.702072500481464,35.804639127291466,27.783200411007556,26.564505179171334,23.091848261267444,19.683293125796347,20.30965827615875,21.480379578752867,23.402650049804258,23.62949866994066,24.761019228853243,24.215513700193217,14.733738787394918,11.386363636363637,19.43359375,9.554794520547945
marketCap,33272237745.692,22917196868.209,31107610540.461,26499744000,22227251760,22155621765.002,28022059366.008,28031257771.181,19536377345.695,17275146070,17484960505.144,14961946037.112001,8769168176.391,6461387160,10287728920,16127956880.019,12130512285.76,8904251520,7925006700,6494738848.026,7237137430,6766740750,5116078125,4096350625,3360395125,1783288750,264484000,115886080,61652880.00000001
enterpriseValue,41802193745.692,31247991868.209,40098813540.461,35270241000,31133895760,31065672765.002,38948281366.007996,38836038771.181,30249097345.695,25191800070,26822100505.144,24478614037.112,17968450176.391,16071839160,19745630920,23925335880.018997,19632757285.760002,15280552520,13235916700,11988562848.026001,12928292430,12804582750,10860829125,9062912625,6510423125,2890919750,1253484000,1090886080,326652880
peRatio,24.96322747923022,25.083509043217433,32.05724222694993,40.30164782102854,36.83338209706125,5.161878000672854,32.20482159473176,44.40187320797614,10.672041193684848,20.52364989978841,19.567204580587187,52.755354314417694,24.20596670574677,15.380885996400789,10.395614608406039,15.032900291206362,14.0759002286628,18.85179931784836,14.57212543233667,15.415472221426826,15.281601887728709,12.315458066324386,12.988892901663194,15.864660871552172,19.02914698853855,17.5479094505235,3.9067060561299853,3.368781395348837,10.107029508196723
priceToSalesRatio,13.50335968172526,8.911285263359911,11.51675186378053,10.277456781907157,8.993767822850636,9.1333258162264,10.208530661049593,10.72044333571763,8.182083587355123,8.134399422709732,8.788783960869843,7.497771776220623,4.511559679597944,3.072163784397519,5.047745294109566,8.102725674183445,6.205065577949571,4.7124883871456005,4.3465230039192715,3.2570542748994136,3.3340984353484195,3.3328116226838853,2.9182736843726436,3.0628088435521654,4.496588647983932,3.7277271444547804,0.6776428388419165,0.5014542622241454,0.550472142857143
pocfratio,26.40268226361547,18.108688230290564,21.350687818439326,19.53833347464969,17.56001143951436,19.933280279878613,20.65763363335174,21.170477587852783,22.48362021840431,16.51147389106438,21.901811153156448,20.420484482739703,13.040392135750423,8.557822647402013,12.971082750829627,21.348355690420217,16.982591528886687,12.40578407523511,10.595197872673236,7.306177537720291,8.133653072623815,8.108707518127556,6.515479280302693,7.683111215519456,10.148112174792757,8.454410230882283,1.8691448763250884,1.2328306382978722,2.408315625
pfcfRatio,30.043493538592955,20.656228108172737,24.424830395319272,22.780017691218607,20.93602256811171,23.73186875590013,23.942394974353103,24.744452187160473,22.591100815806758,16.651866699439964,-18.90928336535608,-19.984407293776655,-41.7750515753642,-19.773683266670137,-6.321181320318697,-10.468525458044,-6.184770650938741,-19.65692204784727,-129.64185669883855,19.660294138381342,23.554096356132998,9.815177991227358,7.971564146271917,9.501141442630404,11.963427279103133,-3.831461778601861,-1.9605930318754634,-0.14741900521562143,-0.7546252141982865
pbRatio,3.0371881040140036,2.177271208042999,3.015616542752338,2.604857230819317,2.1701078724806844,2.1659451384574444,2.6763203896948036,2.703513210759731,1.8593322185132843,2.369765324570054,3.0843030941255223,2.9393711815466075,1.737384427000247,1.2929771912559076,2.0321367588223884,2.7408817818258724,2.2483313907483122,1.7553873571520946,1.5801216084487884,1.249679649303278,1.196266145236548,1.0857768929416984,0.858126934257511,0.7109472205054617,0.8478577393875705,1.1079995737719381,0.29885197740112995,0.18997718032786884,0.42228000000000004
ptbRatio,3.0371881040140036,2.177271208042999,3.015616542752338,2.604857230819317,2.1701078724806844,2.1659451384574444,2.6763203896948036,2.703513210759731,1.8593322185132843,2.369765324570054,3.0843030941255223,2.9393711815466075,1.737384427000247,1.2929771912559076,2.0321367588223884,2.7408817818258724,2.2483313907483122,1.7553873571520946,1.5801216084487884,1.249679649303278,1.196266145236548,1.0857768929416984,0.858126934257511,0.7109472205054617,0.8478577393875705,1.1079995737719381,0.29885197740112995,0.18997718032786884,0.42228000000000004
evToSales,16.96519668883201,12.150690638393206,14.845501713377452,13.678938844275246,12.597645129938181,12.806361928024568,14.18899015689016,14.852688967036594,12.668707127478639,11.862137843354688,13.48208059418245,12.266790763261087,9.244404222845372,7.641597847854987,9.688330274905255,12.020148289128109,10.042654717650748,8.08708358450194,7.259327164292397,6.0121585775433255,5.955973612427285,6.306619950353143,6.1951500840217255,6.776267824044131,8.711682295827362,6.0430819319167615,3.2115910837817063,4.720407096495024,2.9165435714285715
enterpriseValueOverEBITDA,17.00920391569249,14.795422673540864,18.218882745281125,18.943246378679728,17.94048271319737,5.663650572633811,18.68576042215274,20.970055103943572,8.811562205716355,12.691620234810944,13.231329109280642,17.141874576496797,12.123822212050243,10.541924878194683,9.36358618871303,14.358170797732368,14.116658759015813,15.770836278217217,13.03496960851513,13.405991763133912,13.676304212604173,12.794411193101483,13.53257990901717,16.181605365352855,19.536974171458066,14.834586688013465,8.716856745479832,14.801710719131615,13.171487096774193
evToOperatingCashFlow,33.17150015052722,24.691507683865968,27.521794021390075,26.004844816208863,24.596453560943853,27.94959982959975,28.712355383975954,29.330738389183225,34.812452924902985,24.078161043573672,33.59759261805711,33.409100451501516,26.720394871964512,21.286442948397873,24.895894382747805,31.669639507296154,27.485656806203636,21.289519359108326,17.695525287407033,13.486388081087771,14.52981188544995,15.343962514215049,13.83159236467788,16.99839003269169,19.66093322964954,13.705588346844925,8.858544169611308,11.605171063829788,12.759878125
evToFreeCashFlow,37.74570100444527,28.16512209865637,31.484472859315204,30.319414178248053,29.325260329196787,33.275819414707456,33.27789452792262,34.28231841598563,34.9788702189627,24.2828914432781,-29.007025709701562,-32.69565280421435,-85.59910332989223,-49.184400995204534,-12.132484662067796,-15.529740661852351,-10.009808176074465,-33.733169942359865,-216.5208032062817,36.29070812605495,42.07661503762335,18.57308613377119,16.92268842193175,21.020665127347538,23.17792126071153,-6.211247913233484,-9.291949592290585,-1.3877192214730951,-3.998199265605875
earningsYield,0.04005892270268398,0.03986683036560228,0.031194199205299027,0.024812881211229813,0.027149285323972053,0.19372794162699103,0.03105125103886883,0.022521572351599906,0.09370278673509501,0.04872427686511597,0.05110592041298069,0.018955421928172067,0.041312128210214745,0.0650157604857097,0.0961944086683808,0.06652076316803349,0.07104341347658154,0.05304533446063303,0.06862416911268983,0.06486989082371697,0.06543816592964713,0.08119876618592194,0.07698885559922915,0.06303317846479511,0.05255096303593168,0.056986845231878455,0.255970115394504,0.2968432446761509,0.09894103892632428
freeCashFlowYield,0.033285077140427444,0.048411549038052365,0.04094194243377993,0.04389812218563319,0.04776456448433191,0.0421374317499284,0.0417669160111673,0.04041309916405767,0.044265217890591256,0.060053327236497284,-0.052884077131770714,-0.0500390121808321,-0.023937732265774753,-0.05057226751910034,-0.1581982780316105,-0.09552443694270252,-0.16168748308366412,-0.05087266447747424,-0.0077135581475281274,0.05086393890963074,0.04245546018323988,0.10188302248759863,0.1254458951406259,0.10525051185041076,0.08358808698128914,-0.260996992214525,-0.5100497572631992,-6.783385890695414,-1.3251611279148676
debtToEquity,0.7611864520032409,0.756110572163185,0.7773853265171868,0.8177124925441385,0.8452589142612559,0.8766440142503557,1.0105874024676114,1.013830892468464,1.0137099309321294,1.1700223311626787,1.7147707317761551,1.9543639466219898,1.8608954143955854,0.0,0.0,1.3693664175144988,1.4069684208965514,1.2439174313084127,1.0687971406701824,1.0628378431682297,0.9492519718098468,0.9155970677926532,0.9181395300468155,0.8123346768322028,0.7438882574156752,0.7797003604298814,1.4203389830508475,2.0295081967213116,2.664383561643836
debtToAssets,0.47153476121321497,0.4694363961436969,0.5019769969624662,0.4900685287671613,0.49083334909207066,0.49473970143567364,0.538100639244735,0.5334427218374201,0.5250531157945122,0.5624029416894366,0.6230778082372354,0.6544705284674665,0.6643743819934665,0.6785146878369723,0.6545161859215717,0.5820216795413744,0.5873788428850527,0.5565054931585117,0.5102099583557639,0.5082154924973226,0.5055608520202278,0.491831190660509,0.491117167756843,0.4615251405106044,0.441352904752904,0.46101857020816595,0.5871088276506305,0.6699134199134199,0.7257462686567164
netDebtToEBITDA,3.4708169116324643,3.9444977376936787,4.0851501262183385,4.7105344569228045,5.132332103452866,1.6244108353963476,5.24194545820034,5.834190615861113,3.1206153887384,3.9884075698921264,4.606006612186668,6.664328666436508,6.207016094969361,6.30373798672932,4.485036760800619,4.679395098906454,5.394384041427977,6.580887634790363,5.230280003466559,6.143368494267385,6.02043676862307,6.033045728645726,7.157952774153998,8.867673079498282,9.45284423051531,5.683744105256136,6.877607788595271,13.22930800542741,10.685483870967742
currentRatio,0.4968395501030956,0.12156703081840278,0.08372854258849359,0.13355847036952406,0.1514339045306033,0.5207429133727259,2.6884380764534828,0.20984548108006318,0.359490722825862,2.32718380024068,1.7729740812020927,2.195058568827333,0.32641619043759035,0.0,0.0,0.0,12.640561545372867,11.334478885893981,10.482945004582952,10.808180733944955,11.293114921223355,0.8930842217484009,0.0,0.0,0.0,0.0,0.0,0.0,0.0
interestCoverage,6.150484635174862,3.610209464956324,3.477640254719593,2.0770272885620282,2.207588111177681,1.7752060151872695,2.271764072700414,2.0152955766845806,0.8729394363845181,1.459487923507536,1.2218388575495964,0.9391208828566208,1.0247143946637967,1.0231382031988412,1.142376912485009,,,,,,,,,,,,,,
incomeQuality,0.9454807367670781,1.3851643324037144,1.501461802989972,2.0626962823271766,2.0975716458918163,0.25895777956242577,1.558979221256838,2.097348679250065,0.4746584887138898,1.2429932079470702,0.8934057756117213,2.5834526286097104,1.8562299702158318,1.797289641316664,0.8014454003649878,0.7041713427115219,0.8288428891856862,1.51959756864389,1.3753518912488254,2.1099230263485818,1.87881161776661,1.518794214588744,1.993543735290608,2.0648745575238374,1.875141569267011,2.0755923797528144,2.090103397341211,2.7325581395348837,4.19672131147541
dividendYield,0.027156514295976087,0.03870578086408532,0.026816620933162727,0.029660097848492422,0.033403409832975225,0.21547772617879266,0.028124449731057467,0.027854761508516627,0.03510144116616951,0.028183090205268522,0.025441979115087304,0.02636288080585378,,0.0888928314891442,0.05912169777506151,0.03691186704110898,0.049038077369436585,0.06758400733046678,0.07748031304503503,0.09603881150503543,0.0701867285115242,0.08339864357888989,0.10064662568068192,0.09875106821452814,0.07953023083855354,0.06833441864083985,0.36259282225011724,0.516024012547495,0.07785524374530435
payoutRatio,0.6779142439134186,0.9708768043290763,0.8596669129626939,1.1953508178271879,1.2303605577227097,1.112269734397319,0.9057428860387073,1.2368035887395692,0.37460402608306614,0.578419876467087,0.4978284102799398,1.3907831176615775,0.0,1.367250507031793,0.6146063850641962,0.5548924167912577,0.6902550844576366,1.2740801432899524,1.1290528402289615,1.4804836309347207,1.0725656429152106,1.0270924977841518,1.3072882418801617,1.566652207927004,1.513392452659237,1.1991261906636228,1.4165435745937962,1.7383720930232558,0.7868852459016393
salesGeneralAndAdministrativeToRevenue,0.022932657791385296,0.0187832585774807,0.019531853058504484,0.020870419797442943,0.021131291256879688,0.023843680435320307,0.023709591925580108,0.01948486049133607,0.02604135691974962,0.022247806320527943,0.021918477498701912,0.019988283749741296,0.020061624387576138,0.12856242190486514,0.024184479148062592,0.024348936614892416,0.036727014732444066,0.027116153947523713,0.02128560443767283,0.02331532812818917,0.01631498132120298,0.012995360382990042,0.012717911743533521,0.016238376192288455,0.020157335335150493,0.02060474304169236,0.0,0.0,0.0
researchAndDdevelopementToRevenue,0.0,0.0,0.0,0.0,0.0,0.0,0.0,0.0,0.0,0.0,0.0,0.0,0.0,0.0,0.0,0.0,0.0,0.0,0.0,0.0,0.0,0.0,0.0,0.0,0.0,0.0,0.0,0.0,0.0
intangiblesToTotalAssets,0.0,0.0,0.0,0.0,0.0,0.0,0.0,0.0,0.0,0.0,0.0,0.0,0.0,0.0,0.0,0.0,0.0021278187836040216,0.0023724276458993577,0.0026162274296969547,0.0025400229296336603,0.0038650252847729476,0.005511186185610756,0.0,0.0,0.0,0.0,0.0,0.0,0.0
capexToOperatingCashFlow,-0.12118468414136348,-0.1233303517244867,-0.12586136841585083,-0.14230384982618088,-0.1612537012517104,-0.16006276265442124,-0.13719435104633323,-0.14443538989164495,-0.004757652063030258,-0.008431055263029617,-2.1582570703490016,-2.021820871770305,-1.3121574155863083,-1.43278849630543,-3.0520029553867722,-3.03928965697993,-3.745872480543644,-1.6311152908394289,-1.0817266748754313,-0.6283790320584788,-0.6546820158309329,-0.17386036958525014,-0.18265986941222767,-0.19134861196294567,-0.1517387168375436,-3.2065756412079836,-0.5119392185238785,-0.10680604476764004,-0.2385834109972041
capexToRevenue,-0.06197856572065632,-0.060690864620942135,-0.06789074720250271,-0.07485396174577282,-0.0825898294331243,-0.0733399290955561,-0.06779831436830706,-0.07314012669672182,-0.0017313718378591633,-0.004153570512050816,-0.8660678786185015,-0.7423502357030928,-0.45396460687828594,-0.5143552408610862,-1.1876983480563117,-1.1535563062565186,-1.3686594504068417,-0.6195990369944234,-0.44376234713140694,-0.2801279604905186,-0.26836333749953356,-0.07145945999192253,-0.08181308959237199,-0.07627954411719624,-0.06723482947756051,-1.4138465879992057,-1.412083936324168,-0.26258379729576187,-1.0438024231127678
capexToDepreciation,-0.17937264501094688,-0.18749511978597935,-0.2175880661053471,-0.24427521493652207,-0.27303274445307973,-0.2509015266368156,-0.24192066056829983,-0.2509477314150821,-0.004075914147484203,-0.012877522657198916,-2.5963961085929212,-2.199832789577712,-1.4697080991047262,-1.772317098744397,-3.880158307792924,-3.868854447848109,-5.058327882364951,-2.3575776859054782,-1.715784964660527,-1.181061240369083,-1.234884603399043,-0.3214554752029494,-0.35094742199428414,-0.33796116858637354,-0.3207655575700314,-7.252989179972762,-0.2753256150506513,-0.04465401658902397,-0.17427772600186392
stockBasedCompensationToRevenue,0.011286539715754523,0.00901114241330168,0.009051581314846867,0.010522666083366881,0.01011448543865314,0.012585538791326572,0.012607446725185932,0.010533711088028369,0.014856962887328486,0.01169271771400588,0.010644580974866083,0.009458692199873817,0.009179862644189388,0.01060810078337622,0.010613399643979345,0.0,0.0,0.0,0.0,0.0,0.0,0.0,0.0,0.0,0.0,0.0,0.0,0.0,0.0
grahamNumber,48.42369752647656,39.56429864285952,40.51018994302819,33.33269213534416,32.13567098935979,86.10975692146515,39.387623868243786,33.60036954305421,58.715906343361006,38.81674928923276,36.20787418029593,20.146719034333792,23.44283340918924,25.45351995460968,37.999115871808485,41.093924755137344,35.79321523017671,26.246113987863716,28.765871860397134,25.807610651452134,30.03178651396537,33.88847109953854,29.747758611272616,28.821752551353995,30.187241530774493,22.523381575640443,13.193941574318455,13.420399274955226,4.847856467426312
roic,0.08197151992258336,0.06770541673642312,0.06859752274137657,0.043976099981294176,0.04257532938733185,0.04220618351160203,0.04526225362161515,0.04152972169102942,0.022994277912937844,0.039697427153760956,0.03505139147113294,0.02778970608742823,0.03570840052955196,0.032269225086155665,0.038829649945919434,0.03680497344074139,0.039422929944644,0.045670520343991106,0.05469553319410676,0.06269445048403975,0.06431290824958265,0.06789990363735861,0.061173606429693016,0.05038067136404409,0.04517590688605618,0.0673119982956935,0.04316012725344645,0.02866043613707165,0.019014084507042252
returnOnTangibleAssets,0.06296163381578017,0.045035781973689314,0.045831369529417715,0.032241260251868555,0.029335752449406068,0.20730932758015447,0.03757428318154841,0.02750723793271936,0.08016857791560988,0.04893430614499157,0.053638798694039,0.017523887813010643,0.023497496191831172,0.025406060195547534,0.06307431902951839,0.07122748646796331,0.06125498393802805,0.037441038740732964,0.047551988114254456,0.03576232648103709,0.03885559749183112,0.04505034568872379,0.03361996037962428,0.024130815512894078,0.024890935131087154,0.03403204217369188,0.03162073797290985,0.018614718614718615,0.011380597014925373
grahamNetNet,-26.337136796435022,-25.500385969536648,-28.56573296514343,-27.026393009683414,-27.375926511303437,-27.851784373784252,-31.164214108468272,-33.78571408795036,-33.68796658246426,-29.93483007984777,-33.90170456087039,-35.917642317807754,-36.730202588365145,-38.252081388975306,-36.57180590252178,-29.31366738041301,-28.66742108762598,-24.852719808110272,-21.29943599290585,-21.952177414017516,-22.93799490553546,-23.19055437157837,-23.42279824022918,-24.563642024509317,-23.54717476304219,-14.421423707321654,-14.127840909090908,-23.7744140625,-12.842465753424657
workingCapital,-364819000,-720626000,-1280362000,-754564000,-564624000,-201634000,1467251000,-604228000,-355874000,497390000,233752000,333407000,-398864000,,,,12955945000,11502275000,10345893000,10690917000,11106271000,-100287000,,,,,,,
tangibleAssetValue,,,,,,,,,,,,,,,,,5787523000,5578110000,5586370000,5778426000,6002481000,6164576000,,,,,,,
netCurrentAssetValue,-9621797000,-9423677000,-10511244000,-9878247000,-9995974000,-10024076000,-10124723000,-12082370000,-11789612000,-8801732000,-9843884000,-9979683000,-10049714000,,,,5787523000,5578110000,5586370000,5778426000,5999418000,-5194088000,,,,,,,
investedCapital,0.7899433205890161,0.795521911186301,0.87605552262778,0.8667809079617395,0.8745250166366219,0.8785990291598128,1.0475752141663024,1.0459475354864793,1.0246548057850993,1.1700223311626787,1.7147707317761551,1.9543639466219898,1.8608954143955854,2.101386470357758,1.878261568650225,1.3693664175144988,1.4069684208965514,1.2734884854258075,1.0687971406701824,1.0628378431682297,0.9492519718098468,0.9726337476623292,0.9684589493338799,0.8626659870204229,0.8031808588344084,0.7797003604298814,,,
averageReceivables,,,,,,,,,,,,,,,,,,,,,,,,,,,,,
averagePayables,107189500,107366000,100858000,104918500,111066000,127424000,147245000,130478000,113078500,72869000,71286000,73409000,133084500,178836000,178997500,179676500,181016500,168612500,151512000,173886500,178726000,117023500,114545500,113511500,97668000,93229000,,,
averageInventory,,,,,,,,,,,,,,,,,,,,,,,,,,,,,
daysSalesOutstanding,0.0,0.0,0.0,0.0,0.0,0.0,0.0,0.0,0.0,0.0,0.0,0.0,0.0,0.0,0.0,0.0715169942665828,0.14731165249826467,0.32472329996120664,0.08527953192511592,0.5355875696383195,0.40356705363341644,0.32377089551503685,0.36039502189812667,1.298494372495699,1.6127340192500947,1.1063264943507845,0.9351780681527031,1.5794028559065338,0.0
daysPayablesOutstanding,41.16786924847596,42.76432940303475,37.91334187650276,42.51986053290346,50.697278973312564,66.76911532140531,75.45589327064148,63.44797886740518,51.97253980164505,18.814175197836725,17.710671176274392,17.742312270058083,74.84865134994136,147.4922106309954,,,,,,,,,,,,,4.33749257278669,14.216163583252193,0.0
daysOfInventoryOnHand,0.0,0.0,0.0,0.0,0.0,0.0,879.5210115691232,0.0,0.0,0.0,0.0,0.0,0.0,0.0,,,,,,,,,,,,,0.0,0.0,0.0
receivablesTurnover,,,,,,,,,,,,,,,,5103.682051282051,2477.740177439797,1124.0339083878644,4280.042253521126,681.4945317840055,904.4345833333333,1127.3403664630762,1012.7775852108608,281.09478772593525,226.3237431859479,329.9206896551724,390.3,231.1,
payablesTurnover,8.866137758963864,8.535150792615912,9.627217806041335,8.584223829180939,7.199597441751041,5.466599313814567,4.8372629913853915,5.752744319291621,7.022939448274701,19.400265818826227,20.60904391296938,20.57229037818108,4.876507370767555,2.4747069586825727,0.0,0.0,0.0,0.0,0.0,0.0,0.0,0.0,0.0,0.0,0.0,0.0,84.15,25.675,
inventoryTurnover,,,,,,,0.41499861310739594,,,,,,,,,,,,,,,,,,,,,,
roe,0.12166648349220827,0.08680090191096018,0.09406974316141156,0.06463401304053276,0.05891687781377606,0.4196040933503489,0.0831030962808566,0.06088736837963145,0.17422461034104134,0.11546510177970272,0.15762614845788908,0.05571702094972561,0.07177504819866468,0.08406389538017975,0.19548019384819965,0.18232554788041647,0.15972913662531,0.09311510946809953,0.10843453247680514,0.08106658241492457,0.07828146250800856,0.08816374406004976,0.06606621062736072,0.04481326302917081,0.04455574072228481,0.06314140022752875,0.07649717514124293,0.05639344262295082,0.04178082191780822
capexPerShare,-0.40799288286651636,-0.419803061397398,-0.49499947362880303,-0.5243987262669405,-0.556214710819472,-0.4874165073068093,-0.5119808086977095,-0.529493522638234,-0.011667913238593867,-0.0291409674893707,-5.84356431614076,-5.236609541585363,-3.224952395571783,-4.006466379272032,-8.663482530797477,-7.916998541474869,-9.363252379619261,-4.185015585678334,-2.970991822631519,-2.0538360284438952,-2.1788785445241987,-0.5601511887388326,-0.5869776959279722,-0.5082195875261533,-0.3822209374857369,-7.941142629033015,-3.140909090909091,-17.189453125,-3.6746575342465753
