,2021,2020,2019,2018,2017,2016,2015,2014,2013,2012,2011,2010,2009,2008,2007,2006,2005,2004,2003,2002,2001,2000,1999,1998,1997,1996,1995,1994,1993,1992,1991,1990,1989,1988,1987,1986,1985
reportedCurrency,USD,USD,USD,USD,USD,USD,USD,USD,USD,USD,USD,USD,USD,USD,USD,USD,USD,USD,USD,USD,USD,USD,USD,USD,USD,USD,USD,USD,USD,USD,USD,USD,USD,USD,USD,USD,USD
cik,0001744489,0001744489,0001744489,0001744489,0001744489,0001744489,0001744489,0001744489,0001744489,0001744489,0001744489,0001744489,0001744489,0001744489,0001744489,0001744489,0001744489,0001744489,0001744489,0001744489,0001744489,0001744489,0001744489,0001744489,0001744489,0001744489,0001744489,0001744489,0001744489,0001744489,0001744489,0001744489,0001744489,0001744489,0001744489,0001744489,0001744489
fillingDate,2021-11-24,2020-11-25,2019-11-20,2018-09-30,2017-09-30,2016-09-30,2015-09-30,2014-09-30,2013-09-30,2012-09-30,2011-09-30,2010-09-30,2009-09-30,2008-09-30,2007-09-30,2006-09-30,2005-09-30,2004-09-30,2003-09-30,2002-09-30,2001-09-30,2000-09-30,1999-09-30,1998-09-30,1997-09-30,1996-09-30,1995-09-30,1994-09-30,1993-09-30,1992-09-30,1991-09-30,1990-09-30,1989-09-30,1988-09-30,1987-09-30,1986-09-30,1985-09-30
acceptedDate,2021-11-24 16:34:25,2020-11-25 16:59:53,2019-11-20 17:18:30,2018-09-30,2017-09-30,2016-09-30,2015-09-30,2014-09-30,2013-09-30,2012-09-30,2011-09-30,2010-09-30,2009-09-30,2008-09-30,2007-09-30,2006-09-30,2005-09-30,2004-09-30,2003-09-30,2002-09-30,2001-09-30,2000-09-30,1999-09-30,1998-09-30,1997-09-30,1996-09-30,1995-09-30,1994-09-30,1993-09-30,1992-09-30,1991-09-30,1990-09-30,1989-09-30,1988-09-30,1987-09-30,1986-09-30,1985-09-30
calendarYear,2021,2020,2019,2018,2017,2016,2015,2014,2013,2012,2011,2010,2009,2008,2007,2006,2005,2004,2003,2002,2001,2000,1999,1998,1997,1996,1995,1994,1993,1992,1991,1990,1989,1988,1987,1986,1985
period,FY,FY,FY,FY,FY,FY,FY,FY,FY,FY,FY,FY,FY,FY,FY,FY,FY,FY,FY,FY,FY,FY,FY,FY,FY,FY,FY,FY,FY,FY,FY,FY,FY,FY,FY,FY,FY
revenue,67418000000,65388000000,69570000000,59434000000,55137000000,55632000000,52465000000,48813000000,45041000000,42278000000,40893000000,38063000000,36149000000,37843000000,35510000000,34285000000,31944000000,30752000000,27061000000,25329000000,25269000000,25402000000,23402000000,22976000000,22473000000,18739000000,12112100000,10055100000,8529200000,7504000000,6182400000,5843700000,4594300000,3497100000,2925800000,2470900000,2015400000
costOfRevenue,45131000000,43880000000,42018000000,32726000000,30306000000,29993000000,28364000000,26420000000,35591000000,33415000000,33112000000,31337000000,30452000000,30439000000,28729000000,28807000000,27837000000,26704000000,24330000000,22924000000,21670000000,17890000000,16392000000,15207000000,13203000000,11462000000,7813400000,6481100000,5776300000,5309100000,4223000000,3879900000,2901700000,0.0,0.0,0.0,0.0
grossProfit,22287000000,21508000000,27552000000,26708000000,24831000000,25639000000,24101000000,22393000000,9450000000,8863000000,7781000000,6726000000,5697000000,7404000000,6781000000,5478000000,4107000000,4048000000,2731000000,2405000000,3599000000,7512000000,7010000000,7769000000,9270000000,7277000000,4298700000,3574000000,2752900000,2194900000,1959400000,1963800000,1692600000,0.0,0.0,0.0,0.0
grossProfitRatio,0.3305793704945267,0.32892885544748274,0.39603277274687365,0.4493724130968806,0.45035094401218784,0.4608678458441185,0.45937291527685126,0.45875074263003707,0.20980884083390688,0.20963621741804248,0.19027706453427237,0.17670703833118775,0.15759772054551993,0.19565045054567556,0.1909602928752464,0.15977832871518158,0.1285687453042825,0.13163371488033299,0.10092014337977162,0.09495045205100873,0.14242748031184455,0.2957247460829856,0.29954704726091785,0.33813544568245124,0.4124949939927913,0.3883344895672128,0.3549095532566607,0.35544151724000755,0.32276180650002345,0.29249733475479744,0.3169319358178054,0.3360542122285538,0.36841303354156235,0.0,0.0,0.0,0.0
researchAndDevelopmentExpenses,0.0,0.0,0.0,0.0,0.0,0.0,0.0,0.0,0.0,0.0,0.0,0.0,0.0,0.0,0.0,0.0,0.0,0.0,0.0,0.0,0.0,0.0,0.0,0.0,0.0,0.0,0.0,0.0,0.0,0.0,0.0,0.0,0.0,0.0,0.0,0.0,0.0
generalAndAdministrativeExpenses,0.0,-2642000000,11541000000,0.0,0.0,0.0,0.0,0.0,0.0,0.0,0.0,0.0,0.0,0.0,0.0,0.0,0.0,0.0,0.0,0.0,0.0,105000000,196000000,236000000,367000000,309000000,183600000,162200000,164200000,148200000,160800000,138500000,119600000,0.0,0.0,0.0,0.0
sellingAndMarketingExpenses,0.0,0.0,0.0,0.0,0.0,0.0,0.0,0.0,0.0,0.0,0.0,0.0,0.0,0.0,0.0,0.0,0.0,0.0,0.0,0.0,0.0,0.0,0.0,0.0,0.0,0.0,0.0,0.0,0.0,0.0,0.0,0.0,0.0,0.0,0.0,0.0,0.0
sellingGeneralAndAdministrativeExpenses,13517000000,12369000000,11541000000,8860000000,8176000000,8754000000,8523000000,8565000000,0.0,0.0,0.0,0.0,0.0,0.0,0.0,0.0,0.0,0.0,0.0,0.0,0.0,105000000,196000000,236000000,367000000,309000000,183600000,162200000,164200000,148200000,160800000,138500000,119600000,0.0,0.0,0.0,0.0
otherExpenses,5111000000,5345000000,1552000000,3011000000,2782000000,2527000000,2354000000,2288000000,35805000000,33515000000,33167000000,31607000000,30944000000,30439000000,28681000000,28392000000,27475000000,0.0,18000000,21000000,767000000,4664000000,3779000000,3754000000,4958000000,3944000000,1853000000,1608300000,1028400000,759600000,794500000,538300000,463600000,2649400000,2170300000,1967400000,1653900000
operatingExpenses,18628000000,17714000000,13093000000,11871000000,10958000000,11281000000,10877000000,10853000000,35805000000,33515000000,33167000000,31607000000,30944000000,30439000000,28681000000,28392000000,27475000000,0.0,18000000,21000000,767000000,4769000000,3975000000,3990000000,5325000000,4253000000,2036600000,1770500000,1192600000,907800000,955300000,676800000,583200000,2649400000,2170300000,1967400000,1653900000
costAndExpenses,63759000000,61594000000,55111000000,44597000000,41264000000,41274000000,39241000000,37273000000,35591000000,33415000000,33112000000,31337000000,30452000000,30439000000,28729000000,28807000000,27837000000,26704000000,24348000000,22945000000,22437000000,22659000000,20367000000,19197000000,18528000000,15715000000,9850000000,8251600000,6968900000,6216900000,5178300000,4556700000,3484900000,2649400000,2170300000,1967400000,1653900000
interestIncome,140000000,156000000,268000000,108000000,122000000,94000000,148000000,317000000,114000000,103000000,92000000,47000000,122000000,0.0,0.0,0.0,0.0,0.0,0.0,0.0,0.0,0.0,0.0,0.0,0.0,0.0,0.0,0.0,0.0,0.0,0.0,0.0,0.0,0.0,0.0,0.0,0.0
interestExpense,1546000000,1647000000,1246000000,682000000,507000000,354000000,265000000,294000000,349000000,472000000,435000000,456000000,466000000,0.0,0.0,0.0,0.0,0.0,0.0,0.0,0.0,0.0,0.0,0.0,0.0,0.0,0.0,0.0,0.0,0.0,0.0,0.0,0.0,0.0,0.0,0.0,0.0
depreciationAndAmortization,5111000000,5345000000,4160000000,3011000000,2782000000,2527000000,2354000000,2288000000,2192000000,1987000000,1841000000,1713000000,1631000000,1582000000,1491000000,1436000000,1339000000,1210000000,1077000000,1042000000,1754000000,4664000000,3779000000,3754000000,4958000000,3944000000,1853000000,1608300000,1028400000,759600000,794500000,538300000,463600000,0.0,0.0,0.0,0.0
ebitda,8677000000,4827000000,19525000000,17954000000,16691000000,17350000000,16017000000,14325000000,11661000000,11228000000,9868000000,8446000000,7453000000,8682000000,9052000000,6700000000,5113000000,4752000000,3133000000,3131000000,2655000000,7190000000,6093000000,6911000000,8345000000,6005000000,3969700000,3311100000,1730900000,2061400000,1813000000,1863000000,1616500000,841900000,778800000,462200000,309900000
ebitdaratio,0.12870450028182384,0.07382088456597541,0.28065258013511574,0.30208298280445534,0.30271868255436457,0.31187086568881217,0.30528924044601163,0.29346690430827854,0.2588974489909194,0.26557547660721886,0.2413126941041254,0.221895278879752,0.2061744446596033,0.2294215574875142,0.25491410870177417,0.19542073793204026,0.16006135737540697,0.15452653485952134,0.11577547023391596,0.12361324963480595,0.10506945268906566,0.2830485788520589,0.2603623621912657,0.3007921309192201,0.37133449027722154,0.3204546667378195,0.3277466335317575,0.3292955813467792,0.20293814191248885,0.27470682302771854,0.2932518115942029,0.3188048667796088,0.35184903032017933,0.24074232935861142,0.26618360790211226,0.18705734752519326,0.15376600178624591
operatingIncome,0.0,0.0,0.0,0.0,0.0,0.0,0.0,0.0,0.0,0.0,0.0,0.0,0.0,0.0,0.0,0.0,0.0,0.0,0.0,0.0,0.0,0.0,0.0,0.0,0.0,0.0,0.0,0.0,0.0,0.0,0.0,0.0,0.0,0.0,0.0,0.0,0.0
operatingIncomeRatio,0.0,0.0,0.0,0.0,0.0,0.0,0.0,0.0,0.0,0.0,0.0,0.0,0.0,0.0,0.0,0.0,0.0,0.0,0.0,0.0,0.0,0.0,0.0,0.0,0.0,0.0,0.0,0.0,0.0,0.0,0.0,0.0,0.0,0.0,0.0,0.0,0.0
totalOtherIncomeExpensesNet,-1098000000,-5537000000,-515000000,-108000000,-85000000,510000000,644000000,706000000,170000000,397000000,262000000,-99000000,-39000000,-2000000.0,944000000,-31000000,-120000000,-309000000,-459000000,-194000000,-2712000000,-217000000,-721000000,-622000000,-558000000,-963000000,-145400000,-100700000,-486300000,14700000,14400000,37700000,43500000,-5800000.0,-29100000,-41300000,-51600000
incomeBeforeTax,2561000000,-1743000000,13944000000,14729000000,13788000000,14868000000,13868000000,12246000000,9620000000,9260000000,8043000000,6627000000,5658000000,7402000000,7725000000,5447000000,3987000000,3739000000,2254000000,2190000000,120000000,2526000000,2314000000,3157000000,3387000000,2061000000,2116700000,1702800000,1074000000,1301800000,1018500000,1324700000,1152900000,841900000,726400000,462200000,309900000
incomeBeforeTaxRatio,0.03798688777477825,-0.026656267204991743,0.2004312203536007,0.24782111249453176,0.2500680124054628,0.2672562553925798,0.26432860001906033,0.25087579128510845,0.2135831797695433,0.21902644401343488,0.1966840290514269,0.17410608727635762,0.15651885252704087,0.19559760061305922,0.2175443537031822,0.1588741432113169,0.12481217129977461,0.12158558792924037,0.08329330032149589,0.08646215800071065,0.004748901816454945,0.09944098889851193,0.09888043756943851,0.1374042479108635,0.15071419036176745,0.10998452425422915,0.17475912517234832,0.16934689858877586,0.1259203676780941,0.17348081023454157,0.16474184782608695,0.22668857059739547,0.25094138388873166,0.24074232935861142,0.24827397634834916,0.18705734752519326,0.15376600178624591
incomeTaxExpense,25000000,699000000,3065000000,1663000000,4422000000,5078000000,5016000000,4242000000,2984000000,3087000000,2785000000,2314000000,2049000000,2673000000,2874000000,1890000000,1241000000,1197000000,789000000,853000000,1059000000,1606000000,1014000000,1307000000,1421000000,847000000,736600000,592400000,402700000,485100000,381900000,500700000,449600000,319900000,334100000,214900000,136400000
netIncome,1995000000,-2864000000,11054000000,12598000000,8980000000,9391000000,8382000000,7501000000,6136000000,5682000000,4807000000,3963000000,3307000000,4427000000,4687000000,3374000000,2533000000,2345000000,1267000000,1236000000,-158000000,920000000,1300000000,1850000000,1966000000,1214000000,1380100000,1110400000,299800000,816700000,636600000,824000000,703300000,522000000,444700000,247300000,173500000
netIncomeRatio,0.029591503752706992,-0.04380008564262556,0.15889032629006755,0.21196621462462564,0.16286704028148066,0.1688057233247052,0.1597636519584485,0.15366808022453035,0.13623143358273573,0.13439613983632148,0.11755068104565573,0.10411685889183722,0.09148247531052035,0.11698332584625955,0.13199098845395663,0.09841038354965728,0.07929501627848735,0.07625520291363164,0.046820147075126564,0.04879782067985313,-0.00625272072499901,0.03621762065979057,0.05555080762328006,0.08051880222841226,0.08748275708628131,0.0647846736752228,0.11394390733233709,0.11043152231206055,0.03514983820287952,0.10883528784648187,0.10296972049689442,0.14100655406677276,0.15308099166358313,0.14926653512910698,0.151992617403787,0.10008498927516289,0.08608712910588469
eps,1.1,-1.58,6.68,8.4,5.73,5.76,4.95,4.31,3.42,3.17,2.56,2.07,1.78,2.34,2.34,1.68,1.25,1.14,0.62,0.6,-0.02,0.58,0.63,0.91,0.953333,0.653333,0.293333,0.23,0.06,0.17,0.033333,0.041667,0.035833,0.026667,0.0225,0.0125,0.002292
epsdiluted,1.09,-1.58,6.64,8.36,5.69,5.73,4.9,4.26,3.38,3.13,2.52,2.03,1.76,2.28,2.25,1.64,1.22,1.12,0.62,0.6,-0.02,0.57,0.62,0.89,0.953333,0.653333,0.29,0.226667,0.06,0.17,0.033333,0.041667,0.035833,0.026667,0.0225,0.0125,0.002292
weightedAverageShsOut,1816000000,1808000000,1656000000,1499000000,1568000000,1629000000,1694000000,1740000000,1792000000,1794000000,1878000000,1915000000,1856000000,1890000000,2004000000,2005000000,2028000000,2049000000,2067000000,2044000000,2085000000,2103000000,2056000000,2037000000,2061000000,1857000000,1574775000,1573874000,1608108000,1574775000,1563964000,1583183000,1625225000,1600000000,1581982000,1569970000,1554066000
weightedAverageShsOutDil,1828000000,1808000000,1666000000,1507000000,1578000000,1639000000,1709000000,1759000000,1813000000,1818000000,1909000000,1948000000,1875000000,1948000000,2092000000,2076000000,2089000000,2106000000,2067000000,2044000000,2100000000,2103000000,2083000000,2079000000,2061000000,1857000000,1574775000,1573874000,1608108000,1574775000,1563964000,1583183000,1625225000,1600000000,1581982000,1569970000,1554066000
link,https://www.sec.gov/Archives/edgar/data/1744489/000174448921000220/0001744489-21-000220-index.htm,https://www.sec.gov/Archives/edgar/data/1744489/000174448920000197/0001744489-20-000197-index.htm,https://www.sec.gov/Archives/edgar/data/1744489/000174448919000225/0001744489-19-000225-index.html,,,,,,,,,,,,,,,,,,,,,,,,,,,,,,,,,,
finalLink,https://www.sec.gov/Archives/edgar/data/1744489/000174448921000220/dis-20211002.htm,https://www.sec.gov/Archives/edgar/data/1744489/000174448920000197/dis-20201003.htm,https://www.sec.gov/Archives/edgar/data/1744489/000174448919000225/fy2019q410k.htm,,,,,,,,,,,,,,,,,,,,,,,,,,,,,,,,,,
