,2021,2020,2019,2018,2017,2016,2015,2014,2013,2012,2011,2010,2009,2008,2007,2006,2005,2004,2003,2002,2001,2000,1999,1998,1997,1996,1995,1994,1993,1992,1991,1990,1989,1988,1987,1986,1985
reportedCurrency,USD,USD,USD,USD,USD,USD,USD,USD,USD,USD,USD,USD,USD,USD,USD,USD,USD,USD,USD,USD,USD,USD,USD,USD,USD,USD,USD,USD,USD,USD,USD,USD,USD,USD,USD,USD,USD
cik,0000004904,0000004904,0000004904,0000004904,0000004904,0000004904,0000004904,0000004904,0000004904,0000004904,0000004904,0000004904,0000004904,0000004904,0000004904,0000004904,0000004904,0000004904,0000004904,0000004904,0000004904,0000004904,0000004904,0000004904,0000004904,0000004904,0000004904,0000004904,0000004904,0000004904,0000004904,0000004904,0000004904,0000004904,0000004904,0000004904,0000004904
fillingDate,2022-02-24,2021-02-25,2020-02-20,2019-02-21,2018-02-23,2017-02-28,2016-02-24,2015-02-20,2014-02-25,2013-02-26,2012-02-28,2011-02-25,2010-02-26,2009-02-27,2008-02-28,2007-02-28,2005-12-31,2004-12-31,2004-03-11,2002-12-31,2002-03-29,2000-12-31,1999-12-31,1998-12-31,1997-12-31,1997-03-26,1996-03-28,1995-03-22,1993-12-31,1992-12-31,1991-12-31,1990-12-31,1989-12-31,1988-12-31,1987-12-31,1986-12-31,1985-12-31
acceptedDate,2022-02-24 07:46:11,2021-02-25 08:27:36,2020-02-20 08:52:40,2019-02-21 16:27:59,2018-02-22 17:53:21,2017-02-27 18:59:56,2016-02-23 18:04:17,2015-02-20 17:19:29,2014-02-25 14:26:50,2013-02-26 14:40:37,2012-02-28 11:42:07,2011-02-25 13:48:40,2010-02-26 15:40:22,2009-02-27 17:33:56,2008-02-28 14:36:24,2007-02-28 16:27:20,2005-12-31,2004-12-31,2004-03-11 16:02:43,2002-12-31,2002-03-29 00:00:00,2000-12-31,1999-12-31,1998-12-31,1997-12-31,1997-03-26 00:00:00,1996-03-28 00:00:00,1995-03-22 00:00:00,1993-12-31,1992-12-31,1991-12-31,1990-12-31,1989-12-31,1988-12-31,1987-12-31,1986-12-31,1985-12-31
calendarYear,2021,2020,2019,2018,2017,2016,2015,2014,2013,2012,2011,2010,2009,2008,2007,2006,2005,2004,2003,2002,2001,2000,1999,1998,1997,1996,1995,1994,1993,1992,1991,1990,1989,1988,1987,1986,1985
period,FY,FY,FY,FY,FY,FY,FY,FY,FY,FY,FY,FY,FY,FY,FY,FY,FY,FY,FY,FY,FY,FY,FY,FY,FY,FY,FY,FY,FY,FY,FY,FY,FY,FY,FY,FY,FY
revenue,16792000000,14918500000,15561400000,16195700000,15424900000,16380100000,16453200000,17020000000,15357000000,14945000000,15116000000,14427000000,13489000000,14440000000,13380000000,12622000000,12111000000,14057000000,14545000000,14555000000,61257000000,13694000000,6916000000,6345900000,6161400000,5849200000,5670300000,5504700000,5268800000,5044800000,5046600000,5167500000,5140400000,4840800000,4787600000,4842800000,4848000000
costOfRevenue,6588100000,5380100000,9063700000,10013100000,8937100000,9924900000,10137400000,10944000000,9642000000,9357000000,5612000000,5029000000,4531000000,5755000000,4967000000,4673000000,4535000000,6445000000,6610000000,6307000000,52753000000,4128000000,2116000000,2153600000,2043400000,1686800000,1625500000,1745200000,0.0,0.0,0.0,0.0,0.0,0.0,0.0,0.0,0.0
grossProfit,10203900000,9538400000,6497700000,6182600000,6487800000,6455200000,6315800000,6076000000,5715000000,5588000000,9504000000,9398000000,8958000000,8685000000,8413000000,7949000000,7576000000,7612000000,7935000000,8248000000,8504000000,9566000000,4800000000,4192300000,4118000000,4162400000,4044800000,3759500000,0.0,0.0,0.0,0.0,0.0,0.0,0.0,0.0,0.0
grossProfitRatio,0.607664363982849,0.6393672286087744,0.4175524053105762,0.3817433022345437,0.4206056441208695,0.39408794818102455,0.3838645369897649,0.3569917743830787,0.3721429966790389,0.3739043158246905,0.6287377613125166,0.6514174811118043,0.6640966713618504,0.6014542936288089,0.6287742899850524,0.6297734115037237,0.6255470233671868,0.5415095681866685,0.5455482983843245,0.5666781174854002,0.13882495061788858,0.6985541112896159,0.6940427993059572,0.6606312737357979,0.6683545947349628,0.7116186828968064,0.7133308643281661,0.6829618326157647,0.0,0.0,0.0,0.0,0.0,0.0,0.0,0.0,0.0
researchAndDevelopmentExpenses,0.0,0.0,0.0,0.0,0.0,0.0,0.0,0.0,0.0,0.0,0.0,0.0,0.0,0.0,0.0,0.0,0.0,0.0,0.0,0.0,0.0,0.0,0.0,0.0,0.0,0.0,0.0,0.0,0.0,0.0,0.0,0.0,0.0,0.0,0.0,0.0,0.0
generalAndAdministrativeExpenses,0.0,0.0,0.0,0.0,0.0,0.0,0.0,0.0,0.0,0.0,0.0,0.0,0.0,0.0,0.0,0.0,0.0,0.0,0.0,0.0,0.0,0.0,0.0,0.0,0.0,0.0,0.0,0.0,0.0,0.0,0.0,0.0,0.0,0.0,0.0,0.0,0.0
sellingAndMarketingExpenses,0.0,0.0,0.0,0.0,0.0,0.0,0.0,0.0,0.0,0.0,0.0,0.0,0.0,0.0,0.0,0.0,0.0,0.0,0.0,0.0,0.0,0.0,0.0,0.0,0.0,0.0,0.0,0.0,0.0,0.0,0.0,0.0,0.0,0.0,0.0,0.0,0.0
sellingGeneralAndAdministrativeExpenses,0.0,0.0,0.0,0.0,0.0,0.0,0.0,0.0,0.0,0.0,0.0,0.0,0.0,0.0,0.0,0.0,0.0,0.0,0.0,0.0,0.0,0.0,0.0,0.0,0.0,0.0,0.0,0.0,0.0,0.0,0.0,0.0,0.0,0.0,0.0,0.0,0.0
otherExpenses,6781000000,6550700000,3749000000,3429300000,3056600000,2980300000,2982300000,2844000000,2634000000,2632000000,6583000000,6735000000,6187000000,6153000000,6135000000,6052000000,5658000000,5166000000,6373000000,6118000000,6109000000,7540000000,3495000000,2919400000,2792300000,2812300000,2808200000,2610000000,0.0,0.0,0.0,0.0,0.0,0.0,0.0,0.0,0.0
operatingExpenses,6781000000,6550700000,3749000000,3429300000,3056600000,2980300000,2982300000,2844000000,2634000000,2632000000,6583000000,6735000000,6187000000,6153000000,6135000000,6052000000,5658000000,5166000000,6373000000,6118000000,6109000000,7540000000,3495000000,2919400000,2792300000,2812300000,2808200000,2610000000,0.0,0.0,0.0,0.0,0.0,0.0,0.0,0.0,0.0
costAndExpenses,13369100000,11930800000,12812700000,13442400000,11993700000,12905200000,13119700000,13788000000,12276000000,11989000000,12195000000,11764000000,10718000000,11908000000,11102000000,10725000000,10193000000,11611000000,12983000000,12425000000,58862000000,11668000000,5611000000,5073000000,4835700000,4499100000,4433700000,4355200000,0.0,0.0,0.0,0.0,0.0,0.0,0.0,0.0,0.0
interestIncome,0.0,0.0,0.0,11600000,16000000,16300000,7900000.0,7000000.0,58000000,8000000.0,27000000,38000000,11000000,57000000,0.0,0.0,0,0.0,0.0,0.0,0.0,0.0,0.0,0.0,0.0,0.0,0.0,0.0,0.0,0.0,0.0,0.0,0.0,0.0,0.0,0.0,0.0
interestExpense,1199100000,1165700000,1072500000,984400000,895000000,877200000,873900000,885000000,906000000,988000000,933000000,999000000,973000000,958000000,0.0,0.0,0.0,0.0,0.0,0.0,0.0,0.0,0.0,0.0,0.0,0.0,0.0,0.0,0.0,0.0,0.0,0.0,0.0,0.0,0.0,0.0,0.0
depreciationAndAmortization,3046400000,2906800000,2740100000,2400400000,2126300000,2090900000,2154700000,2073000000,1874000000,1918000000,1792000000,1780000000,1660000000,1571000000,0.0,0.0,1301000000,0.0,0.0,0.0,0.0,0.0,0.0,0.0,0.0,0.0,0.0,0.0,0.0,0.0,0.0,0.0,0.0,0.0,0.0,0.0,0.0
ebitda,6849100000,6313100000,5720800000,5423900000,5903600000,3505300000,5995300000,5534000000,4944000000,4769000000,3853000000,4636000000,4568000000,4551000000,1605000000,1487000000,2545000000,1661000000,468000000,-305000000,1540000000,864000000,780000000,852400000,852300000,929600000,801900000,717200000,353800000,468300000,497900000,496400000,628900000,626800000,502500000,507200000,485000000
ebitdaratio,0.407878751786565,0.4231725709689312,0.3676275913478222,0.33489753453077054,0.3827318167378719,0.21399747254290266,0.3643850436389274,0.32514688601645125,0.3219378784918929,0.3191033790565406,0.2548954749933845,0.3213419283288279,0.33864630439617466,0.3151662049861496,0.11995515695067265,0.11781017271430835,0.21013954256461068,0.11816176993668635,0.032176005500171884,-0.02095499828237719,0.02513998400182836,0.06309332554403388,0.11278195488721804,0.13432294867552277,0.1383289512123868,0.1589277166108186,0.14142108883127877,0.13028866241575382,0.06715001518372304,0.09282825880114177,0.09866048428645029,0.09606192549588775,0.12234456462532099,0.1294827301272517,0.10495864316150054,0.10473279920707029,0.10004125412541254
operatingIncome,3411300000,2987700000,2592300000,2682700000,3570500000,1207100000,3333500000,3232000000,2855000000,2656000000,2782000000,2663000000,2771000000,2787000000,2278000000,1897000000,1918000000,2446000000,1562000000,2130000000,2395000000,2026000000,1305000000,1272900000,1325700000,1350100000,1236600000,1149500000,0.0,0.0,0.0,0.0,0.0,0.0,0.0,0.0,0.0
operatingIncomeRatio,0.20315030967127204,0.20026812347085832,0.1665852686776254,0.16564273233018642,0.23147637910132318,0.07369307879683275,0.20260496438382808,0.1898942420681551,0.18590870612749885,0.17771830043492806,0.18404339772426567,0.18458445969363,0.2054266439320928,0.193005540166205,0.170254110612855,0.15029313896371416,0.15836842539839815,0.17400583339261577,0.10739085596424888,0.14634146341463414,0.03909757252232398,0.14794800642617204,0.1886928860613071,0.20058620526639248,0.2151621384750219,0.23081788962593175,0.21808369927517063,0.20882155249150725,0.0,0.0,0.0,0.0,0.0,0.0,0.0,0.0,0.0
totalOtherIncomeExpensesNet,-899400000,-841600000,-757500000,-709200000,-754300000,-731500000,-710600000,-742000000,-745000000,-834000000,-415000000,-814000000,-833000000,-776000000,-618000000,-420000000,-459000000,-747000000,-682000000,-1895000000,-823000000,-1127000000,-525000000,-420500000,-364000000,-420500000,-434700000,-432300000,0.0,0.0,0.0,0.0,0.0,0.0,0.0,0.0,0.0
incomeBeforeTax,2511900000,2146100000,1834800000,1973500000,2816200000,475600000,2622900000,2490000000,2110000000,1822000000,2367000000,1849000000,1938000000,2011000000,1660000000,1477000000,1459000000,1699000000,880000000,235000000,1572000000,899000000,780000000,852400000,961700000,929600000,801900000,717200000,0.0,0.0,0.0,0.0,0.0,0.0,0.0,0.0,0.0
incomeBeforeTaxRatio,0.14958909004287757,0.14385494520226563,0.11790712917860861,0.12185333143982661,0.18257492755220456,0.02903523177514179,0.15941579753482604,0.1462984723854289,0.13739662694536695,0.12191368350618936,0.1565890447208256,0.12816247314063908,0.1436726221365557,0.13926592797783935,0.12406576980568013,0.11701790524481065,0.12046899512839568,0.12086504944155936,0.060501890684083875,0.01614565441429062,0.02566237327978843,0.065649189426026,0.11278195488721804,0.13432294867552277,0.15608465608465608,0.1589277166108186,0.14142108883127877,0.13028866241575382,0.0,0.0,0.0,0.0,0.0,0.0,0.0,0.0,0.0
incomeTaxExpense,115500000,40500000,-12900000,115300000,969700000,-73700000,919600000,942000000,684000000,604000000,-818000000,643000000,575000000,642000000,516000000,485000000,430000000,572000000,358000000,214000000,569000000,597000000,260000000,316200000,341300000,342200000,272000000,217200000,0.0,0.0,0.0,0.0,0.0,0.0,0.0,0.0,0.0
netIncome,2488100000,2200100000,1921100000,1923800000,1912600000,610900000,2047100000,1634000000,1480000000,1259000000,1946000000,1214000000,1360000000,1380000000,1089000000,1002000000,814000000,1089000000,110000000,-519000000,971000000,267000000,520000000,536200000,511000000,587400000,529900000,500000000,353800000,468300000,497900000,496400000,628900000,626800000,502500000,507200000,485000000
netIncomeRatio,0.14817174845164363,0.1474746120588531,0.12345290269513026,0.11878461566959131,0.12399432087079981,0.037295254607725224,0.1244195657987504,0.09600470035252644,0.09637298951618155,0.08424222147875543,0.12873776131251655,0.08414777847092257,0.10082289272740752,0.09556786703601108,0.08139013452914798,0.07938520044366978,0.06721162579473206,0.07747029949491356,0.0075627363355104844,-0.03565784953624184,0.01585124965310087,0.019497590185482694,0.07518796992481203,0.0844955010321625,0.08293569643262895,0.10042398960541613,0.09345184558136253,0.09083147128817193,0.06715001518372304,0.09282825880114177,0.09866048428645029,0.09606192549588775,0.12234456462532099,0.1294827301272517,0.10495864316150054,0.10473279920707029,0.10004125412541254
eps,5.02,4.44,3.89,3.9,3.89,1.24,4.17,3.34,3.04,2.6,4.02,2.53,2.96,3.43,2.73,2.54,2.09,2.75,0.29,-1.57,3.01,0.83,2.69,2.81,2.7,3.14,2.85,2.71,1.92,2.54,2.7,2.65,3.25,3.24,2.6,2.62,2.54
epsdiluted,5.0,4.42,3.88,3.9,3.88,1.24,4.17,3.34,3.04,2.6,4.02,2.53,2.96,3.42,2.72,2.53,2.08,2.75,0.29,-1.57,3.01,0.83,2.69,2.81,2.7,3.14,2.85,2.71,1.92,2.54,2.7,2.65,3.25,3.24,2.6,2.62,2.54
weightedAverageShsOut,495718223,495718223,493694345,492774600,491814651,491495458,490340522,488592997,486619555,484682469,482169282,479373306,458677534,402083847,398784745,394219523,390000000,396000000,385000000,332000000,322000000,322000000,193000000,190774000,189039000,187321000,185847000,184666000,184270833,184370079,184407407,187320755,193507692,193456790,193269231,193587786,190944882
weightedAverageShsOutDil,497226867,497226867,495306238,493758277,492611067,491662007,490574568,488899840,487040956,485084694,482460328,479601442,458982292,403640708,400198799,396483464,391000000,396000000,385000000,332000000,322000000,322000000,193000000,190774000,189039000,187321000,185847000,184666000,184270833,184370079,184407407,187320755,193507692,193456790,193269231,193587786,190944882
link,https://www.sec.gov/Archives/edgar/data/4904/000000490422000024/0000004904-22-000024-index.htm,https://www.sec.gov/Archives/edgar/data/4904/000000490421000010/0000004904-21-000010-index.htm,https://www.sec.gov/Archives/edgar/data/1702494/000000490420000007/0000004904-20-000007-index.html,https://www.sec.gov/Archives/edgar/data/1702494/000000490419000009/0000004904-19-000009-index.html,https://www.sec.gov/Archives/edgar/data/1702494/000000490418000009/0000004904-18-000009-index.html,https://www.sec.gov/Archives/edgar/data/4904/000000490417000019/0000004904-17-000019-index.html,https://www.sec.gov/Archives/edgar/data/4904/000000490416000056/0000004904-16-000056-index.html,https://www.sec.gov/Archives/edgar/data/4904/000000490415000008/ye14aep10k.htm,https://www.sec.gov/Archives/edgar/data/4904/000000490414000019/ye13aep10k.htm,https://www.sec.gov/Archives/edgar/data/4904/000000490413000025/0000004904-13-000025-index.html,https://www.sec.gov/Archives/edgar/data/4904/000000490412000013/0000004904-12-000013-index.html,https://www.sec.gov/Archives/edgar/data/4904/000000490411000023/ye10aep10k.htm,https://www.sec.gov/Archives/edgar/data/73986/000000490410000024/0000004904-10-000024-index.html,https://www.sec.gov/Archives/edgar/data/22198/000000490409000045/0000004904-09-000045-index.html,https://www.sec.gov/Archives/edgar/data/4904/000000490408000022/ye07aep10k.htm,https://www.sec.gov/Archives/edgar/data/92487/000000490407000048/0000004904-07-000048-index.html,,,https://www.sec.gov/Archives/edgar/data/50172/000000490404000061/0000004904-04-000061-index.html,,https://www.sec.gov/Archives/edgar/data/4904/000000490402000106/0000004904-02-000106-index.html,,,,,https://www.sec.gov/Archives/edgar/data/4904/000000490497000038/0000004904-97-000038-index.html,https://www.sec.gov/Archives/edgar/data/6879/000000687996000007/0000006879-96-000007-index.html,https://www.sec.gov/Archives/edgar/data/81027/000001854095000043/0000018540-95-000043-index.html,,,,,,,,,
finalLink,https://www.sec.gov/Archives/edgar/data/4904/000000490422000024/aep-20211231.htm,https://www.sec.gov/Archives/edgar/data/4904/000000490421000010/aep-20201231.htm,https://www.sec.gov/Archives/edgar/data/4904/000000490420000007/aep10klegal20194q.htm,https://www.sec.gov/Archives/edgar/data/4904/000000490419000009/aep10klegal20184q.htm,https://www.sec.gov/Archives/edgar/data/4904/000000490418000009/aep10klegal20174q.htm,https://www.sec.gov/Archives/edgar/data/4904/000000490417000019/aep10klegal20164q.htm,https://www.sec.gov/Archives/edgar/data/4904/000000490416000056/ye15aep10k.htm,https://www.sec.gov/Archives/edgar/data/4904/000000490415000008/ye14aep10k.htm,https://www.sec.gov/Archives/edgar/data/4904/000000490414000019/ye13aep10k.htm,https://www.sec.gov/Archives/edgar/data/4904/000000490413000025/ye12aep10k.htm,https://www.sec.gov/Archives/edgar/data/4904/000000490412000013/ye11aep10k.htm,https://www.sec.gov/Archives/edgar/data/4904/000000490411000023/ye10aep10k.htm,https://www.sec.gov/Archives/edgar/data/73986/000000490410000024/ye09aep10k.htm,https://www.sec.gov/Archives/edgar/data/22198/000000490409000045/ye08aep10k.htm,https://www.sec.gov/Archives/edgar/data/4904/000000490408000022/ye07aep10k.htm,https://www.sec.gov/Archives/edgar/data/92487/000000490407000048/ye06aep10k.htm,,,https://www.sec.gov/Archives/edgar/data/50172/000000490404000061/form10k.txt,,https://www.sec.gov/Archives/edgar/data/4904/000000490402000106/module.txt,,,,,https://www.sec.gov/Archives/edgar/data/4904/0000004904-97-000038.txt,https://www.sec.gov/Archives/edgar/data/6879/0000006879-96-000007.txt,https://www.sec.gov/Archives/edgar/data/81027/0000018540-95-000043.txt,,,,,,,,,
