,2021,2020,2019,2018,2017,2016,2015,2014,2013,2012,2011,2010,2009,2008,2007,2006,2005,2004,2003,2002,2001,2000,1999,1998,1997,1996,1995,1994,1993,1992,1991,1990,1989,1988,1987,1986
period,FY,FY,FY,FY,FY,FY,FY,FY,FY,FY,FY,FY,FY,FY,FY,FY,FY,FY,FY,FY,FY,FY,FY,FY,FY,FY,FY,FY,FY,FY,FY,FY,FY,FY,FY,FY
currentRatio,1.402607732295543,1.5466949452103216,1.495943316568156,1.3463619963920626,1.6532542771793246,1.9810874704491725,2.044932223216129,1.5360134003350083,1.4823576785624402,1.9216135282719746,2.0321774105881074,1.7087398795931077,2.0977157360406093,1.887498353313134,1.5891668884748469,1.52,1.6188381616866374,1.3080112181441288,1.3879037800687286,1.3442716670477932,0.7601000741289844,0.9499249946424745,0.8987944162436549,1.1910900205396984,1.1714578354387162,1.0849411299099634,1.006805377363753,1.084640239577587,1.0032006920415224,0.9990214393737212,0.9889354568315172,1.0323583326691639,1.0984594775619558,1.2093322311013135,0.9194671250537172,0.9668978839230836
quickRatio,0.8000454506718178,1.0946977730646872,1.0277543228459194,0.9014832631789937,1.1120666244229203,1.4058545403977194,1.4133351682378037,1.0208333333333333,0.8499018472844415,1.1108860313545887,1.1851288183498205,1.0529375129748806,1.1649746192893402,0.9749703596364115,0.898589299973383,1.0012811387900356,1.062793872288791,0.8439214729910987,0.7356701030927835,0.6309169906242854,0.4309673832468495,0.47189084934638187,0.4437817258883249,0.639067922657412,0.6124274496415159,0.5326506381715642,0.5068890500362582,0.584127984868784,0.5629757785467128,0.50511520327373,0.48113998323554064,0.5017135570255838,0.570914266577361,0.6554606411316248,0.3828964331757628,0.324611467205198
cashRatio,0.0018464335425958016,0.20109579356663132,0.12449062006681597,0.05401884145119262,0.12808907395673033,0.04463913224864414,0.05408380926168031,0.0573178391959799,0.062012382342578144,0.06790558393517702,0.17273616697467117,0.16763545775378866,0.10800902425267908,0.06902911342379134,0.10047910566941709,0.23558718861209965,0.3130593053238283,0.2589928057553957,0.07835051546391752,0.10244683283786873,0.02168272794662713,0.017929852132295164,0.04060913705583756,0.04369997875203626,0.04281324684192557,0.0370040565944395,0.03954928320410554,0.0775474820710852,0.01773356401384083,0.010586246775197936,0.008549874266554904,0.007810632023591297,0.00544206296048225,0.008909708827041425,0.009196390201976793,0.008429186056721398
daysOfSalesOutstanding,203.28500356774757,198.77210745136898,194.8123562844375,193.60178095520115,275.65830612103105,217.69452230075555,220.05829391118573,166.39559650295962,147.44877154949933,115.31440919883681,100.63190147724919,99.89683278246639,96.80985068289576,80.57346001990177,83.13665539898972,83.65296122709842,83.90824109385174,85.36003315132605,90.84157385239929,91.04808678288089,82.97503860010293,59.08992485033754,56.420230623266676,70.0755983921067,70.60311644947363,71.97840806203992,67.80721983236506,58.49755659718759,55.21866504790308,49.55101785937305,49.277558302536,52.316991717873364,62.483898230991166,64.21990097814273,30.154786021777664,22.463587803987924
daysOfInventoryOutstanding,178.55594223072907,154.39326666924057,146.9420473438366,151.65833617327425,203.82743487312214,123.29660040334198,132.69410749170868,87.2507229503887,99.14220328282829,102.45959868721698,77.6564125763402,61.45768783888458,65.82244288948344,65.119940029985,54.84672968690235,48.93431102963642,52.29525074726004,53.85124135124135,50.19564441270975,47.990293403926756,53.68637751118052,57.97883045730685,59.079994341691126,62.21126621452558,64.80233739837398,87.81741459761507,72.80585106382979,54.347673818476736,34.51363171445702,39.005488804846216,45.23287019737066,58.8246544693443,64.32989076464747,63.70063694267516,64.17088096553482,71.02012538615301
operatingCycle,381.84094579847664,353.16537412060956,341.7544036282741,345.2601171284754,479.48574099415316,340.9911227040975,352.7524014028944,253.64631945334833,246.59097483232762,217.7740078860538,178.28831405358937,161.35452062135096,162.63229357237918,145.69340004988678,137.98338508589205,132.58727225673482,136.20349184111177,139.2112745025674,141.03721826510903,139.03838018680764,136.66141611128344,117.06875530764438,115.5002249649578,132.28686460663226,135.4054538478476,159.795822659655,140.61307089619487,112.84523041566433,89.73229676236011,88.55650666421926,94.51042849990665,111.14164618721767,126.81378899563865,127.92053792081789,94.32566698731249,93.48371319014093
daysOfPayablesOutstanding,144.1708717591787,133.41009999613914,130.05165861768666,119.89757279715248,146.67360603162098,62.28800537789302,66.92744536822498,59.42370526157659,68.4375,67.20451996177974,75.67496041619543,68.79090821068938,54.55469232352336,63.66636994002998,65.29752472542484,67.22334249923618,72.9757555629359,84.8992673992674,78.05605141021064,76.89719832340613,84.90842620856108,89.41690581789722,85.9028539095378,82.4116020280503,82.0384485094851,93.14764675384528,100.44839776855216,91.08180343581803,64.52156738264028,62.777703403728374,74.44576553317253,89.2116848904767,90.32571996027805,81.27943291555373,87.46908333687476,99.22587679447575
cashConversionCycle,237.67007403929793,219.75527412447042,211.70274501058742,225.3625443313229,332.8121349625322,278.7031173262045,285.8249560346694,194.22261419177173,178.15347483232762,150.56948792427406,102.61335363739394,92.56361241066158,108.07760124885581,82.0270301098568,72.68586036046722,65.36392975749864,63.22773627817587,54.31200710329999,62.98116685489839,62.14118186340151,51.75298990272236,27.651849489747164,29.59737105542,49.87526257858197,53.36700533836252,66.64817590580971,40.164673127642715,21.7634269798463,25.210729379719822,25.778803260490882,20.06466296673412,21.92996129674097,36.488069035360596,46.641105005264166,6.856583650437727,-5.74216360433482
grossProfitMargin,0.43044874336002537,0.4420413175071627,0.4519935788971322,0.4414103811497948,0.38258181060237617,0.3655252254447965,0.32821608423622767,0.340540406667162,0.3459275317435739,0.35781554304618096,0.3455993368661002,0.3371626608478003,0.3122921236996674,0.31486534202163513,0.3049109347107752,0.3027268853855986,0.2998325737140731,0.28129875195007803,0.2711044030394504,0.2660694047169302,0.27498713329902214,0.31649471404916574,0.3120955578261081,0.30627626530239355,0.31549413346936883,0.31665551312837065,0.3163333185507118,0.32367607459858383,0.24244503681807383,0.24623454477332335,0.24358353510895883,0.25410098851188884,0.26141695567277706,0.25763796642917525,0.24879716383894657,0.2659168574367141
operatingProfitMargin,0.0,0.0,0.0,0.0,0.0,0.0,0.0,0.0,0.0,0.0,0.0,0.0,0.0,0.0,0.0,0.0,0.0,0.0,0.0,0.0,0.0,0.0,0.0,0.0,0.0,0.0,0.0,0.0,0.027158278128216633,0.09139502934931934,0.09336051994392762,0.0928666844776917,0.10308046512983417,0.104516362758121,0.09378956697898203,0.10785972595467967
pretaxProfitMargin,0.1771584872750337,0.15721333017384373,0.1420885938652436,0.15730360844367358,0.06280830959494199,0.1033694857421399,-0.03982908591484816,0.12011788889714442,0.1589501393620316,0.16343409012085477,0.16297107670446134,0.11247312518050252,0.10968792017550068,0.14602124995987545,0.07053059364199173,0.09096719216020452,0.08989861408241094,0.06391380655226209,0.01977724575830124,0.046683577095364026,-0.24338651569737518,0.05670615208253726,0.06672991777356103,0.05698428649735063,-0.013843157260121504,0.06349643742865016,0.054747438910816446,0.0629051560785878,0.009976510332814274,0.0698388909704009,0.06522237797884542,0.05645204381512156,0.06362020225570483,0.05720927424224127,0.06375031653583185,0.0638996715437444
netProfitMargin,0.14598033774676922,0.11880398957368432,0.10356197665842336,0.10620161597360295,0.18613214757173627,0.06370338776504997,0.14924462078437356,0.07615721821829259,0.07584907608134614,0.11103700344156017,0.10832173835815151,0.05535410583063248,0.08085061212936098,0.09777549513690495,0.05028675604846367,0.05624201107797188,0.05422751371965399,0.078100624024961,0.01379202664723639,0.03551190026445032,-0.17380339680905815,0.028174754808304673,0.05171994356055077,0.024323953955782934,0.037657097806427675,0.041471479746486635,0.04780699809304182,0.043233270170539545,0.009580617065639103,-0.01890845510178594,0.04177392634127692,0.041490782794549826,0.03980998455395914,0.03900495109286318,0.05719802481640922,0.05059553432201984
effectiveTaxRate,0.10248377713134929,0.20676897780213757,0.17022900763358778,0.11940298507462686,1.4607300884955752,0.27674624226348365,-0.3632183908045977,0.1515463917525773,0.2412729339178438,0.2394711067580803,0.24795640326975477,0.37660485021398005,0.17096774193548386,0.2756649813145746,0.156165858912224,0.3217798594847775,0.4257630625969995,-0.33943554538520215,-0.04736842105263158,0.20115606936416186,0.3522943539860436,0.20350404312668463,0.2125410134888808,0.25731462925851706,0.5896147403685092,0.32393056416615,0.1267719724584852,0.31272294887039237,-0.08465608465608465,0.3111587982832618,0.3235638921453693,0.26549929010885,0.28218048557031605,0.31820580474934035,0.0506454816285998,0.2082035306334372
returnOnAssets,0.06960392390349011,0.05414081520458651,0.04835556635975974,0.050339372186519356,0.05819927658234035,0.034059257570081276,0.07730125357656618,0.05757887838217395,0.05613921149144254,0.09515535334598413,0.09774275410711901,0.05195939636736046,0.072858873796314,0.10174020508367013,0.048437842979439524,0.04826325411334552,0.042554744525547444,0.05378726833199033,0.009367929864253393,0.022910863509749305,-0.13632326820603907,0.02952561467204143,0.053205866159467444,0.02556163594470046,0.039483601176728014,0.04222614132830975,0.05012671177140732,0.051738027748769205,0.0129039138317159,-0.026781292011604046,0.05821139366387271,0.052480400108137336,0.04845689960979071,0.0470023282887078,0.06963122808369619,0.05678010276267779
returnOnEquity,0.24286892003297608,0.18620433520156662,0.18852426647711568,0.16087276921598154,0.19979118502498322,0.10680901057363232,0.2621000160797556,0.20091473374714144,0.19338070798789314,0.28115922448152403,0.2949379332581009,0.1524524966858153,0.21228167967298403,0.33735740392069996,0.12440101475147984,0.12947523295733201,0.12154696132596685,0.18283496918511755,0.04504504504504504,0.16206896551724137,-1.2811077389984826,0.13051687514751004,0.26918207141048367,0.1326441649022294,0.19838749083801613,0.2117162379421222,0.26591021213616184,0.336046511627907,0.1673582295988935,-0.345662100456621,0.5290510006455778,1.0381016042780749,-1.934844192634561,-0.5778175313059034,-0.5265151515151515,-0.30102645084879587
returnOnCapitalEmployed,0.0,0.0,0.0,0.0,0.0,0.0,0.0,0.0,0.0,0.0,0.0,0.0,0.0,0.0,0.0,0.0,0.0,0.0,0.0,0.0,0.0,0.0,0.0,0.0,0.0,0.0,0.0,0.0,0.02281093476555428,0.16422907488986785,0.15770984839147048,0.12396597242593135,0.13437153760925766,0.11414975001505934,0.14068175468007824,0.12450707867347599
netIncomePerEBT,0.8240098456030431,0.7556864894491642,0.7288549618320611,0.6751378243915558,2.963495575221239,0.6162687886825818,-3.7471264367816093,0.634020618556701,0.47718785517129403,0.6793992817499184,0.6646684831970936,0.4921540656205421,0.7370967741935484,0.6695977137832491,0.7129779213785676,0.6182669789227166,0.6032074495602691,1.2219679633867278,0.6973684210526315,0.7606936416184971,0.714104461831254,0.4968553459119497,0.7750637987604813,0.42685370741482964,-2.7202680067001674,0.6531308121512709,0.8732280275415147,0.6872770511296076,0.9603174603174603,-0.2707439198855508,0.640484564282923,0.7349739706578324,0.6257443884562529,0.6817941952506597,0.897219463753724,0.7917964693665628
ebtPerEbit,,,,,,,,,,,,,,,,,,,,,,,,,,,,,1.0,1.0,1.0,1.0,1.0,1.0,1.0,1.0
ebitPerRevenue,0.0,0.0,0.0,0.0,0.0,0.0,0.0,0.0,0.0,0.0,0.0,0.0,0.0,0.0,0.0,0.0,0.0,0.0,0.0,0.0,0.0,0.0,0.0,0.0,0.0,0.0,0.0,0.0,0.009976510332814274,0.0698388909704009,0.06522237797884542,0.05645204381512156,0.06362020225570483,0.05720927424224127,0.06375031653583185,0.0638996715437444
debtRatio,0.7115760823339288,0.7070407602293254,0.7405572943571668,0.6781328012993393,0.7059513593951968,0.6753701562067337,0.6983354147235966,0.7071435258870892,0.6997058374083129,0.6445277669814125,0.6516361693602244,0.6417964396517968,0.6387028888463746,0.6772103276662547,0.5892661154605985,0.6056672760511883,0.6310948905109489,0.6886583400483481,0.7749575791855203,0.8430362116991643,0.8935895365735508,0.7737793320697296,0.8023424595825617,0.8072916666666666,0.8009773650044978,0.8005531283818991,0.8114900839320174,0.846039086975981,0.9228964487575984,0.9225217575886224,0.8899346498082114,0.9494457961611247,1.025044341965236,1.0813445867287543,1.1322492389503294,1.188621639734902
debtEquityRatio,2.482901896125309,2.431696941049362,2.8872171543655964,2.167152606452853,2.4234469386233126,2.1179445267405628,2.367797609476336,2.4674942829140805,2.410251348861692,1.904411267986219,1.9663066258262132,1.8830755634114007,1.8609253065774805,2.245542141986931,1.5133890820257445,1.624816086316822,1.8025643698530178,2.340903903218443,3.726330103688594,5.963546798029556,8.397572078907436,3.4204625914562192,4.059255507723474,4.1891891891891895,4.0245541167847545,4.013866559485531,4.304760730143069,5.49515503875969,11.96957123098202,11.906849315068493,8.08812136862492,18.780748663101605,-40.92917847025496,-13.293381037567084,-8.561480186480187,-6.301618634030794
longTermDebtToCapitalization,0.4863825751160191,0.5098305309148683,0.5448287018729554,0.41112431840908664,0.5292858020465835,0.4788499933448689,0.5218605843157356,0.4297477551324565,0.43161673959385166,0.38039429073709763,0.3857503589642026,0.3077393698378709,0.35328046142754144,0.3963765209252574,0.28276838061864007,0.33927414128321454,0.40010005628165846,0.48410268487988695,0.6372325337608682,0.7184270753866426,0.7120384531352414,0.507182320441989,0.5447576229177474,0.6229277227257785,0.5820910761690831,0.5603463509453968,0.6082713305633395,0.700643963566746,0.7756516342573438,0.7939017504234895,0.7499192767194058,0.8856443968812108,1.0562549800796812,1.1796849887495982,1.3309546769527483,1.3955649254314046
totalDebtToCapitalization,0.5238282170055744,0.5376738523016406,0.5650911963727544,0.4662779164814118,0.5446781778977572,0.49159893006466354,0.53527125990136,0.5230750054532424,0.5492481537503336,0.3946593604318312,0.39957409737682703,0.36051768961229796,0.37429518107306864,0.4085162135604324,0.3387387387387387,0.3818214892068882,0.42881810062518605,0.5130599088585084,0.6409520903265181,0.7599337748344371,0.7779462555808272,0.5530826433205,0.6227730811482065,0.6485599229624442,0.6208781030011116,0.6482895108849307,0.6828848560700876,0.7217878902248342,0.7901712295637032,0.8040093073205656,0.7613435020414452,0.8933789466182025,1.0531546453847311,1.1702451652200396,1.3086330935251798,1.3765422922550914
interestCoverage,0.0,0.0,0.0,0.0,0.0,0.0,0.0,0.0,0.0,0.0,0.0,0.0,0.0,0.0,,,,,,,,,,,,,,,-0.5135869565217391,-2.946259220231823,-2.0521251002405774,-1.403054448871182,-1.3483631871525632,-1.0042395336512984,-0.9204753199268738,-1.2082810539523212
cashFlowToDebtRatio,0.24583333333333332,0.18806793438815503,0.1484667051636629,0.13510837275827925,0.10457903431937907,0.26296883254094033,-0.16645725720135884,0.22262599785535567,0.17749338517198554,0.37270749145166304,0.46184593023255816,0.5557297382034802,0.46824041000155303,0.4932649134060295,0.4944974321349963,0.41924726060028583,0.3013051930019439,0.22790294627383015,0.16044562940392307,0.08294428882664177,-0.22663779101245263,0.23562505959759703,0.45041797683871465,0.2570695822366201,0.7025958526033119,0.04415612734409071,-0.05922107674684994,0.22835586763277807,0.42091087169441727,0.3842386464826358,0.42557927754730346,0.3530913442361388,0.2580783528738919,0.16909564085881587,0.19612424409015944,0.13758099352051836
companyEquityMultiplier,3.4892992580379225,3.4392599095144845,3.8987086838052365,3.1957643138637017,3.4328809008874637,3.135975890075088,3.3906308624108914,3.4893825547206796,3.444663771548888,2.95473890427616,3.0174915363533774,2.934069818824569,2.9136008918617615,3.315871082068889,2.5682608287137088,2.682687591956842,2.856249348483269,3.3992239214791145,4.808431072582016,7.073891625615763,9.397572078907436,4.420462591456219,5.059255507723474,5.1891891891891895,5.0245541167847545,5.013866559485531,5.304760730143069,6.49515503875969,12.96957123098202,12.906849315068493,9.088444157520982,19.780748663101605,-39.92917847025496,-12.293381037567084,-7.561480186480186,-5.301618634030794
receivablesTurnover,1.7955087369657283,1.8362737341772153,1.873597788977402,1.8853132352354747,1.3241030358785648,1.6766613883638963,1.6586514123721778,2.1935676644754714,2.475436018654571,3.16525924674886,3.627080425212069,3.653769492320319,3.7702774813233724,4.530027628326305,4.390361847590462,4.363264547313627,4.349989884685414,4.276005836981446,4.017984107068172,4.008870618779749,4.398913289563052,6.177025963808025,6.469310670443815,5.208660480609089,5.169743466794534,5.07096516618425,5.382907615182621,6.239576851275669,6.610083740404745,7.366145354185832,7.407022843118747,6.976700838769804,5.841504937010555,5.683596431022649,12.104214559386973,16.248517520215632
payablesTurnover,2.5317180616740087,2.7359247913805853,2.806577046994778,3.044265129682997,2.4885186222346682,5.859876195835678,5.453666997026759,6.142329873125721,5.333333333333333,5.431182310469314,4.823259873445341,5.305933727202672,6.690533562822719,5.733011012624228,5.589798411728772,5.429661579296615,5.001661129568106,4.299212598425197,4.676126878130217,4.7465968586387435,4.298748855660666,4.082002129925453,4.248985725018783,4.428988043161271,4.449133383571967,3.918510158013544,3.6337065409546256,4.007386615452799,5.657023144453312,5.814166180190699,4.9028980679546965,4.091392292927802,4.040930979133226,4.490680937442333,4.172902996985281,3.678475935828877
inventoryTurnover,2.0441772782243723,2.3640927345746623,2.4839724680432647,2.4067255991980314,1.7907304785894207,2.9603411513859275,2.750687328167958,4.183346425765907,3.6815804764671705,3.5623797543288442,4.700191367212418,5.93904542840713,5.545221112696148,5.605042016806722,6.654909090909091,7.45897903372835,6.979601298099212,6.777931034482759,7.271547248182762,7.605704697986577,6.798745173745174,6.295401220084467,6.178064234214551,5.867104500676067,5.632512879221522,4.156351011612594,5.013333333333334,6.716018816538747,10.575531518090266,9.357657375508925,8.069353070175438,6.204881325570981,5.673878746901059,5.7299270072992705,5.687938119410201,5.139388279243521
fixedAssetTurnover,5.298466708674648,5.051251360174103,4.995990029261948,4.5785396087546,2.8078423722200547,3.275521405049396,3.2236324281778828,3.0857470385938095,3.1040615236721942,3.2989790529836296,3.4230847182813133,3.392814371257485,2.930222913426646,3.3169718909710393,2.816839627688028,2.2895327285142915,2.124703557312253,1.8447702131486645,1.7032177998404396,1.7228265922826593,1.7861739290310719,2.428995730462224,2.4295762160884213,2.534529667149059,2.568093848627404,2.5930689531975704,2.464910362920857,2.608820085859243,2.725435189181413,2.665268623926503,2.6435116561110363,2.4835777320682104,2.570454715709042,2.612096837788818,2.4260482260789433,2.240799940524868
assetTurnover,0.476803417349475,0.4557154637555957,0.4669239417788447,0.4739981753105481,0.3126771884470417,0.5346537878911276,0.5179500150176259,0.7560528040445651,0.7401436430317848,0.8569697523948878,0.9023373848003206,0.9386728515919154,0.9011542631209745,1.0405491165369585,0.9632326040828273,0.8581352833638025,0.7847445255474452,0.6886919151222133,0.6792279411764706,0.6451601671309192,0.7843533021152914,1.0479457540244,1.0287301666750088,1.0508832565284179,1.048503561790377,1.0181971221291435,1.0485224709957919,1.1967178875130537,1.3468771106608368,1.4163659520271705,1.393486290666288,1.264868883482022,1.2172046825115288,1.205034924330617,1.2173711995684173,1.1222354605704072
operatingCashFlowPerShare,6.39140227412655,4.994602929838088,3.734709480122324,2.7410714285714284,2.498138495904691,3.717699775952203,-2.675392670157068,2.803450862715679,2.4312130177514795,2.6122004357298474,2.685211267605634,2.4549861495844874,2.087950138504155,2.084010840108401,1.7919033286764452,1.725000002940341,1.442324184320975,1.4545443182612654,1.192216983943908,0.7938297889230421,-1.6827050648867714,2.0275158267261837,4.661659226043126,2.7986314640708767,6.394364237229841,0.5324394870690957,-0.6858163254808933,2.053866778098177,2.3891591382904793,2.345108695652174,2.8986905582356997,3.0672210672210674,2.5069444444444446,1.8111498257839722,1.6887573964497042,0.6758620689655173
freeCashFlowPerShare,5.611278670126955,4.112567463377024,2.649847094801223,1.2150297619047619,1.8600148920327624,2.740851381628081,-3.486910994764398,1.1177794448612153,0.7899408284023669,1.111837327523602,1.3507042253521127,1.4695290858725762,0.971606648199446,0.8997289972899729,1.0248942629150883,0.9108522742798618,0.8208619205697715,0.8641541814765122,0.5766509447562522,0.16904255355115436,-2.853282501329743,0.054975135730738284,0.5159336790274189,0.7582535234762785,4.2443534569658095,-2.971143804385571,-4.441887748303233,-0.3379440593337858,0.6900625434329395,0.20855978260869565,1.4045485871812544,0.8198198198198198,0.5569444444444445,0.5114982578397212,0.7585798816568048,0.058355437665782495
cashPerShare,0.05065737688309057,4.386276021588281,2.5925076452599387,1.4196428571428572,2.1072226358897987,0.479462285287528,0.5878833208676141,0.8214553638409603,0.9112426035502958,0.5599128540305011,1.1190140845070422,1.118421052631579,0.5304709141274239,0.35501355013550134,0.5018126903378027,1.0813920472978273,1.3718696389117477,1.4683707851648895,0.4033018877436365,0.6672340439728384,0.18812851657119184,0.20595162788679566,0.5079962378116125,0.45333568215587583,0.4256573284577036,0.49168485966380693,0.4702551013210381,0.6611072651778236,0.5392633773453788,0.16508152173913043,0.3053066850447967,0.6444906444906445,0.65625,0.9114982578397213,1.0917159763313609,0.48859416445623344
payoutRatio,0.33564154786150713,0.414324569356301,0.4405111018014244,0.17765385381398127,0.16573348264277715,0.42372070779531323,0.17668711656441718,0.25398373983739836,0.25042531473290236,0.11484863046612205,0.1478546050833561,0.2747826086956522,0.1588621444201313,0.15397242284963886,0.2243202416918429,0.1590909090909091,0.0,0.009363295880149813,0.11320754716981132,0.0425531914893617,-0.009475866153390583,0.02531645569620253,0.027751646284101598,0.04976525821596244,0.04926108374384237,0.21309919316563836,0.17532467532467533,0.40369088811995385,0.0,0.0,0.0,0.0,0.0,0.0,0.0,0.09442622950819672
operatingCashFlowSalesRatio,0.1625505430904622,0.13954891105318715,0.10596989023384963,0.07792207792207792,0.1165497116653929,0.15165732390933465,-0.10917137189073707,0.09255269088837705,0.08483018478373078,0.09596350345489955,0.11288078391900293,0.11375669864903892,0.10668034817068855,0.09873848425512792,0.10239659690835201,0.11248402215594376,0.1009208445725979,0.10257410296411856,0.08769647132299364,0.057531437206541094,-0.10772002058672156,0.06294739523627563,0.14287451953486108,0.08699524940617577,0.21840652970365904,0.01594299885840255,-0.022927846024213935,0.07621920813802732,0.09073873683654887,0.08622455351567379,0.10720020389957946,0.11824739513759017,0.10520793868213214,0.07846274604516362,0.09033932641174981,0.0845360140672174
freeCashFlowOperatingCashFlowRatio,0.8779417144250701,0.8234022846557579,0.7095189355168884,0.44326818675352875,0.7445603576751118,0.7372438730413821,1.3033268101761253,0.3987155472303987,0.3249163370854883,0.42563247150403116,0.5030159979019145,0.598589562764457,0.46533996683250417,0.4317295188556567,0.5719584569732937,0.5280303030303031,0.5691244239631337,0.594106463878327,0.4836795252225519,0.2129455909943715,1.6956521739130435,0.027114528530959126,0.1106759747999319,0.27093725387240747,0.6637647308631489,-5.580246913580247,6.47678916827853,-0.16454039908406934,0.28883071553228623,0.08893395133256084,0.4845458868283405,0.26728422955264347,0.2221606648199446,0.28241631396691036,0.44919411352487737,0.08634222919937205
cashFlowCoverageRatios,0.24583333333333332,0.18806793438815503,0.1484667051636629,0.13510837275827925,0.10457903431937907,0.26296883254094033,-0.16645725720135884,0.22262599785535567,0.17749338517198554,0.37270749145166304,0.46184593023255816,0.5557297382034802,0.46824041000155303,0.4932649134060295,0.4944974321349963,0.41924726060028583,0.3013051930019439,0.22790294627383015,0.16044562940392307,0.08294428882664177,-0.22663779101245263,0.23562505959759703,0.45041797683871465,0.2570695822366201,0.7025958526033119,0.04415612734409071,-0.05922107674684994,0.22835586763277807,0.42091087169441727,0.3842386464826358,0.42557927754730346,0.3530913442361388,0.2580783528738919,0.16909564085881587,0.19612424409015944,0.13758099352051836
shortTermCoverageRatios,1.7663148826189963,1.7801593844462764,1.884645061728395,0.6726310023735622,1.7419522326064383,5.284501061571126,-3.1767317939609234,0.7115384615384616,0.4710518773287475,6.38898756660746,8.2,2.6278724981467754,5.39355992844365,10.019543973941367,2.1464968152866244,2.4858757062146895,2.699004975124378,2.0831683168316832,10.029761904761905,0.4275972723626153,-0.7703349282296651,1.3992072480181201,1.636845039018952,2.452672247263361,4.700099800399202,0.1431095406360424,-0.21232032854209446,2.333587786259542,5.139013452914798,6.299270072992701,7.09274873524452,4.663856691253952,4.9316939890710385,3.7666666666666666,3.8053333333333335,3.938176197836167
capitalExpenditureCoverageRatio,-8.192807192807193,-5.6625874125874125,-3.4425651867512332,-1.7961969770843491,-3.9148191365227536,-3.805810397553517,3.296774193548387,-1.6631063640409436,-1.4812978819287967,-1.7410454985479187,-2.012137203166227,-2.4912157413914264,-1.870347394540943,-1.759725400457666,-2.336221837088388,-2.118780096308186,-2.320855614973262,-2.4637002341920375,-1.9367816091954022,-1.270560190703218,1.4375,-1.0278702163061564,-1.1244495500670113,-1.3716240547353258,-2.9741079886327757,-0.15196998123827393,0.18258873388663252,-0.8587078651685394,-1.4061349693251535,-1.0976152623211446,-1.9400369003690037,-1.3647856922602528,-1.2856125356125356,-1.3935656836461126,-1.8155216284987277,-1.0945017182130585
dividendPaidAndCapexCoverageRatio,5.575118966689327,5.677475898334794,7.141812865497076,-3.178602243313201,108.2258064516129,-11.796208530805687,16.18552036199095,-2.549113233287858,-2.2164531355360757,-2.2651133501259446,-2.8161004431314622,-3.7355110642781875,-2.413931144915933,-2.4050039093041438,-3.14585764294049,-2.548262548262548,,-2.507747318235995,-2.005952380952381,-1.31442663378545,1.4698033707865168,-1.039983164983165,-1.1372966692486444,-1.3983113069016153,-3.05118237771299,-0.16594960049170251,0.1956480605487228,-1.068881118881119,,,,,,,,-1.1666666666666667
dividendPayoutRatio,0.33564154786150713,0.414324569356301,0.4405111018014244,0.17765385381398127,0.16573348264277715,0.42372070779531323,0.17668711656441718,0.25398373983739836,0.25042531473290236,0.11484863046612206,0.1478546050833561,0.27478260869565213,0.1588621444201313,0.15397242284963886,0.2243202416918429,0.1590909090909091,,0.009363295880149813,0.11320754716981132,0.0425531914893617,-0.009475866153390584,0.025316455696202535,0.0277516462841016,0.04976525821596244,0.04926108374384237,0.21309919316563836,0.17532467532467533,0.40369088811995385,,,,,,,,0.09442622950819672
priceBookValueRatio,4.5909185490519375,4.742120713653859,4.961236975239901,3.010213525231489,3.975861459206503,3.5888929665934515,2.220095988690572,4.343455212806273,5.544318304513752,4.96492135796798,4.608707635015315,4.151188866813964,2.963419486807878,3.163129629416325,3.128906888807169,2.5375236138165613,1.906705615198994,1.660902742536342,1.780965761565375,1.3984570483968324,3.6371913276317187,2.1735193063738754,1.854728594443207,1.9870584039115307,2.6238479363324725,2.332563704363091,2.8525687266158064,3.6509936300643373,2.7285934532042413,2.8296679452054794,1.9717769205939315,2.863332553475936,-6.539150141643059,-2.0090641771019677,-1.1162765151515153,-1.9520503355704697
priceToBookRatio,4.5909185490519375,4.742120713653859,4.961236975239901,3.010213525231489,3.975861459206503,3.5888929665934515,2.220095988690572,4.343455212806273,5.544318304513752,4.96492135796798,4.608707635015315,4.151188866813964,2.963419486807878,3.163129629416325,3.128906888807169,2.5375236138165613,1.906705615198994,1.660902742536342,1.780965761565375,1.3984570483968324,3.6371913276317187,2.1735193063738754,1.854728594443207,1.9870584039115307,2.6238479363324725,2.332563704363091,2.8525687266158064,3.6509936300643373,2.7285934532042413,2.8296679452054794,1.9717769205939315,2.863332553475936,-6.539150141643059,-2.0090641771019677,-1.1162765151515153,-1.9520503355704697
priceToSalesRatio,2.759446701815587,3.0256162361215826,2.7253547642847846,1.9872197287533313,3.7040454600500246,2.1404995615098708,1.2641639206775523,1.646397256656017,2.1746296477753693,1.9607750410052558,1.6926382344059918,1.5072586730417483,1.1286620676526784,0.9167623478958686,1.2648013983658588,1.10226047050958,0.8506663085575272,0.709478833370877,0.5453014247574217,0.306424287143998,0.4934449994666604,0.46919889446471075,0.35636273144826663,0.36438178158701073,0.49804802687051014,0.45690812080898874,0.5128526150915996,0.4697099613825666,0.15620151495156906,0.15478887973023606,0.15569172677456353,0.11444150414106333,0.1345449246641215,0.1356197168216399,0.12126680805267157,0.32809419063733786
priceEarningsRatio,18.902865580448065,25.46729488612874,26.31617174780059,18.711765452300337,19.90008447424412,33.60103185413678,8.470415308997955,21.618400660813005,28.67048301871385,17.658753210475734,15.626025394916642,27.22939248,13.959845670021881,9.376197447143795,25.151779469467296,19.598525183984727,15.68698710686445,9.08416343951525,39.53743990675132,8.628777532661307,-2.8390987088058073,16.65316690977597,6.890238212094285,14.980368004700168,13.225873895823657,11.017405783493821,10.727563652783376,10.864548518530553,16.30390964187328,-8.186225627476883,3.72700726052471,2.7582392144236962,3.379677891654466,3.4769872291021673,2.1201223021582734,6.484647213114754
priceToFreeCashFlowsRatio,19.33605625,26.331483182789654,36.247375627236,57.53323596815677,42.684008251801444,19.144348121798366,-8.884669854354355,44.61515572617449,78.89751834456929,48.005049550620505,29.81002446298227,22.13510934401508,22.73574294796864,21.505946855421683,21.595950724756612,18.558144363601034,14.810548151096317,11.642263864082743,12.855731994219754,25.01205117396978,-2.701503617818318,274.9015313763018,22.536379136788383,15.459391400199301,3.4355117093438294,-5.135768580933956,-3.453580294968039,-37.45353306388068,5.96003947633434,20.185579153094462,2.997333120706575,3.6209175824175825,5.756408977556109,6.120255449591281,2.988347113884555,44.95039545454546
priceToOperatingCashFlowsRatio,16.975930374344593,21.681403411083668,25.718199370317297,25.502653185667754,31.780820450968704,14.114053356167135,-11.57962842074364,17.78875623013112,25.635092665652568,20.432507884904087,14.994919202727509,13.249845423977435,10.579849869320066,9.284752088426528,12.351986653403078,9.799262591992363,8.429044685070945,6.916744215828626,6.218054347352581,5.326206019222457,-4.580810482387583,7.45382541570709,2.494235729424902,4.1885250525087105,2.2803715051298035,28.658856772619114,-22.368111446229168,6.162619277439314,1.72144246655032,1.7951833140208575,1.4523454350927247,0.967814166290104,1.2788476454293627,1.728459984609465,1.3423479327259986,3.881117346938775
priceCashFlowRatio,16.975930374344593,21.681403411083668,25.718199370317297,25.502653185667754,31.780820450968704,14.114053356167135,-11.57962842074364,17.78875623013112,25.635092665652568,20.432507884904087,14.994919202727509,13.249845423977435,10.579849869320066,9.284752088426528,12.351986653403078,9.799262591992363,8.429044685070945,6.916744215828626,6.218054347352581,5.326206019222457,-4.580810482387583,7.45382541570709,2.494235729424902,4.1885250525087105,2.2803715051298035,28.658856772619114,-22.368111446229168,6.162619277439314,1.72144246655032,1.7951833140208575,1.4523454350927247,0.967814166290104,1.2788476454293627,1.728459984609465,1.3423479327259986,3.881117346938775
priceEarningsToGrowthRatio,0.5414000345132925,1.545015889758477,-12.237019862727264,-2.765183116839939,0.12797068724614766,-0.5860681801477807,0.14324967066687716,3.72429540106277,-1.032048119929915,1.0178584715701187,0.13523614705418766,-1.1139296923636364,-0.588307781808065,0.06962914559904253,12.396234167094624,1.735869373438647,-0.5225064126572145,0.018513920053359886,-0.6404411753490297,0.07309557254656926,0.007112441899906888,-0.36028486102880697,0.059575816585235114,-0.5161204914119354,-0.6484189502908236,-3.5010867267547083,0.4716079869997222,0.013204806261992608,4.672640106483898,-2.3999450554961106,1.0770538807053087,0.7926985035676944,0.969276272452187,0.9937217035972138,0.7136042004874491,4.868974306600801
priceSalesRatio,2.759446701815587,3.0256162361215826,2.7253547642847846,1.9872197287533313,3.7040454600500246,2.1404995615098708,1.2641639206775523,1.646397256656017,2.1746296477753693,1.9607750410052558,1.6926382344059918,1.5072586730417483,1.1286620676526784,0.9167623478958686,1.2648013983658588,1.10226047050958,0.8506663085575272,0.709478833370877,0.5453014247574217,0.306424287143998,0.4934449994666604,0.46919889446471075,0.35636273144826663,0.36438178158701073,0.49804802687051014,0.45690812080898874,0.5128526150915996,0.4697099613825666,0.15620151495156906,0.15478887973023606,0.15569172677456353,0.11444150414106333,0.1345449246641215,0.1356197168216399,0.12126680805267157,0.32809419063733786
dividendYield,0.017756119908543054,0.016268888046761926,0.016739178708173645,0.009494232613531467,0.008328280357667795,0.01261034808796049,0.02085932154669275,0.011748498134637068,0.008734603967761698,0.006503779122865265,0.00946207377414446,0.010091396967357244,0.011379935579179098,0.016421627607313496,0.008918662870917495,0.008117493923517927,,0.001030727368842833,0.0028632998857996434,0.004931543469314285,0.0033376318068829526,0.0015202186967417544,0.004027675884324252,0.0033220317551844077,0.00372459953360039,0.019342048151199227,0.01634338243047251,0.03715671087771567,,,,,,,,0.014561506031851069
enterpriseValueMultiple,15.265428280683125,16.647789383805588,17.2498781325328,13.38426301880036,13.684726821734316,16.917798549293085,8.469438426857533,14.36747368980591,16.59035281685999,11.04084316606353,9.550131177262527,10.832224042713568,8.619235456756137,5.837488915687276,12.87629820995415,9.176557366273636,6.989566517483279,8.664331932041371,13.67007473227669,8.729572087371853,-4.9875600589313684,8.310441589968741,5.989292834125874,7.992073131461882,9.370300658319918,7.167136281317436,8.043490769544364,6.491196162711819,7.459064588930683,9.844426666666667,4.563344313612866,6.131479831316465,7.919538658692867,9.877694902548726,10.588679606025492,12.566838437638705
priceFairValue,4.5909185490519375,4.742120713653859,4.961236975239901,3.010213525231489,3.975861459206503,3.5888929665934515,2.220095988690572,4.343455212806273,5.544318304513752,4.96492135796798,4.608707635015315,4.151188866813964,2.963419486807878,3.163129629416325,3.128906888807169,2.5375236138165613,1.906705615198994,1.660902742536342,1.780965761565375,1.3984570483968324,3.6371913276317187,2.1735193063738754,1.854728594443207,1.9870584039115307,2.6238479363324725,2.332563704363091,2.8525687266158064,3.6509936300643373,2.7285934532042413,2.8296679452054794,1.9717769205939315,2.863332553475936,-6.539150141643059,-2.0090641771019677,-1.1162765151515153,-1.9520503355704697
