,2021,2020,2019,2018,2017,2016,2015,2014,2013,2012,2011,2010,2009,2008,2007,2006,2005,2004,2003,2002,2001,2000,1999,1998,1997,1996,1995,1994,1993,1992,1991,1990
period,FY,FY,FY,FY,FY,FY,FY,FY,FY,FY,FY,FY,FY,FY,FY,FY,FY,FY,FY,FY,FY,FY,FY,FY,FY,FY,FY,FY,FY,FY,FY,FY
revenueGrowth,0.15813990014381765,0.06475393136887743,0.05727311201946123,0.03052721928726688,0.023787862661480096,0.04400913290417322,0.07518100263852243,0.03579873474041627,0.06317178056717805,0.06577480490523968,0.09642808637783512,0.08009388293970955,0.04507128621799785,0.05721231766612642,0.03732347007397444,0.041498861845561195,0.013127550115309562,0.032985156679494226,0.024690593013626864,0.10533623910336239,0.07472674548293554,0.0891642371234208,0.26919518963922295,0.20512820512820512,0.1999464906804602,0.2403075051158675,0.1990053050397878,0.23931623931623933,0.2140077821011673,0.22530562347188263,0.21780556796188774,0
grossProfitGrowth,0.1398710010540925,0.06374735840575674,0.06549575425537008,0.040791202205024024,0.0233357391041404,0.05288217770837076,0.079438905775076,0.04093390860663561,0.06970555054151624,0.07598931779558145,0.10964439655172414,0.08633304067895815,0.045593635250917995,0.06657963446475196,0.04288631722260041,0.05191550304332259,0.013057671381936888,0.09622266401590457,0.058774843846497435,0.180023348236463,0.07017543859649122,0.08665511265164645,0.2793791574279379,0.19522968197879859,0.13370055082623936,0.24906179634726044,0.22045801526717557,0.29395495851442116,0.22566585956416466,0.22843545508625818,0.2773556231003039,0
ebitgrowth,0.21791478521342164,0.09094293358217474,0.22380631038580648,-0.12942503349648496,0.009548654505568107,0.05496221040822795,0.06711094768233161,0.03221762136103024,0.08853078566951379,0.08970279026734626,0.1329294671725478,0.12189153292938637,0.04619378116843721,0.06526127061802427,0.044895413025719734,0.03511557257416487,-0.023071854980344565,0.08815565969381028,0.19038583257242467,0.9887178190878818,-0.24282059294558805,0.1819482917820868,0.13284518828451883,0.19016495487083723,0.19486798066195612,0.18093983311374615,0.19402202412165706,0.3544034090909091,0.3590733590733591,0.3064312736443884,0.6085192697768763,0
operatingIncomeGrowth,0.21791478521342164,0.09094293358217474,0.22380631038580648,-0.12942503349648496,0.009548654505568107,0.05496221040822795,0.06711094768233161,0.03221762136103024,0.08853078566951379,0.08970279026734626,0.1329294671725478,0.12189153292938637,0.04619378116843721,0.06526127061802427,0.044895413025719734,0.03511557257416487,-0.023071854980344565,0.08815565969381028,0.19038583257242467,0.9887178190878818,-0.24282059294558805,0.1819482917820868,0.13284518828451883,0.19016495487083723,0.19486798066195612,0.18093983311374615,0.19402202412165706,0.3544034090909091,0.3590733590733591,0.3064312736443884,0.6085192697768763,0
netIncomeGrowth,0.2523653007665444,0.07157401493055061,0.20910465213646587,0.04424105821906846,0.03212068908555713,0.06961139970057945,0.0843373831775701,0.0526522902565717,0.09298924731182796,0.09540636042402827,0.15040650406504066,0.1232876712328767,0.02336448598130841,0.07718120805369127,0.04745166959578207,-0.0035026269702276708,0.0088339222614841,0.09266409266409266,0.20986201033287555,1.4326590909090908,-0.34328358208955223,0.09387755102040816,0.07456140350877193,0.16923076923076924,0.16626794258373206,0.20461095100864554,0.19243986254295534,0.3394706559263521,0.37282780410742494,0.43863636363636366,0.8884120171673819,0
epsgrowth,0.3257267046998097,0.13646187094782344,0.3063117564025004,0.10077691453940081,0.08501926782273588,0.12948857453754095,0.14303482587064684,0.13719943422913702,0.17637271214642272,0.20743345052737314,0.3072882468811556,0.2809083263246425,0.17258382642998027,0.17633410672853844,0.1387054161162482,0.04126547455295746,0.0915915915915915,0.2220183486238532,0.329268292682927,1.628205128205128,-0.22388059701492527,0.22560975609756093,0.09333333333333327,0.16279069767441856,0.1621621621621621,0.19354838709677424,0.19230769230769232,0.3220338983050849,0.3720930232558139,0.3030303030303029,0.736842105263158,0
epsdilutedGrowth,0.3233699430001389,0.1340059908560619,0.3005946278449866,0.10664851372815981,0.08280098280098273,0.12961421038023874,0.14127336078555594,0.1360201511335013,0.18356047700170353,0.2059578839239857,0.3006012024048095,0.2762148337595908,0.16832669322709176,0.17702227432590856,0.13733333333333325,0.04456824512534823,0.09451219512195125,0.22846441947565538,0.33499999999999996,1.5974025974025974,-0.22999999999999998,0.22699386503067492,0.10135135135135129,0.15624999999999997,0.1531531531531531,0.19354838709677424,0.19230769230769232,0.3220338983050849,0.3720930232558139,0.3030303030303029,0.736842105263158,0
weightedAverageSharesGrowth,-0.05535259133389975,-0.05711768004486101,-0.0743047830923248,-0.05135420330636652,-0.04881394492957275,-0.0529467680608365,-0.05131211110109117,-0.07445121442283616,-0.07114430432086004,-0.09232501407393508,-0.12077214981026234,-0.12289714554466191,-0.12659767754166995,-0.08402193890102892,-0.08155561758177493,-0.041933019228320385,-0.07604155636346523,-0.10445071965945252,-0.09133906516285928,-0.0743392948933832,-0.15127308285381172,-0.10935539404875488,-0.017540851289032145,0.005097431682112829,-0.0004972890411140057,0.013338183269927166,0.00011085515481060075,0.013189337938257294,0.0005355232239332268,0.10406976776017442,0.08726752185095815,0
weightedAverageSharesDilutedGrowth,-0.053708546050720125,-0.055102360969487806,-0.07023045507584598,-0.056459659384139,-0.04667410128575177,-0.05334409737316028,-0.04946579304645535,-0.07378147125556983,-0.07682018927444795,-0.09123225466137651,-0.11562956352425767,-0.11944563509072725,-0.12341291585127201,-0.08546188648989175,-0.07929184407914684,-0.0458947527292851,-0.07923566878980892,-0.1094541216752782,-0.09474283687016273,-0.05878682964121581,-0.14990774563192374,-0.10863370050703587,-0.02469331626932509,0.01078308758974359,0.007311323873629643,0.013338183269927166,0.00011085515481060075,0.013189337938257294,0.0005355232239332268,0.10406976776017442,0.08726752185095815,0
dividendsperShareGrowth,0,0,0,0,0,0,0,0,0,0,0,0,0,0,0,0,0,0,0,0,0,0,0,0,0,0,0,0,0,0,0,0
operatingCashFlowGrowth,0.29353062451932055,0.2779381662221466,0.023179918972913417,0.32451044560973685,-0.00425846478445524,0.034230681722064386,0.13710433824373675,-0.05213881729541325,0.15607268413480274,-0.052307404040763804,0.07965378532282495,0.29491409470366137,0.002939963087612637,0.08980896693540182,0.027282992219965555,0.2695086894734162,0.015201001286069873,-0.08575090761970913,-0.0552516537205838,0.6104410845061523,-0.10531620399251404,0.6687052700065061,-0.1626259874693544,1.068169014084507,0.01894374282433984,-0.032759578012215435,0.40374123148869834,0.09658119658119659,0.07044830741079597,2.0616246498599438,-0.1867881548974943,0
freeCashFlowGrowth,0.2804154223973776,0.38586418191407706,0.04776370387248122,0.5323324612993962,-0.057260847554745406,0.04252501585239487,0.15979488927204524,-0.10849324378348126,0.18279709714904477,-0.12785096717921013,0.10113163164754124,0.3519102585943603,-0.038294863809324196,0.09148408300038664,0.11007981515361243,0.5336240589130703,-0.19603580083305955,-0.12112873125289479,-0.1701996616558281,1.146975048422012,0.10002924387492737,3.1778577336641853,-0.724679029957204,0.41583333333333333,-0.05263157894736842,-0.46153846153846156,-0.7449664429530202,-11.416666666666666,-1.0935064935064935,8.12962962962963,-1.3,0
tenYRevenueGrowthPerShare,2.4742139939593457,2.5338165020606946,2.853569682851412,3.0371568406785814,3.2894082612758115,3.5010540074941714,3.438612620032184,3.294382302954247,3.426181670649695,3.360787610520517,3.4347836107653156,3.5032265791135355,3.4719995135683677,3.8281870940045337,4.015705582397872,4.331489980884222,5.002893447164656,5.563294796324466,5.959993742588692,6.488708317670767,5.960048136078737,5.156355672374128,4.0342499184501195,2.8969143041620584,2.250092846496688,1.7071845587876098,1.2117849575714383,0.8448877048645865,0.508267618032243,0.2430524355929124,0.12006065065633735,0
fiveYRevenueGrowthPerShare,0.8488517846479053,0.6624198564850742,0.6684269007158441,0.634797920157266,0.7225184733421605,0.8791197990059403,1.1257063841455761,1.3097024395842727,1.4695142995350827,1.4901957962477914,1.3952991234913505,1.0880647737322744,0.85927945927407,0.7923288281760423,0.7511826247122093,0.8514529426709948,1.1566508068925099,1.4052325707478088,1.6938065259587005,1.864181902913842,1.8796248924332692,1.7834331955733467,1.7287568263238169,1.583702161056906,1.6146063942559714,1.416998184161941,1.2117849575714383,0.8448877048645865,0.508267618032243,0.2430524355929124,0.12006065065633735,0
threeYRevenueGrowthPerShare,0.5812561019403988,0.4010908870649551,0.33542361028530504,0.2889313583749184,0.3447223871324004,0.39818356893353823,0.45174212542402237,0.5040640648208405,0.6759806110833679,0.8031206202955684,0.8374742891235185,0.7006686177027343,0.5598041004747998,0.41710298098711435,0.3462817409621364,0.37492562291260517,0.4262878102153228,0.5532382060208928,0.7051537861530518,0.8491050830848383,1.000474076519899,0.8942091697503762,0.8595887384584769,0.7618866114547176,0.7616751620854031,0.7948966923519383,0.7793175044272843,0.6471319689549957,0.508267618032243,0.2430524355929124,0.12006065065633735,0
tenYOperatingCFGrowthPerShare,4.222941787573697,3.6837238713900837,4.101869769548403,4.300367402599791,3.516686822910343,3.825874969422958,4.855619440923172,4.367789576886432,4.350878730318469,3.469948303046094,6.448321139606992,5.394063037527444,7.114498333566086,5.022905634125265,9.4164232332264,8.493964688576064,5.838924942012704,7.73629225138893,8.261946945135636,8.530620858697514,14.190903591851226,9.778275799537221,4.752731398921777,5.7494614215063224,2.280131504627752,2.217547930653795,2.3708932138423466,1.4016298866965065,1.2189928137205575,1.0740666508934256,-0.25205910343197013,0
fiveYOperatingCFGrowthPerShare,1.9983046876165227,1.391177486994738,1.1146399118189552,0.9592861088839733,0.7465597589534494,0.7419649874628423,0.958752077946605,1.412642332641833,1.7052544182120128,1.5860476858901023,1.7703627823494925,1.9894643160055885,1.2248592359766501,0.9779576716688375,0.7284864186514658,1.6885724812149732,1.1388658172949708,2.647196282062335,2.0450123985937645,5.026326340101131,2.531228841666086,2.1974539434464897,1.3953446910317988,2.0416779089020953,0.5814976356785841,3.301874580488512,2.3708932138423466,1.4016298866965065,1.2189928137205575,1.0740666508934256,-0.25205910343197013,0
threeYOperatingCFGrowthPerShare,1.051366761546471,1.0916433668040035,0.6155352471744392,0.5961565205787296,0.3702541801359421,0.34049565300161133,0.5277745606132921,0.33082035426509065,0.5957214657089961,0.8928257247014207,1.081776507551051,1.0170484623952865,0.5281399690156656,0.7633655259582033,0.6284582912656763,0.4863272926004465,0.16624267911333615,0.8466404533393763,0.906816460680982,2.436131728493128,0.6833784716458163,2.285927952684447,0.7879240722772517,1.0022768427638444,0.3657939230343454,0.4500037633105141,0.6252579020979387,2.2109888598370864,1.2189928137205575,1.0740666508934256,-0.25205910343197013,0
tenYNetIncomeGrowthPerShare,3.9008836569617604,3.836854200542006,4.4505306103362985,3.889437619045969,4.223552064118393,4.490122689981049,4.056042349490253,3.8298858544758483,4.181415559621052,4.862930781111014,11.767306941861854,6.5502147630926375,6.240742530579758,5.759021719932979,5.686089995803244,5.840777242796336,6.818394184788133,7.537656330743712,8.250901988490483,8.533089070463678,3.726707659038942,9.609848556883296,7.6386308763104065,6.898200986053676,5.789473673545516,4.8186434651191,3.894736838563661,3.1052631660049976,2.105263150651367,1.2631579007135592,0.7368421103506891,0
fiveYNetIncomeGrowthPerShare,1.3506259684981177,1.0025062191232843,1.0139573373807074,0.7536382853291876,0.8746102225802668,1.0849270460893763,1.4154003390109946,1.7063783870541644,1.7881676968110551,1.7864736899431537,1.6332445062184202,1.0932523142563157,0.784630662726019,0.8583586509331039,1.1040682358750793,3.8485079572792404,2.6069300923119028,3.057277890496144,2.637092181608321,2.177696370204699,0.41090358169383423,1.1676034701789424,1.1042818759697244,1.5434884590688975,1.999999987364929,2.3501280458614895,3.894736838563661,3.1052631660049976,2.105263150651367,1.2631579007135592,0.7368421103506891,0
threeYNetIncomeGrowthPerShare,0.9679852647648389,0.6340194891834445,0.5601184030777473,0.3490042557697722,0.4007405966121085,0.4681767118655411,0.5296579901058913,0.6150953117551984,0.8580715099419307,1.0222518958220643,0.9633890254874142,0.7646564319795724,0.5714509386574501,0.3949707876926336,0.29517560279333005,0.38562179548662273,0.773774485031442,3.2693384909773324,1.7075301688929592,1.4974890300256318,0.03941959947993773,0.5626908751739441,0.4846468817167139,0.6136109553075315,0.6538461479809674,0.873800442290557,1.1627906903978649,1.3636363613823805,2.105263150651367,1.2631579007135592,0.7368421103506891,0
tenYShareholdersEquityGrowthPerShare,1.7476362097466942,1.4479618175597555,7.762857138700962,-16.534491761538444,-9.610528284888671,-10.583273257754206,-11.82724455712437,-25.176253434117022,-12.920268735586953,-7.063235573813802,-4.832339492906793,-3.04147857589229,-1.8833311671816886,-0.5765757397799719,-0.17966387425652303,0.09036952263502913,0.08531330012374486,-0.4304845768610209,0.4625539116685663,2.443020598054998,3.9068482433599376,9.818303760393636,11.855434728112673,11.42290691187702,9.310418911647574,7.29637319113484,5.650063112851267,4.132587822435785,2.903164912969737,1.7777924290756189,1.2678144896588979,0
fiveYShareholdersEquityGrowthPerShare,0.35162900538114483,-0.3081534188426063,0.4080730121440481,0.20082905167220144,0.25589720259159726,1.0328331212246296,2.538301531337406,5.2232974164868855,-13.936472297956197,-7.856077286517145,-5.714244941060879,-4.060011833709347,-4.884798012395936,-0.07855337521418347,-0.11564071984172491,-0.1870724706034526,-0.33285271860612103,-0.7726185082562641,-0.5404787984128218,-0.07239495966315838,0.3412874865296204,0.6267971561784477,1.5046692181122459,2.1827778710034065,2.71173123078841,2.6583121013494795,5.650063112851267,4.132587822435785,2.903164912969737,1.7777924290756189,1.2678144896588979,0
threeYShareholdersEquityGrowthPerShare,0.4339610025923129,-0.2576466174888374,0.14783694248031806,0.04567609284670409,0.030545253607582087,0.27397534680182245,0.3475813306332987,0.6571306560916416,2.081135749880576,4.106619873915306,-9.107279741808075,-3.6111742232430113,-2.2553023404378667,-0.2711837014957281,1.8935185394220484,0.5846494290562579,-0.24535711561749102,-0.7373171457044463,-0.47232124020672944,-0.2560347625184754,-0.10424978438740984,0.04925938054488835,0.5495246455221489,0.8680885731549997,1.0088149035810425,1.1255502588596786,1.3940100934986868,1.2632308973419504,2.903164912969737,1.7777924290756189,1.2678144896588979,0
tenYDividendperShareGrowthPerShare,0,0,0,0,0,0,0,0,0,0,0,0,0,0,0,0,0,0,0,0,0,0,0,0,0,0,0,0,0,0,0,0
fiveYDividendperShareGrowthPerShare,0,0,0,0,0,0,0,0,0,0,0,0,0,0,0,0,0,0,0,0,0,0,0,0,0,0,0,0,0,0,0,0
threeYDividendperShareGrowthPerShare,0,0,0,0,0,0,0,0,0,0,0,0,0,0,0,0,0,0,0,0,0,0,0,0,0,0,0,0,0,0,0,0
receivablesGrowth,0.037332704633553926,0.1805174841016845,0.19702404933833328,-0.08049285263934058,-0.024148359288097887,0.1605990188484379,0.23380786460925834,0.17048672205455667,0.06343246592317224,0.14712153518123666,0.11844197138314785,-0.005533596837944664,0.776685393258427,0.18864774624373956,-0.25497512437810943,-0.32037193575655115,0.72953216374269,0.5652173913043478,0.8375241779497099,0.24513089005235603,-0.10747663551401869,-0.17374517374517376,-0.4166666666666667,1.374331550802139,0.2064516129032258,0.5979381443298969,0.36619718309859156,-0.30392156862745096,0.7288135593220338,0.40476190476190477,0,0
inventoryGrowth,0.03722792347989686,0.03569459747869528,0.0952014240542439,0.015863636199713246,0.06888099834908076,0.06145629209427657,0.08965797267602943,0.0975479323065179,0.08866590563165906,0.06565021694172986,0.07007723683068645,0.04398640996602492,0.026696432724059346,0.0710869781807313,0.08702008989007419,0.109862371536751,0.06557796990073647,0.03321643618077152,0.0986606415893177,0.10675356022206131,0.12073940486925158,-0.01832344870319554,0.16873577488102628,0.36255990978291514,0.2761288001439108,0.40449722081859524,0.18467524693205628,0.2845059592464437,0.31231079717457116,-0.036460865337870685,0.16411997736276174,0
assetGrowth,0.006400985810190218,0.45755848904492186,0.05872838071762216,0.009416961373060551,0.07674538915905708,0.06139429442005028,0.07774099150028599,0.09080135210093776,0.09998866828396323,0.06746626686656672,0.05348553377844784,0.04760830324909747,0.011660421144737592,0.09415780381709576,0.06150719130415571,0.06619084634772572,0.08503297040331237,0.06306208395598424,0.05828671130611356,0.013194756008739985,0.029791191647665905,0.014734534827082318,0.19529856992103636,0.45865180467091293,0.2573411639081687,0.3477244108652635,0.26040131504364583,0.26647523330940415,0.38717386974706236,0.25871145650538985,0.21467722289890379,0
bookValueperShareGrowth,1.1673283923392705,-0.4566838876618225,0.21775532065282197,0.12201347188447029,-0.1599172040181688,0.10937153058685667,0.10577803762012032,0.038522828188905386,0.17346726301093143,0.3597833713769325,0.9309460006893787,0.9448838782623828,-3.1587947511666523,-0.37808530307974597,-0.06501172440708636,0.2533751822902836,1.4691018973792254,-0.48794914671998435,-0.4031167743263592,-0.14053289658875612,0.02861056514132101,-0.15846457243987044,0.03481695703781957,0.20488866828126429,0.24276218946670244,0.24756307577022257,0.2956550073594926,0.3149810312602533,0.4051319573466516,0.22487639167233128,0,0
debtGrowth,-0.009283704187496801,0.578362555319719,0.04040354116665546,-0.01387148368260286,0.03228426592080867,0.0650638186960872,0.06508413207725929,0.038174830289582545,0.11090585812671487,0.12468100177140627,0.1523819176210478,0.06809775477474851,0.2108122230425916,0.16104713275927884,0.05083728192978677,-0.0025243031312100544,-0.003958701118065586,0.20849495733126455,0.29491669017686645,-0.0252023828953811,-0.019601568125450036,0.40706968366542834,0.6296092460099064,1.7474798387096775,0.7342657342657343,7.474074074074074,2.2142857142857144,-0.06666666666666667,-0.35714285714285715,-0.027777777777777776,-0.9037433155080213,0
rdexpenseGrowth,0,0,0,0,0,0,0,0,0,0,0,0,0,0,0,0,0,0,0,0,0,0,0,0,0,0,0,0,0,0,0,0
sgaexpensesGrowth,0,-1,0.08671420182167454,0.14425475797991907,0.02631727891959997,-0.03646613198655594,0.08662801932367149,0.046216486956662375,0.05880734926864074,0.0678095238095238,0.09740802675585285,0.06785714285714285,0.04477611940298507,0.06719761075161772,0.041472265422498704,0.061640066042927905,0.0335608646188851,0.1008140262993112,-0.004599287325501019,0.07029953302201468,0.09576023391812866,0.053929121725731895,0.3367662203913491,0.19728729963008632,0.21753490466896863,0.2726404279709591,0.21382189239332097,0.25312409183376927,0.16367940480216436,0.1952303961196443,0.20330739299610895,0
