,2021,2020,2019,2018,2017,2016,2015,2014,2013,2012,2011,2010,2009,2008,2007,2006,2005,2004,2003,2002,2001,2000,1999,1998,1997,1996,1995,1994,1993,1992,1991,1990,1989
period,FY,FY,FY,FY,FY,FY,FY,FY,FY,FY,FY,FY,FY,FY,FY,FY,FY,FY,FY,FY,FY,FY,FY,FY,FY,FY,FY,FY,FY,FY,FY,FY,FY
revenuePerShare,31.93288590604027,27.73215499660095,28.82486935548707,112.09528810571835,118.65564476172577,130.38006009519597,129.48778555055787,149.03166351878153,144.36028620807622,145.64261810879987,156.61895557456916,143.01639694688316,129.0501676163968,185.4494547006044,168.4389473200669,153.14574226918975,144.22875745509856,128.15989851980055,106.54777756198885,90.96878963595404,92.49842928152766,102.10661098235063,86.00190370931722,82.51014980883023,86.80841306480234,81.41705282181098,75.31700320758338,72.49192350692796,65.72997569137353,69.52609221959783,69.40397693533914,73.16288289657673,65.2890913231573
netIncomePerShare,12.400767018216683,-4.012236573759347,0.667291973737103,5.0117390404222215,2.7725056230734206,11.690292360377427,20.400869899463636,9.664370429845857,12.10673948980485,3.03154958272464,7.159276088780005,6.155082105811009,1.8634987992295295,1.8669408191336012,9.0871982679542,11.609696771648535,14.062514088793703,8.925655142050301,5.648677837161091,-1.113674921110959,-1.2807730722311867,6.714503755923874,6.047257321416938,5.861303413565837,7.840424159314748,7.742598101590463,7.72185711103491,3.3973232200598766,2.3438595982970405,-1.7921173947279183,3.476287886057823,5.120994787278724,9.225793756857511
operatingCashFlowPerShare,4.37392138063279,5.5676410605030595,1.887980704810398,6.168193912652844,16.511600268920134,14.830806287667334,19.952236586124748,16.6589969604607,19.785047634999653,10.451408248395015,10.127947464762086,10.929933678803792,5.967222235187151,15.19025595671571,14.11395809958664,12.95023640962084,13.934814625307427,8.520378701921453,12.342197817612094,6.945641223970123,5.951436431744398,5.3875793520763935,13.593834639879397,13.18122126440073,15.841299476757065,13.800257444837957,12.457134045373072,9.543653182151147,6.900555587532901,6.937583288793352,10.107805222836918,11.433434893563046,12.212027763399648
freeCashFlowPerShare,-1.8331735378715244,3.8490822569680487,-1.6990486399571219,0.9908745241209387,9.502478176616025,3.7198846000830446,9.79560311373075,7.507053382674539,13.963089350994899,3.747118392860152,2.7389061331620077,5.1345641635921275,-0.13803694809107625,7.648330955068916,7.48820390698408,6.76816640473925,8.960764791463895,4.266571657104488,8.750552950053018,1.5980246649077368,0.6719900275083109,-0.5991130251485282,5.174925686772271,6.263988380910055,3.308763071657717,8.343491923842896,7.173758127296556,5.2589694195383165,1.754255165185052,1.0444855981543082,3.0186873575321647,3.5780360977590506,5.924243116084216
cashPerShare,3.856184084372004,3.458871515975527,2.0635133324400377,17.752299368987764,27.333867081177274,17.88739268759001,22.76880431069611,14.486307107727592,15.022776805815921,11.074645599158204,14.219335368160433,18.75568092762065,8.184440713900063,9.028383926725533,5.46742756890767,9.07202406162654,11.95391563073981,10.186160605443176,7.947330552398899,5.1828717482471545,0.8782443923870995,1.349113775149278,5.506593443694462,0.5503361220370977,1.019081679999428,7.726357728016073,10.58539465872917,2.060849586582164,1.4812901498554276,1.374323155466195,0.8709171349359301,0.7548287114196963,0.4340240730005343
bookValuePerShare,50.68648130393097,52.35078178110129,54.92027334851936,123.29999292189645,190.5243076458605,70.35563399007138,67.35870824059731,57.45073651867276,68.0273822429018,53.544552147666934,58.17499290084147,58.190839008141396,59.11144725025151,43.56517686928167,61.02933398592448,53.200718423249796,47.72845313326129,39.15544819197612,29.957583327140465,25.126878545538972,34.431172201539695,44.80477853258918,42.16723906842269,35.812116429145775,36.21426004117116,40.92168131406937,35.335605910805334,38.898988681709035,38.17506727723239,37.05175227136861,38.545463874600806,34.98113057726377,31.724563011115976
tangibleBookValuePerShare,-1.8600191754554172,-3.151597552685248,-6.951628031622672,8.059981984362688,17.33005912066304,16.057231123065893,27.64005951765978,17.817081646115614,27.34448869099019,11.328557112432096,14.221946336828843,11.044508800253954,5.8780733728783305,29.94843925408098,48.630832435016416,42.806859927901726,37.615278549360255,28.82249454522643,18.761446735449496,13.805615146316324,24.018653458465373,36.43050980329087,33.83465459999394,28.4698271912362,28.573315700069067,37.2716573532252,32.88221045978603,23.089483505204385,22.037375570945,20.99232809202764,22.64384550833418,19.48124100796422,16.89726198732849
shareholdersEquityPerShare,50.68648130393097,52.35078178110129,54.92027334851936,123.29999292189645,190.5243076458605,70.35563399007138,67.35870824059731,57.45073651867276,68.0273822429018,53.544552147666934,58.17499290084147,58.190839008141396,59.11144725025151,43.56517686928167,61.02933398592448,53.200718423249796,47.72845313326129,39.15544819197612,29.957583327140465,25.126878545538972,34.431172201539695,44.80477853258918,42.16723906842269,35.812116429145775,36.21426004117116,40.92168131406937,35.335605910805334,38.898988681709035,38.17506727723239,37.05175227136861,38.545463874600806,34.98113057726377,31.724563011115976
interestDebtPerShare,21.6816874400767,30.6974847042828,24.273080530617715,54.7171342477731,66.75471929308216,60.15979308474915,48.1975528815435,53.20528004935819,48.20692738984129,57.08135999417902,59.89823222199201,67.41280401602533,68.85743093943188,40.31818307849145,30.579193340206114,29.759979962985206,33.34513307522157,40.18938178726546,42.80261142621083,42.952267075746924,32.1823342877,28.952691674585164,27.519337036680987,26.295328367577426,27.137928312495404,22.20059067619122,20.14543407577094,23.824725097605405,25.272920885985478,27.372852395138693,28.238381002244648,24.576334810047168,22.780699421335736
marketCap,39670505000,58435472793.5,39344936746.3,64712821330.11396,56309418563.75298,31621327903.39088,22518096921.547344,25086454287.728172,25498668052.6134,19206207202.347652,18092259616.72229,18727390063.761288,13407324064.995344,5115859756.835985,17083070901.78066,18827587193.30118,19411831430.806156,21934518784.693672,18285989824.109398,12094934827.62728,12167611790.78491,10679636064.353256,11982246715.445192,9337573897.527296,9846170382.540518,9187357379.222338,9479393974.720892,8137637058.128589,8163341728.27666,6877131180.834915,6990373779.300912,6651289157.45294,8392808760.161825
enterpriseValue,48441505000,77702472793.5,55251936746.3,91694821330.11395,76942418563.75299,46377327903.390884,31151096921.547344,39215454287.72817,37518668052.6134,35875207202.34766,34248259616.72229,35515390063.76129,32934324064.995346,14171859756.835985,25062070901.780663,25616587193.30118,26311831430.806156,31420518784.693672,29002989824.109398,23646934827.62728,21621611790.784912,16988636064.353256,17533246715.44519,15091573897.527296,15869170382.540518,12752357379.222338,12043393974.720892,14146637058.12859,14700341728.27666,13971131180.834915,14406373779.30091,13089289157.45294,14416808760.161825
peRatio,6.134297974331219,-19.801922329210438,79.0058970809237,16.83476101199635,38.56809490668012,7.323142173087282,2.930136229218913,6.65070368179432,5.326648851600877,16.248906262561466,6.598198255551529,8.107095265697527,20.69031491511627,8.835681790735727,5.917239661164066,5.0557430701668045,4.299408954774342,7.842159022057087,10.569936314514104,-35.78383085096828,-31.604186469571196,7.058582990319403,9.00243930536829,7.127919005746028,5.445890698307808,4.817701824448001,4.577206168382855,8.675519251736235,12.675996472479286,-14.06366294649267,7.420778958918166,4.805844766945766,3.3746717974112688
priceToSalesRatio,2.3821836906263134,2.864905270064225,1.828976234022871,0.7526759636892886,0.901181399458309,0.6566163026577283,0.46164453076278944,0.43128327552956447,0.4467180808096251,0.33822081503095214,0.301613063544591,0.34890990169842545,0.29877045270184616,0.08894981668525898,0.3192321660490098,0.38326657424682803,0.4191986401798034,0.5461646568734263,0.5603698769339728,0.4380794243770973,0.43760517140028443,0.4641705521711255,0.6330100224758409,0.5063485655619162,0.4918658398711418,0.45815376149316006,0.4692769294416283,0.4065769202162673,0.45201227731321486,0.3625075737090778,0.37168999730424374,0.33638239809097964,0.47686413410010375
pocfratio,17.39171635247698,14.269956726129424,27.92401472413059,13.678465721858796,6.476068839994592,5.772422034207901,2.9960214105305143,3.858267346620759,3.2594488115318163,4.7131796815577065,4.664155611426216,4.565429074539563,6.461360995178479,1.0859392394047942,3.8097838764006826,4.532399420631002,4.338808992133695,8.215175574791639,4.837563445531587,5.737635117470246,6.801348122294527,8.797064303421134,4.004761602755747,3.16957701884837,2.695365557771836,2.702958922983918,2.8372924198506113,3.0882873085876996,4.305559983268281,3.632927195369739,2.552162752574265,2.152520762929754,2.5494558809726082
pfcfRatio,-41.49634414225942,20.6412832191805,-31.029129926104105,85.148449118571,11.252881407624496,23.014066887475167,6.102465290392234,8.561929791033506,4.618487240103858,13.14593237669244,17.247149300974538,9.718417261941509,-279.31925135406965,2.1567705551585097,7.1807780167215896,8.672311005666137,6.747247629755355,16.40577321218674,6.823130531384104,24.93800995387068,60.23570193457876,-79.10841529150561,10.51997077738823,6.669695641090926,12.904548338847336,4.470733517869751,4.926919945281129,5.604433235625749,16.93639362713,24.13028484503479,8.545689216749281,6.878272138007177,5.255359273739402
pbRatio,1.5007946506261112,1.5176468105521503,0.9599369738282871,0.6842776467428066,0.5612420867512506,1.2168133260241998,0.887447659870235,1.1187822453609317,0.9479763570753735,0.9199696892440318,0.8120039323514335,0.857520493784573,0.6522658265626536,0.3786440497991255,0.8810702409500573,1.1032866799473295,1.2667600777085717,1.787654342680821,1.9930234140718692,1.5860129593007184,1.1756146657763198,1.0578086434581278,1.2910512569168402,1.1666134304756741,1.1790408792408715,0.911534614467937,1.0002526089185282,0.7576943257102969,0.7782764542164802,0.6802305816849571,0.6692555078315856,0.7035423267879141,0.981385495809381
ptbRatio,1.5007946506261112,1.5176468105521503,0.9599369738282871,0.6842776467428066,0.5612420867512506,1.2168133260241998,0.887447659870235,1.1187822453609317,0.9479763570753735,0.9199696892440318,0.8120039323514335,0.857520493784573,0.6522658265626536,0.3786440497991255,0.8810702409500573,1.1032866799473295,1.2667600777085717,1.787654342680821,1.9930234140718692,1.5860129593007184,1.1756146657763198,1.0578086434581278,1.2910512569168402,1.1666134304756741,1.1790408792408715,0.911534614467937,1.0002526089185282,0.7576943257102969,0.7782764542164802,0.6802305816849571,0.6692555078315856,0.7035423267879141,0.981385495809381
evToSales,2.9088755779739386,3.8095049660979554,2.5684239841158423,1.0665040805112291,1.2313939338671178,0.9630243760827045,0.6386300570246288,0.6741873276553402,0.6572997206134094,0.6317614764615866,0.5709470637112993,0.6616870377419475,0.7339125139831832,0.24640713142601775,0.4683361220970729,0.5214678607870121,0.5682041900966627,0.7823639546996756,0.8887898328055098,0.8564937095739534,0.7776159608266467,0.7383795229638933,0.9262637601270638,0.8183706901755489,0.792745048583301,0.6359326474453866,0.5962076225109353,0.706801751592735,0.8139724102035804,0.7364467440216602,0.7660112606636311,0.6619779071184413,0.8191368613728309
enterpriseValueOverEBITDA,5.4785687627233655,87.60143494193912,12.275480281337481,7.188931503732964,12.749365130696436,5.763306561872858,2.3423638560453677,4.39241199459321,3.5539138062530458,6.278475184170048,4.400393115343992,4.914944653163754,6.654743193573519,3.4314430403961222,3.9648901917071133,3.6842495603769856,3.1413361307075163,5.453057755066586,8.16755556860304,19.591495300436854,17.988029776027382,4.653146005026912,5.159872488359385,4.573204211371908,3.836840034463375,2.9035422083839566,2.4305537789547715,4.363552454697283,5.246374635359265,10.983593695624933,4.938763722763425,3.553010086170722,2.89261813004852
evToOperatingCashFlow,21.2369596668128,18.97496283113553,39.21358179297374,19.381699710444718,8.849041812967567,8.466105860421848,4.14463769578863,6.031291031640753,4.79594376231796,8.803731828796971,8.829146588482157,8.658066812228496,15.871963404817034,3.008248727836125,5.589221878184804,6.166727778839957,5.881053069022387,11.767984563555682,7.672748630716772,11.21771101879852,12.085864611953557,13.993934155150953,5.860042351418847,5.12273384165896,4.344147380930884,3.7517968164820057,3.604727319581231,5.36874271655734,7.753344793394863,7.380417950784424,5.25972025531249,4.236015908560822,4.379346524958027
evToFreeCashFlow,-50.67103033472803,27.447005578770753,-43.574082607492116,120.65108069751835,15.376182766537369,33.753513757926406,8.442031686056191,13.384114091374803,6.79562906223753,24.55524106936869,32.64848390535967,18.43040480734888,-686.1317513540697,5.97464576595109,10.534708239504273,11.799441360341401,9.145579225167243,23.500761993039397,10.82201112839903,48.75656665490161,107.03768213259858,-125.84174862483893,15.39354408730921,10.779695641090926,20.798388443696616,6.205526705217682,6.259560277921461,9.742862987691867,30.498634291030417,49.02151291521023,17.61170388667593,13.535976377924447,9.027431909932263
earningsYield,0.16301783907212677,-0.05050014758036237,0.012657283025034521,0.05940090264942912,0.0259281668544846,0.13655340513188768,0.3412810605964796,0.15036002923080252,0.18773529621714388,0.061542603781527434,0.1515565251708873,0.12334874171655129,0.048331792150220175,0.11317745745987672,0.16899771806830544,0.19779486143211128,0.23259010959856127,0.12751590438135346,0.09460794939954846,-0.027945582577918453,-0.0316413776688354,0.14167149431712636,0.11108100438996406,0.1402934010885744,0.1836246916065958,0.20756784799868291,0.21847388192988126,0.11526687578958107,0.07888926146130514,-0.07110523082106356,0.134756742592126,0.20807996273161458,0.2963251124945265
freeCashFlowYield,-0.024098508451051985,0.0484466004066438,-0.0322277808749875,0.011744195112790358,0.08886612804098695,0.04345168565336121,0.1638681995577111,0.11679609905786094,0.21652111351887432,0.07606915746599964,0.0579805962451717,0.10289741354449972,-0.003580132751868161,0.46365618151092847,0.13926067588655994,0.11530951776829043,0.14820858146512972,0.060954152362484665,0.14656029155536987,0.04009943062216109,0.016601450101570783,-0.012640880193530771,0.09505729827210299,0.1499318790259574,0.07749205735388971,0.22367694160319526,0.20296656148386844,0.17843017446318948,0.05904444724277807,0.04144169894479164,0.11701806310016886,0.145385349683144,0.190281947991057
debtToEquity,0.40222449211213257,0.5663307708290047,0.33222729158025716,0.3982404754100094,0.29957141433270207,0.7871628121753185,0.6390399621659967,0.8401195201355751,0.6253253029965053,0.9541121808688988,0.8217764014182487,0.94349558129951,0.9317441011919241,0.5952187106801865,0.3909948940120687,0.4709053618517433,0.5994518402505873,0.947758761206194,1.2820708446866484,1.52884867558353,0.8952657004830918,0.48187400950871634,0.54110548432281,0.5061219390304847,0.5024547958328344,0.4163111419783709,0.49646512609475574,0.49376163873370577,0.5626847173229097,0.6123639960435213,0.5820009573958832,0.5509837105986883,0.45077174929840974
debtToAssets,0.4081869297919356,0.44897325961863926,0.4011758602801314,0.4884911982130511,0.4695832726213026,0.657544239161877,0.6151030488342693,0.6605325891040177,0.5982216083221824,0.6858415343725307,0.6614180053160753,0.674627809392424,0.6796335896385944,0.7028851651493161,0.5942091350587078,0.617603826155635,0.6590760656594243,0.7228070175438597,0.772003532978444,0.7979879682523634,0.7085738420385752,0.6347983360463013,0.6360249421545943,0.6641208560637851,0.6526206322795342,0.5914967778543347,0.5981256890848953,0.59540403089094,0.5887473044501078,0.6013406940063092,0.5775872528005823,0.6053103995324176,0.614183885229631
netDebtToEBITDA,0.9919701425016965,21.72153325817362,3.5341035325483228,2.115405723245786,3.4188898094449045,1.8337268547284702,0.6491465523723589,1.582549283154122,1.138581036279246,2.9172208610430523,2.075806244378774,2.323277055078882,3.94564558496666,2.19273607748184,1.2623002689447873,0.976413059111175,0.8237822349570201,1.6463033668864977,3.018023092086736,9.570836785418393,7.86522462562396,1.7280197206244865,1.633608004708652,1.7436363636363637,1.456237911025145,0.8117030965391621,0.5174571140262362,1.8534855027760642,2.3329764453961457,5.577044025157233,2.54233801851217,1.747557003257329,1.2086677367576244
currentRatio,1.8923040825903332,2.3147478186848267,1.198058950395399,2.0069997976937084,1.9095606246172687,1.8771025071405902,2.1823450735621934,2.0932459242646426,2.0864589424442403,2.0607326198555644,1.7179111045914626,1.7113557858376511,1.4924462078437357,1.2252059810802562,1.4989152269987946,1.6233374209980191,1.632186063959486,1.5124690652960213,1.3637507866582756,1.318992773261066,1.268676923076923,1.1761717261526736,1.4054011119936458,1.1750950014615609,1.1771117166212535,1.6372418387741505,1.8843063738618104,1.3135388334844365,1.3540966200672446,1.3194469065768482,1.2581907090464548,1.3936392075078206,1.1320172732880938
interestCoverage,0,0,0,0,0,0,0,0,0,0,0,0,0,0,,,,,,,,,,,,,,,,,,,
incomeQuality,0.3527137776403278,-1.3876651982378854,2.8293172690763053,1.2307492195629552,5.955479452054795,1.2686428902269569,0.9780091086532205,1.7237539766702015,1.6342176728640068,3.4475465313028764,1.4146608315098468,1.7757575757575759,3.2021604938271606,8.136442141623489,1.5531693799792172,1.11546723952739,0.9909191583610188,0.9545942080800858,2.184971098265896,-6.236686390532545,-4.646753246753247,0.8023793787177792,2.2479338842975207,2.2488549618320612,2.0204646017699117,1.7823807026743577,1.6132303235152101,2.8091684434968016,2.9440993788819876,-3.871165644171779,2.9076433121019107,2.2326589595375723,1.3236831523924406
dividendYield,0.015880816238663966,0.01509357172683145,0.04094554809905746,0.053946033077304126,0.06027410842747996,0.0778588428519471,0.1000528600551553,0.08052154269518057,0.058003029685639404,0.10673632635544097,0.06953249768963393,0.05414529181843421,0.07682368196717096,0.3143166694222483,0.08850867672991956,0.07457142466452316,0.06629977210483906,0.05707898186823545,0.06720992474684685,0.10062063312818567,0.08736307652460269,0.07331710512247848,0.06434519487953591,0.08417604065314464,0.07698424570674758,0.08152507506607945,0.08080685348058379,0.08884642984634021,0.08807667545136397,0.10324072368702479,0.10185435321188292,0.10689657044955056,0.06886848211573635
payoutRatio,0.0974176588835627,-0.298881735005083,3.2349397590361444,0.908168574401665,2.324657534246575,0.5701713756368689,0.29316851008458034,0.5355249204665959,0.3089617714643827,1.7343485617597292,0.4587892049598833,0.43896103896103894,1.5895061728395061,2.77720207253886,0.5237270523034292,0.3770139634801289,0.2850498338870432,0.4476224526278155,0.7104046242774567,-3.600591715976331,-2.761038961038961,0.5175148711169861,0.5792637114951165,0.6,0.4192477876106195,0.39276350288411116,0.3698696281989377,0.7707889125799574,1.1164596273291925,-1.4519427402862985,0.7558386411889597,0.513728323699422,0.23240852432649778
salesGeneralAndAdministrativeToRevenue,0,0,0.12379137225734474,0.07803249706316806,0.06435247423340375,0.06860750031147472,0.06090860633892328,0.053397974796706035,0.052978276103714084,0.0503821364420808,0.046478286238226224,0.04860826470917017,0.055420612813370476,0.0342351427478527,0.03483265748509708,0.03385310642455826,0.03336428617703587,0.035756081770872236,0.042657514096592304,0.05787967691694737,0.062398849127854705,0.0687586926286509,0.08082835860320144,0.09034217233338757,0.09391547607153562,0.1444671620206453,0.14826732673267326,0.21393954534099424,0.22513842746400886,0.26234779400137054,0.23741160206306164,0.195165124159207,0.17420454545454545
researchAndDdevelopementToRevenue,0.037110430553053506,0.04216306319556798,0.044393826701375975,0.035590913849052656,0.03376864477306191,0.0328917313841937,0.0327606707942105,0.028315023982670585,0.030606166783461806,0.030077836086359312,0.027440193381678753,0.030927450907329433,0.03324791086350975,0.02277706297597107,0.02438659764916936,0.023695138832342644,0.023171442762433325,0.0254475735165957,0.030062515322382938,0.03861059799340795,0.03855421686746988,0.03876912378303199,0.04464049870568968,0.04376118431755328,0.03921470676391248,0,0,0,0,0,0,0,0
intangiblesToTotalAssets,0.6130352024853961,0.5837188310955659,0.6735834918439103,0.4786310695101845,0.48292604233883557,0.2678623083598496,0.2318378267133155,0.23838595267166696,0.24621228471532783,0.25070038071977585,0.2598954119958396,0.2658073231016842,0.28936712316301927,0.09286625324361174,0.08919899182393803,0.08115223448366644,0.07800322201419428,0.08035305655442955,0.09083096607863264,0.09610232040847277,0.08813177530620864,0.06825827455236028,0.07192438919173301,0.06886277801091062,0.0732945091514143,0.0364365906051149,0.02790263760495293,0.16443774722169902,0.1738482650460694,0.17279179810725553,0.17426295142961135,0.17488414812340833,0.18032121266805018
capexToOperatingCashFlow,-1.4191144234984656,-0.3086691086691087,-1.8999290276792051,-0.8393574297188755,-0.4244968372627947,-0.7491785323110625,-0.5090473656200106,-0.5493694247923716,-0.2942605138693596,-0.6414723926380368,-0.7295694766692447,-0.53022915650902,-1.0231325301204819,-0.49649755890469116,-0.46944692239072255,-0.47737120847376024,-0.3569512740277157,-0.499250936329588,-0.291005291005291,-0.7699240986717267,-0.8870877585243152,-1.1112026359143328,-0.6193181818181818,-0.5247793618465716,-0.791130577607446,-0.3954104148278906,-0.42412451361867703,-0.4489563567362429,-0.7457805907172996,-0.849445324881141,-0.701350857977364,-0.6870550161812298,-0.5148845686512759
capexToRevenue,-0.19437939110070257,-0.061969897533951074,-0.12444217181108219,-0.046186770880584344,-0.05907112220728507,-0.0852194858590473,-0.07843700028701464,-0.0614093902040676,-0.04032936229852838,-0.04603247279258972,-0.04717846128198716,-0.04052241308641055,-0.047309192200557106,-0.04066835900824147,-0.039336236054790426,-0.04036723393860435,-0.034487226553220895,-0.033191404596499094,-0.033709242461387595,-0.05878517874606107,-0.05707606545585327,-0.0586317802503477,-0.09789212319721063,-0.08383493302966216,-0.1443700669397542,-0.06702239066473845,-0.07014851485148516,-0.059105670746939794,-0.07829457364341086,-0.0847609509250962,-0.10214281916307758,-0.10736863399585293,-0.09630681818181819
capexToDepreciation,-2.220164609053498,-0.40853264382676147,-0.8378716744913928,-0.671003717472119,-0.9299571680524061,-1.4339622641509433,-1.5176517255057518,-1.300327630141973,-0.8586348377471092,-0.9688658265381764,-0.9816163718348943,-0.7343011478730588,-0.7509727626459144,-1.0460644007155635,-0.9611872146118722,-0.9561234329797492,-0.7681577681577682,-0.6384099616858238,-0.5780346820809249,-0.8893150684931507,-0.8743801652892562,-1.0258555133079847,-1.4242890084550346,-1.1846743295019158,-2.2455322455322455,-1.0354391371340523,-0.9826629680998613,-0.7757377049180327,-0.9110824742268041,-1.081371889710827,-1.3112627986348122,-1.6059001512859303,-1.5975494816211122
stockBasedCompensationToRevenue,0,0,0,0,0,0,0,0,0,0,0,0,0,0,0,0,0,0,0,0,0,0,0,0,0,0,0,0,0,0,0,0,0
grahamNumber,118.92183578520383,68.74579063374102,28.7154452519995,117.91444455508905,109.01912020974653,136.0358534991123,175.83789545140144,111.77015246316141,136.12777228484362,60.43398635047867,96.80415178027577,89.77088234932114,49.78420931239318,42.7785712392996,111.705762192709,117.88551522929008,122.88855115108721,88.67626863267819,61.704672289753,25.09225828506224,31.49947078165692,82.27357843900535,75.74571450953705,68.72319700178616,79.92834969593932,84.43283112193134,78.35350180393526,54.529165071706075,44.86905895715854,38.6526133578321,54.908017678836934,63.487079119564896,81.15045406993849
roic,0,0,0,0,0,0,0,0,0,0,0,0,0,0,0,0,0,0,0,0,0,0,0,0,0,0,0,0,0,0,0,0,0
returnOnTangibleAssets,0.3656357776898287,-0.09997967204228216,0.021984813702984284,0.039211285995532114,0.01469359822066564,0.0741758713689382,0.14706726629030714,0.07199022826169936,0.0913741434270553,0.02266321541558815,0.053520192063708935,0.045213442680706976,0.013829310455214803,0.014036023369130445,0.06495230381569475,0.08891647963325533,0.10660905291492527,0.06628276221621877,0.04542351520243659,-0.009451901565995525,-0.011888219854871082,0.0587390325335818,0.05624339742235369,0.05903826220199198,0.08115629769279109,0.0802136788087827,0.09034199965102076,0.042290351668169524,0.030563333491528642,-0.023310134426542093,0.0461357625624449,0.07002631046346894,0.13688150145852826
grahamNetNet,-25.27660594439118,-33.66927260367097,-28.526061905399974,-74.21161267315114,-103.83081032821315,-95.36739081530224,-63.56788947463321,-73.55503141177884,-61.33099212714436,-81.87428040771829,-76.58493298179982,-78.81835767573271,-91.01020428073569,-67.72255271893442,-52.11053374614332,-50.4292306600931,-55.53992275334869,-70.13436442552593,-76.78283700501746,-78.35016085156144,-62.73293041454443,-50.9234976690598,-46.126806878802,-48.74837100507877,-44.557720263804775,-32.42593588796656,-25.392456489823996,-38.16193614942526,-38.113195207091,-39.32946384769459,-34.69184006885146,-34.41315897332787,-33.07764233271379
workingCapital,3803000000,6178000000,1653000000,24888000000,23765000000,11055000000,13260000000,12674000000,13006000000,12191000000,9788000000,9885000000,6454000000,2952000000,6209000000,6608000000,6741000000,5384000000,3468000000,2825000000,2183000000,1387000000,2552000000,1198000000,1300000000,3826000000,4953000000,2075000000,2001000000,1802000000,1584000000,2265000000,856000000
tangibleAssetValue,-970000000,-2318000000,-5188000000,6182000000,9126000000,5931000000,10412000000,6954000000,10812000000,4417000000,5447000000,4145000000,2044000000,9288000000,15450000000,13731000000,12077000000,9032000000,5746000000,4190000000,7220000000,8209000000,7447000000,6363000000,6589000000,9180000000,8819000000,6375000000,6055000000,5728000000,6136000000,5265000000,4555000000
netCurrentAssetValue,-10592000000,-20957000000,-17841000000,-42248000000,-40344000000,-28623000000,-17368000000,-21175000000,-16600000000,-24054000000,-22364000000,-23165000000,-25253000000,-15903000000,-10344000000,-10942000000,-12870000000,-17276000000,-19338000000,-19889000000,-14857000000,-8289000000,-7371000000,-7786000000,-7049000000,-4764000000,-3551000000,-7112000000,-7364000000,-7807000000,-6563000000,-6480000000,-6274000000
investedCapital,0.4078992168879809,0.5664606274672761,0.4256715543952961,0.4278690084698269,0.33958935512807736,0.8220648785931427,0.6782533301804997,0.8822637470454444,0.6677076362554837,1.0052689562676629,0.9694358421973879,1.0910298090571913,1.0884456336657748,0.8775072163422396,0.5010573005312291,0.5593905654849106,0.6986426520490734,1.0264058679706602,1.4287738419618528,1.7094151586677158,0.9346859903381642,0.6461965134706814,0.6526236396939985,0.7342578710644677,0.7493713327745181,0.5425141383073717,0.5701171256726812,0.6124767225325884,0.6620268853084184,0.7387734915924827,0.7325993298228818,0.7025597630632536,0.7180776426566885
averageReceivables,3131000000,3551000000,3676500000,10445000000,10222000000,6287500000,5698500000,6461500000,6599000000,6615000000,6588500000,6297500000,6373000000,5203500000,6617500000,5799500000,5738500000,5454000000,4685500000,4518000000,4324500000,4468000000,4082500000,4044000000,4254500000,3973500000,3830000000,4004500000,3691500000,3640500000,3883000000,4044500000,3885000000
averagePayables,2788000000,2964000000,2949000000,6210500000,6049000000,3741500000,3270500000,3722500000,3777000000,3987000000,3871000000,4784500000,4565500000,4248500000,4750000000,4319000000,4362000000,4429500000,3924000000,2899000000,3301500000,3381500000,2916500000,2813500000,2827500000,2642000000,2605000000,2763000000,2604000000,2523500000,2675000000,2716000000,2619000000
averageInventory,3294000000,3726000000,4022500000,10173500000,10359000000,5544500000,5298500000,5913500000,6014500000,6101000000,5651500000,5406500000,5286500000,4881000000,5305500000,4892000000,4522500000,4341500000,3888000000,3967000000,4083000000,3594500000,3256000000,3268000000,3323500000,3270500000,3237000000,3219000000,3126000000,3209000000,3347000000,3454000000,3279000000
daysSalesOutstanding,59.41962409175523,63.54439378339952,64.50957605057643,73.6096281563674,98.68038217783753,68.3948668964658,58.71068924515151,58.8096343287431,61.68806937631395,62.21313351882506,58.572809869133955,61.50203077840295,74.78941504178273,43.51010188823591,66.05236110851568,59.798062047064576,62.47413997883689,66.86349941485521,65.09867614611424,72.51349197725379,66.92213630641972,85.42789464534076,88.96983464525331,89.80017352638143,90.40213807573184,80.01496035505909,74.24678217821781,81.29752685485886,77.44629014396456,71.76479890358969,81.80331791354284,83.76928134324584,87.49630681818182
daysPayablesOutstanding,88.25141164491345,80.00739535571661,76.18881616391576,52.8340195613243,66.13063831475384,43.820169496028264,34.50695105190824,34.459063711444465,35.20086565533471,38.26267994643455,34.17605675204295,52.66109654871123,57.49859507509962,38.823218439416365,51.414655172413795,49.872609931127485,54.927369631100426,62.83363508935872,63.26649394896547,43.499158957106815,56.157407407407405,81.22276241799437,79.6520118658249,77.25282149101892,73.01085259793355,65.90396139777414,68.69940501131317,78.82744668296384,74.44646427922196,67.78060087367389,77.78581636298678,76.08919672269617,88.13953488372093
daysOfInventoryOnHand,96.69813940572062,100.57609821032392,112.1538844621514,92.85759111015872,123.02296980997342,71.39807656544725,66.28383021461042,62.29700404517108,63.675988569987815,64.73342818881821,54.19673127045405,56.50404106596767,63.83863798916931,42.352601933908765,54.160021551724135,53.2478447237875,50.7219928937193,52.83567924307908,52.46300173900699,64.58873002523129,68.51851851851852,74.03906982193064,77.34768388225451,81.5172468605945,79.25109640972275,79.96536695462682,84.05430319282662,83.44263676978842,83.80203599345573,87.5973968084158,96.75955698463737,98.10203564490244,109.76744186046511
receivablesTurnover,6.142751752120988,5.744015770205576,5.658074697527617,4.958590460810889,3.698810158053632,5.33665780141844,6.216925822074943,6.206466069142126,5.916865346739919,5.86692840169439,6.231560357365469,5.934763379035825,4.88036976617727,8.388856476079347,5.525919041718298,6.103876739562624,5.842417360585415,5.4588826967513935,5.606872852233677,5.033546034639927,5.454099646920361,4.2726090993500465,4.102514087559602,4.06458011902138,4.0375151270673655,4.56164695177434,4.9160379654417135,4.489681471511889,4.71294363256785,5.086058981233244,4.461921708185053,4.357205817540767,4.171604645650628
payablesTurnover,4.135911179173047,4.562078272604588,4.790729379686435,6.9084276197525645,5.519378147580468,8.329497676477096,10.577578976796199,10.592278509261325,10.369063180827887,9.539321357285429,10.679991628296358,6.93111279333838,6.347981190205934,9.40159045725646,7.099143206854345,7.318646457525555,6.645138888888889,5.808990670059372,5.769246519246519,8.390966831333804,6.499587798845837,4.493814161621479,4.582432903450679,4.7247465264739015,4.999256781865477,5.538362068965517,5.31300089047195,4.6303669008587045,4.902852049910874,5.385021603456553,4.692372170997485,4.797001620745543,4.141160949868074
inventoryTurnover,3.7746331236897275,3.629092860976919,3.254457050243112,3.9307502557006195,2.9669256120527305,5.112182534293087,5.506622034638335,5.8590297494136525,5.732145007828496,5.63850873053327,6.734723505345124,6.459714971073797,5.7175405286987,8.618124585818423,6.739288307915759,6.854737537140971,7.196089490505734,6.908210611256808,6.957283950617284,5.651140684410646,5.327027027027027,4.929829627490615,4.718951902368988,4.477580071174377,4.605614515576857,4.564476021314388,4.342430858806405,4.3742625368731565,4.355502771179731,4.166790490341754,3.7722371967654986,3.720615964802011,3.32521186440678
roe,0.24465630083607612,-0.07664138790774984,0.012150193963939786,0.04064670987934991,0.01455197847104555,0.16616000307846232,0.3028690785843777,0.1682201311153726,0.17796862220239423,0.05661733007616037,0.12306449441227953,0.1057740739044828,0.031525176356117734,0.04285397083857598,0.1488988601784517,0.21822443598007618,0.29463586530931873,0.22795436022819887,0.1885558583106267,-0.04432205612378704,-0.03719806763285024,0.14986133122028525,0.14341127033724815,0.16366816591704147,0.2165010178421746,0.18920527830141878,0.21852907038092223,0.08733705772811919,0.06139765468586138,-0.048367952522255196,0.09018669219722356,0.14639306113814257,0.29080916744621144
capexPerShare,-6.207094918504314,-1.7185588035350101,-3.5870293447675197,-5.177319388531905,-7.009122092304107,-11.11092168758429,-10.156633472393999,-9.151943577786161,-5.821958284004756,-6.7042898555348645,-7.389041331600079,-5.795369515211664,-6.1052591832782275,-7.541925001646793,-6.625754192602559,-6.182070004881591,-4.974049833843532,-4.253807044816965,-3.591644867559075,-5.347616559062385,-5.2794464042360865,-5.986692377224921,-8.418908953107128,-6.9172328834906756,-12.532536405099348,-5.456765520995062,-5.283375918076517,-4.284683762612829,-5.146300422347849,-5.893097690639044,-7.089117865304753,-7.855398795803996,-6.287784647315433
