,2021,2020,2019,2018,2017,2016,2015,2014,2013,2012,2011,2010,2009,2008,2007,2006,2005,2004,2003,2002,2001,2000,1999
reportedCurrency,USD,USD,USD,USD,USD,USD,USD,USD,USD,USD,USD,USD,USD,USD,USD,USD,USD,USD,USD,USD,USD,USD,USD
cik,0001136893,0001136893,0001136893,0001136893,0001136893,0001136893,0001136893,0001136893,0001136893,0001136893,0001136893,0001136893,0001136893,0001136893,0001136893,0001136893,0001136893,0001136893,0001136893,0001136893,0001136893,0001136893,0001136893
fillingDate,2022-02-23,2021-02-18,2020-02-20,2019-02-21,2018-02-22,2017-02-23,2016-02-26,2015-02-27,2014-02-28,2013-02-26,2012-02-24,2011-02-25,2010-02-26,2009-02-27,2008-02-29,2007-03-01,2006-03-16,2005-03-11,2004-02-17,2003-02-14,2001-12-31,2000-12-31,1999-12-31
acceptedDate,2022-02-23 16:16:51,2021-02-18 16:16:21,2020-02-20 17:16:58,2019-02-21 15:19:29,2018-02-22 15:40:21,2017-02-23 16:10:11,2016-02-26 16:51:03,2015-02-27 14:44:38,2014-02-28 15:32:02,2013-02-26 16:32:09,2012-02-24 09:30:48,2011-02-25 14:22:40,2010-02-26 10:07:18,2009-02-27 12:19:24,2008-02-29 17:20:09,2007-03-01 17:21:02,2006-03-16 06:33:15,2005-03-11 17:14:26,2004-02-17 12:49:35,2003-02-14 16:18:52,2001-12-31,2000-12-31,1999-12-31
calendarYear,2021,2020,2019,2018,2017,2016,2015,2014,2013,2012,2011,2010,2009,2008,2007,2006,2005,2004,2003,2002,2001,2000,1999
period,FY,FY,FY,FY,FY,FY,FY,FY,FY,FY,FY,FY,FY,FY,FY,FY,FY,FY,FY,FY,FY,FY,FY
netIncome,417000000,158000000,298000000,846000000,1319000000,568000000,631500000,679100000,493100000,461200000,469600000,404500000,105900000,214800000,561222000,259087000,130319000,111810000,92402000,89984000,87076000,88462000,74629000
depreciationAndAmortization,4015000000,3714000000,2444000000,1420000000,1391000000,1174000000,669500000,626300000,614600000,632800000,637200000,619500000,434000000,482200000,527465000,433550000,64064000,53743000,47468000,39050000,46353000,42698000,35758000
deferredIncomeTax,-81000000,-206000000,-109000000,-116000000,-985000000,-164000000,48000000,-5500000.0,1500000.0,-40900000,-6300000.0,-55700000,26400000,35600000,17935000,18842000,1981000.0,-3706000.0,13602000,6849000.0,6771000.0,0.0,0.0
stockBasedCompensation,383000000,283000000,402000000,84000000,107000000,137000000,97900000,55700000,53400000,83800000,64700000,58700000,71000000,0.0,0.0,0.0,0.0,0.0,0.0,0.0,0.0,0.0,0.0
changeInWorkingCapital,-464000000,-773000000,-2298000000,925000000,-1448000000,-16500000,273300000,195000000,91800000,259600000,-59300000,-44300000,103800000,-247681000,155257000,208684000,92961000,40844000,16465000,100000.0,60970000,0.0,0.0
accountsReceivables,-552000000,-75000000,-161000000,78000000,-167000000,57000000,-102800000,-115200000,-56100000,-68000000,-31000000,-21300000,92700000,0.0,0.0,0.0,0.0,0.0,0.0,0.0,0.0,0.0,0.0
inventory,0.0,0.0,0.0,0.0,0.0,0.0,0.0,0.0,0.0,0.0,0.0,0.0,0.0,0.0,0.0,0.0,0.0,0.0,0.0,0.0,0.0,0.0,0.0
accountsPayables,391000000,217000000,-74000000,-162000000,115000000,95000000,27800000,-9800000.0,161500000,79500000,0.0,0.0,0.0,0.0,0.0,0.0,0.0,0.0,0.0,0.0,0.0,0.0,0.0
otherWorkingCapital,223000000,-2463000000,-1690000000,608000000,-317000000,1131000000,1147500000,874200000,679200000,587400000,327800000,387100000,431400000,327600000,575281000,420024000,211340000,118379000,77535000,61070000,60970000,0.0,0.0
otherNonCashItems,540000000,1266000000,1673000000,-1166000000,1357000000,226500000,-583300000,-385700000,-194100000,-349800000,65600000,88600000,-27000000,111481000,-798327000,-425450000,-160510000,-57874000,-31841000,-9328000.0,-98294000,-131160000,35833000
netCashProvidedByOperatingActivities,4810000000,4442000000,2410000000,1993000000,1741000000,1925000000,1136900000,1164900000,1060300000,1046700000,1171500000,1071300000,714100000,596400000,463552000,494713000,128815000,144817000,138096000,126655000,102876000,0.0,146220000
investmentsInPropertyPlantAndEquipment,-320000000,-263000000,-200000000,-127000000,-145000000,-145000000,-133300000,-148500000,-131700000,-123700000,-123900000,-132800000,-52500000,-255400000,-343299000,-300197000,-63566000,-40908000,-43955000,-48961000,-49349000,0.0,0.0
acquisitionsNet,-397000000,-469000000,-6583000000,-16000000,0.0,0.0,-1720400000,-595200000,-150500000,-63600000,-20200000,-403200000,435900000,-19900000,-1729013000,110953000,-1000000.0,-39721000,-4521000.0,-10433000,-79038000,0.0,0.0
purchasesOfInvestments,0.0,0.0,0.0,0.0,0.0,0.0,0.0,0.0,0.0,0.0,0.0,0.0,0.0,-25700000,0.0,0.0,0.0,0.0,0.0,0.0,0.0,0.0,0.0
salesMaturitiesOfInvestments,0.0,0.0,0.0,0.0,0.0,0.0,0.0,0.0,0.0,0.0,0.0,0.0,0.0,0.0,430157000,0.0,0.0,0.0,0.0,0.0,0.0,0.0,0.0
otherInvestingActivites,-1054000000,-182000000,-718000000,-525000000,835000000,-474000000,-44300000,-240900000,-182500000,164100000,-155100000,-108200000,-134600000,27900000,96235000,0.0,60000000,0.0,0.0,0.0,0.0,0.0,0.0
netCashUsedForInvestingActivites,-1771000000,-914000000,-7501000000,-668000000,690000000,-619000000,-1898000000,-984600000,-464700000,-23200000,-299200000,-644200000,248800000,-273100000,-1545920000,-189244000,-4566000.0,-80629000,-48476000,-59394000,-128387000,0.0,0.0
debtRepayment,-53440000000,-49067000000,-24672000000,-26148000000,-11689000000,-8749000000,-11560600000,-7364200000,-10421800000,-11587400000,-9961200000,-9153400000,-5608100000,0.0,0.0,0.0,0.0,0.0,0.0,0.0,0.0,0.0,0.0
commonStockIssued,0.0,0.0,0.0,0.0,0.0,0.0,0.0,0.0,0.0,0.0,0.0,0.0,241700000,19200000,57698000,70403000,24911000,11291000,5502000.0,15935000,3992000.0,0.0,0.0
commonStockRepurchased,-2114000000,-112000000,-453000000,-1255000000,-153000000,-40000000,-320400000,-521900000,-475900000,-511300000,-364200000,-2545500000,0.0,-236100000,-80339000,-160453000,0.0,-96502000,-73550000,-79554000,-2353000.0,0.0,0.0
dividendsPaid,-961000000,-868000000,-656000000,-421000000,-385000000,-341000000,-304700000,-275100000,-256300000,-234800000,-60400000,-76000000,-49700000,-38200000,-38671000,-38253000,-12509000,-12633000,-3242000.0,0.0,0.0,0.0,0.0
otherFinancingActivites,53977000000,47296000000,33362000000,26588000000,9747000000,7821000000,13200400000,7963100000,10608000000,11412700000,9601100000,11255900000,4646100000,-183300000,1285708000,-100250000,-39384000,47449000,-18102000,-16159000,23232000,0.0,0.0
netCashUsedProvidedByFinancingActivities,-2538000000,-2751000000,7581000000,-1236000000,-2480000000,-1309000000,1014700000,-198100000,-546000000,-920800000,-784700000,-519000000,-770000000,-438400000,1224396000,-228553000,-26982000,-50395000,-89392000,-79778000,24871000,0.0,0.0
effectOfForexChangesOnCash,-248000000,42000000,18000000,-51000000,31000000,4000000.0,-58800000,-36900000,-19700000,-600000.0,-10100000,-1000000.0,17100000,-19300000,1497000.0,1685000.0,-1089000.0,-390000.0,7886000.0,-991000.0,-1480000.0,0.0,0.0
netChangeInCash,253000000,819000000,2508000000,38000000,-18000000,1000000.0,194800000,-54700000,29900000,102100000,77500000,-92900000,210000000,-134400000,143525000,78601000,96178000,13403000,8114000.0,-13508000,-2120000.0,0.0,0.0
cashAtEndOfPeriod,4283000000,4030000000,3211000000,703000000,665000000,683000000,687600000,492800000,547500000,517600000,415500000,338000000,430900000,220900000,355278000,211753000,137979000,41801000,22280000,14166000,27674000,0.0,0.0
cashAtBeginningOfPeriod,4030000000,3211000000,703000000,665000000,683000000,682000000,492800000,547500000,517600000,415500000,338000000,430900000,220900000,355300000,211753000,133152000,41801000,28398000,14166000,27674000,29794000,0.0,0.0
operatingCashFlow,4810000000,4442000000,2410000000,1993000000,1741000000,1925000000,1136900000,1164900000,1060300000,1046700000,1171500000,1071300000,714100000,596400000,463552000,494713000,128815000,144817000,138096000,126655000,102876000,0.0,146220000
capitalExpenditure,-1251000000,-1129000000,-828000000,-622000000,-613000000,-616000000,-415300000,-371200000,-336200000,-296100000,-300300000,-314000000,-212500000,-255400000,-343299000,-300197000,-63566000,-40908000,-43955000,-48961000,-49349000,-38789000,-50111000
freeCashFlow,3559000000,3313000000,1582000000,1371000000,1128000000,1309000000,721600000,793700000,724100000,750600000,871200000,757300000,501600000,341000000,120253000,194516000,65249000,103909000,94141000,77694000,53527000,0.0,96109000
link,https://www.sec.gov/Archives/edgar/data/1136893/000113689322000038/0001136893-22-000038-index.htm,https://www.sec.gov/Archives/edgar/data/1136893/000113689321000025/0001136893-21-000025-index.htm,https://www.sec.gov/Archives/edgar/data/1136893/000113689320000032/0001136893-20-000032-index.html,https://www.sec.gov/Archives/edgar/data/1136893/000113689319000008/0001136893-19-000008-index.html,https://www.sec.gov/Archives/edgar/data/1136893/000113689318000011/0001136893-18-000011-index.html,https://www.sec.gov/Archives/edgar/data/1136893/000113689317000008/0001136893-17-000008-index.html,https://www.sec.gov/Archives/edgar/data/1136893/000113689316000061/0001136893-16-000061-index.html,https://www.sec.gov/Archives/edgar/data/1136893/000113689315000006/a10-k2014.htm,https://www.sec.gov/Archives/edgar/data/1136893/000113689314000009/fis-10k12312013.htm,https://www.sec.gov/Archives/edgar/data/1136893/000113689313000011/0001136893-13-000011-index.html,https://www.sec.gov/Archives/edgar/data/1136893/000113689312000017/0001136893-12-000017-index.html,https://www.sec.gov/Archives/edgar/data/1136893/000095012311018522/fis12311010k.htm,https://www.sec.gov/Archives/edgar/data/1136893/000095012310017631/0000950123-10-017631-index.html,https://www.sec.gov/Archives/edgar/data/1136893/000095014409001697/0000950144-09-001697-index.html,https://www.sec.gov/Archives/edgar/data/1136893/000089256908000207/a38312e10vk.htm,https://www.sec.gov/Archives/edgar/data/1136893/000089256907000185/a27617e10vk.htm,https://www.sec.gov/Archives/edgar/data/1136893/000095013406005253/a18325e10vk.htm,https://www.sec.gov/Archives/edgar/data/1136893/000119312505048033/d10k.htm,https://www.sec.gov/Archives/edgar/data/1136893/000119312504024670/d10k.htm,https://www.sec.gov/Archives/edgar/data/1136893/000104746903005642/0001047469-03-005642-index.html,,,
finalLink,https://www.sec.gov/Archives/edgar/data/1136893/000113689322000038/fis-20211231.htm,https://www.sec.gov/Archives/edgar/data/1136893/000113689321000025/fis-20201231.htm,https://www.sec.gov/Archives/edgar/data/1136893/000113689320000032/a10-k2019.htm,https://www.sec.gov/Archives/edgar/data/1136893/000113689319000008/a10-k2018.htm,https://www.sec.gov/Archives/edgar/data/1136893/000113689318000011/a10-k2017.htm,https://www.sec.gov/Archives/edgar/data/1136893/000113689317000008/a10-k2016.htm,https://www.sec.gov/Archives/edgar/data/1136893/000113689316000061/a10-k2015.htm,https://www.sec.gov/Archives/edgar/data/1136893/000113689315000006/a10-k2014.htm,https://www.sec.gov/Archives/edgar/data/1136893/000113689314000009/fis-10k12312013.htm,https://www.sec.gov/Archives/edgar/data/1136893/000113689313000011/fis-201212x31x2012.htm,https://www.sec.gov/Archives/edgar/data/1136893/000113689312000017/fis-201112312011.htm,https://www.sec.gov/Archives/edgar/data/1136893/000095012311018522/fis12311010k.htm,https://www.sec.gov/Archives/edgar/data/1136893/000095012310017631/g21226e10vk.htm,https://www.sec.gov/Archives/edgar/data/1136893/000095014409001697/g17808e10vk.htm,https://www.sec.gov/Archives/edgar/data/1136893/000089256908000207/a38312e10vk.htm,https://www.sec.gov/Archives/edgar/data/1136893/000089256907000185/a27617e10vk.htm,https://www.sec.gov/Archives/edgar/data/1136893/000095013406005253/a18325e10vk.htm,https://www.sec.gov/Archives/edgar/data/1136893/000119312505048033/d10k.htm,https://www.sec.gov/Archives/edgar/data/1136893/000119312504024670/d10k.htm,https://www.sec.gov/Archives/edgar/data/1136893/000104746903005642/a2103322z10-k.htm,,,
