,2021,2020,2019,2018,2017,2016,2015,2014,2013,2012,2011,2010,2009,2008,2007,2006,2005,2004,2003,2002,2001,2000,1999,1998,1997,1996,1995,1994,1993
reportedCurrency,USD,USD,USD,USD,USD,USD,USD,USD,USD,USD,USD,USD,USD,USD,USD,USD,USD,USD,USD,USD,USD,USD,USD,USD,USD,USD,USD,USD,USD
cik,0000915913,0000915913,0000915913,0000915913,0000915913,0000915913,0000915913,0000915913,0000915913,0000915913,0000915913,0000915913,0000915913,0000915913,0000915913,0000915913,0000915913,0000915913,0000915913,0000915913,0000915913,0000915913,0000915913,0000915913,0000915913,0000915913,0000915913,0000915913,0000915913
fillingDate,2022-02-22,2021-02-19,2020-02-26,2019-02-27,2018-02-28,2017-02-28,2016-02-29,2015-03-02,2014-02-25,2013-02-15,2012-02-22,2011-02-25,2010-02-26,2009-02-27,2008-02-29,2007-03-01,2005-12-31,2005-03-14,2004-03-01,2002-12-31,2001-12-31,2000-12-31,1999-12-31,1998-12-31,1997-12-31,1996-12-31,1995-12-31,1994-12-31,1993-12-31
acceptedDate,2022-02-16,2021-02-19 16:37:48,2020-02-26 12:42:26,2019-02-27 16:27:52,2018-02-27 17:56:57,2017-02-27 17:53:25,2016-02-29 17:50:14,2015-02-27 18:56:38,2014-02-25 17:24:49,2013-02-15 16:16:57,2012-02-22 11:36:14,2011-02-25 16:10:25,2010-02-26 15:24:41,2009-02-27 14:29:20,2008-02-28 19:07:03,2007-03-01 14:20:37,2005-12-31,2005-03-14 16:38:55,2004-03-01 16:27:21,2002-12-31,2001-12-31,2000-12-31,1999-12-31,1998-12-31,1997-12-31,1996-12-31,1995-12-31,1994-12-31,1993-12-31
calendarYear,2021,2020,2019,2018,2017,2016,2015,2014,2013,2012,2011,2010,2009,2008,2007,2006,2005,2004,2003,2002,2001,2000,1999,1998,1997,1996,1995,1994,1993
period,FY,FY,FY,FY,FY,FY,FY,FY,FY,FY,FY,FY,FY,FY,FY,FY,FY,FY,FY,FY,FY,FY,FY,FY,FY,FY,FY,FY,FY
cashAndCashEquivalents,439272000,746724000,613110000,555320000,1137303000,2269756000,213734000,2489768000,477239000,477696000,469416000,529650000,308791000,253303000,130551000,149499000,58570000,46390000,35173000,37636000,30585000,19300000,48621000,21180000,34322000,14242000,33100000,32100000,32500000
shortTermInvestments,0.0,656244000,0.0,0.0,0.0,0.0,0.0,0.0,0.0,0.0,0.0,0.0,0.0,0.0,0.0,0.0,0.0,0.0,0.0,0.0,0.0,0.0,0.0,0.0,0.0,0.0,0.0,0.0,0.0
cashAndShortTermInvestments,439272000,1402968000,613110000,555320000,1137303000,2269756000,213734000,2489768000,477239000,477696000,469416000,529650000,308791000,253303000,130551000,149499000,58570000,46390000,35173000,37636000,30585000,19300000,48621000,21180000,34322000,14242000,33100000,32100000,32500000
netReceivables,700058000,637827000,752448000,697887000,619393000,543105000,656445000,457472000,518268000,449025000,391571000,374660000,329215000,347529000,425362000,400053000,387463000,341551000,226026000,197089000,175160000,174297000,155140000,145207000,154421000,141293000,198100000,182000000,140400000
inventory,812920000,750237000,768984000,700540000,592781000,450263000,508728000,358361000,436049000,428145000,431495000,389210000,347506000,538857000,472826000,378302000,411023000,338757000,204703000,160805000,159661000,107418000,110816000,127206000,90283000,84499000,177600000,156600000,136400000
otherCurrentAssets,55731000,-584848000,90567000,44674000,128086000,43494000,452096000,43249000,51359000,52447000,63138000,54678000,46575000,39234000,24699000,33000000,16607000,20712000,15467000,17534000,18255000,14139000,18022000,17937000,17710000,19107000,20000000,19400000,18200000
totalCurrentAssets,2007981000,2206184000,2225109000,1998421000,2477563000,3306618000,1831003000,3348850000,1482915000,1407313000,1355620000,1348198000,1032087000,1178923000,1053438000,960854000,873663000,747410000,481369000,413064000,383661000,315154000,332599000,311530000,296736000,259141000,428800000,390100000,327500000
propertyPlantEquipmentNet,6064357000,5490917000,6817843000,4799063000,4124335000,3910522000,3881162000,2620670000,2972084000,2818604000,2619428000,2440178000,2406129000,2322996000,2314509000,2169433000,966817000,2064585000,1605048000,1497989000,529672000,490074000,495385000,514668000,496640000,495724000,685900000,665100000,674900000
goodwill,1597627000,1665520000,1578785000,1567169000,1610355000,1540032000,2893811000,243262000,284203000,276966000,273145000,272238000,292721000,278767000,270185000,251100000,0.0,0.0,0.0,0.0,0.0,0.0,0.0,0.0,0.0,0.0,0.0,0.0,0.0
intangibleAssets,308947000,349105000,354622000,386143000,421503000,354564000,1733047000,44125000,88203000,94464000,130281000,134764000,150523000,167011000,171354000,151951000,394470000,404128000,118584000,35171000,31748000,22455000,17897000,21291000,17601000,23092000,29000000,30900000,34100000
goodwillAndIntangibleAssets,1906574000,2014625000,1933407000,1953312000,2031858000,1894596000,4626858000,287387000,372406000,371430000,403426000,407002000,443244000,445778000,441539000,403051000,394470000,404128000,118584000,35171000,31748000,22455000,17897000,21291000,17601000,23092000,29000000,30900000,34100000
longTermInvestments,897708000,656244000,579813000,528722000,534064000,457533000,455417000,194042000,212178000,207141000,198427000,180690000,146084000,121951000,0.0,0.0,0.0,0.0,0.0,0.0,0.0,0.0,0.0,0.0,0.0,0.0,0.0,0.0,0.0
taxAssets,18797000,20317000,15275000,17029000,25108000,61132000,76025000,62440000,65667000,64512000,0.0,0.0,0.0,0.0,26938000,0.0,0.0,0.0,0.0,0.0,0.0,0.0,0.0,0.0,0.0,0.0,0.0,0.0,0.0
otherNonCurrentAssets,78701000,62659000,-1710584000,-1714873000,-1442156000,-1469194000,-1255451000,-1290286000,-1520453000,-1431709000,-1373077000,-1307987000,-1255987000,-1196931000,-1005974000,-1002970000,312293000,-773378000,-817710000,-753268000,184394000,154120000,108213000,90308000,77204000,68304000,60800000,53100000,48500000
totalNonCurrentAssets,8966137000,8244762000,7635754000,5583253000,5273209000,4854589000,7784011000,1874253000,2101882000,2029978000,1848204000,1719883000,1739470000,1693794000,1777012000,1569514000,1673580000,1695335000,905922000,779892000,745814000,666649000,621495000,626267000,591445000,587120000,775700000,749100000,757500000
otherAssets,0.0,0.0,0.0,0.0,0.0,0.0,0.0,0.0,0.0,0.0,0.0,0.0,0.0,0.0,0.0,0.0,0.0,0.0,0.0,0.0,0.0,0.0,0.0,0.0,0.0,0.0,0.0,0.0,0.0
totalAssets,10974118000,10450946000,9860863000,7581674000,7750772000,8161207000,9615014000,5223103000,3584797000,3437291000,3203824000,3068081000,2771557000,2872717000,2830450000,2530368000,2547243000,2442745000,1387291000,1192956000,1129475000,981803000,954094000,937797000,888181000,846261000,1204500000,1139200000,1085000000
accountPayables,647986000,483221000,574138000,522516000,418537000,281874000,306517000,231705000,194064000,172866000,184472000,175183000,170287000,224333000,198817000,202488000,222142000,202410000,111431000,75092000,63559000,72296000,61386000,45073000,50668000,66968000,102800000,99100000,76900000
shortTermDebt,389920000,804677000,210473000,307294000,422012000,247544000,677345000,711096000,24554000,12700000,14416000,8983000.0,36310000,26202000,16627000,50731000,57564000,45047000,190000.0,343000.0,157862000,299000.0,779000.0,408000.0,379000.0,7457000.0,17000000,18600000,14000000
taxPayables,27667000,32251000,32461000,60871000,54937000,254416000,69432000,19554000,31879000,29451000,31630000,23780000,2393000.0,7645000.0,0.0,0.0,0.0,0.0,0.0,0.0,0.0,0.0,0.0,0.0,0.0,0.0,0.0,0.0,0.0
deferredRevenue,0.0,394852000,0.0,0.0,0.0,0.0,0.0,10370000,17896000,13955000,18819000,0.0,0.0,0.0,0.0,0.0,0.0,0.0,0.0,0.0,0.0,0.0,0.0,0.0,0.0,0.0,0.0,0.0,0.0
otherCurrentLiabilities,836429000,119099000,624385000,353363000,360376000,610685000,632823000,186715000,199849000,185488000,183471000,180011000,146667000,187832000,187473000,229730000,142211000,126289000,98450000,89572000,82416000,69521000,69188000,62455000,61513000,73523000,74400000,63400000,55000000
totalCurrentLiabilities,1874335000,1801849000,1408996000,1183173000,1200925000,1140103000,1616685000,1139886000,436363000,385009000,401178000,364177000,353264000,438367000,402917000,482949000,421917000,373746000,210071000,165007000,303837000,142116000,131353000,107936000,112560000,147948000,194200000,181100000,145900000
longTermDebt,2131316000,2767381000,2862921000,1397916000,1415360000,2121718000,3174674000,2223035000,1054310000,686588000,749257000,851927000,776403000,906062000,707311000,681859000,775889000,899584000,228389000,180137000,12353000,97681000,158981000,192530000,91414000,24406000,200100000,237800000,81400000
deferredRevenueNonCurrent,0.0,0.0,0.0,0.0,0.0,0.0,0.0,2010000.0,2444000.0,3362000.0,0.0,0.0,0.0,0.0,0.0,0.0,0.0,0.0,0.0,0.0,0.0,0.0,0.0,0.0,0.0,0.0,0.0,0.0,0.0
deferredTaxLiabilitiesNonCurrent,353279000,394852000,397858000,382982000,370389000,412739000,736317000,56884000,129188000,63368000,77903000,109570000,81441000,74838000,107089000,100868000,193950000,248751000,143665000,128849000,99714000,99603000,92011000,110000000,97167000,104543000,133100000,123900000,117200000
otherNonCurrentLiabilities,809581000,1018270000,1097508000,858495000,946402000,544043000,686025000,312653000,219716000,366956000,296659000,266661000,307131000,387679000,280467000,236594000,225212000,209289000,168945000,149223000,120269000,83496000,81185000,75664000,69704000,64166000,54500000,51400000,40300000
totalNonCurrentLiabilities,3294176000,4180503000,4358287000,2639393000,2732151000,3078500000,4597016000,2594582000,1405658000,1120274000,1123819000,1228158000,1164975000,1368579000,1094867000,1019321000,1195051000,1357624000,540999000,458209000,232336000,280780000,332177000,378194000,258285000,193115000,387700000,413100000,238900000
otherLiabilities,0.0,0.0,0.0,0.0,0.0,0.0,0.0,0.0,0.0,0.0,0.0,0.0,0.0,0.0,0.0,0.0,0.0,0.0,0.0,0.0,0.0,0.0,0.0,0.0,0.0,0.0,0.0,0.0,0.0
capitalLeaseObligations,126997000,116765000,137823000,0.0,0.0,0.0,0.0,0.0,0.0,0.0,0.0,0.0,0.0,0.0,0.0,0.0,0.0,0.0,0.0,0.0,0,0,0,0,0,0,0,0,0
totalLiabilities,5168511000,5982352000,5767283000,3822566000,3933076000,4218603000,6213701000,3734468000,1842021000,1505283000,1524997000,1592335000,1518239000,1806946000,1497784000,1502270000,1616968000,1731370000,751070000,623216000,536173000,422896000,463530000,486130000,370845000,341063000,581900000,594200000,384800000
preferredStock,0,0.0,0.0,0.0,0.0,0.0,0.0,0.0,0.0,0.0,0.0,0.0,0.0,0.0,0.0,0.0,0.0,0.0,0.0,0.0,0,0,0,0,0,0,0,0,0
commonStock,1170000.0,1069000.0,1061000.0,1056000.0,1105000.0,1125000.0,1122000.0,780000.0,801000.0,889000.0,888000.0,916000.0,915000.0,910000.0,947000.0,949000.0,467000.0,419000.0,412000.0,417000.0,455000.0,458000.0,462000.0,470000.0,539000.0,550000.0,0.0,0.0,0.0
retainedEarnings,3096539000,3155252000,2943478000,2566050000,2035163000,2121931000,1615407000,1410651000,1500358000,1744684000,1798117000,1560519000,1287983000,1165503000,1023022000,838162000,727874000,641914000,611430000,571551000,560275000,515914000,435211000,365113000,299401000,237081000,95500000,31100000,0.0
accumulatedOtherComprehensiveIncomeLoss,-392450000,-326132000,-395735000,-350682000,-225668000,-412412000,-421288000,-62413000,116245000,85264000,-222922000,-164196000,-91860000,-100642000,99885000,-10058000,12047000,46203000,23643000,-4514000.0,-895531000,-836460000,-792122000,-744672000,-691612000,-653108000,-808000000,-761300000,-685500000
othertotalStockholdersEquity,0.0,1438038000,1383446000,1368897000,1863949000,2084418000,2059151000,10447000,9957000.0,2761000.0,15194000,18835000,8658000.0,0.0,154451000,199045000,189887000,22839000,736000.0,2286000.0,928103000,878995000,847013000,830756000,909008000,920675000,1335100000,1275200000,1385700000
totalStockholdersEquity,5625266000,4268227000,3932250000,3585321000,3674549000,3795062000,3254392000,1359465000,1627361000,1833598000,1591277000,1416074000,1205696000,1065771000,1278305000,1028098000,930275000,711375000,636221000,569740000,593302000,558907000,490564000,451667000,517336000,505198000,622600000,545000000,700200000
totalLiabilitiesAndStockholdersEquity,10793777000,10250579000,9699533000,7407887000,7607625000,8013665000,9468093000,5093933000,3469382000,3338881000,3116274000,3008409000,2723935000,2872717000,2776089000,2530368000,2547243000,2442745000,1387291000,1192956000,1129475000,981803000,954094000,937797000,888181000,846261000,1204500000,1139200000,1085000000
minorityInterest,180341000,200367000,161330000,173787000,143147000,147542000,146921000,129170000,115415000,98410000,87550000,59672000,47622000,0,54361000,0,0,0,0,0,0,0,0,0,0,0,0,0,0
totalEquity,5805607000,4468594000,4093580000,3759108000,3817696000,3942604000,3401313000,1488635000,1742776000,1932008000,1678827000,1475746000,1253318000,1065771000,1332666000,1028098000,930275000,711375000,636221000,569740000,593302000,558907000,490564000,451667000,517336000,505198000,622600000,545000000,700200000
totalLiabilitiesAndTotalEquity,10974118000,10450946000,9860863000,7581674000,7750772000,8161207000,9615014000,5223103000,3584797000,3437291000,3203824000,3068081000,2771557000,2872717000,2830450000,2530368000,2547243000,2442745000,1387291000,1192956000,1129475000,981803000,954094000,937797000,888181000,846261000,1204500000,1139200000,1085000000
totalInvestments,0.0,1312488000,0.0,0.0,0.0,0.0,0.0,0.0,0.0,0.0,0.0,0.0,0.0,0.0,0.0,0.0,0.0,0.0,0.0,0.0,0.0,0.0,0.0,0.0,0.0,0.0,0.0,0.0,0.0
totalDebt,2521236000,3572058000,3073394000,1705210000,1837372000,2369262000,3852019000,2934131000,1078864000,699288000,763673000,860910000,812713000,932264000,723938000,732590000,833453000,944631000,228579000,180480000,170215000,97980000,159760000,192938000,91793000,31863000,217100000,256400000,95400000
netDebt,2081964000,2825334000,2460284000,1149890000,700069000,99506000,3638285000,444363000,601625000,221592000,294257000,331260000,503922000,678961000,593387000,583091000,774883000,898241000,193406000,142844000,139630000,78680000,111139000,171758000,57471000,17621000,184000000,224300000,62900000
link,https://www.sec.gov/Archives/edgar/data/915913/000091591322000027/0000915913-22-000027-index.htm,https://www.sec.gov/Archives/edgar/data/915913/000091591321000018/0000915913-21-000018-index.htm,https://www.sec.gov/Archives/edgar/data/915913/000091591320000040/0000915913-20-000040-index.htm,https://www.sec.gov/Archives/edgar/data/915913/000091591319000021/0000915913-19-000021-index.htm,https://www.sec.gov/Archives/edgar/data/915913/000091591318000005/0000915913-18-000005-index.htm,https://www.sec.gov/Archives/edgar/data/915913/000091591317000010/0000915913-17-000010-index.htm,https://www.sec.gov/Archives/edgar/data/915913/000091591316000041/0000915913-16-000041-index.htm,https://www.sec.gov/Archives/edgar/data/915913/000091591315000009/0000915913-15-000009-index.htm,https://www.sec.gov/Archives/edgar/data/915913/000091591314000008/0000915913-14-000008-index.htm,https://www.sec.gov/Archives/edgar/data/915913/000119312513062728/0001193125-13-062728-index.htm,https://www.sec.gov/Archives/edgar/data/915913/000119312512071957/0001193125-12-071957-index.htm,https://www.sec.gov/Archives/edgar/data/915913/000119312511047404/0001193125-11-047404-index.htm,https://www.sec.gov/Archives/edgar/data/915913/000119312510042722/0001193125-10-042722-index.htm,https://www.sec.gov/Archives/edgar/data/915913/000119312509040740/0001193125-09-040740-index.htm,https://www.sec.gov/Archives/edgar/data/915913/000119312508042183/0001193125-08-042183-index.htm,https://www.sec.gov/Archives/edgar/data/915913/000119312507044118/0001193125-07-044118-index.htm,,https://www.sec.gov/Archives/edgar/data/915913/000119312505049532/0001193125-05-049532-index.htm,https://www.sec.gov/Archives/edgar/data/915913/000119312504032296/0001193125-04-032296-index.htm,,,,,,,,,,
finalLink,https://www.sec.gov/Archives/edgar/data/915913/000091591322000027/alb-20211231.htm,https://www.sec.gov/Archives/edgar/data/915913/000091591321000018/alb-20201231.htm,https://www.sec.gov/Archives/edgar/data/915913/000091591320000040/a1231201910-kdocument.htm,https://www.sec.gov/Archives/edgar/data/915913/000091591319000021/a1231201810-kdocument.htm,https://www.sec.gov/Archives/edgar/data/915913/000091591318000005/a1231201710-kdocument.htm,https://www.sec.gov/Archives/edgar/data/915913/000091591317000010/a1231201610-kdocument.htm,https://www.sec.gov/Archives/edgar/data/915913/000091591316000041/a1231201510-kdocument.htm,https://www.sec.gov/Archives/edgar/data/915913/000091591315000009/a1231201410-kdocument.htm,https://www.sec.gov/Archives/edgar/data/915913/000091591314000008/a1231201310k.htm,https://www.sec.gov/Archives/edgar/data/915913/000119312513062728/d437520d10k.htm,https://www.sec.gov/Archives/edgar/data/915913/000119312512071957/d260152d10k.htm,https://www.sec.gov/Archives/edgar/data/915913/000119312511047404/d10k.htm,https://www.sec.gov/Archives/edgar/data/915913/000119312510042722/d10k.htm,https://www.sec.gov/Archives/edgar/data/915913/000119312509040740/d10k.htm,https://www.sec.gov/Archives/edgar/data/915913/000119312508042183/d10k.htm,https://www.sec.gov/Archives/edgar/data/915913/000119312507044118/d10k.htm,,https://www.sec.gov/Archives/edgar/data/915913/000119312505049532/d10k.htm,https://www.sec.gov/Archives/edgar/data/915913/000119312504032296/d10k.htm,,,,,,,,,,
