,2021,2020,2019,2018,2017,2016,2015,2014,2013,2012,2011,2010,2009,2008,2007,2006,2005,2004,2003,2002,2001,2000,1999,1998
reportedCurrency,USD,USD,USD,USD,USD,USD,USD,USD,USD,USD,USD,USD,USD,USD,USD,USD,USD,USD,USD,USD,USD,USD,USD,USD
cik,0001090872,0001090872,0001090872,0001090872,0001090872,0001090872,0001090872,0001090872,0001090872,0001090872,0001090872,0001090872,0001090872,0001090872,0001090872,0001090872,0001090872,0001090872,0001090872,0001090872,0001090872,0001090872,0001090872,0001090872
fillingDate,2021-11-22,2020-12-18,2019-12-19,2018-12-20,2017-12-21,2016-12-20,2015-12-21,2014-12-22,2013-12-19,2012-12-20,2011-12-16,2010-12-20,2009-12-21,2008-12-19,2007-12-21,2006-12-22,2006-01-17,2004-12-21,2003-12-22,2002-12-20,2002-01-22,2001-01-17,1999-10-31,1998-10-31
acceptedDate,2021-12-17 17:01:49,2020-12-17 19:56:21,2019-12-19 17:11:01,2018-12-20 16:27:07,2017-12-21 16:27:19,2016-12-20 16:22:19,2015-12-18 19:33:31,2014-12-22 16:05:26,2013-12-19 16:32:11,2012-12-20 16:50:44,2011-12-16 16:51:36,2010-12-17 19:41:22,2009-12-21 16:38:45,2008-12-19 17:27:11,2007-12-21 17:22:11,2006-12-22 17:01:47,2006-01-17 16:47:54,2004-12-21 06:14:39,2003-12-22 17:25:07,2002-12-20 17:27:53,2002-01-22 00:00:00,2001-01-17 00:00:00,1999-10-31,1998-10-31
calendarYear,2021,2020,2019,2018,2017,2016,2015,2014,2013,2012,2011,2010,2009,2008,2007,2006,2005,2004,2003,2002,2001,2000,1999,1998
period,FY,FY,FY,FY,FY,FY,FY,FY,FY,FY,FY,FY,FY,FY,FY,FY,FY,FY,FY,FY,FY,FY,FY,FY
cashAndCashEquivalents,1484000000,1441000000,1382000000,2247000000,2678000000,2289000000,2003000000,3028000000,2675000000,2351000000,3527000000,2649000000,2479000000,1405000000,1826000000,2262000000,2226000000,2315000000,1607000000,1844000000,1170000000,996000000,0.0,0.0
shortTermInvestments,91000000,158000000,0.0,0.0,0.0,0.0,0.0,0.0,0.0,0.0,0.0,0.0,14000000,24000000,0.0,0.0,25000000,0.0,0.0,0.0,0.0,0.0,0.0,0.0
cashAndShortTermInvestments,1575000000,1599000000,1382000000,2247000000,2678000000,2289000000,2003000000,3028000000,2675000000,2351000000,3527000000,2649000000,2493000000,1429000000,1826000000,2262000000,2251000000,2315000000,1607000000,1844000000,1170000000,996000000,0.0,0.0
netReceivables,1172000000,1038000000,930000000,776000000,724000000,631000000,606000000,983000000,899000000,923000000,860000000,869000000,595000000,770000000,735000000,692000000,753000000,1044000000,1086000000,1119000000,977000000,2201000000,1635000000,1215000000
inventory,830000000,720000000,679000000,638000000,575000000,533000000,541000000,1072000000,1066000000,1014000000,898000000,716000000,552000000,646000000,643000000,627000000,722000000,1026000000,995000000,1184000000,1491000000,1853000000,1499000000,1485000000
otherCurrentAssets,222000000,58000000,198000000,187000000,192000000,182000000,536000000,417000000,343000000,341000000,284000000,1935000000,321000000,363000000,467000000,377000000,721000000,192000000,201000000,733000000,1161000000,605000000,404000000,375000000
totalCurrentAssets,3799000000,3415000000,3189000000,3848000000,4169000000,3635000000,3686000000,5500000000,4983000000,4629000000,5569000000,6169000000,3961000000,3208000000,3671000000,3958000000,4447000000,4577000000,3889000000,4880000000,4799000000,5655000000,3538000000,3075000000
propertyPlantEquipmentNet,945000000,845000000,850000000,822000000,757000000,639000000,604000000,1101000000,1134000000,1164000000,1006000000,980000000,845000000,824000000,801000000,775000000,873000000,1258000000,1447000000,1579000000,1848000000,1741000000,1387000000,1481000000
goodwill,3975000000,3602000000,3593000000,2973000000,2607000000,2517000000,2366000000,2899000000,3047000000,3025000000,1567000000,1456000000,655000000,646000000,736000000,385000000,0.0,0.0,0.0,0.0,0.0,0.0,0.0,0.0
intangibleAssets,981000000,831000000,1107000000,491000000,361000000,408000000,445000000,667000000,916000000,1086000000,429000000,494000000,167000000,228000000,0.0,83000000,362000000,443000000,402000000,685000000,1070000000,557000000,0.0,0.0
goodwillAndIntangibleAssets,4956000000,4433000000,4700000000,3464000000,2968000000,2925000000,2811000000,3566000000,3963000000,4111000000,1996000000,1950000000,822000000,874000000,736000000,468000000,362000000,443000000,402000000,685000000,1070000000,557000000,0.0,0.0
longTermInvestments,185000000,158000000,102000000,68000000,138000000,135000000,86000000,159000000,139000000,109000000,117000000,142000000,163000000,0.0,0.0,0.0,0.0,0.0,0.0,0.0,0.0,0.0,0.0,0.0
taxAssets,0.0,0.0,0.0,0.0,0.0,0.0,0.0,0.0,0.0,0.0,0.0,0.0,0.0,0.0,0.0,0.0,0.0,0.0,27000000,635000000,0.0,0.0,0.0,0.0
otherNonCurrentAssets,820000000,776000000,611000000,339000000,394000000,468000000,292000000,505000000,467000000,523000000,369000000,455000000,1821000000,2531000000,2346000000,2168000000,1069000000,778000000,532000000,424000000,269000000,472000000,519000000,431000000
totalNonCurrentAssets,6906000000,6212000000,6263000000,4693000000,4257000000,4167000000,3793000000,5331000000,5703000000,5907000000,3488000000,3527000000,3651000000,4229000000,3883000000,3411000000,2304000000,2479000000,2408000000,3323000000,3187000000,2770000000,1906000000,1912000000
otherAssets,0.0,0.0,0.0,0.0,0.0,0.0,0.0,0.0,0.0,0.0,0.0,0.0,0.0,0.0,0.0,0.0,0.0,0.0,0.0,0.0,0.0,0.0,0.0,0.0
totalAssets,10705000000,9627000000,9452000000,8541000000,8426000000,7802000000,7479000000,10831000000,10686000000,10536000000,9057000000,9696000000,7612000000,7437000000,7554000000,7369000000,6751000000,7056000000,6297000000,8203000000,7986000000,8425000000,5444000000,4987000000
accountPayables,446000000,354000000,354000000,340000000,305000000,257000000,279000000,475000000,432000000,461000000,472000000,499000000,307000000,308000000,323000000,378000000,344000000,441000000,441000000,305000000,386000000,857000000,510000000,435000000
shortTermDebt,0.0,75000000,616000000,0.0,210000000,0.0,0.0,0.0,0.0,250000000,253000000,1501000000,0.0,0.0,0.0,0.0,0.0,0.0,0.0,0.0,6000000.0,110000000,0.0,0.0
taxPayables,0.0,0.0,0.0,0.0,0.0,0.0,0.0,0.0,0.0,0.0,0.0,0.0,26000000,0.0,0.0,0.0,0.0,0.0,0.0,0.0,0.0,0.0,0.0,0.0
deferredRevenue,441000000,386000000,336000000,324000000,291000000,269000000,258000000,435000000,439000000,420000000,389000000,358000000,285000000,280000000,249000000,225000000,247000000,284000000,262000000,244000000,279000000,372000000,241000000,0.0
otherCurrentLiabilities,821000000,652000000,774000000,507000000,457000000,419000000,439000000,792000000,731000000,762000000,723000000,725000000,531000000,737000000,1091000000,935000000,1345000000,1146000000,1203000000,1632000000,1331000000,1419000000,930000000,1164000000
totalCurrentLiabilities,1708000000,1467000000,2080000000,1171000000,1263000000,945000000,976000000,1702000000,1602000000,1893000000,1837000000,3083000000,1123000000,1325000000,1663000000,1538000000,1936000000,1871000000,1906000000,2181000000,2002000000,2758000000,1681000000,1599000000
longTermDebt,2729000000,2284000000,1791000000,1799000000,1801000000,1912000000,1655000000,2762000000,2699000000,2112000000,1932000000,2190000000,2904000000,2125000000,2087000000,1500000000,0.0,1150000000,1150000000,1150000000,0.0,0.0,0.0,0.0
deferredRevenueNonCurrent,0.0,0.0,0.0,0.0,0.0,0.0,0.0,0.0,0.0,0.0,0.0,0.0,0.0,0.0,0.0,0.0,0.0,0.0,0.0,0.0,0.0,0.0,0.0,0.0
deferredTaxLiabilitiesNonCurrent,0.0,0.0,0.0,0.0,0.0,0.0,0.0,0.0,0.0,0.0,0.0,0.0,0.0,0.0,0.0,182000000,0.0,0.0,0.0,0.0,0.0,0.0,0.0,0.0
otherNonCurrentLiabilities,879000000,1003000000,833000000,1000000000,527000000,699000000,678000000,1066000000,1096000000,1346000000,972000000,1187000000,1079000000,1428000000,570000000,490000000,734000000,466000000,417000000,245000000,325000000,402000000,381000000,366000000
totalNonCurrentLiabilities,3608000000,3287000000,2624000000,2799000000,2328000000,2611000000,2333000000,3828000000,3795000000,3458000000,2904000000,3377000000,3983000000,3553000000,2657000000,2172000000,734000000,1616000000,1567000000,1395000000,325000000,402000000,381000000,366000000
otherLiabilities,0.0,0.0,0.0,0.0,0.0,0.0,0.0,0.0,0.0,0.0,0.0,0.0,0.0,0.0,0.0,0.0,0.0,0.0,0.0,0.0,0.0,0.0,0.0,0.0
capitalLeaseObligations,0,0.0,0.0,0.0,0.0,0.0,0.0,0.0,0.0,0.0,0.0,0.0,0.0,0.0,0.0,0.0,0.0,0.0,0.0,0.0,0,0,0,0
totalLiabilities,5316000000,4754000000,4704000000,3970000000,3591000000,3556000000,3309000000,5530000000,5397000000,5351000000,4741000000,6460000000,5106000000,4878000000,4320000000,3710000000,2670000000,3487000000,3473000000,3576000000,2327000000,3160000000,2062000000,1965000000
preferredStock,0.0,0.0,0.0,0.0,0.0,0.0,0.0,0.0,0.0,0.0,0.0,0.0,0.0,0.0,0.0,0.0,0.0,0.0,0.0,0.0,0,0,0,0
commonStock,3000000.0,3000000.0,3000000.0,3000000.0,3000000.0,6000000.0,6000000.0,6000000.0,6000000.0,6000000.0,6000000.0,6000000.0,6000000.0,6000000.0,6000000.0,5000000.0,5000000.0,5000000.0,5000000.0,5000000.0,5000000.0,5000000.0,4000000.0,0.0
retainedEarnings,348000000,81000000,-18000000,-336000000,-126000000,6089000000,5581000000,6466000000,6073000000,5505000000,4456000000,3444000000,2760000000,2791000000,2172000000,1534000000,-1463000000,-1810000000,-2159000000,-101000000,931000000,757000000,0.0,0.0
accumulatedOtherComprehensiveIncomeLoss,-282000000,-522000000,-514000000,-408000000,-346000000,-503000000,-391000000,-334000000,91000000,-111000000,116000000,-88000000,-185000000,-178000000,408000000,29000000,-49000000,179000000,-6000000.0,-149000000,-2277000000,-2229000000,-2270000000,-2051000000
othertotalStockholdersEquity,5320000000,5311000000,5277000000,5308000000,5300000000,-1349000000,-1029000000,-840000000,-884000000,-218000000,-270000000,-134000000,-75000000,-60000000,648000000,2080000000,5588000000,5195000000,4984000000,4872000000,7000000000,6732000000,5648000000,5073000000
totalStockholdersEquity,5389000000,4873000000,4748000000,4567000000,4831000000,4243000000,4167000000,5298000000,5286000000,5182000000,4308000000,3228000000,2506000000,2559000000,3234000000,3648000000,4081000000,3569000000,2824000000,4627000000,5659000000,5265000000,3382000000,3022000000
totalLiabilitiesAndStockholdersEquity,10705000000,9627000000,9452000000,8537000000,8422000000,7799000000,7476000000,10828000000,10683000000,10533000000,9049000000,9688000000,7612000000,7437000000,7554000000,7358000000,6751000000,7056000000,6297000000,8203000000,7986000000,8425000000,5444000000,4987000000
minorityInterest,0,0,0,4000000,4000000,3000000,3000000,3000000,3000000,3000000,8000000,8000000,0,0,0,11000000,0,0,0,0,0,0,0,0
totalEquity,5389000000,4873000000,4748000000,4571000000,4835000000,4246000000,4170000000,5301000000,5289000000,5185000000,4316000000,3236000000,2506000000,2559000000,3234000000,3659000000,4081000000,3569000000,2824000000,4627000000,5659000000,5265000000,3382000000,3022000000
totalLiabilitiesAndTotalEquity,10705000000,9627000000,9452000000,8541000000,8426000000,7802000000,7479000000,10831000000,10686000000,10536000000,9057000000,9696000000,7612000000,7437000000,7554000000,7369000000,6751000000,7056000000,6297000000,8203000000,7986000000,8425000000,5444000000,4987000000
totalInvestments,276000000,316000000,0.0,0.0,0.0,0.0,0.0,0.0,0.0,0.0,0.0,0.0,177000000,0.0,0.0,0.0,0.0,0.0,0.0,0.0,0.0,0.0,0.0,0.0
totalDebt,2729000000,2359000000,2407000000,1799000000,2011000000,1912000000,1655000000,2762000000,2699000000,2362000000,2185000000,3691000000,2904000000,2125000000,2087000000,1500000000,0.0,1150000000,1150000000,1150000000,6000000.0,110000000,0.0,0.0
netDebt,1245000000,918000000,1025000000,-448000000,-667000000,-377000000,-348000000,-266000000,24000000,11000000,-1342000000,1042000000,425000000,720000000,261000000,-762000000,-2226000000,-1165000000,-457000000,-694000000,-1164000000,-886000000,0.0,0.0
link,,https://www.sec.gov/Archives/edgar/data/1090872/000109087220000020/0001090872-20-000020-index.htm,https://www.sec.gov/Archives/edgar/data/1090872/000109087219000022/0001090872-19-000022-index.htm,https://www.sec.gov/Archives/edgar/data/1090872/000109087218000019/0001090872-18-000019-index.htm,https://www.sec.gov/Archives/edgar/data/1090872/000109087217000018/0001090872-17-000018-index.html,https://www.sec.gov/Archives/edgar/data/1090872/000109087216000082/0001090872-16-000082-index.html,https://www.sec.gov/Archives/edgar/data/1090872/000109087215000051/0001090872-15-000051-index.html,https://www.sec.gov/Archives/edgar/data/1090872/000109087214000045/0001090872-14-000045-index.html,https://www.sec.gov/Archives/edgar/data/1090872/000109087213000029/0001090872-13-000029-index.html,https://www.sec.gov/Archives/edgar/data/1090872/000109087212000018/0001090872-12-000018-index.html,https://www.sec.gov/Archives/edgar/data/1090872/000104746911010124/0001047469-11-010124-index.html,https://www.sec.gov/Archives/edgar/data/1090872/000104746910010499/0001047469-10-010499-index.html,https://www.sec.gov/Archives/edgar/data/1090872/000104746909010861/0001047469-09-010861-index.html,https://www.sec.gov/Archives/edgar/data/1090872/000104746908013312/0001047469-08-013312-index.html,https://www.sec.gov/Archives/edgar/data/1090872/000104746907010272/0001047469-07-010272-index.html,https://www.sec.gov/Archives/edgar/data/1090872/000104746906015256/a2175273z10-k.htm,https://www.sec.gov/Archives/edgar/data/1090872/000104746906000516/a2166540z10-k.htm,https://www.sec.gov/Archives/edgar/data/1090872/000119312504216917/0001193125-04-216917-index.html,https://www.sec.gov/Archives/edgar/data/1090872/000119312503098260/0001193125-03-098260-index.html,https://www.sec.gov/Archives/edgar/data/1090872/000089161802005622/0000891618-02-005622-index.html,https://www.sec.gov/Archives/edgar/data/1090872/000089161802000185/0000891618-02-000185-index.html,https://www.sec.gov/Archives/edgar/data/1090872/000109581101000226/0001095811-01-000226-index.html,,
finalLink,,https://www.sec.gov/Archives/edgar/data/1090872/000109087220000020/a-20201031.htm,https://www.sec.gov/Archives/edgar/data/1090872/000109087219000022/a-10312019x10k.htm,https://www.sec.gov/Archives/edgar/data/1090872/000109087218000019/a-10312018x10k.htm,https://www.sec.gov/Archives/edgar/data/1090872/000109087217000018/a-10312017x10k.htm,https://www.sec.gov/Archives/edgar/data/1090872/000109087216000082/a-10312016x10k.htm,https://www.sec.gov/Archives/edgar/data/1090872/000109087215000051/a-10312015x10k.htm,https://www.sec.gov/Archives/edgar/data/1090872/000109087214000045/a-10312014x10k.htm,https://www.sec.gov/Archives/edgar/data/1090872/000109087213000029/a-10312013x10k.htm,https://www.sec.gov/Archives/edgar/data/1090872/000109087212000018/a-10312012x10k.htm,https://www.sec.gov/Archives/edgar/data/1090872/000104746911010124/a2206674z10-k.htm,https://www.sec.gov/Archives/edgar/data/1090872/000104746910010499/a2201423z10-k.htm,https://www.sec.gov/Archives/edgar/data/1090872/000104746909010861/a2195875z10-k.htm,https://www.sec.gov/Archives/edgar/data/1090872/000104746908013312/a2189713z10-k.htm,https://www.sec.gov/Archives/edgar/data/1090872/000104746907010272/a2181802z10-k.htm,https://www.sec.gov/Archives/edgar/data/1090872/000104746906015256/a2175273z10-k.htm,https://www.sec.gov/Archives/edgar/data/1090872/000104746906000516/a2166540z10-k.htm,https://www.sec.gov/Archives/edgar/data/1090872/000119312504216917/d10k.htm,https://www.sec.gov/Archives/edgar/data/1090872/000119312503098260/d10k.htm,https://www.sec.gov/Archives/edgar/data/1090872/000089161802005622/f86150e10vk.htm,https://www.sec.gov/Archives/edgar/data/1090872/000089161802000185/f78349e10-k.htm,https://www.sec.gov/Archives/edgar/data/1090872/000109581101000226/f67706e10-k.txt,,
