,2021,2020,2019,2018,2017,2016,2015,2014,2013,2012,2011,2010,2009,2008,2007,2006,2005,2004,2003,2002,2001,2000,1999,1998
reportedCurrency,USD,USD,USD,USD,USD,USD,USD,USD,USD,USD,USD,USD,USD,USD,USD,USD,USD,USD,USD,USD,USD,USD,USD,USD
cik,0001090872,0001090872,0001090872,0001090872,0001090872,0001090872,0001090872,0001090872,0001090872,0001090872,0001090872,0001090872,0001090872,0001090872,0001090872,0001090872,0001090872,0001090872,0001090872,0001090872,0001090872,0001090872,0001090872,0001090872
fillingDate,2021-11-22,2020-12-18,2019-12-19,2018-12-20,2017-12-21,2016-12-20,2015-12-21,2014-12-22,2013-12-19,2012-12-20,2011-12-16,2010-12-20,2009-12-21,2008-12-19,2007-12-21,2006-12-22,2006-01-17,2004-12-21,2003-12-22,2002-12-20,2002-01-22,2001-01-17,1999-10-31,1998-10-31
acceptedDate,2021-12-17 17:01:49,2020-12-17 19:56:21,2019-12-19 17:11:01,2018-12-20 16:27:07,2017-12-21 16:27:19,2016-12-20 16:22:19,2015-12-18 19:33:31,2014-12-22 16:05:26,2013-12-19 16:32:11,2012-12-20 16:50:44,2011-12-16 16:51:36,2010-12-17 19:41:22,2009-12-21 16:38:45,2008-12-19 17:27:11,2007-12-21 17:22:11,2006-12-22 17:01:47,2006-01-17 16:47:54,2004-12-21 06:14:39,2003-12-22 17:25:07,2002-12-20 17:27:53,2002-01-22 00:00:00,2001-01-17 00:00:00,1999-10-31,1998-10-31
calendarYear,2021,2020,2019,2018,2017,2016,2015,2014,2013,2012,2011,2010,2009,2008,2007,2006,2005,2004,2003,2002,2001,2000,1999,1998
period,FY,FY,FY,FY,FY,FY,FY,FY,FY,FY,FY,FY,FY,FY,FY,FY,FY,FY,FY,FY,FY,FY,FY,FY
netIncome,1210000000,719000000,1071000000,316000000,684000000,462000000,401000000,504000000,724000000,1153000000,1012000000,684000000,-31000000,693000000,638000000,3307000000,327000000,349000000,-2058000000,-1032000000,168000000,757000000,512000000,257000000
depreciationAndAmortization,321000000,308000000,238000000,210000000,212000000,246000000,253000000,384000000,372000000,301000000,253000000,202000000,162000000,201000000,191000000,170000000,186000000,292000000,362000000,735000000,734000000,495000000,475000000,477000000
deferredIncomeTax,14000000,29000000,-255000000,-16000000,102000000,3000000.0,70000000,-132000000,31000000,-158000000,38000000,-109000000,28000000,-53000000,-134000000,-19000000,-12000000,-33000000,1071000000,-664000000,-94000000,-59000000,-12000000,-140000000
stockBasedCompensation,110000000,83000000,72000000,70000000,60000000,58000000,54000000,96000000,85000000,74000000,72000000,66000000,71000000,0.0,0.0,0.0,0.0,0.0,0.0,0.0,0.0,0.0,0.0,0.0
changeInWorkingCapital,-102000000,839000000,-1568000000,-229000000,216000000,-20000000,-1088000000,417000000,645000000,-996000000,646000000,248000000,955000000,-125000000,-412000000,-91000000,-195000000,723000000,-716000000,-98000000,-100000000,1040000000,381000000,35000000
accountsReceivables,-128000000,-107000000,-106000000,-65000000,-81000000,-33000000,-24000000,-119000000,14000000,19000000,11000000,-166000000,193000000,0.0,0.0,0.0,0.0,0.0,0.0,0.0,0.0,0.0,0.0,0.0
inventory,-136000000,-68000000,-36000000,-83000000,-61000000,-7000000.0,-24000000,-99000000,-100000000,-52000000,-208000000,-51000000,47000000,-14000000,-21000000,-55000000,2000000.0,-79000000,169000000,278000000,-373000000,-345000000,-40000000,-67000000
accountsPayables,64000000,2000000.0,29000000,40000000,2000000.0,-15000000,-26000000,50000000,-27000000,-31000000,-35000000,113000000,-7000000.0,0.0,0.0,0.0,0.0,0.0,0.0,0.0,0.0,0.0,0.0,0.0
otherWorkingCapital,98000000,1948000000,1109000000,2677000000,2906000000,2690000000,2710000000,3798000000,3381000000,2736000000,3732000000,3086000000,2838000000,1883000000,2008000000,2420000000,2511000000,2706000000,1983000000,2699000000,2797000000,2897000000,1857000000,1476000000
otherNonCashItems,-68000000,-1057000000,1463000000,736000000,-385000000,44000000,801000000,-558000000,-705000000,854000000,-761000000,-373000000,-777000000,40000000,686000000,-2733000000,593000000,-668000000,1197000000,561000000,794000000,-1395000000,-895000000,122000000
netCashProvidedByOperatingActivities,1485000000,921000000,1021000000,1087000000,889000000,793000000,491000000,711000000,1152000000,1228000000,1260000000,718000000,408000000,756000000,969000000,634000000,899000000,663000000,-144000000,-498000000,1502000000,838000000,461000000,751000000
investmentsInPropertyPlantAndEquipment,-188000000,-119000000,-155000000,-177000000,-176000000,-139000000,-98000000,-205000000,-195000000,-194000000,-188000000,-121000000,-128000000,-154000000,-154000000,-185000000,-139000000,-118000000,-205000000,-301000000,-881000000,-824000000,-434000000,-410000000
acquisitionsNet,-546000000,0.0,-1408000000,-516000000,-126000000,-264000000,-72000000,-36000000,-42000000,-2263000000,-97000000,-1313000000,-2000000.0,-172000000,-331000000,-50000000,-64000000,-18000000,0.0,-15000000,-904000000,-691000000,0.0,0.0
purchasesOfInvestments,-22000000,-20000000,-23000000,-11000000,-1000000.0,-80000000,0.0,0.0,-25000000,0.0,0.0,0.0,-30000000,-256000000,0.0,-5000000.0,-38000000,0.0,-4000000.0,-23000000,-27000000,-32000000,0.0,0.0
salesMaturitiesOfInvestments,12000000,0.0,0.0,0.0,0.0,1000000.0,0.0,1000000.0,12000000,5000000.0,16000000,38000000,94000000,150000000,0.0,999000000,30000000,0.0,0.0,0.0,74000000,60000000,0.0,0.0
otherInvestingActivites,-5000000.0,-8000000.0,-4000000.0,0.0,-2000000.0,244000000,-230000000,10000000,2000000.0,80000000,1563000000,222000000,52000000,33000000,29000000,1037000000,11000000,22000000,6000000.0,268000000,373000000,370000000,125000000,138000000
netCashUsedForInvestingActivites,-749000000,-147000000,-1590000000,-704000000,-305000000,-238000000,-400000000,-230000000,-248000000,-2372000000,1294000000,-1174000000,-14000000,-399000000,-456000000,1796000000,-200000000,-114000000,-203000000,-71000000,-1365000000,-1117000000,-309000000,-272000000
debtRepayment,-2139000000,-1762000000,-702000000,-693000000,-290000000,-292000000,0.0,-1087000000,-250000000,-251000000,-1500000000,-29000000,-325000000,0.0,0.0,0.0,0.0,0.0,0.0,0.0,0.0,0.0,0.0,0.0
commonStockIssued,0.0,60000000,0.0,0.0,0.0,0.0,0.0,0.0,0.0,100000000,304000000,299000000,71000000,211000000,375000000,547000000,198000000,144000000,112000000,121000000,150000000,2152000000,0.0,0.0
commonStockRepurchased,-788000000,-469000000,-723000000,-422000000,-194000000,-434000000,-267000000,-200000000,-900000000,-172000000,-497000000,-411000000,-157000000,-1001000000,-1944000000,-4235000000,-290000000,0.0,0.0,0.0,0.0,-2068000000,0.0,0.0
dividendsPaid,-236000000,-222000000,-206000000,-191000000,-170000000,-150000000,-133000000,-176000000,-156000000,-104000000,0.0,0.0,0.0,0.0,0.0,0.0,0.0,0.0,0.0,0.0,0.0,0.0,0.0,0.0
otherFinancingActivites,2467000000,1676000000,1332000000,509000000,452000000,608000000,-668000000,1366000000,752000000,396000000,0.0,742000000,1068000000,16000000,589000000,1280000000,-688000000,1000000.0,-2000000.0,1122000000,-113000000,1191000000,-152000000,-479000000
netCashUsedProvidedByFinancingActivities,-696000000,-717000000,-299000000,-797000000,-202000000,-268000000,-1068000000,-97000000,-554000000,-31000000,-1693000000,601000000,657000000,-774000000,-980000000,-2408000000,-780000000,145000000,110000000,1243000000,37000000,1275000000,-152000000,-479000000
effectOfForexChangesOnCash,3000000.0,2000000.0,2000000.0,-17000000,7000000.0,-1000000.0,-48000000,-31000000,-26000000,-1000000.0,17000000,25000000,23000000,-4000000.0,31000000,14000000,-8000000.0,14000000,0.0,0.0,0.0,0.0,0.0,0.0
netChangeInCash,43000000,59000000,-866000000,-431000000,389000000,286000000,-215000000,353000000,324000000,-1176000000,878000000,170000000,1074000000,-421000000,-436000000,36000000,-89000000,708000000,-237000000,674000000,174000000,0.0,0.0,0.0
cashAtEndOfPeriod,1490000000,1447000000,1388000000,2247000000,2678000000,2289000000,2003000000,3028000000,2675000000,2351000000,3527000000,2649000000,2479000000,1405000000,1826000000,2262000000,2226000000,2315000000,1607000000,1844000000,1170000000,996000000,0.0,0.0
cashAtBeginningOfPeriod,1447000000,1388000000,2254000000,2678000000,2289000000,2003000000,2218000000,2675000000,2351000000,3527000000,2649000000,2479000000,1405000000,1826000000,2262000000,2226000000,2315000000,1607000000,1844000000,1170000000,996000000,0.0,0.0,0.0
operatingCashFlow,1485000000,921000000,1021000000,1087000000,889000000,793000000,491000000,711000000,1152000000,1228000000,1260000000,718000000,408000000,756000000,969000000,634000000,899000000,663000000,-144000000,-498000000,1502000000,838000000,461000000,751000000
capitalExpenditure,-189000000,-119000000,-156000000,-177000000,-176000000,-139000000,-98000000,-205000000,-195000000,-194000000,-188000000,-121000000,-128000000,-154000000,-154000000,-185000000,-139000000,-118000000,-205000000,-301000000,-881000000,-824000000,-434000000,-410000000
freeCashFlow,1296000000,802000000,865000000,910000000,713000000,654000000,393000000,506000000,957000000,1034000000,1072000000,597000000,280000000,602000000,815000000,449000000,760000000,545000000,-349000000,-799000000,621000000,14000000,27000000,341000000
link,,https://www.sec.gov/Archives/edgar/data/1090872/000109087220000020/0001090872-20-000020-index.htm,https://www.sec.gov/Archives/edgar/data/1090872/000109087219000022/0001090872-19-000022-index.htm,https://www.sec.gov/Archives/edgar/data/1090872/000109087218000019/0001090872-18-000019-index.htm,https://www.sec.gov/Archives/edgar/data/1090872/000109087217000018/0001090872-17-000018-index.html,https://www.sec.gov/Archives/edgar/data/1090872/000109087216000082/0001090872-16-000082-index.html,https://www.sec.gov/Archives/edgar/data/1090872/000109087215000051/0001090872-15-000051-index.html,https://www.sec.gov/Archives/edgar/data/1090872/000109087214000045/0001090872-14-000045-index.html,https://www.sec.gov/Archives/edgar/data/1090872/000109087213000029/0001090872-13-000029-index.html,https://www.sec.gov/Archives/edgar/data/1090872/000109087212000018/0001090872-12-000018-index.html,https://www.sec.gov/Archives/edgar/data/1090872/000104746911010124/0001047469-11-010124-index.html,https://www.sec.gov/Archives/edgar/data/1090872/000104746910010499/0001047469-10-010499-index.html,https://www.sec.gov/Archives/edgar/data/1090872/000104746909010861/0001047469-09-010861-index.html,https://www.sec.gov/Archives/edgar/data/1090872/000104746908013312/0001047469-08-013312-index.html,https://www.sec.gov/Archives/edgar/data/1090872/000104746907010272/0001047469-07-010272-index.html,https://www.sec.gov/Archives/edgar/data/1090872/000104746906015256/a2175273z10-k.htm,https://www.sec.gov/Archives/edgar/data/1090872/000104746906000516/a2166540z10-k.htm,https://www.sec.gov/Archives/edgar/data/1090872/000119312504216917/0001193125-04-216917-index.html,https://www.sec.gov/Archives/edgar/data/1090872/000119312503098260/0001193125-03-098260-index.html,https://www.sec.gov/Archives/edgar/data/1090872/000089161802005622/0000891618-02-005622-index.html,https://www.sec.gov/Archives/edgar/data/1090872/000089161802000185/0000891618-02-000185-index.html,https://www.sec.gov/Archives/edgar/data/1090872/000109581101000226/0001095811-01-000226-index.html,,
finalLink,,https://www.sec.gov/Archives/edgar/data/1090872/000109087220000020/a-20201031.htm,https://www.sec.gov/Archives/edgar/data/1090872/000109087219000022/a-10312019x10k.htm,https://www.sec.gov/Archives/edgar/data/1090872/000109087218000019/a-10312018x10k.htm,https://www.sec.gov/Archives/edgar/data/1090872/000109087217000018/a-10312017x10k.htm,https://www.sec.gov/Archives/edgar/data/1090872/000109087216000082/a-10312016x10k.htm,https://www.sec.gov/Archives/edgar/data/1090872/000109087215000051/a-10312015x10k.htm,https://www.sec.gov/Archives/edgar/data/1090872/000109087214000045/a-10312014x10k.htm,https://www.sec.gov/Archives/edgar/data/1090872/000109087213000029/a-10312013x10k.htm,https://www.sec.gov/Archives/edgar/data/1090872/000109087212000018/a-10312012x10k.htm,https://www.sec.gov/Archives/edgar/data/1090872/000104746911010124/a2206674z10-k.htm,https://www.sec.gov/Archives/edgar/data/1090872/000104746910010499/a2201423z10-k.htm,https://www.sec.gov/Archives/edgar/data/1090872/000104746909010861/a2195875z10-k.htm,https://www.sec.gov/Archives/edgar/data/1090872/000104746908013312/a2189713z10-k.htm,https://www.sec.gov/Archives/edgar/data/1090872/000104746907010272/a2181802z10-k.htm,https://www.sec.gov/Archives/edgar/data/1090872/000104746906015256/a2175273z10-k.htm,https://www.sec.gov/Archives/edgar/data/1090872/000104746906000516/a2166540z10-k.htm,https://www.sec.gov/Archives/edgar/data/1090872/000119312504216917/d10k.htm,https://www.sec.gov/Archives/edgar/data/1090872/000119312503098260/d10k.htm,https://www.sec.gov/Archives/edgar/data/1090872/000089161802005622/f86150e10vk.htm,https://www.sec.gov/Archives/edgar/data/1090872/000089161802000185/f78349e10-k.htm,https://www.sec.gov/Archives/edgar/data/1090872/000109581101000226/f67706e10-k.txt,,
