,2022,2021,2020,2019,2018,2017,2016,2015,2014,2013,2012,2011,2010,2009,2008,2007,2006,2005,2004,2003,2002,2001,2000,1999,1998,1997,1996,1995,1994,1993,1992,1991,1990,1989,1988,1987
period,FY,FY,FY,FY,FY,FY,FY,FY,FY,FY,FY,FY,FY,FY,FY,FY,FY,FY,FY,FY,FY,FY,FY,FY,FY,FY,FY,FY,FY,FY,FY,FY,FY,FY,FY,FY
revenuePerShare,19.9654073736914,17.276207839562442,14.903504779244424,11.7396071265418,9.369476082004557,9.119892231701842,11.080088495575222,11.062087186261559,10.151339285714286,10.212897526501767,9.730346947738251,8.575571177504393,7.493222562308701,10.266962305986697,9.430742509769866,7.974859124403988,6.651528384279476,5.43423509927941,4.267572221674126,3.6490688724731277,4.353678261269127,4.093183884731062,3.3988446492507625,3.9676243567753002,1.649647134302823,2.631383767747404,2.681726907630522,2.2802969502407704,2.1192926087606363,1.7700227750113375,1.3747404832398438,1.2041593333709142,0.9237931050410226,0.6074572760227861,0.42772384034519956,0.31153388822829964
netIncomePerShare,2.262175694128357,5.5068368277119415,0.9763313609467456,-0.3691183188670626,-2.5826879271070613,-2.6138302649303995,-1.4623893805309736,0.3601937472479084,1.0214285714285714,1.092756183745583,1.2529644268774704,0.9314586994727593,0.25360734586794925,0.8141906873614191,1.5466782457663917,1.2557433896835717,1.4362445414847163,0.9756514385383815,0.539548149277559,0.1411244304861326,0.41498414740614803,0.40757239280968033,0.04064447685983291,0.4856346483704974,0.04116766467065868,0.22038567493112948,0.4407630522088353,0.28390850722311395,0.32500000065313506,0.21999999949886104,0.28999999974913493,0.2875000005694322,0.2400000004137931,0.1693423096841015,0.11057173678532901,0.06896551724137931
operatingCashFlowPerShare,6.9699590350477925,6.550592525068368,6.441055985434684,1.722704431247145,0.004100227790432802,0.7620116748989673,1.831858407079646,3.1180096873623953,2.515625,2.4695229681978796,2.518664909969258,2.3760984182776803,1.0791429820725842,2.6337028824833704,3.076422058184976,2.4993498049414824,1.8131004366812227,1.643492661956694,0.9869458371077249,0.3814482240014155,0.9656573082755134,0.8573433237742184,0.4293404389338284,0.7863421955403087,0.42397348160821213,0.6050010595465141,0.535140562248996,0.5236757624398074,0.4645096472357509,0.3437813204014093,0.36576124535833804,0.29559859213476836,0.2694827590853151,0.20455722423614708,0.11704422869471413,0.06539833531510107
freeCashFlowPerShare,6.66727355484752,6.113491340018231,6.198907601274465,1.41662859753312,-0.22687927107061504,0.42074539739559946,1.511504424778761,2.7855570233377365,2.229017857142857,2.220406360424028,2.2419850680720246,2.2517574692442883,0.9086139046786182,2.286031042128603,2.8884064264003473,2.3463372345036846,1.723580786026201,1.463631318381226,0.8479196749688332,0.22174990047330473,0.7585718880669026,0.715652759320137,0.36746204084338946,0.21869639794168097,0.3838751069289991,0.5128205128205128,0.45331325301204817,0.42335473515248795,0.3521704187141688,0.2886560357889384,0.31608996512448967,0.18879841586689827,0.2001724141382283,0.1569135163127913,0.08198489751887811,0.04875148632580262
cashPerShare,8.029585798816568,8.464904284412032,8.391898042785616,4.356327089995432,6.028246013667426,8.531207903008532,9.959734513274336,8.922941435490973,10.120982142857143,8.632067137809187,6.1980676328502415,5.598857644991213,4.375163970266725,4.350776053215077,4.12201476335215,3.3719115734720417,1.6131004366812227,2.346288694303987,1.630196328152327,1.092670411819348,1.5522262555713826,1.133769322235434,1.4874146333377536,1.1213550600343054,0.25689692044482465,0.34329307056579783,0.6490963855421686,0.9781300160513644,0.44726688192778713,0.36633257319742013,0.36676470556508245,0.2642165498190909,0.3077586212202735,0.25686172967374415,0.25782092772384035,0.044589774078478
bookValuePerShare,3.864815657715066,4.400638103919781,-0.6331360946745562,-0.9634536317953404,-1.1662870159453302,3.2941176470588234,7.166371681415929,9.77190664905328,10.095982142857142,9.024734982332156,8.26921387790953,7.070738137082601,6.4429383471797115,5.812416851441242,5.343030829353018,4.833116601647161,3.455458515283843,2.854516464349266,2.787711776998484,2.517839607201309,2.43217387308735,2.066158984402322,2.495934723511471,2.4667667238421958,0.8102544910179641,1.2905276541640178,1.7183734939759037,1.6226926163723916,1.551326369677103,1.3420501108381546,1.341124566313906,1.1049515866955466,0.8229310359016052,0.7648886587260487,0.6192017259978425,0.20214030915576695
tangibleBookValuePerShare,-14.786071916249432,-8.8436645396536,-12.704597177969958,-13.442211055276381,-8.799088838268792,-4.153569824876516,-0.2752212389380531,2.6028181417877585,5.121875,4.538427561837456,4.90074659639877,4.3848857644991215,3.6843025797988633,2.9042128603104214,3.138080764220582,3.070654529692241,1.848471615720524,2.0795424514173964,1.9828829475232517,1.8280311407970982,2.2484354179111334,1.8289020423865145,2.1831073465057687,2.0899442538593482,0.7648096663815227,1.2905276541640178,1.7183734939759037,1.6226926163723916,1.551326369677103,1.3420501108381546,1.341124566313906,1.1049515866955466,0.8229310359016052,0.8591403417918178,0.6677454153182308,0.23365041617122473
shareholdersEquityPerShare,3.864815657715066,4.400638103919781,-0.6331360946745562,-0.9634536317953404,-1.1662870159453302,3.2941176470588234,7.166371681415929,9.77190664905328,10.095982142857142,9.024734982332156,8.26921387790953,7.070738137082601,6.4429383471797115,5.812416851441242,5.343030829353018,4.833116601647161,3.455458515283843,2.854516464349266,2.787711776998484,2.517839607201309,2.43217387308735,2.066158984402322,2.495934723511471,2.4667667238421958,0.8102544910179641,1.2905276541640178,1.7183734939759037,1.6226926163723916,1.551326369677103,1.3420501108381546,1.341124566313906,1.1049515866955466,0.8229310359016052,0.7648886587260487,0.6192017259978425,0.20214030915576695
interestDebtPerShare,13.928083750568957,9.825432999088424,9.95402822030041,9.775239835541344,7.382687927107061,6.8271216883700045,6.732743362831858,3.3483047115808016,3.375892857142857,3.314929328621908,0.0,0.0,0.5561871447310888,0.23104212860310422,0.0,0.0,0.0,0.0,0.0,0.0,0.0,0.0,0.0,0.0,0.0,0.0,0.0,0.0,0.0,0.0,0.0,0.0,0.0,0.03728638011393061,0.020496224379719527,0.0077288941736028535
marketCap,47567247000,60975650852.2,41936336000,34973653000,25523460000,19446164000,12274060000,14534400000,11755520000,8458304000,8650323000,9183660000,6515663000,2674430000,7160027000,9179553000,9425640000,6705462852.8,3218650797.2,1621690538,2476433533,2121629049.6000001,2614229420.7999997,1822299423.9999998,4274275488,1513213416,1648220640,1782477760.0000002,1292152366.634,1005210229.5624999,593008069.4785,1092792484.7921,944703998.3712,606102280,455435100,412409580.00000006
enterpriseValue,49098847000,61308050852.2,42294536000,36175353000,26031460000,19723764000,12408760000,13871000000,10648920000,7591704000,7493423000,8108560000,5804163000,1808930000,6242127000,8513653000,9138440000,6187808852.8,2936401797.2,1435313538,2339652533,2005238049.6000001,2505588420.7999997,1613099423.9999998,4178175488,1448413416,1518920640,1587477760.0000002,1206552366.634,932110229.5624999,519908069.4785,1040592484.7921,885203998.3712,556502280,407635100,404909580.00000006
peRatio,95.70874647887322,50.46817650405562,195.50739393939395,-432.8422400990099,-45.02286117481037,-33.4069129015633,-37.137851739788196,177.68215158924204,51.37902097902098,34.188779304769604,30.320094637223974,43.319150943396224,112.33901724137931,14.56661220043573,20.10114261650758,31.686410079392477,28.658072362420185,30.27187664915037,26.751643980850428,50.83032027331996,27.420565511055994,22.756202735083075,266.54052006525285,20.11368017660044,277.55035636363635,36.3753225,18.772444646924832,31.492539929328625,20.774153804405145,22.897727324886105,10.259655181288927,19.239304309720072,20.359999964896552,18.535237920489298,22.216346341463417,35.552550000000004
priceToSalesRatio,10.844256565748676,16.086864408030813,12.807725620743366,13.609484395672816,12.410512496353203,9.574674544559329,4.901585399944092,5.7855266300453785,5.169761203219139,3.6581195398321946,3.9042801047120426,4.7052259452812795,3.8021024683433504,1.1551615411195575,3.2966651319121505,4.989429829329275,6.188051470588235,5.434950726352707,3.382204037858735,1.9658165550430635,2.6136749932189325,2.265913347943661,3.1873772172517807,2.4619014104296135,6.926390354885756,3.0465339561103284,3.0853999251216773,3.9209805543334806,3.18577999663215,2.846008577470272,2.1642630272937957,4.59349510211055,5.289496071507279,5.167112361466326,5.743191677175284,7.87041183206107
pocfratio,31.063310259256838,42.426698338575,29.634892233764397,92.74370989127553,28359.399999999998,114.59142015321153,29.647487922705317,20.525914418867394,20.861614906832298,15.128427830441783,15.083387968613774,16.981619822485207,26.400579416531603,4.503165516080148,10.105895553987297,15.920140478668054,22.7014450867052,17.970752583000117,14.624713390857085,18.805697729433867,11.783786963017949,10.818069894298871,25.232656925824042,12.421945630538513,26.950034602774277,13.25055530647986,15.461732082551595,17.07354176245211,14.53489726247469,14.653210343476676,8.134541419458161,18.712200082056505,18.132514364130518,15.34436151898734,20.987792626728112,37.49178
pfcfRatio,32.47354382850901,45.46011395824946,30.792522211616124,112.78185424056755,-512.5192771084337,207.53643543223052,35.93108899297424,22.9756560227632,23.54400160224314,16.825748955639547,16.944805093046032,17.919336585365855,31.355452358036572,5.188031037827352,10.763720685508117,16.958346573064844,23.880516848239168,20.17912545945344,17.02260299659934,32.34905623267041,15.00068771200814,12.959916494713116,29.481684625534264,44.66420156862745,29.76514963788301,15.63237,18.25272026578073,21.119404739336495,19.171400098427302,17.451566485460067,9.41282649965873,29.297385651262733,24.410956030263566,20.003375577557755,29.96283552631579,50.293851219512206
pbRatio,56.02078318219291,63.15448042692905,-301.48336448598127,-165.83050260787104,-99.70101562500001,26.50785714285714,7.578451469498642,6.549387166546504,5.198107450806987,4.1397337509788565,4.594148919220352,5.7066177841297465,4.421895486935867,2.0404592965590904,5.818794798862251,8.232782959641256,11.911588525211675,10.346691066198822,5.177651477133982,2.849029771190848,4.678571760807384,4.488909164307568,4.340417999697824,3.959798835289004,14.101865681293303,6.211877733990148,4.815134794040316,5.509977619783617,4.352146738410239,3.7535856219660193,2.2185112962158624,5.005920681594595,5.937800115469516,4.103603791469194,3.9672047038327527,12.129693529411766
ptbRatio,56.02078318219291,63.15448042692905,-301.48336448598127,-165.83050260787104,-99.70101562500001,26.50785714285714,7.578451469498642,6.549387166546504,5.198107450806987,4.1397337509788565,4.594148919220352,5.7066177841297465,4.421895486935867,2.0404592965590904,5.818794798862251,8.232782959641256,11.911588525211675,10.346691066198822,5.177651477133982,2.849029771190848,4.678571760807384,4.488909164307568,4.340417999697824,3.959798835289004,14.101865681293303,6.211877733990148,4.815134794040316,5.509977619783617,4.352146738410239,3.7535856219660193,2.2185112962158624,5.005920681594595,5.937800115469516,4.103603791469194,3.9672047038327527,12.129693529411766
evToSales,11.193426728068575,16.17455963808569,12.917123049201356,14.07710833527901,12.657522123893806,9.71135598227474,4.955377181422467,5.521455298145052,4.683108316108888,3.283324971888245,3.382119064813143,4.1544010656829595,3.3869189473069965,0.7813277470628888,2.8740397808370552,4.627488313947168,5.999501050420168,5.0153787974552735,3.085612774118025,1.7398899781197534,2.469313727518256,2.141607018083484,3.0549175924368,2.179275093218049,6.77066194782045,2.9160729132273002,2.843355746911269,3.492032028156622,2.974734631740631,2.6390436850580405,1.8974747061259125,4.3740751777725935,4.956349374978723,4.744264961636828,5.140417402269861,7.727282061068704
enterpriseValueOverEBITDA,68.88165965207632,84.96126781069844,88.8354043268221,345.84467495219883,-62.81722972972973,-55.57555367709214,77.84667503136762,57.2945064023131,25.43936932632585,17.148642421504405,15.663509615384616,21.48532061473238,29.58288990825688,5.253935521347662,11.748780350084697,20.27060238095238,21.416545582376376,20.74517596998763,16.9256766877248,16.43928001374413,12.41926297713773,9.387071485883615,24.169352363313653,7.692414992846923,42.24646600606673,14.298256821322804,9.290034495412844,13.913039088518845,10.277277398926747,10.813343730423432,4.854417081965453,9.863435874806635,10.500640550073546,8.522240122511485,9.84625845410628,16.06784047619048
evToOperatingCashFlow,32.06350617122706,42.65798138895074,29.88801922125645,95.93039777247415,28923.844444444443,116.22724808485563,29.972850241545892,19.589041095890412,18.897817213842057,13.578436773385798,13.066125544899739,14.993639053254437,23.517678282009726,3.045849469607678,8.810341566690191,14.765267082899758,22.009730250481695,16.583431206114728,13.342247230363089,16.64440404016977,11.132932359770837,10.224598583513071,24.184049233145117,10.995906094069529,26.344107742749053,12.683129737302977,14.248786491557222,15.205725670498087,13.572017622429698,13.58761267583819,7.131797935233196,17.81836446561815,16.99047981518618,14.088665316455696,18.785027649769585,36.809961818181826
evToFreeCashFlow,33.51914732386674,45.70793323805263,31.05553711726265,116.65705578845534,-522.7200803212852,210.49908217716114,36.325409836065575,21.9269680682896,21.327698778289605,15.101857966978317,14.678595494613125,15.821580487804878,27.931487006737246,3.509078564500485,9.383834936861094,15.728159985220765,23.152875601722826,18.621320243035598,15.529861790449594,28.63125686700844,14.172153839164567,12.248945064047353,28.256497702795663,39.536750588235286,29.0959295821727,14.962948512396695,16.82082657807309,18.808978199052135,17.901370424836795,16.182469263237845,8.25250903934127,27.897921844292224,22.873488330005166,18.366411881188117,26.818098684210526,49.379217073170736
earningsYield,0.010448365868220207,0.019814466645523443,0.005114896065311953,-0.002310310564355402,-0.02221093848561284,-0.02993392424336234,-0.026926705588859758,0.005628027300748569,0.0194631968641115,0.02924936251995672,0.03298142739872257,0.023084478301679288,0.008901626741591761,0.06865014227330685,0.04974841575318082,0.03155927091438984,0.034894182251815266,0.033033961243630616,0.03738088024481142,0.019673297249021747,0.036468977986497,0.04394406270859536,0.0037517747761398007,0.04971740582627765,0.0036029497965761443,0.02749116519860408,0.05326956711329619,0.03175355186479297,0.048136738055147676,0.0436724564762007,0.09746916268918594,0.051976931384924374,0.049115913640674747,0.05395129020138317,0.04501190180554814,0.02812737764239133
freeCashFlowYield,0.030794298438166917,0.02199730517434249,0.03247541702260302,0.00886667457928973,-0.001951146122038313,0.004818431028350887,0.027831051828001493,0.04352432848965213,0.04247366343641115,0.05943271842676735,0.059015137353830606,0.05580563740382375,0.03189237994659945,0.1927513526246714,0.09290467759409288,0.05896801293047712,0.04187514057400877,0.04955616149021581,0.058745422201279866,0.030912802920972583,0.06666361030897897,0.0771609909992816,0.03391936426637893,0.022389295338985964,0.033596337064177556,0.06396982671213641,0.05478635433178412,0.04734981938848987,0.05216103126876131,0.05730144631045925,0.10623801469582551,0.034132738391860554,0.0409652124546145,0.04999156248018074,0.03337467841191862,0.019883146264449043
debtToEquity,3.089977623365917,2.105851890212325,-11.754852624011502,-9.89900426742532,-6.1953125,1.4885496183206106,0.9185601383057546,0.33669790915645276,0.33004642936104356,0.36491777603758807,0.0,0.0,0.08632507634882931,0.0,0.0,0.0,0.0,0.0,0.0,0.0,0.0,0.0,0.0,0.0,0.0,0.0,0.0,0.0,0.0,0.0,0.0,0.0,0.0,0.15030467163168584,0.09320557491289198,0.18823529411764706
debtToAssets,0.901345447785472,0.8673727300200555,1.0225106403637954,1.0445952803856888,1.0622325943212758,0.8471061461828641,0.7063441698547677,0.548373967194432,0.5078346028291622,0.5257636245473958,0.41666150319102796,0.42269335629215093,0.397883295194508,0.45854504895278225,0.44293539770926704,0.3796940194714882,0.4185038212815991,0.4326074851777791,0.3888444295882654,0.3558445085723986,0.41346609872745566,0.41487745726138614,0.33618236444232835,0.3367920449632512,0.4320779464118419,0.5050792360828932,0.3390615949024908,0.3289773905828666,0.26673252654976537,0.25258163550097684,0.1850609756097561,0.1768476621417798,0.1811631497683994,0.13066509711595056,0.08525896414342629,0.1588089330024814
netDebtToEBITDA,2.148709315375982,0.4606430155210643,0.7523629489603024,11.488527724665392,-1.225868725868726,-0.7821921668075514,0.8450439146800501,-2.7401900041305245,-2.643573817486861,-1.9575333182742263,-2.418269230769231,-2.84870164281929,-3.626401630988787,-2.5137961080453093,-1.7276491624317711,-1.5854761904761905,-0.673072416217483,-1.7354807779346044,-1.6269079129392234,-2.134658114763486,-0.7260561922405236,-0.5448583212010281,-1.0479704441100437,-0.9976156413924654,-0.9716885743174924,-0.6396841066140178,-0.7908256880733945,-1.7090271691498686,-0.7291311754684838,-0.8480278422273781,-0.6825396825396826,-0.4947867298578199,-0.7058125741399762,-0.7595712098009189,-1.1545893719806763,-0.2976190476190476
currentRatio,0.6893300743253354,0.8293237471963621,0.8260748011928429,0.7039805318964019,0.8844668425018839,1.1259266038253866,1.881269641734758,1.907935147489465,2.645823611759216,2.4455303248059788,1.98710826957342,1.970912853529547,1.959659090909091,1.7347831521059867,1.9849966510381782,2.0719261581330546,1.4572894061945156,1.6373809344291135,1.5516182499311548,1.4502948120814894,1.5212963137830466,1.4714042280474255,1.821221007909363,1.9451640759930915,1.5423558897243108,2.067243675099867,2.41025641025641,2.4070967741935485,2.7331378299120233,2.9643281807372177,4.342105263157895,4.28310502283105,4.662379421221865,7.155913978494624,12.764044943820224,6.339285714285714
interestCoverage,,12.311154598825832,6.351851851851852,-0.4798464491362764,-14.756521739130434,-16.82154882154882,0.038348082595870206,9.143939393939394,29.06122448979592,62.42857142857143,,,,,,,,,,,,,,,,,,,,,,,,7.527777777777778,9.210526315789474,17.615384615384617
incomeQuality,3.081086519114688,1.189538155934448,6.597202797202797,-4.667079207920792,-0.001587581584053625,-0.2915306648342209,-1.2526475037821483,8.656479217603913,2.4628496503496504,2.259902991107518,2.0101647388713633,2.550943396226415,4.255172413793104,3.2347494553376905,1.989051094890511,1.9903348291335865,1.2623897841289147,1.6845080087400905,1.8292080853751786,2.702921263791374,2.32697396831021,2.1035363015241386,10.563315660685156,1.619205298013245,10.2987012987013,2.7451923076923075,1.214123006833713,1.8445229681978799,1.4292604501607717,1.5626423690205011,1.2612456747404843,1.028169014084507,1.1228448275862069,1.2079510703363914,1.0585365853658537,0.9482758620689655
dividendYield,,,,,,,,,,,,,,,,,0.00036071821117717205,0.00202312656080635,0.00416572062171641,0.008365344485965053,0.005286634922981395,0.006400741921666417,0.005577551795564278,0.006420459692797445,0.0026437229026824954,0.007203213958288089,0.006795206738825937,0.006339490036610611,0.008822488968306808,0.011440392926567384,0.01905538993750521,0.008876342155524058,0.0409652124546145,,,
payoutRatio,0.0,0.0,0.0,0.0,0.0,0.0,0.0,0.0,0.0,0.0,0.0,0.0,0.0,0.0,0.0,0.0,0.010337488598358164,0.06124383769434964,0.11143987499584428,0.4252131394182548,0.1449625192386478,0.1456565808243862,1.4866435562805873,0.1291390728476821,0.7337662337662337,0.2620192307692308,0.1275626423690205,0.19964664310954064,0.1832797427652733,0.2619589977220957,0.19550173010380623,0.17077464788732394,0.834051724137931,0.0,0.0,0.0
salesGeneralAndAdministrativeToRevenue,0.13033467080065658,0.10919691853102576,0.12387380508811044,0.13234492956650323,0.1484002722940776,0.14170359428852783,0.1171678447346352,0.11276968394236128,0.10919565504199832,0.10743015310094282,0.10069507131251128,0.10287939338046931,0.11536441617552663,0.4778852798894264,0.4761268935033841,0.4713555821284922,0.44701943277310924,0.4566072848438968,0.5088294665121269,0.5584008630878422,0.5013314110635352,0.48095531034129213,0.5440134019034799,0.5190489057011618,0.5192027224112785,0.5520434870142943,0.48614751029576936,0.4846018477782666,0.483974358974359,0.6548697621744054,0.5642335766423358,0.5435056746532156,0.4988801791713326,0.0,0.0,0.0
researchAndDdevelopementToRevenue,0.25414918840051065,0.2460162515829464,0.259933420883853,0.28212312242197835,0.3673538850530001,0.37720334810438205,0.31548260852202387,0.28867128413342885,0.2687453274110559,0.259493123432229,0.25568694710236506,0.2542268675069167,0.2669662134562642,0.24883379405666897,0.22344490998664765,0.22083922165452766,0.19800420168067226,0.19404312159427184,0.21998690685477643,0.20969276739661433,0.17791620184255047,0.18208120266061747,0.19993733098263555,0.1929208322075115,0.19834710743801653,0.1886450573786994,0.14732309996256085,0.14342278926528818,0.13856015779092704,0.0,0.0,0.0,0.0,0.09292412617220801,0.09079445145018916,0.0648854961832061
intangiblesToTotalAssets,0.4760886740716643,0.39915931756366935,0.42919100869030474,0.5776029772477375,0.4072831583041618,0.34567849773868825,0.30493354849237575,0.3313321665513452,0.24248095756256802,0.23574876984495405,0.2376231488939835,0.21929258143205624,0.25780483818241257,0.2709133721650762,0.22988817963692335,0.22620305980528513,0.27042915931804823,0.15404165980858062,0.17644421723229384,0.17647824364850337,0.04430967461692914,0.06718959491630548,0.0831994233605121,0.10131142815967718,0.03185310099306727,0.0,0.0,0.0,0.0,0.0,0.0,0.0,0.0,0.023543260741612712,0.013545816733067729,0.02481389578163772
capexToOperatingCashFlow,-0.04342715339907268,-0.06672696910659616,-0.03759451628860151,-0.17767170511800584,-56.333333333333336,-0.4478491455509723,-0.1748792270531401,-0.10662335828272843,-0.11393078970718722,-0.10087640851368271,-0.10985178727114212,-0.05232988165680473,-0.1580226904376013,-0.13200875568277487,-0.061115031757233595,-0.06122095039889004,-0.049373795761079,-0.10943848289613327,-0.1408650372813893,-0.4186631722986293,-0.21445021793334476,-0.16526700625640556,-0.1441243183244052,-0.721881390593047,-0.09457755359394704,-0.15236427320490367,-0.1529080675422139,-0.19157088122605365,-0.24184476940382452,-0.16034985422740525,-0.13580246913580246,-0.3613013698630137,-0.2571976967370441,-4.293478260869565,-3.3384615384615386,-3.9285714285714284
capexToRevenue,-0.015160496078788985,-0.025300759814267625,-0.016247747610176222,-0.026072067865203517,-0.02465233881163085,-0.03741999015263417,-0.028912583363284214,-0.030053339702253004,-0.02823343154932055,-0.02439235360262953,-0.028434735511825238,-0.014499436417665745,-0.022757775573320885,-0.033863165169315826,-0.019936461163036972,-0.01918686813784107,-0.013458508403361345,-0.03309782154977398,-0.03257734255387787,-0.04376412972986078,-0.04756562331462779,-0.03461622258961641,-0.01820571531684431,-0.14306944069170494,-0.024307243558580455,-0.03503120595933159,-0.03051291651067016,-0.04399472063352398,-0.053007889546351085,-0.03114382785956965,-0.03613138686131387,-0.08869272803699033,-0.07502799552071669,-12.75,-12.2,-18.714285714285715
capexToDepreciation,-0.4490209318028359,-0.7746365105008077,-0.417910447761194,-0.7037815126050421,-0.4677121771217712,-0.5459770114942529,-0.49657064471879286,-0.5174777244688142,-0.49806051202482543,-0.4413145539906103,-0.5454545454545454,-0.2685009487666034,-0.34977578475336324,-0.8540305010893247,-0.7063621533442088,-0.6598130841121496,-0.4691075514874142,-0.7860594044158694,-0.6164399904557385,-0.7391491278355581,-0.716422655666301,-0.4708035558654349,-0.18723980538696897,-1.6756329113924051,-0.3416856492027335,-0.5,-0.6468253968253969,-0.8,-1.0436893203883495,-0.6707317073170732,-0.668918918918919,-1.5629629629629629,-1.6962025316455696,-0.42391304347826086,-0.4,-0.35714285714285715
stockBasedCompensationToRevenue,0.12661863943096846,0.10510764035457999,0.11068014537458389,0.09708926764728773,0.12710298551006516,0.10920728705071393,0.07875084860828242,0.0659183186052066,0.05813800079159154,0.06759795865409567,0.04910633688391407,0.04134644943129419,0.05461866137597012,0.0,0.0,0.0,0.0,0.0,0.0,0.0,0.0,0.0,0.0,0.0,0.0,0.0,0.0,0.0,0.0,0.0,0.0,0.0,0.0,0.0,0.0,0.0
grahamNumber,14.025514998434772,23.350715395083782,3.7293952676013884,2.8287167867568312,8.232465997593541,13.918726559846721,15.355799604267192,8.899159660202933,15.23244247946816,14.896015795127646,15.268372330192834,12.173219063308048,6.063371266129863,10.3188833024163,13.635940190538319,11.68571649673172,10.56716031842634,7.915983491165943,5.817418364272309,2.827524591226137,4.765454440449506,4.352868092069486,1.510805786675391,5.191706490862695,0.8663235057660402,2.529685885995541,4.1281230342481985,3.2195753390650346,3.368096510057482,2.5774305099296875,2.9581815001159595,2.6735099757797247,2.1080388045599254,1.7071556088114757,1.2411646671337506,0.5600589227624583
roic,0.13433679906033846,0.1562942535589178,0.11587446370055066,-0.01029654036243822,-0.25577773311897106,-0.19121981092356566,0.0003312692709527814,0.034351253664228594,0.08082872144174826,0.09369926792660888,0.15639706205743942,0.14151632078423193,0.03763194125745755,0.1508700481303221,0.30470459518599563,0.2858660998937301,0.4330717882656049,0.35333275164877487,0.16803324064671848,0.04351646206038123,0.18460942509585496,0.2928799652207679,0.058412590840453076,0.29591174561972744,0.30939557151406344,0.18859649122807018,0.34528907922912205,0.32833995719963316,0.29643093192333114,0.212253829321663,0.2959409594095941,0.36585365853658536,0.4105392156862745,0.3582286847323199,0.30017152658662094,0.659942363112392
returnOnTangibleAssets,0.11021910760223542,0.27622313671696386,0.06081310954865049,-0.040448538245895074,-0.23250758756459683,-0.18541168975951586,-0.08621364288509195,0.024895760416349635,0.06573201562859113,0.07513590670270598,0.11593790637191158,0.09741304048155126,0.031933050707482244,0.10402855685874554,0.20939392158015402,0.20828240707455603,0.3312852538275584,0.22924335865095932,0.14362865410510833,0.043841941446053,0.10471594525872015,0.12373554385881091,0.011790771509322139,0.14528543938422064,0.029804528740081285,0.08451848841934173,0.1695307974512454,0.11740302841734081,0.15361817732773525,0.12252302539771141,0.17621951219512194,0.21417797888386123,0.23880597014925373,0.19710669077757687,0.16558966074313408,0.2951653944020356
grahamNetNet,-24.83625398270369,-18.116567912488605,-18.140532544378697,-16.586455002284147,-12.381548974943053,-8.196564885496183,-5.108849557522124,-1.4267943637164244,1.1222098214285714,0.26689487632508835,1.5929951690821256,1.4710017574692442,1.0273283777874946,0.4810421286031042,1.1323273990447242,1.4049631556133506,0.013318777292576418,0.847701465846826,0.45652125169287067,0.1695149732383775,0.3631358268621054,0.22262100440651886,0.6077826631083411,0.25809391080617494,-0.2275582763045338,-0.6818181818181818,0.14545682730923695,0.5217947431781701,0.18496784603088393,0.19055808612629138,0.28034169525922,0.20702024688890452,0.23844827627318668,0.5132055929570171,0.5145631067961165,0.14580856123662306
workingCapital,-1245600000,-555500000,-559900000,-681200000,-245300000,275200000,1402100000,1271200000,1763500000,1508700000,941800000,844500000,675600000,587900000,735300000,615500000,231800000,304329000,212330000,139604000,193219000,157408000,245867000,218900000,108200000,160300000,203500000,218100000,177300000,165200000,190500000,143800000,113900000,114500000,104700000,29900000
tangibleAssetValue,-3248500000,-1940300000,-2791200000,-2942500000,-1931400000,-925000000,-62200000,591100000,1147300000,1027500000,1115900000,998000000,842600000,654900000,722700000,708400000,423300000,472131000,442171000,413263000,489327000,418365000,526810000,389900000,286100000,,,,,,,,,143700000,113100000,32900000
netCurrentAssetValue,-4993900000,-3615100000,-3659100000,-3320100000,-2491700000,-1603900000,-902600000,-23300000,501500000,287200000,551000000,536000000,405900000,278000000,503400000,507200000,169200000,287671000,201735000,135190000,190740000,156200000,240232000,216800000,77100000,61900000,172200000,214500000,171600000,158800000,186800000,140700000,109800000,110900000,102900000,29100000
investedCapital,3.603815804969968,2.1798032107716208,-15.333572969086989,-9.89900426742532,-6.1953125,2.032033805888768,0.9185601383057546,0.33669790915645276,0.33004642936104356,0.36491777603758807,0.0,0.0,0.08632507634882931,0.039749752040894176,0.0,0.0,0.0,0.0,0.0,0.0,0.0,0.0,0.0,0.0,0.0,0.0,0.0,0.0,0.0,0.0,0.0,0.0,0.0,,,
averageReceivables,679600000,643100000,647700000,558700000,540650000,547700000,648350000,551000000,533400000,569100000,519100000,480750000,460250000,479800000,514800000,472200000,452250000,419963500,404958000,387951500,391782500,400261000,376969500,367450000,352000000,355850000,368500000,364700000,357150000,352900000,346800000,341750000,334750000,245350000,242850000,241200000
averagePayables,121650000,122500000,103100000,112050000,108600000,108000000,121200000,111500000,103500000,108350000,105900000,99650000,95150000,92450000,100900000,91750000,89450000,84367000,87403500,83811000,88134500,85231000,83905000,74950000,74450000,73550000,73500000,72000000,69850000,70700000,65400000,65450000,64550000,52750000,51950000,51500000
averageInventory,,,,,,,,,,,,,,,,,,,,,,,,,,,,,,,,,,,,
daysSalesOutstanding,59.58793087725697,61.927896791895314,72.71462602693705,67.36691571328508,77.7705922396188,81.28483505662236,95.26935825246595,66.67403073003742,68.01112625885044,78.15565262520543,65.08914063910453,59.5429859616764,59.08327011729008,49.89741706979958,64.95349693816473,59.775247309490155,62.638524159663866,58.22967788893689,63.981808304164474,58.75918394559637,54.11104168799493,61.36661027593012,49.32592400223365,45.26749527154823,36.02090422946038,50.410710690557686,64.1585548483714,69.29058512978443,64.07297830374753,64.79473386183466,67.27189781021897,61.98402690205968,53.952967525195966,51.031543052003414,52.471626733921816,56.421755725190835
daysPayablesOutstanding,105.35722819593788,132.63868288341737,94.03047091412742,129.70968870234347,113.92715886618326,99.81719801111436,118.05637982195846,107.22741888336743,112.44075829383887,144.16352201257862,142.27193365342646,142.58392675483213,129.0250260688217,103.95253308991329,139.8960850652489,102.79316712834718,120.45640725570509,99.59343259975331,128.88890014041908,117.50353162768796,129.7969286323684,162.2695883503425,174.5488031409634,757.6515151515151,356.88888888888886,304.3728813559322,214.9639423076923,213.8283378746594,146.6822429906542,145.84566596194503,124.15983606557378,217.4468085106383,165.0,98.17241379310344,79.19811320754718,64.68354430379748
daysOfInventoryOnHand,0.0,0.0,0.0,0.0,0.0,0.0,0.0,0.0,0.0,0.0,0.0,0.0,0.0,0.0,0.0,9.268236380424746,30.32767700409596,27.023394297787455,42.78883803197235,31.989126867481914,43.44910484580332,58.37875290824319,74.21117068434162,210.15151515151516,100.03703703703702,90.32203389830508,85.10817307692307,57.68392370572207,75.04672897196262,129.64059196617336,167.54098360655738,274.39716312056737,100.0,60.41379310344828,58.53773584905661,50.822784810126585
receivablesTurnover,6.12540148024019,5.893951174000933,5.0196228729112375,5.41808981657179,4.693290734824281,4.490382489498121,3.8312423500611996,5.474395293092177,5.3667689402879395,4.670167642900424,5.6076942546190836,6.130025125628141,6.177721701514059,7.315007898894155,5.619404915912031,6.1062064387653505,5.827084927314461,6.268281282547618,5.704746547093804,6.211794914271515,6.745388530950771,5.947859892518199,7.3997600122700495,8.06318082788671,10.133004926108374,7.240524781341108,5.689030883919063,5.2676709154113555,5.696629213483146,5.63317384370016,5.425742574257426,5.888613861386139,6.765151515151516,7.152439024390244,6.956140350877193,6.469135802469136
payablesTurnover,3.464403973509934,2.7518367346938777,3.881720430107527,2.813976377952756,3.203801478352693,3.6566844919786097,3.091743119266055,3.4039800995024874,3.246153846153846,2.531847133757962,2.5655095184770436,2.5598958333333335,2.8289085545722714,3.511217948717949,2.609079445145019,3.5508196721311474,3.030141843971631,3.6649002898299954,2.831896304509913,3.106289614822038,2.812085030407856,2.2493432300571286,2.0911057161774442,0.48175182481751827,1.0227272727272727,1.1991869918699187,1.6979591836734693,1.7069767441860466,2.488372093023256,2.502645502645503,2.9397590361445785,1.6785714285714286,2.212121212121212,3.717948717948718,4.608695652173913,5.642857142857143
inventoryTurnover,,,,,,,,,,,,,,,,39.38181818181818,12.035211267605634,13.506815464328417,8.530262021307227,11.410126994464344,8.400633368520474,6.252274702984642,4.918397009966777,1.736842105263158,3.6486486486486487,4.041095890410959,4.288659793814433,6.327586206896552,4.863636363636363,2.8154761904761907,2.1785714285714284,1.330188679245283,3.65,6.041666666666667,6.235294117647059,7.181818181818182
roe,0.5853256389117889,1.2513723459347488,-1.5420560747663552,0.3831199620673305,2.214453125,-0.7934841875681571,-0.2040627315386515,0.03686012977649603,0.10117178863586115,0.12108457321848082,0.15152158903818577,0.13173429441372025,0.039362063115032236,0.14007782101167315,0.28947582283624546,0.2598206278026906,0.41564514090736765,0.341792191680631,0.19354516981611633,0.05604980955994997,0.17062273055313104,0.1972609058095202,0.016284270769169464,0.196870925684485,0.050808314087759814,0.17077175697865354,0.2565001460706982,0.1749613601236476,0.209498147524419,0.16392830470500375,0.21623643845866067,0.26019239578561615,0.2916404776869893,0.22139471902505078,0.17857142857142858,0.3411764705882353
capexPerShare,-0.3026854802002731,-0.43710118505013673,-0.24214838416021847,-0.3060758337140247,-0.23097949886104785,-0.34126627750336774,-0.32035398230088497,-0.33245266402465873,-0.28660714285714284,-0.24911660777385158,-0.2766798418972332,-0.12434094903339192,-0.1705290773939659,-0.34767184035476717,-0.18801563178462874,-0.153012570437798,-0.08951965065502183,-0.1798613435754682,-0.13902616213889163,-0.15969832352811075,-0.20708542020861095,-0.14169056445408126,-0.061878398090438935,-0.5676457975986278,-0.040098374679213004,-0.09218054672600128,-0.0818273092369478,-0.10032102728731943,-0.11233922852158205,-0.055125284612470876,-0.049671280233848376,-0.10680017626787007,-0.06931034494708681,-0.047643707923355774,-0.03505933117583603,-0.016646848989298454
