,2021,2020,2019,2018,2017,2016,2015,2014,2013,2012,2011,2010,2009,2008,2007,2006,2005,2004,2003,2002,2001,2000,1999,1998,1997,1996,1995,1994
reportedCurrency,USD,USD,USD,USD,USD,USD,USD,USD,USD,USD,USD,USD,USD,USD,USD,USD,USD,USD,USD,USD,USD,USD,USD,USD,USD,USD,USD,USD
cik,0001130310,0001130310,0001130310,0001130310,0001130310,0001130310,0001130310,0001130310,0001130310,0001130310,0001130310,0001130310,0001130310,0001130310,0001130310,0001130310,0001130310,0001130310,0001130310,0001130310,0001130310,0001130310,0001130310,0001130310,0001130310,0001130310,0001130310,0001130310
fillingDate,2022-02-22,2021-02-25,2020-02-27,2019-02-28,2018-02-22,2017-02-28,2016-02-26,2015-02-26,2014-02-26,2013-02-27,2012-02-29,2011-03-01,2010-02-26,2009-02-25,2008-02-28,2006-12-31,2005-12-31,2005-08-29,2003-12-31,2003-03-10,2001-12-31,2000-12-31,1999-12-31,1998-12-31,1997-12-31,1996-12-31,1995-12-31,1994-12-31
acceptedDate,2022-02-22 06:21:12,2021-02-25 06:17:51,2020-02-27 06:29:09,2019-02-28 06:29:10,2018-02-22 06:24:04,2017-02-28 06:22:13,2016-02-26 06:32:43,2015-02-26 08:15:35,2014-02-26 08:16:34,2013-02-27 08:17:23,2012-02-29 08:02:43,2011-03-01 08:00:56,2010-02-26 08:01:27,2009-02-25 08:02:15,2008-02-28 08:01:13,2006-12-31,2005-12-31,2005-08-29,2003-12-31,2003-03-10 17:21:09,2001-12-31,2000-12-31,1999-12-31,1998-12-31,1997-12-31,1996-12-31,1995-12-31,1994-12-31
calendarYear,2021,2020,2019,2018,2017,2016,2015,2014,2013,2012,2011,2010,2009,2008,2007,2006,2005,2004,2003,2002,2001,2000,1999,1998,1997,1996,1995,1994
period,FY,FY,FY,FY,FY,FY,FY,FY,FY,FY,FY,FY,FY,FY,FY,FY,FY,FY,FY,FY,FY,FY,FY,FY,FY,FY,FY,FY
netIncome,1486000000,-773000000,791000000,368000000,1792000000,432000000,-692000000,611000000,311000000,417000000,1357000000,442000000,372000000,447000000,399000000,432000000,252000000,-904704000,483667000,-3920234000,980559000,447500000,1849000000,-141100000,421100000,404900000,1105500000,399300000
depreciationAndAmortization,1316000000,1191000000,1311000000,1243000000,1036000000,1126000000,970000000,1013000000,954000000,1050000000,886000000,864000000,743000000,0.0,0.0,0.0,0.0,0.0,0.0,0.0,0.0,0.0,0.0,0.0,0.0,0.0,0.0,0.0
deferredIncomeTax,213000000,-429000000,69000000,48000000,-770000000,213000000,-413000000,280000000,356000000,328000000,443000000,199000000,269000000,487000000,8000000.0,-234000000,232000000,264914000,517442000,317056000,-110279000,-41892000,601600000,-423900000,35500000,54100000,78400000,62700000
stockBasedCompensation,0.0,0.0,0.0,0.0,0.0,0.0,0.0,0.0,0.0,0.0,0.0,0.0,0.0,0.0,0.0,0.0,0.0,0.0,0.0,0.0,0.0,0.0,0.0,0.0,0.0,0.0,0.0,0.0
changeInWorkingCapital,-2274000000,-1864000000,-3764000000,3397000000,483000000,-379000000,429000000,154000000,340000000,-445000000,-218000000,96000000,-321000000,1190000000,223000000,-1103000000,2227676000,-2105045000,881229000,2281187000,2323906000,-1601353000,-1728900000,73200000,-574700000,-1222000000,208100000,-53100000
accountsReceivables,-98000000,90000000,226000000,-154000000,-216000000,-117000000,345000000,39000000,-256000000,10000000,0.0,0.0,283000000,0.0,0.0,0.0,0.0,0.0,0.0,0.0,0.0,0.0,0.0,0.0,0.0,0.0,0.0,0.0
inventory,-140000000,9000000.0,-52000000,1000000.0,-7000000.0,34000000,28000000,-102000000,-22000000,27000000,11000000,-54000000,236000000,-109000000,-102000000,-82000000,-115000000,-8899000.0,-61110000,53822000,-74703000,-74603000,51600000,-121800000,55200000,21600000,7000000.0,10400000
accountsPayables,175000000,2000000.0,-455000000,220000000,136000000,133000000,-224000000,-3000000.0,152000000,-6000000.0,-81000000,-34000000,-237000000,0.0,0.0,0.0,0.0,0.0,0.0,0.0,0.0,0.0,0.0,0.0,0.0,0.0,0.0,0.0
otherWorkingCapital,-2292000000,-1905000000,-41000000,3723000000,326000000,-157000000,222000000,-207000000,-361000000,-701000000,-256000000,-38000000,-134000000,187000000,-1003000000,-1226000000,-123000000,-2350676000,-245631000,-1126860000,-3408047000,-5731953000,-4130600000,-2401700000,-2474900000,-1900200000,-678200000,-886300000
otherNonCashItems,-719000000,3870000000,3231000000,-2920000000,-1120000000,536000000,1571000000,-661000000,-348000000,510000000,-580000000,-215000000,778000000,-1273000000,144000000,1896000000,-2648676000,3220413000,-948910000,1630400000,-1481119000,2541369000,440000000,1917200000,1228900000,1677300000,-552600000,788200000
netCashProvidedByOperatingActivities,22000000,1995000000,1638000000,2136000000,1421000000,1928000000,1865000000,1397000000,1613000000,1860000000,1888000000,1386000000,1841000000,851000000,774000000,991000000,63000000,475578000,933428000,308409000,1713067000,1345624000,1161700000,1425400000,1110800000,914300000,839400000,1197100000
investmentsInPropertyPlantAndEquipment,0.0,0.0,0.0,0.0,0.0,0.0,0.0,0.0,0.0,0.0,0.0,0.0,0.0,-1020000000,-1114000000,-1007000000,-693000000,-530227000,-647750000,-854376000,-2053383000,-1842385000,-1179500000,-1035900000,-1986200000,-812900000,-339600000,-502600000
acquisitionsNet,22000000,1215000000,-5991000000,0.0,-132000000,-102000000,0.0,-1000000.0,0.0,-365000000,0.0,0.0,0.0,0.0,0.0,0.0,0.0,0.0,0.0,0.0,0.0,-2121481000,-1060000000,0.0,0.0,0.0,0.0,0.0
purchasesOfInvestments,0.0,0.0,-6000000.0,0.0,0.0,0.0,0.0,0.0,0.0,0.0,-12000000,-18000000,-115000000,0.0,0.0,0.0,0.0,0.0,0.0,0.0,0.0,0.0,-537100000,0.0,0.0,0.0,0.0,0.0
salesMaturitiesOfInvestments,1320000000,0.0,0.0,398000000,0.0,178000000,32000000,0.0,9000000.0,0.0,0.0,0.0,0.0,0.0,0.0,0.0,0.0,0.0,0.0,0.0,0.0,0.0,0.0,0.0,25000000,0.0,0.0,0.0
otherInvestingActivites,-3193000000,-2480000000,-2424000000,-1605000000,-1125000000,-1122000000,-1419000000,-1383000000,-1309000000,-1238000000,-1194000000,-1402000000,-781000000,-348000000,-186000000,-49000000,710000000,2239419000,-19131000,99414000,-31578000,676048000,-120300000,-193900000,-20300000,-20000000,464500000,-59200000
netCashUsedForInvestingActivites,-1851000000,-1265000000,-8421000000,-1207000000,-1257000000,-1046000000,-1387000000,-1384000000,-1300000000,-1603000000,-1206000000,-1420000000,-896000000,-1368000000,-1300000000,-1056000000,17000000,1709192000,-666881000,-754962000,-2084961000,-3287818000,-2896900000,-1229800000,-1981500000,-832900000,124900000,-561800000
debtRepayment,-3147000000,-3535000000,-1302000000,-2027000000,-1216000000,-1240000000,-644000000,-538000000,-1580000000,-1944000000,-909000000,-783000000,-1761000000,0.0,0.0,0.0,0.0,0.0,0.0,0.0,0.0,0.0,0.0,0.0,0.0,0.0,0.0,0.0
commonStockIssued,0.0,672000000,0.0,1844000000,0.0,0.0,0.0,1000000.0,4000000.0,4000000.0,0.0,0.0,504000000,80000000,22000000,27000000,17000000,12211000,9349000.0,12994000,1796504000,53809000,0.0,0.0,0.0,0.0,0.0,0.0
commonStockRepurchased,0.0,0.0,0.0,-11000000,0.0,0.0,0.0,0.0,0.0,0.0,0.0,0.0,0.0,0.0,0.0,0.0,0.0,0.0,0.0,0.0,-199687000,-27306000,-90700000,0.0,-405300000,-632600000,-91400000,-20000000
dividendsPaid,-492000000,-529000000,-695000000,-897000000,-461000000,-621000000,-458000000,-408000000,-355000000,-346000000,-337000000,-319000000,-276000000,-246000000,-218000000,-187000000,-124000000,-122881000,-137440000,-324682000,-433918000,-426859000,-427300000,-426300000,-153600000,-361100000,-371700000,-368800000
otherFinancingActivites,5555000000,2558000000,4773000000,4144000000,1432000000,1056000000,590000000,1022000000,1180000000,2455000000,585000000,595000000,1161000000,721000000,724000000,278000000,-64000000,-1996377000,-311257000,1034451000,-825551000,2432667000,2312600000,208700000,1473300000,908500000,-499900000,-250900000
netCashUsedProvidedByFinancingActivities,1916000000,-834000000,2776000000,3053000000,-245000000,-805000000,-512000000,77000000,-751000000,169000000,-661000000,-507000000,-372000000,555000000,528000000,118000000,-171000000,-2107047000,-439348000,722763000,337348000,2032311000,1794600000,-217600000,914400000,-85200000,-963000000,-639700000
effectOfForexChangesOnCash,0.0,0.0,0.0,0.0,0.0,0.0,0.0,0.0,0.0,0.0,0.0,0.0,0.0,0.0,0.0,0.0,0.0,0.0,0.0,0.0,-5752000.0,5088000.0,0.0,0.0,0.0,0.0,0.0,0.0
netChangeInCash,87000000,-104000000,-4007000000,3982000000,-81000000,77000000,-34000000,90000000,-438000000,426000000,21000000,-541000000,573000000,38000000,2000000.0,53000000,-91000000,77723000,-172801000,276210000,-40298000,95205000,59400000,-22000000,43700000,-3800000.0,1400000.0,-4500000.0
cashAtEndOfPeriod,254000000,167000000,271000000,4278000000,260000000,341000000,264000000,298000000,208000000,646000000,220000000,199000000,740000000,167000000,129000000,127000000,74000000,164645000,131480000,311710000,135674000,175972000,89100000,29700000,51700000,8000000.0,11800000,10400000
cashAtBeginningOfPeriod,167000000,271000000,4278000000,296000000,341000000,264000000,298000000,208000000,646000000,220000000,199000000,740000000,167000000,129000000,127000000,74000000,165000000,86922000,304281000,35500000,175972000,80767000,29700000,51700000,8000000.0,11800000,10400000,14900000
operatingCashFlow,22000000,1995000000,1638000000,2136000000,1421000000,1928000000,1865000000,1397000000,1613000000,1860000000,1888000000,1386000000,1841000000,851000000,774000000,991000000,63000000,475578000,933428000,308409000,1713067000,1345624000,1161700000,1425400000,1110800000,914300000,839400000,1197100000
capitalExpenditure,-3164000000,-2596000000,-2506000000,-1651000000,-1426000000,-1414000000,-1584000000,-1372000000,-1286000000,-1212000000,-1303000000,-1509000000,-1160000000,-1020000000,-1114000000,-1007000000,-693000000,-530227000,-647750000,-854376000,-2053383000,-1842385000,-1179500000,-1035900000,-1986200000,-812900000,-339600000,-502600000
freeCashFlow,-3142000000,-601000000,-868000000,485000000,-5000000.0,514000000,281000000,25000000,327000000,648000000,585000000,-123000000,681000000,-169000000,-340000000,-16000000,-630000000,-54649000,285678000,-545967000,-340316000,-496761000,-17800000,389500000,-875400000,101400000,499800000,694500000
link,https://www.sec.gov/Archives/edgar/data/1130310/000113031022000023/0001130310-22-000023-index.htm,https://www.sec.gov/Archives/edgar/data/1130310/000113031021000009/0001130310-21-000009-index.htm,https://www.sec.gov/Archives/edgar/data/1130310/000113031020000016/0001130310-20-000016-index.html,https://www.sec.gov/Archives/edgar/data/1130310/000113031019000016/0001130310-19-000016-index.html,https://www.sec.gov/Archives/edgar/data/1130310/000113031018000003/0001130310-18-000003-index.html,https://www.sec.gov/Archives/edgar/data/1130310/000113031017000006/0001130310-17-000006-index.html,https://www.sec.gov/Archives/edgar/data/1130310/000113031016000031/0001130310-16-000031-index.html,https://www.sec.gov/Archives/edgar/data/1130310/000113031015000008/cnp_10kx12312014.htm,https://www.sec.gov/Archives/edgar/data/1130310/000113031014000005/cnp_10kx12312013.htm,https://www.sec.gov/Archives/edgar/data/1130310/000113031013000006/0001130310-13-000006-index.html,https://www.sec.gov/Archives/edgar/data/1130310/000113031012000011/0001130310-12-000011-index.html,https://www.sec.gov/Archives/edgar/data/1130310/000113031011000006/form10-k.htm,https://www.sec.gov/Archives/edgar/data/1130310/000113031010000006/0001130310-10-000006-index.html,https://www.sec.gov/Archives/edgar/data/1130310/000113031009000004/0001130310-09-000004-index.html,https://www.sec.gov/Archives/edgar/data/1130310/000095013408003670/h54051e10vk.htm,,,https://www.sec.gov/Archives/edgar/data/1130310/000095012905008803/0000950129-05-008803-index.htm,,https://www.sec.gov/Archives/edgar/data/1130310/000095012903001299/0000950129-03-001299-index.html,,,,,,,,
finalLink,https://www.sec.gov/Archives/edgar/data/1130310/000113031022000023/cnp-20211231.htm,https://www.sec.gov/Archives/edgar/data/1130310/000113031021000009/cnp-20201231.htm,https://www.sec.gov/Archives/edgar/data/48732/000113031020000016/cnp10k12312019.htm,https://www.sec.gov/Archives/edgar/data/48732/000113031019000016/cnp_10kx12312018.htm,https://www.sec.gov/Archives/edgar/data/1130310/000113031018000003/cnp_10kx12312017.htm,https://www.sec.gov/Archives/edgar/data/1130310/000113031017000006/cnp_10kx12312016.htm,https://www.sec.gov/Archives/edgar/data/1130310/000113031016000031/cnp_10kx12312015.htm,https://www.sec.gov/Archives/edgar/data/1130310/000113031015000008/cnp_10kx12312014.htm,https://www.sec.gov/Archives/edgar/data/1130310/000113031014000005/cnp_10kx12312013.htm,https://www.sec.gov/Archives/edgar/data/1130310/000113031013000006/cnp_10kx12312012.htm,https://www.sec.gov/Archives/edgar/data/1130310/000113031012000011/cnp_10kx12312011.htm,https://www.sec.gov/Archives/edgar/data/1130310/000113031011000006/form10-k.htm,https://www.sec.gov/Archives/edgar/data/1130310/000113031010000006/form10-k.htm,https://www.sec.gov/Archives/edgar/data/1130310/000113031009000004/form10_k.htm,https://www.sec.gov/Archives/edgar/data/1130310/000095013408003670/h54051e10vk.htm,,,https://www.sec.gov/Archives/edgar/data/1130310/000095012905008803/h28398a1e10vkza.txt,,https://www.sec.gov/Archives/edgar/data/1130310/000095012903001299/h03755e10vk.txt,,,,,,,,
