,2022,2021,2019,2018,2017,2016,2014,2013,2012,2011,2010,2008,2007,2006,2005,2003,2002
period,FY,FY,FY,FY,FY,FY,FY,FY,FY,FY,FY,FY,FY,FY,FY,FY,FY
revenueGrowth,0.05827982681350004,0.13779169409308234,0.05415502552239863,0.2313102071428802,0.11554106241834075,0.11169190197975458,0.10631869640993373,0.07374947793753601,0.05175333281558145,0.11882494799000326,-0.014775660052458962,-0.025809538783350537,0.01777684703256549,0.04500527826881079,0.08488197149675772,0.04574274509803922,0.01327187475164905
grossProfitGrowth,0.05879549173310889,0.13689421525434242,0.07662670542781452,0.5042639011259932,0.12378299330582275,0.14857103465900875,0.08341378644525971,0.09501773254770235,0.07279480333524097,0.13337519639460846,0.06528363903639532,-0.041158335400972405,-0.014763439098538219,0.08936584096968737,0.03650073558286883,0,-1
ebitgrowth,0.0754724781641636,0.15289788642325236,0.10096048725793219,0.09680334284924948,0.11987746615397138,0.17395710575311052,0.10053822205085226,0.11150033117156813,0.1380883786703674,0.20153660248325936,-0.028308465364302926,0.005775875406116239,-0.0947118773839036,0.16177594687797223,0.0746584061251748,0.010602027883396705,0.24154209284028325
operatingIncomeGrowth,0.0754724781641636,0.15289788642325236,0.10096048725793219,0.09680334284924948,0.11987746615397138,0.17395710575311052,0.10053822205085226,0.11150033117156813,0.1380883786703674,0.20153660248325936,-0.028308465364302926,0.005775875406116239,-0.0947118773839036,0.16177594687797223,0.0746584061251748,0.010602027883396705,0.24154209284028325
netIncomeGrowth,0.03902128248550772,0.22606679660302115,0.10701656481716817,0.30250265378456664,0.11353863550306294,0.1857590090228616,0.1370913032835612,0.2721990889031248,0.1984144135946404,0.1024904695024077,0.47753423134646383,0.4247135842880524,-0.6433863330415055,0.7384365919052129,0.5955888003688808,-0.3547603305785124,0.6440217391304348
epsgrowth,0.12587887649764767,0.2115686885111308,0.16512121013152317,0.36355581406261966,0.2626590118376976,0.20541580548421023,0.1415026746415123,0.28838944723618093,0.19333333333333336,0.09915636085449873,0.46740107526881725,0.5245901639344264,-0.6369047619047619,0.9058823529411767,1.6746031746031744,-13.6,1.2222222222222223
epsdilutedGrowth,0.09281678773204186,0.29602510460251047,0.14491017964071867,0.43224699828473406,0.2391930835734869,0.21328671328671342,0.15322580645161285,0.2984293193717278,0.17931034482758623,0.06251781549268208,0.46740107526881725,0.5762711864406781,-0.6424242424242425,0.9506172839506173,1.642857142857143,-15.000000000000002,1.2
weightedAverageSharesGrowth,-0.07023907626642242,-0.0016864176509539513,-0.04987002520721036,-0.04477489088211338,-0.03487439890761751,-0.10287316025955612,-0.003864589065344787,-0.011538055583299045,0.007701148986888827,0.02079557072000068,-0.008290999860982983,-0.06998398222629841,-0.01785088766777009,-0.08785734607313021,22.05976817763859,-0.9947474743801653,15.659636116648183
weightedAverageSharesDilutedGrowth,-0.049177626147772886,-0.054439511121587444,-0.032915339675210625,-0.09077371258098679,-0.10100481776991697,-0.0245607041731369,-0.01368257700603167,-0.021636145925971476,0.013773059800909294,0.051674217633117914,-0.008773432973025925,-0.09138045857462405,-0.002690587138863001,-0.10877618424445903,23.198522049054404,-0.995272726940586,15.590152330175467
dividendsperShareGrowth,0.22968989565157688,0.1552850949543814,0.20721008569696947,0.14458417943962942,-0.04646829773224962,0.6944589236289701,0.5492540741967592,-0.8132416479999072,0,0,0,-1,29.60469706927325,5.606161462578231,-0.9989721190327526,0,0
operatingCashFlowGrowth,0.10359753978616518,0.192864473287051,0.26074723914240266,0.1626228483110938,-0.015466814720377264,0.5170402258512314,-0.008505636917557182,0.10020984573502723,0.19285408143385935,0.2671070561052195,0.34570870483808813,-0.1060840024706609,-0.36702179650083083,0.2444430734519046,0.1066980092271978,0,0
freeCashFlowGrowth,0.11112125168146088,0.22519294578071636,0.49985598815821614,0.10142756751330188,0.0009365262752511991,0.8692145346268999,-0.2041379669535553,0.04453496358455795,0.25091347275130216,0.3124840569358706,0.4039322422375819,0.3368922509755105,-0.6296687027367264,0.5265878777188293,0.004593658842452496,0,0
tenYRevenueGrowthPerShare,3.2997662058472605,2.94273653438645,2.791624692179757,2.395117089802305,1.2614390262890827,0.9665995018010303,0.8181974811895292,-0.9229794290113692,12.306311667584524,11.748983186301649,10.631940806415379,10.708501220565301,10.17758191313993,9.730994081565186,8.36664878578206,198.09331639413256,0
fiveYRevenueGrowthPerShare,1.345551258775415,1.3818665499026492,1.5897165868133776,1.5923440966422375,0.8331580645532847,0.6553137851268774,0.46410796899027335,0.3096706930996808,0.23363013262043172,0.18805239192174872,0.24184658488229852,-0.9411908876067606,10.17758191313993,9.730994081565186,8.36664878578206,198.09331639413256,0
threeYRevenueGrowthPerShare,0.4392839130556526,0.6299676802303301,0.8080894871594718,0.8836498792907175,0.5907216444077775,0.49498032569346273,0.27987511903720597,0.2027846209078371,0.13646583938623677,0.140585082298922,0.07839896119433554,0.0910919465214671,0.19333842538291207,9.730994081565186,8.36664878578206,198.09331639413256,0
tenYOperatingCFGrowthPerShare,5.967818201999895,5.94885011211184,6.218772445286927,6.38218887724952,1.8393088697040385,1.771518011591785,1.2360768656214647,-0.8921825516250027,0,0,0,0,0,0,0,0,0
fiveYOperatingCFGrowthPerShare,2.031088984764004,1.604988291187989,2.686590486040672,1.7653605455684669,1.2987837826682607,1.667516831310923,0.9581161706516936,1.669521299520814,0.23513524460677018,0.03898801276907102,0.141953117560569,-0.9596116920309455,0,0,0,0,0
threeYOperatingCFGrowthPerShare,0.8819520974562112,0.9297553541870991,1.1371506039290795,0.6429965247102797,0.7169657852721949,0.8734007548895054,0.3326262214461882,0.5848641836137433,0.9938703104179892,0.6190028767058929,-0.15940962100960226,-0.38316473109343685,-0.12446162413018938,0,0,0,0
tenYNetIncomeGrowthPerShare,6.898937354722149,7.406027098264011,6.392302003085537,8.452831093288353,1.656635002536658,1.3878371584962805,2.4431679967913706,-0.7912880593868764,16.88263892969416,14.03683166019213,12.922597592443749,8.344734656440366,5.100000033815532,15.199999937164069,7.499999945413971,121.84369770323792,0
fiveYNetIncomeGrowthPerShare,2.164893527337225,2.2675888419202423,2.5165989005619593,2.4453130974796577,1.4957987643166937,1.5725473751232721,1.1021169067374255,1.743678390275578,0.06444279102926731,-0.07180051120269083,0.6379526684533039,-0.9239298813764538,5.100000033815532,15.199999937164069,7.499999945413971,121.84369770323792,0
threeYNetIncomeGrowthPerShare,0.5990844693328821,0.9511521576302561,1.3059973232333564,1.283542783912256,0.7407684077145436,0.9418454812597176,0.6366112350554695,0.7050763830528318,0.9136593586816826,1.4650543568581977,-0.17127395470308038,-0.4231645251428174,-0.28235293258952515,15.199999937164069,7.499999945413971,121.84369770323792,0
tenYShareholdersEquityGrowthPerShare,4.67313904495952,3.100800945214572,2.803951725373214,2.007528360227898,3.382242167372936,3.7250198087400372,1.9253054845953919,-0.8976026073451333,25.240404573233715,25.4624203424525,28.474756138315367,30.523438399300655,28.842396158642362,8.769987695865217,8.589954662966546,287.7391213703133,0
fiveYShareholdersEquityGrowthPerShare,1.9752940988015868,1.3507183761882686,2.996662153873777,2.206629504172062,0.9067489991139337,0.7444884026746297,-0.04821784306030927,-0.06209047340365279,1.2982795162915333,1.7085418289371779,2.0735031785017513,-0.8908238057603864,28.842396158642362,8.769987695865217,8.589954662966546,287.7391213703133,0
threeYShareholdersEquityGrowthPerShare,0.5701843395145396,0.3316595406780842,1.2408932253568203,1.0537409505042767,0.6922694909737773,0.5259823369077301,0.06909734925401854,0.11728756489993253,-0.16759065934203882,-0.11326087215724538,1.5815618845098587,2.2265586590904074,2.1118391282791475,8.769987695865217,8.589954662966546,287.7391213703133,0
tenYDividendperShareGrowthPerShare,0,0,0,0,2.256546073041197,3.0051146245962257,14.61468001216038,-0.9896401547935385,0,0,0,0,0,0,0,0,0
fiveYDividendperShareGrowthPerShare,1.5098472918821264,0.9461971421602765,1.85449118064221,2.6632663558435037,0,0,0,0,-1,-1,-1,-1,0,0,0,0,0
threeYDividendperShareGrowthPerShare,0.7150138429401665,0.5963192989474401,0.7666988384915542,0.3954516871756599,1.5031612604356182,-0.5097317995011332,0,0,0,-1,-1,-1,236.0992220657302,0,0,0,0
receivablesGrowth,0.044026005888125615,0.16313136117188243,0.10610181439415858,0.09450877203083885,0.14277788755300877,0.09295545348074191,0.1188546681288452,0.12130969873177645,0.07600190432012109,0.05904178301789223,0.10471293916023994,0.01646198066370525,0.03291298675983266,-0.000747653569378246,0.0957487272514483,0,0
inventoryGrowth,0.024668956105754092,0.2592389764894722,0.1518216421968461,0.15049673431595806,0.09006809364911424,-0.028542061986084756,0.25140991392104484,-0.023824088084736485,0.137195347803541,0.04279644650444187,0.06359378851368006,-0.02362520556736593,0.09332105424724817,0.12676121832132062,0.10395277207392196,0,0
assetGrowth,0.06677522767182587,0.13391004361504155,0.5231594086302948,0.08441200688853222,-0.10445773868687058,0.2915724712569435,0.17900829121093564,0.09840714182648573,0.04276132341804152,0.015594112319040199,-0.021632448888946387,-0.019802859050984438,0.2445035941326081,0.030685351639778518,-0.0027375578219918633,0.054230317273795535,0
bookValueperShareGrowth,0.37181548864671216,-0.032138899884324876,0.1826109729444094,0.1634246613815814,0.0838430658671396,0.6455454078303221,-0.05115941958577286,-0.022658398490971763,-0.00838985120580896,-0.1022005332877722,-0.06498917519831025,0.05633067236698574,1.613761827377674,0.01877308488161123,0,0,0
debtGrowth,0.21456267405890564,0.001495001261924497,0.23188291712727208,0.11978195289893444,-0.023614854205631666,0.47022953052631994,-0.008026330947519693,-0.015600413123593664,-0.0006080613928531094,-0.10642492683563184,-0.046736712686181944,-0.008894338238329197,1.3194309038466985,-0.05512744972460612,-0.18654798137406395,0.6016972630173565,0
rdexpenseGrowth,0,0,0,0,0,0,0,0,0,0,0,0,0,0,0,0,0
sgaexpensesGrowth,0.05341688534306577,0.06361612689743207,0.026389127539842776,0.08036048370020797,0.12948518502513576,0.11341793468454922,0.060562248312872345,0.07376933157387663,0,0,0,0,0,0,0,0,0
