,2021,2020,2019,2018,2017,2016,2015,2014,2013,2012,2011,2010,2009,2008,2007,2006,2005,2004,2003,2002,2001,2000
reportedCurrency,USD,USD,USD,USD,USD,USD,USD,USD,USD,USD,USD,USD,USD,USD,USD,USD,USD,USD,USD,USD,USD,USD
cik,0001156375,0001156375,0001156375,0001156375,0001156375,0001156375,0001156375,0001156375,0001156375,0001156375,0001156375,0001156375,0001156375,0001156375,0001156375,0001156375,0001156375,0001156375,0001156375,0001156375,0001156375,0001156375
fillingDate,2022-02-25,2021-02-26,2020-02-28,2019-02-28,2018-03-01,2017-02-27,2016-02-26,2015-02-26,2014-03-03,2013-03-01,2012-02-28,2011-02-28,2010-02-26,2008-12-31,2008-02-28,2007-03-01,2006-03-06,2005-03-10,2004-03-11,2003-03-21,2001-12-31,2000-12-31
acceptedDate,2022-02-25 14:51:32,2021-02-26 13:01:46,2020-02-28 14:00:27,2019-02-28 16:41:26,2018-02-28 18:15:07,2017-02-27 16:01:59,2016-02-26 17:37:16,2015-02-26 17:22:18,2014-02-28 18:30:52,2013-02-28 19:54:19,2012-02-27 19:36:03,2011-02-28 17:30:03,2010-02-26 17:26:57,2008-12-31,2008-02-27 21:14:31,2007-02-28 20:47:10,2006-03-06 17:27:57,2005-03-10 17:24:54,2004-03-11 13:35:36,2003-03-21 16:58:23,2001-12-31,2000-12-31
calendarYear,2021,2020,2019,2018,2017,2016,2015,2014,2013,2012,2011,2010,2009,2008,2007,2006,2005,2004,2003,2002,2001,2000
period,FY,FY,FY,FY,FY,FY,FY,FY,FY,FY,FY,FY,FY,FY,FY,FY,FY,FY,FY,FY,FY,FY
netIncome,2636400000,2105200000,2116500000,1962200000,4063400000,1534100000,1247000000,1127100000,976800000,896300000,1812300000,951400000,825800000,715486000,658533000,407348000,306857000,219555000,122132000,94067000,68302000,-5909000.0
depreciationAndAmortization,385400000,464400000,473300000,248700000,208500000,225300000,228600000,233200000,238100000,253100000,260500000,258000000,251400000,238371000,142695000,75323000,68221000,56928000,53016000,48509000,37639000,33489000
deferredIncomeTax,34800000,-41600000,-3700000.0,114300000,-2357800000,-83000000,63300000,78900000,-6000000.0,82200000,-658700000,22300000,-56900000,-115111000,-50583000,-24847000,-3245000.0,4263000.0,3310000.0,-5637000.0,-8878000.0,811000.0
stockBasedCompensation,75200000,96000000,73100000,96500000,58000000,66200000,60800000,54800000,54400000,61400000,51300000,40900000,33400000,0.0,0.0,0.0,0.0,0.0,0.0,0.0,0.0,0.0
changeInWorkingCapital,-161800000,40700000,431200000,-619500000,147700000,5900000.0,65900000,-80500000,-6400000.0,-229600000,724300000,430900000,-293153000,-442439000,-363906000,321403000,284253000,233838000,109767000,181372000,75127000,-2733000.0
accountsReceivables,-45700000,28200000,60800000,-65500000,6000000.0,-8100000.0,-17300000,-38500000,-35500000,-300000.0,-13200000,-28700000,-14400000,0.0,0.0,0.0,0.0,0.0,0.0,0.0,0.0,0.0
inventory,0.0,0.0,0.0,0.0,0.0,0.0,0.0,0.0,0.0,0.0,0.0,0.0,0.0,0.0,0.0,0.0,0.0,0.0,0.0,0.0,0.0,0.0
accountsPayables,-18600000,7400000.0,-54100000,32300000,5100000.0,-2600000.0,-8200000.0,700000.0,-5500000.0,11200000,-21000000,6100000.0,-24300000,0.0,0.0,0.0,0.0,0.0,0.0,0.0,0.0,0.0
otherWorkingCapital,0.0,1086000000,1045300000,614100000,1233600000,1085900000,1080000000,1014100000,1094600000,1101000000,1330600000,606300000,175400000,468553000,910992000,1274898000,953495000,669242000,435404000,325637000,144265000,69138000
otherNonCashItems,-567600000,50900000,-417600000,638600000,-279400000,-32500000,-150300000,-122100000,23600000,153400000,-843400000,-347100000,322553000,800890000,427635000,-307531000,-264493000,-185778000,-97076000,-177173000,-51621000,7311000.0
netCashProvidedByOperatingActivities,2402400000,2715600000,2672800000,2440800000,1840400000,1716000000,1515300000,1291400000,1280500000,1216800000,1346300000,1356400000,1083100000,1197197000,814374000,471696000,391593000,328806000,191149000,141138000,120569000,32969000
investmentsInPropertyPlantAndEquipment,-127200000,-197500000,-245600000,-116700000,-81900000,-91800000,-114200000,-140700000,-125600000,-141800000,0.0,-160000000,-157900000,-200102000,-163644000,-87810000,-85627000,-67496000,-63016000,-56341000,-16302000,0.0
acquisitionsNet,144700000,20800000,89600000,-1774700000,-1300000.0,-300000.0,-16700000,-59300000,-4000000.0,-188300000,0.0,-37000000,0.0,-3476035000,116010000,-20231000,0.0,0.0,0.0,0.0,0.0,0.0
purchasesOfInvestments,-7800000.0,-11100000,-15400000,-10000000,-3000000.0,-45900000,-35300000,-38300000,-36600000,-32500000,-10200000,-10200000,-159900000,-367554000,-129125000,-44772000,-70063000,-120182000,-256416000,-43956000,-286542000,-43116000
salesMaturitiesOfInvestments,9400000.0,12300000,18800000,11800000,266100000,191700000,184100000,37500000,164300000,5100000.0,11300000,59100000,865700000,375201000,203801000,73668000,75231000,68329000,0.0,137723000,240004000,59518000
otherInvestingActivites,39300000,0.0,0.0,0.0,0.0,0.0,0.0,1700000.0,192400000,151500000,-154700000,39700000,-3100000.0,-80578000,-105680000,-6715000.0,-1874000.0,-6487000.0,-7619000.0,-3071000.0,-15381000,-29354000
netCashUsedForInvestingActivites,58400000,-175500000,-152600000,-1889600000,179900000,53700000,17900000,-199100000,190500000,-206000000,-153600000,-108400000,544800000,-3749068000,-78638000,-85860000,-82333000,-125836000,-327051000,34355000,-78221000,-12952000
debtRepayment,0.0,0.0,-661700000,-452500000,0.0,0.0,-673000000,-750000000,-750000000,0.0,-420500000,-399900000,-1643600000,0.0,0.0,0.0,0.0,0.0,0.0,0.0,0.0,-3611000.0
commonStockIssued,0.0,0.0,0.0,0.0,0.0,0.0,0.0,0.0,0.0,0.0,0.0,0.0,0.0,21980000,40408000,16432000,0.0,6049000.0,7878000.0,117462000,0.0,0.0
commonStockRepurchased,0.0,0.0,0.0,0.0,0.0,0.0,0.0,0.0,0.0,0.0,-220400000,-575300000,-27000000,-224029000,-949340000,0.0,0.0,0.0,0.0,0.0,0.0,0.0
dividendsPaid,-2189300000,-2110000000,-1695900000,-2149900000,-1993500000,-1787200000,-1343400000,-1496800000,-599100000,-1224300000,-372800000,-912800000,-305600000,-615193000,-151582000,-87537000,-63260000,-35066000,-20630000,-17290000,0.0,0.0
otherFinancingActivites,72098000000,-348200000,16800000,1522400000,8200000.0,193500000,809700000,50900000,743100000,775900000,8100000.0,1234600000,311000000,2821696000,200586000,43882000,7329000.0,-1515000.0,-5482000.0,-5506000.0,-3902000.0,0.0
netCashUsedProvidedByFinancingActivities,69908700000,-2458200000,-2340800000,-1080000000,-1985300000,-1593700000,-1206700000,-2195900000,-606000000,-448400000,-1005600000,-653400000,-1665200000,2004454000,-859928000,-27223000,-55931000,-30532000,-18234000,94666000,-3902000.0,-3611000.0
effectOfForexChangesOnCash,0.0,0.0,0.0,0.0,0.0,0.0,0.0,0.0,0.0,0.0,0.0,0.0,0.0,0.0,0.0,0.0,0.0,0.0,0.0,0.0,0.0,0.0
netChangeInCash,72369500000,81900000,179400000,-528800000,35000000,176000000,326500000,-1103600000,865000000,562400000,187100000,594600000,-37300000,-547417000,-124192000,358613000,253329000,172438000,-154136000,270159000,38446000,16406000
cashAtEndOfPeriod,160789800000,1638500000,1556600000,1377200000,1903600000,1868600000,1692600000,1366100000,2469700000,1604700000,1042300000,855200000,260600000,297895000,845312000,969504000,610891000,357562000,185124000,339260000,69101000,30655000
cashAtBeginningOfPeriod,88420300000,1556600000,1377200000,1906000000,1868600000,1692600000,1366100000,2469700000,1604700000,1042300000,855200000,260600000,297900000,845312000,969504000,610891000,357562000,185124000,339260000,69101000,30655000,14249000
operatingCashFlow,2402400000,2715600000,2672800000,2440800000,1840400000,1716000000,1515300000,1291400000,1280500000,1216800000,1346300000,1356400000,1083100000,1197197000,814374000,471696000,391593000,328806000,191149000,141138000,120569000,32969000
capitalExpenditure,-127200000,-197500000,-245600000,-116700000,-81900000,-91800000,-114200000,-140700000,-125600000,-141800000,-172200000,-160000000,-157900000,-200102000,-163644000,-87810000,-85627000,-67496000,-63016000,-56341000,-16302000,-11170000
freeCashFlow,2275200000,2518100000,2427200000,2324100000,1758500000,1624200000,1401100000,1150700000,1154900000,1075000000,1174100000,1196400000,925200000,997095000,650730000,383886000,305966000,261310000,128133000,84797000,104267000,21799000
link,https://www.sec.gov/Archives/edgar/data/1156375/000115637522000076/0001156375-22-000076-index.htm,https://www.sec.gov/Archives/edgar/data/1156375/000115637521000020/0001156375-21-000020-index.htm,https://www.sec.gov/Archives/edgar/data/1156375/000115637520000013/0001156375-20-000013-index.html,https://www.sec.gov/Archives/edgar/data/1156375/000115637519000010/0001156375-19-000010-index.html,https://www.sec.gov/Archives/edgar/data/1156375/000115637518000026/0001156375-18-000026-index.html,https://www.sec.gov/Archives/edgar/data/1156375/000115637517000016/0001156375-17-000016-index.html,https://www.sec.gov/Archives/edgar/data/1156375/000115637516000116/0001156375-16-000116-index.html,https://www.sec.gov/Archives/edgar/data/1156375/000115637515000014/cme-2014123110k.htm,https://www.sec.gov/Archives/edgar/data/1156375/000115637514000012/cme-2013123110k.htm,https://www.sec.gov/Archives/edgar/data/1156375/000115637513000007/0001156375-13-000007-index.html,https://www.sec.gov/Archives/edgar/data/1156375/000115637512000016/0001156375-12-000016-index.html,https://www.sec.gov/Archives/edgar/data/1156375/000119312511050252/d10k.htm,https://www.sec.gov/Archives/edgar/data/1156375/000119312510043180/0001193125-10-043180-index.html,,https://www.sec.gov/Archives/edgar/data/1156375/000119312508040449/d10k.htm,https://www.sec.gov/Archives/edgar/data/1156375/000119312507043084/d10k.htm,https://www.sec.gov/Archives/edgar/data/1156375/000119312506046258/d10k.htm,https://www.sec.gov/Archives/edgar/data/1156375/000119312505046676/d10k.htm,https://www.sec.gov/Archives/edgar/data/1156375/000119312504038979/d10k.htm,https://www.sec.gov/Archives/edgar/data/1156375/000104746903009665/0001047469-03-009665-index.html,,
finalLink,https://www.sec.gov/Archives/edgar/data/1156375/000115637522000076/cme-20211231.htm,https://www.sec.gov/Archives/edgar/data/1156375/000115637521000020/cme-20201231.htm,https://www.sec.gov/Archives/edgar/data/1156375/000115637520000013/cme-2019123110k.htm,https://www.sec.gov/Archives/edgar/data/1156375/000115637519000010/cme-2018123110k.htm,https://www.sec.gov/Archives/edgar/data/1156375/000115637518000026/cme-2017123110k.htm,https://www.sec.gov/Archives/edgar/data/1156375/000115637517000016/cme-2016123110k.htm,https://www.sec.gov/Archives/edgar/data/1156375/000115637516000116/cme-2015123110k.htm,https://www.sec.gov/Archives/edgar/data/1156375/000115637515000014/cme-2014123110k.htm,https://www.sec.gov/Archives/edgar/data/1156375/000115637514000012/cme-2013123110k.htm,https://www.sec.gov/Archives/edgar/data/1156375/000115637513000007/cme-2012123110k.htm,https://www.sec.gov/Archives/edgar/data/1156375/000115637512000016/cme-2011123110k.htm,https://www.sec.gov/Archives/edgar/data/1156375/000119312511050252/d10k.htm,https://www.sec.gov/Archives/edgar/data/1156375/000119312510043180/d10k.htm,,https://www.sec.gov/Archives/edgar/data/1156375/000119312508040449/d10k.htm,https://www.sec.gov/Archives/edgar/data/1156375/000119312507043084/d10k.htm,https://www.sec.gov/Archives/edgar/data/1156375/000119312506046258/d10k.htm,https://www.sec.gov/Archives/edgar/data/1156375/000119312505046676/d10k.htm,https://www.sec.gov/Archives/edgar/data/1156375/000119312504038979/d10k.htm,https://www.sec.gov/Archives/edgar/data/1156375/000104746903009665/a2104660z10-k.htm,,
