,2021,2020,2019,2018,2017,2016,2015,2014,2013,2012,2011,2010,2009,2008,2007,2006,2005,2004,2003,2002,2001,2000,1999,1998,1997,1996,1995,1994,1993,1992,1991,1990,1989
reportedCurrency,USD,USD,USD,USD,USD,USD,USD,USD,USD,USD,USD,USD,USD,USD,USD,USD,USD,USD,USD,USD,USD,USD,USD,USD,USD,USD,USD,USD,USD,USD,USD,USD,USD
cik,0000040987,0000040987,0000040987,0000040987,0000040987,0000040987,0000040987,0000040987,0000040987,0000040987,0000040987,0000040987,0000040987,0000040987,0000040987,0000040987,0000040987,0000040987,0000040987,0000040987,0000040987,0000040987,0000040987,0000040987,0000040987,0000040987,0000040987,0000040987,0000040987,0000040987,0000040987,0000040987,0000040987
fillingDate,2022-02-17,2021-02-19,2020-02-21,2019-02-25,2018-02-27,2017-02-27,2016-02-26,2015-02-26,2014-02-27,2013-02-26,2012-02-27,2011-02-25,2010-02-26,2009-02-27,2008-02-29,2007-02-28,2006-03-03,2005-03-07,2003-12-31,2003-03-21,2002-03-07,2001-03-12,1999-12-31,1998-12-31,1997-12-31,1996-12-31,1996-03-19,1995-03-22,1993-12-31,1992-12-31,1991-12-31,1990-12-31,1989-12-31
acceptedDate,2022-02-17 15:05:47,2021-02-19 15:52:51,2020-02-21 12:58:42,2019-02-25 07:17:43,2018-02-27 07:02:11,2017-02-27 15:02:36,2016-02-26 09:15:23,2015-02-26 08:04:09,2014-02-27 08:07:31,2013-02-26 15:16:25,2012-02-27 07:08:17,2011-02-25 08:35:16,2010-02-26 11:40:00,2009-02-27 08:33:25,2008-02-28 20:30:24,2007-02-28 12:33:46,2006-03-03 15:17:45,2005-03-07 15:25:09,2003-12-31,2003-03-21 14:12:34,2002-03-07 00:00:00,2001-03-12 00:00:00,1999-12-31,1998-12-31,1997-12-31,1996-12-31,1996-03-19 00:00:00,1995-03-22 00:00:00,1993-12-31,1992-12-31,1991-12-31,1990-12-31,1989-12-31
calendarYear,2021,2020,2019,2018,2017,2016,2015,2014,2013,2012,2011,2010,2009,2008,2007,2006,2005,2004,2003,2002,2001,2000,1999,1998,1997,1996,1995,1994,1993,1992,1991,1990,1989
period,FY,FY,FY,FY,FY,FY,FY,FY,FY,FY,FY,FY,FY,FY,FY,FY,FY,FY,FY,FY,FY,FY,FY,FY,FY,FY,FY,FY,FY,FY,FY,FY,FY
netIncome,898790000,-29102000,621085000,810474000,616757000,687240000,705672000,711286000,684959000,648041000,565116000,475511000,399575000,475417000,506339000,475405000,437434000,395552000,334101000,-27590000,297147000,385323000,377600000,355800000,342400000,330100000,309200000,288500000,257800000,219800000,207700000,206600000,199500000
depreciationAndAmortization,290971000,272842000,270288000,241635000,167691000,147487000,141675000,148313000,133957000,98383000,88936000,89332000,90411000,88698000,87702000,73423000,65529000,62207000,69013000,70151000,85793000,92303000,90000000,69300000,58900000,50400000,43200000,37400000,34400000,31100000,29800000,28800000,24600000
deferredIncomeTax,31676000,-27722000,-70932000,3891000.0,65990000,33226000,35544000,54319000,-21622000,14751000,-2337000.0,11994000,27899000,-40023000,-8066000.0,-5481000.0,43935000,19670000,27354000,43995000,-21704000,-6714000.0,12300000,10400000,13800000,13900000,12300000,6700000.0,6000000.0,3800000.0,4300000.0,8900000.0,-1000000.0
stockBasedCompensation,25597000,22621000,32050000,20716000,16892000,19719000,17717000,16239000,12648000,10747000,7547000.0,7016000.0,8578000.0,0.0,0.0,0.0,0.0,0.0,0.0,0.0,0.0,0.0,0.0,0.0,0.0,0.0,0.0,0.0,0.0,0.0,0.0,0.0,0.0
changeInWorkingCapital,-11324000,-324817000,-130461000,-163911000,134587000,89619000,-393748000,-30037000,-294046000,-432030000,321450000,-181471000,40227000,79281000,-131323000,78581000,57009000,100074000,134638000,39026000,195863000,51968000,114200000,328300000,167500000,80700000,115100000,1173400000,0.0,0.0,0.0,0.0,-34400000
accountsReceivables,-258994000,957514000,-116145000,-72041000,-19273000,-53544000,1974000.0,-225178000,-116080000,13365000,-85011000,-140562000,69258000,0.0,0.0,0.0,0.0,0.0,0.0,0.0,0.0,0.0,0.0,0.0,0.0,0.0,0.0,0.0,0.0,0.0,0.0,0.0,0.0
inventory,-329237000,58462000,-66202000,-73173000,-9923000.0,-64214000,-21821000,-100820000,-79253000,-25845000,-19624000,44865000,194743000,-20709000,-42087000,-7240000.0,-19869000,-28406000,20232000,-243005000,-45063000,-84508000,-28700000,-107300000,-87800000,-106400000,-122900000,-125400000,-91500000,-63700000,-25900000,-54300000,-37400000
accountsPayables,777318000,89350000,70679000,364639000,61474000,240717000,331419000,292257000,473424000,220694000,85766000,280739000,49947000,0.0,0.0,0.0,0.0,0.0,0.0,0.0,0.0,0.0,0.0,0.0,0.0,0.0,0.0,0.0,0.0,0.0,0.0,0.0,0.0
otherWorkingCapital,-200411000,1219679000,1544496000,1674957000,1838868000,1704281000,1614662000,2008410000,2038447000,2332493000,2764523000,2443073000,2624544000,2584317000,2505036000,2636359000,2557778000,2500769000,2400695000,2266057000,2227031000,2031168000,1979200000,1865000000,1536700000,1369200000,1288500000,1173400000,0.0,0.0,0.0,0.0,0.0
otherNonCashItems,22575000,2105739000,169980000,232359000,-186874000,-31213000,652513000,-109975000,540835000,566546000,-355785000,276281000,278608000,-73064000,186819000,-188428000,-163390000,-22267000,-162921000,146826000,-223947000,-208455000,-227900000,-479500000,-332000000,-147100000,-321100000,-1307000000,-97600000,-86100000,-23700000,-85600000,-2800000.0
netCashProvidedByOperatingActivities,1258285000,2019561000,892010000,1145164000,815043000,946078000,1159373000,790145000,1056731000,906438000,624927000,678663000,845298000,530309000,641471000,433500000,440517000,555236000,402185000,272408000,333152000,314425000,366200000,284300000,250600000,328000000,158700000,199000000,200600000,168600000,218100000,158700000,185900000
investmentsInPropertyPlantAndEquipment,-266136000,-153502000,-297869000,-232422000,-156760000,-160643000,-109544000,-107681000,-124063000,-101987000,-103469000,-85379000,-142259000,-105026000,-115648000,-126044000,-85714000,-72077000,-73904000,-64758000,-41944000,-71129000,-177600000,-399200000,-90400000,-95200000,-90800000,-66000000,-57500000,-31200000,-27900000,-44500000,-53200000
acquisitionsNet,-266577000,318206000,-290109000,-278367000,-1494795000,-462167000,-162701000,-287900000,-712173000,-558384000,-136936000,-90645000,-134203000,-121029000,-39606000,-29007000,-27518000,-3018000.0,-14990000,-6042000.0,-16358000,-46226000,0.0,0.0,0.0,0.0,0.0,0.0,0.0,0.0,0.0,0.0,0.0
purchasesOfInvestments,0.0,0.0,0.0,0.0,0.0,0.0,0.0,0.0,0.0,0.0,0.0,0.0,0.0,0.0,0.0,0.0,0.0,0.0,0.0,0.0,0.0,0.0,0.0,0.0,0.0,0.0,0.0,0.0,-64600000,-12000000,-10600000,-8000000.0,-18000000
salesMaturitiesOfInvestments,0.0,0.0,0.0,0.0,0.0,0.0,0.0,0.0,0.0,0.0,0.0,0.0,0.0,0.0,0.0,0.0,0.0,0.0,0.0,0.0,0.0,0.0,0.0,0.0,0.0,0.0,0.0,64600000,12000000,17700000,5900000.0,24000000,2600000.0
otherInvestingActivites,26549000,6933000.0,24772000,14665000,21275000,28811000,8618000.0,8866000.0,10657000,8504000.0,8908000.0,3676000.0,12042000,11721000,67656000,9452000.0,43058000,7140000.0,13619000,10137000,5261000.0,10605000,15100000,73600000,-12400000,-18900000,-13300000,-32200000,-8100000.0,-34300000,-10100000,2400000.0,-22700000
netCashUsedForInvestingActivites,-506164000,171637000,-563206000,-496124000,-1630280000,-593999000,-263627000,-386715000,-825579000,-651867000,-231497000,-172348000,-264420000,-214334000,-87598000,-145599000,-70174000,-67955000,-75275000,-60663000,-53041000,-106750000,-162500000,-325600000,-102800000,-114100000,-104100000,-33600000,-118200000,-59800000,-42700000,-26100000,-91300000
debtRepayment,-1053423000,-3533017000,-4897769000,-5124265000,-5183997000,-4100000000,-4005191000,-2735862000,-2995335000,-750000000,-250000000,0.0,-847000000,0.0,0.0,0.0,0.0,0.0,0.0,0.0,0.0,0.0,0.0,0.0,0.0,0.0,0.0,0.0,0.0,0.0,0.0,0.0,0.0
commonStockIssued,0.0,0.0,0.0,0.0,0.0,0.0,0.0,0.0,0.0,0.0,0.0,0.0,0.0,821000.0,10530000,8677000.0,17725000,37523000,4601000.0,36009000,14401000,8000.0,6500000.0,5700000.0,12900000,7900000.0,4100000.0,4400000.0,2800000.0,3400000.0,900000.0,300000.0,2100000.0
commonStockRepurchased,-333599000,-96215000,-74187000,-91983000,-173524000,-181417000,-292275000,-95946000,-120673000,-81826000,-122078000,-75007000,-26019000,-273000000,-241220000,-123478000,-119239000,-21475000,-17709000,-11615000,-12658000,-117815000,-111100000,-76300000,-76800000,-94700000,-40200000,-70300000,0.0,0.0,-4400000.0,-39200000,0.0
dividendsPaid,-465649000,-453277000,-438890000,-415983000,-395475000,-386863000,-368284000,-347271000,-326217000,-300983000,-276369000,-257898000,-253558000,-251808000,-243244000,-228052000,-215868000,-208575000,-204556000,-201150000,-195022000,-189995000,-184200000,-178000000,-169200000,-160200000,-151300000,-140300000,-129800000,-113500000,-109300000,-103200000,-89800000
otherFinancingActivites,863139000,2568744000,5024884000,5023401000,6625055000,4345874000,3859676000,2723639000,3017108000,753975000,254307000,12336000,796194000,51414000,4438000.0,2124000.0,-87000.0,-176801000,-112976000,-101069000,-28303000,82219000,45800000,302100000,90700000,56200000,94700000,0.0,-100000.0,-5200000.0,-26600000,-100000.0,24900000
netCashUsedProvidedByFinancingActivities,-989532000,-1513765000,-385962000,-608830000,872059000,-322406000,-806074000,-455440000,-425117000,-378834000,-394140000,-320569000,-330383000,-472573000,-469496000,-340729000,-317469000,-369328000,-330640000,-277825000,-221582000,-225583000,-243000000,53500000,-142400000,-190800000,-92700000,-206200000,-127100000,-115300000,-139400000,-142200000,-62800000
effectOfForexChangesOnCash,-38054000,35741000,603000.0,-21562000,15198000,1575000.0,-15771000,-7153000.0,-12237000,2304000.0,-4204000.0,7419000.0,18531000,-7462000.0,11487000,-110000.0,1097000.0,1594000.0,-872000.0,305000.0,-497000.0,-89000.0,-100000.0,-100000.0,0.0,0.0,0.0,0.0,0.0,0.0,0.0,0.0,0.0
netChangeInCash,-275465000,713174000,-56555000,18648000,72020000,31248000,73901000,-59163000,-206202000,-121959000,-4914000.0,193165000,269026000,-164060000,95864000,-52938000,53971000,119547000,-4602000.0,-65775000,58032000,-17997000,-39300000,0.0,0.0,0.0,0.0,0.0,-127100000,-115300000,-139400000,-142200000,-62800000
cashAtEndOfPeriod,714701000,990166000,276992000,333547000,314899000,242879000,211631000,137730000,196893000,403095000,525054000,529968000,336803000,67777000,231837000,135973000,188911000,134940000,15393000,19995000,85770000,27738000,45700000,0.0,0.0,0.0,0.0,0.0,0.0,0.0,0.0,0.0,0.0
cashAtBeginningOfPeriod,990166000,276992000,333547000,314899000,242879000,211631000,137730000,196893000,403095000,525054000,529968000,336803000,67777000,231837000,135973000,188911000,134940000,15393000,19995000,85770000,27738000,45735000,85000000,72800000,67400000,44300000,82400000,123200000,168000000,167800000,131800000,141400000,109600000
operatingCashFlow,1258285000,2019561000,892010000,1145164000,815043000,946078000,1159373000,790145000,1056731000,906438000,624927000,678663000,845298000,530309000,641471000,433500000,440517000,555236000,402185000,272408000,333152000,314425000,366200000,284300000,250600000,328000000,158700000,199000000,200600000,168600000,218100000,158700000,185900000
capitalExpenditure,-266136000,-153502000,-297869000,-232422000,-156760000,-160643000,-109544000,-107681000,-124063000,-101987000,-103469000,-85379000,-142259000,-105026000,-115648000,-126044000,-85714000,-72077000,-73904000,-64758000,-41944000,-71129000,-177600000,-399200000,-90400000,-95200000,-90800000,-66000000,-57500000,-31200000,-27900000,-44500000,-53200000
freeCashFlow,992149000,1866059000,594141000,912742000,658283000,785435000,1049829000,682464000,932668000,804451000,521458000,593284000,703039000,425283000,525823000,307456000,354803000,483159000,328281000,207650000,291208000,243296000,188600000,-114900000,160200000,232800000,67900000,133000000,143100000,137400000,190200000,114200000,132700000
link,https://www.sec.gov/Archives/edgar/data/40987/000004098722000013/0000040987-22-000013-index.htm,https://www.sec.gov/Archives/edgar/data/40987/000004098721000009/0000040987-21-000009-index.htm,https://www.sec.gov/Archives/edgar/data/40987/000004098720000010/0000040987-20-000010-index.htm,https://www.sec.gov/Archives/edgar/data/40987/000004098719000015/0000040987-19-000015-index.htm,https://www.sec.gov/Archives/edgar/data/40987/000004098718000002/0000040987-18-000002-index.htm,https://www.sec.gov/Archives/edgar/data/40987/000004098717000007/0000040987-17-000007-index.htm,https://www.sec.gov/Archives/edgar/data/40987/000119312516479829/0001193125-16-479829-index.htm,https://www.sec.gov/Archives/edgar/data/40987/000119312515064165/0001193125-15-064165-index.htm,https://www.sec.gov/Archives/edgar/data/40987/000119312514071170/0001193125-14-071170-index.htm,https://www.sec.gov/Archives/edgar/data/40987/000119312513076665/0001193125-13-076665-index.htm,https://www.sec.gov/Archives/edgar/data/40987/000119312512079802/0001193125-12-079802-index.htm,https://www.sec.gov/Archives/edgar/data/40987/000095012311018264/0000950123-11-018264-index.htm,https://www.sec.gov/Archives/edgar/data/40987/000095012310017728/0000950123-10-017728-index.htm,https://www.sec.gov/Archives/edgar/data/40987/000095014409001684/0000950144-09-001684-index.htm,https://www.sec.gov/Archives/edgar/data/40987/000095014408001503/0000950144-08-001503-index.htm,https://www.sec.gov/Archives/edgar/data/40987/000095014407001699/0000950144-07-001699-index.htm,https://www.sec.gov/Archives/edgar/data/40987/000095014406001772/0000950144-06-001772-index.htm,https://www.sec.gov/Archives/edgar/data/40987/000095014405002175/0000950144-05-002175-index.htm,,https://www.sec.gov/Archives/edgar/data/40987/000095014403003508/0000950144-03-003508-index.htm,https://www.sec.gov/Archives/edgar/data/40987/000095014402002108/0000950144-02-002108-index.html,https://www.sec.gov/Archives/edgar/data/40987/000095014401003447/0000950144-01-003447-index.html,,,,,https://www.sec.gov/Archives/edgar/data/40987/000095014496001008/0000950144-96-001008-index.html,https://www.sec.gov/Archives/edgar/data/40987/000095014495000710/0000950144-95-000710-index.html,,,,,
finalLink,https://www.sec.gov/Archives/edgar/data/40987/000004098722000013/gpc-20211231.htm,https://www.sec.gov/Archives/edgar/data/40987/000004098721000009/gpc-20201231.htm,https://www.sec.gov/Archives/edgar/data/40987/000004098720000010/gpc-12312019x10k.htm,https://www.sec.gov/Archives/edgar/data/40987/000004098719000015/gpc-12312018x10k.htm,https://www.sec.gov/Archives/edgar/data/40987/000004098718000002/gpc-12312017x10k.htm,https://www.sec.gov/Archives/edgar/data/40987/000004098717000007/gpc-12312016x10k.htm,https://www.sec.gov/Archives/edgar/data/40987/000119312516479829/d67913d10k.htm,https://www.sec.gov/Archives/edgar/data/40987/000119312515064165/d829495d10k.htm,https://www.sec.gov/Archives/edgar/data/40987/000119312514071170/d633944d10k.htm,https://www.sec.gov/Archives/edgar/data/40987/000119312513076665/d455931d10k.htm,https://www.sec.gov/Archives/edgar/data/40987/000119312512079802/d264270d10k.htm,https://www.sec.gov/Archives/edgar/data/40987/000095012311018264/g25551xxe10vk.htm,https://www.sec.gov/Archives/edgar/data/40987/000095012310017728/g21781e10vk.htm,https://www.sec.gov/Archives/edgar/data/40987/000095014409001684/g17012e10vk.htm,https://www.sec.gov/Archives/edgar/data/40987/000095014408001503/g11900e10vk.htm,https://www.sec.gov/Archives/edgar/data/40987/000095014407001699/g05682e10vk.htm,https://www.sec.gov/Archives/edgar/data/40987/000095014406001772/g99860e10vk.htm,https://www.sec.gov/Archives/edgar/data/40987/000095014405002175/g93577e10vk.htm,,https://www.sec.gov/Archives/edgar/data/40987/000095014403003508/g80985e10vk.htm,https://www.sec.gov/Archives/edgar/data/40987/000095014402002108/g74408e10-k.htm,https://www.sec.gov/Archives/edgar/data/40987/000095014401003447/g67483e10-k.txt,,,,,https://www.sec.gov/Archives/edgar/data/40987/0000950144-96-001008.txt,https://www.sec.gov/Archives/edgar/data/40987/0000950144-95-000710.txt,,,,,
