,2021,2020,2019,2018,2017,2016,2015,2014,2013,2012,2011,2010,2009,2008,2007,2006,2005,2004,2003,2002,2001,2000,1999,1998,1997,1996,1995,1994,1993,1992,1991,1990,1989,1988,1987,1986,1985
period,FY,FY,FY,FY,FY,FY,FY,FY,FY,FY,FY,FY,FY,FY,FY,FY,FY,FY,FY,FY,FY,FY,FY,FY,FY,FY,FY,FY,FY,FY,FY,FY,FY,FY,FY,FY,FY
revenuePerShare,131.56140412033326,114.46649916247907,133.06461684141186,127.74755381604696,110.83866385755063,102.91586772312833,100.74732143445839,100.07662802758009,91.03858739232778,83.73731927187558,79.53016162802574,70.91974410246026,63.092102126591804,67.84844565170526,64.11197961319466,60.952242737912066,56.20698174129868,52.077527234425,48.56059082157533,47.364651973687984,47.58294793505629,47.825294699129756,44.65386638022669,36.864047799527356,33.43801505634995,31.50618915830201,28.60933273525534,26.11179636840507,23.56989247311828,19.725806451612904,18.467741935483872,19.07471264367816,18.166666666666668,16.908045977011493,14.72316384180791,13.3,12.521978021978022
netIncomePerShare,6.266183288597623,-0.2014341680856071,4.261712960421584,5.526323325855568,4.191633818132391,4.6107708099912115,4.652772191709468,4.639860664453128,4.429492485579037,4.169799180248757,3.6073690123582884,3.0089538827579223,2.5065867887836397,2.9283281285609575,2.9938035464054065,2.770812934209913,2.513208544474703,2.264347089365551,1.9201758671226186,-0.158227666615052,1.7199490637571266,2.20173248232948,2.1124948250590223,1.983100726802515,1.9065437213238896,1.8180566456001213,1.6811428726773505,1.550562582801923,1.39247311827957,1.1827956989247312,1.118279569892473,1.1896551724137931,1.1436781609195403,1.0402298850574712,0.8361581920903954,0.6777777777777778,0.6593406593406593
operatingCashFlowPerShare,8.772510196256144,13.978715893517172,6.120725146840863,7.8084510115439425,5.539234742422183,6.347344197623632,7.644200781976303,5.154273674322729,6.833667451305,5.832446449138747,3.9891673475640896,4.2944656778374,5.302666081174331,3.266435069694674,3.7927913013143812,2.5265771436564552,2.5309214381743597,3.1784620492652573,2.3114744676571166,1.5622501706151897,1.9283535438312158,1.7966218880171876,2.048717174090609,1.584585544210104,1.395385095104459,1.806490699051317,0.8628634343269583,1.069538835277583,1.078494623655914,0.9064516129032258,1.1725806451612903,0.957471264367816,1.1057471264367815,0.7028735632183908,0.6988700564971752,0.6738888888888889,0.8148351648351648
freeCashFlowPerShare,6.917063478230557,12.916227141215721,4.076830707580831,6.2236511042773275,4.4738548321326626,5.269572159864745,6.921934237507171,4.451849000971957,6.031376910939238,5.176214345003314,3.3286819528138087,3.754201680672269,4.410256571105953,2.6195280595746255,3.1090055519751196,1.791952254394554,2.0384650740574766,2.7658555015542086,1.886726630075577,1.1908653487718575,1.6855728880270888,1.3901913615871184,1.0551285063721705,-0.6404111116065457,0.8920219163437124,1.2821677888388616,0.36917723497668853,0.7148174125222037,0.7693548387096775,0.7387096774193549,1.0225806451612902,0.7017241379310345,0.8,0.5017241379310344,0.5276836158192091,0.4816666666666667,0.6532967032967033
cashPerShare,4.982751769094015,6.853593034040727,1.9006422572322557,2.2743339901948083,2.1401318472203346,1.6295026534541868,1.3953661640304087,0.8984403029373969,1.2732675444269121,2.593701942565937,3.3516367071800635,3.3535486483750128,2.1128097359011355,0.41747202049879584,1.3707702404673356,0.7924942882454422,1.0853585668815424,0.7724673272767865,0.08846805942699502,0.11467061232214441,0.49645472173183225,0.15849470598654927,0.2556700569523234,0.473759307976992,0.40536326785157467,0.37121180828066697,0.24086231972705896,0.44286432174307955,0.6612903225806451,0.8655913978494624,0.9032258064516129,0.7586206896551724,0.8103448275862069,0.632183908045977,0.4689265536723164,0.7555555555555555,0.9395604395604396
bookValuePerShare,24.336751838812006,22.182510347882666,25.214819948399846,23.527352939170992,23.189832812287616,21.427082005488053,20.7465500075824,21.534700161123034,21.657789906619417,19.289808445882905,17.76653942396078,17.6788182140326,16.443949564017313,14.316708859200128,16.06298151115421,14.862166037208,15.477708067611202,14.565348308689256,13.289364636914854,12.215525695507802,13.839029896101641,13.173071099200612,12.441117563469952,11.69516654033085,10.57341084235378,9.73577319729577,9.130476151639957,8.336490891452558,7.768817204301075,6.639784946236559,6.059139784946237,5.936781609195402,5.586206896551724,4.959770114942529,4.293785310734464,4.211111111111111,4.0054945054945055
tangibleBookValuePerShare,1.265953219228222,-1.3686268809612803,-1.1455302739199649,-0.46657847903611827,-0.6131847220334375,10.953921811997235,11.851272854345375,12.562208494510728,13.382472386766342,16.1527027983502,16.041798590542335,16.409119671965172,15.418355184743742,13.76371565312194,15.967060646015764,14.853202079544925,15.44513197053788,14.535134268720626,13.229673266473174,12.150737803164553,11.280189853268892,10.593575187561783,9.977845658084657,9.773933205511215,10.57341084235378,9.73577319729577,9.130476151639957,8.336490891452558,10.059139784946236,8.586021505376344,7.887096774193548,7.7701149425287355,7.425287356321839,6.557471264367816,5.80225988700565,5.616666666666666,5.368131868131868
shareholdersEquityPerShare,24.336751838812006,22.182510347882666,25.214819948399846,23.527352939170992,23.189832812287616,21.427082005488053,20.7465500075824,21.534700161123034,21.657789906619417,19.289808445882905,17.76653942396078,17.6788182140326,16.443949564017313,14.316708859200128,16.06298151115421,14.862166037208,15.477708067611202,14.565348308689256,13.289364636914854,12.215525695507802,13.839029896101641,13.173071099200612,12.441117563469952,11.69516654033085,10.57341084235378,9.73577319729577,9.130476151639957,8.336490891452558,7.768817204301075,6.639784946236559,6.059139784946237,5.936781609195402,5.586206896551724,4.959770114942529,4.293785310734464,4.211111111111111,4.0054945054945055
interestDebtPerShare,22.732861574929412,24.642163987984,24.165683153098755,22.127856154155616,22.33583661818676,6.011928802892969,4.263696123744783,5.156941663024547,5.119305983082852,3.3490248563504985,3.3642886324175265,3.3414814721069153,3.3114923781444077,3.07974696798911,2.9563232798632995,2.9141604886464307,2.8777333471221573,2.867803557219484,3.8945544412195754,4.5403770165568424,5.167539721587127,5.268489049134616,4.674230472290289,4.151803629553663,1.366987393647824,0.8657937130819117,0.5774171186233332,0.06610717424077522,0.06451612903225806,0.06989247311827956,0.06989247311827956,0.1781609195402299,0.2471264367816092,0.10344827586206896,0.10734463276836158,0.12222222222222222,0.12637362637362637
marketCap,18693883836.870003,13563218686.578001,14118903242.792,14582105510.000002,15477656894.28,14469871378.102,13069145086.666,14247609366.598001,12692523189.272,10505918489.174,10066714873.312,8127585760,6006568800,5198479020.000001,7286077658.258,8012599371.576,7442548691.892,7352575830.000001,5734875026.005,5109011525.631,6069234622.765,4375225000,4066471500,5718885000,5960209500,5280587882.91,5333752500,4574011626.918,1867439999.9999998,1652461200,1368774000,996358800.0000001,937007400.0000001,895421400,840289800,770651999.9999999,533624000
enterpriseValue,21177720836.870003,16039491686.578001,17268010242.792,17391838510,18407766894.28,15101992378.102,13482514086.666,14875345366.598001,13260288189.272,10602823489.174,10041660873.312,8097617760,6169765800,5630702020.000001,7554240658.258,8376626371.576,7754518691.892,7718603830.000001,6397115026.005,5880717525.631,6876234622.765,5269520000,4856271500,6378785000,6132909500,5370387882.91,5395652500,4503911626.918,1756439999.9999998,1504461200,1213774000,895358800.0000001,839007400.0000001,803421400,776289800,656651999.9999999,385624000
peRatio,20.798945067112452,-466.0579577547248,22.732642460841916,17.99207070183621,25.09522696018043,21.055048277315056,18.52014120819021,20.030774353210944,18.530340048487574,16.21181142732327,17.813537173451113,17.09231912616112,15.032393918538446,10.934566959111686,14.389722415729384,16.85425978181971,17.014106566686632,18.58813968833428,17.16509386683967,-185.17620607578831,20.42502405464299,11.354694632814548,10.769257150423728,16.07331365935919,17.407153913551404,15.996933907634048,17.25016979301423,15.854459712020796,7.210193050193049,7.511187272727272,6.580644230769232,4.813327536231884,4.7085798994974875,4.94707955801105,5.677633783783784,6.316819672131147,4.446866666666667
priceToSalesRatio,0.990640095941763,0.820152600864838,0.7280673051910024,0.7783319291043063,0.9490370809160037,0.9432947916367144,0.8553080793920489,0.9286883844086623,0.901595733754951,0.8072863878113717,0.8079953653376625,0.7251859217892448,0.5972221360511427,0.4719341717033901,0.6719493339608852,0.766173628767113,0.7607595475738139,0.8082180978089355,0.6787396619844248,0.6186047564811991,0.7382897135324039,0.5227359320475846,0.5094743600987258,0.8646635923798004,0.9925080763338441,0.9230990093365964,1.0136552386020259,0.9414646029388276,0.4259671532846715,0.4503846279640229,0.39847860262008733,0.3001984935221452,0.29642752293577984,0.30435805574439156,0.32244428242517265,0.3219097744360902,0.2341483106625713
pocfratio,14.856637277619935,6.715924246199051,15.828189418046883,12.733639469979847,18.989988128577266,15.29458604692425,11.272597418316627,18.031638960694558,12.011120322269338,11.590333248577398,16.108625284732454,11.975878690896659,7.105859472044178,9.802735801202695,11.358389791990597,18.483504894062285,16.895031728382786,13.242253438177642,14.259296159739922,18.754998111769844,18.217614250447244,13.91500357795977,11.10450983069361,20.115670066830813,23.783756983240224,16.099353301554878,33.60902646502836,22.984983049839194,9.30927218344965,9.801074733096085,6.275900962861073,5.980545018007204,4.8701008316008325,7.321515944399018,6.7929652384801935,6.353272877164056,3.598273769386379
pfcfRatio,18.84181089420037,7.268376126680883,23.763556534209894,15.976152636780165,23.512162541460132,18.422748385419542,12.448832225691994,20.876719309147443,13.608833142417236,13.059736999735224,19.304938985137827,13.699317291550084,8.543720618628553,12.223575877709669,13.856521411687964,26.060962777034764,20.976566409787967,15.217714727449971,17.469408908846386,24.603956299691788,20.8415792930311,17.983135768775483,21.561354718981974,-49.77271540469974,37.204803370786514,22.682937641365978,78.55305596465391,34.39106486404511,13.049895178197064,12.026646288209607,7.196498422712934,8.160186732186734,6.731375000000001,10.256831615120275,8.99667880085653,8.888719723183389,4.488006728343145
pbRatio,5.355275135449713,4.232162885431085,3.842184762701353,4.226144788029159,4.536039688231943,4.530715007070734,4.153461561970873,4.3158252171899845,3.789860477634116,3.5044411244233022,3.6169115699220513,2.909131106918523,2.291420309537525,2.2365475414011424,2.6819430732759697,3.1422069221326665,2.7626828089282793,2.889735220055833,2.4801786917972413,2.3985868255162304,2.5384728021937346,1.8978110580088714,1.8286138591599963,2.725484916360864,3.138769550792564,2.987264741138202,3.176176085273626,2.948882487858939,1.2923460207612456,1.3380252631578948,1.2145288376220051,0.9645293320425944,0.9639993827160495,1.037568250289687,1.1056444736842104,1.0166912928759892,0.73199451303155
ptbRatio,5.355275135449713,4.232162885431085,3.842184762701353,4.226144788029159,4.536039688231943,4.530715007070734,4.153461561970873,4.3158252171899845,3.789860477634116,3.5044411244233022,3.6169115699220513,2.909131106918523,2.291420309537525,2.2365475414011424,2.6819430732759697,3.1422069221326665,2.7626828089282793,2.889735220055833,2.4801786917972413,2.3985868255162304,2.5384728021937346,1.8978110580088714,1.8286138591599963,2.725484916360864,3.138769550792564,2.987264741138202,3.176176085273626,2.948882487858939,1.2923460207612456,1.3380252631578948,1.2145288376220051,0.9645293320425944,0.9639993827160495,1.037568250289687,1.1056444736842104,1.0166912928759892,0.73199451303155
evToSales,1.1222654203235631,0.9698900480248658,0.8904568200011294,0.9283037493368721,1.128701422886943,0.984502928972791,0.8823609465173007,0.9696055036723242,0.941926130961398,0.8147326751104284,0.8059844296811021,0.7225120193112007,0.6134485149011007,0.5111727264251431,0.6966803288383175,0.8009822937989138,0.7926483757000118,0.8484530386983257,0.7571177524771283,0.7120437710166223,0.836456918435947,0.6295830382765202,0.6084257113146322,0.9644368007257333,1.0212664857123825,0.9387969378393497,1.0254190501529865,0.9270359844636095,0.40064781021897805,0.4100466612155901,0.3533548762736536,0.26976764085567945,0.26542467573552675,0.27308681169272603,0.29788557175748276,0.27429072681704253,0.16920754716981132
enterpriseValueOverEBITDA,13.632552759002929,28.982179526401,14.434527022752674,12.254919424847728,15.107589504885324,12.15050182845111,10.475777406894077,11.521094046035287,11.0022702593957,9.318730396699939,9.974056716884954,9.210462705988334,8.091910012446538,6.56897499434182,8.352330936205217,9.920927934841338,10.011088006078031,11.056175862236904,10.297747198642982,20.94294998034523,11.818775713493846,7.130097570810213,6.7636093314763235,9.688312575941676,9.82051160928743,9.015255804784287,9.739444945848376,8.793267526196798,3.815030408340573,3.9066767073487405,3.3272313596491228,2.4679128996692397,2.4276834490740744,2.5562246261533565,2.7372700987306064,2.5168723648907623,1.5224003158310304
evToOperatingCashFlow,16.830623298275036,7.94206844288338,19.358538853591327,15.18720332633579,22.585025445626794,15.962734973334122,11.629142723408256,18.826095674335726,12.548404645337365,11.697240725977949,16.068534202094003,11.931721281401815,7.298923929785709,10.617775711896273,11.776433631852415,19.323244225088814,17.60322233169662,13.901483027037154,15.905901577644617,21.587903165953275,20.63993199129827,16.75922716069015,13.261254778809393,22.43680970805487,24.47290303272147,16.373133789359755,33.99907057340895,22.632721743306533,8.755932203389829,8.923257413997627,5.565217790004585,5.374302521008404,4.3607453222453225,6.569267375306623,6.275584478577203,5.413454245671887,2.600296695886716
evToFreeCashFlow,21.34530280922523,8.595382936219059,29.063825325624727,19.054495695388184,27.96330285649181,19.22755209291921,12.84258111241545,21.796527533464037,14.21758673962439,13.180198034652204,19.256892929654928,13.64880522650198,8.775851410803668,13.239894423242879,14.366508612704276,27.244959836776644,21.85584307881275,15.975287286379848,19.486705066711142,28.320334821242472,23.612794369539987,21.658884650795738,25.749053552492047,-55.51597040905135,38.28283083645443,23.0686764729811,79.46469072164949,33.863997194872184,12.274213836477985,10.949499272197961,6.381566771819138,7.332995904995906,6.027352011494254,9.202994272623139,8.311453961456102,7.573840830449826,3.2432632464255677
earningsYield,0.04807936156248676,-0.002145655885413025,0.04398960665142861,0.055580039483612266,0.03984821502458371,0.047494547950166006,0.053995268651502906,0.04992318231769704,0.05396555040994075,0.06168342165111834,0.056137082167508935,0.05850581144775272,0.0665230039486104,0.09145309583263452,0.06949404381191548,0.05933218147489789,0.05877475823255892,0.05379774505501427,0.05825776472634658,-0.00540026184352607,0.04895955066318178,0.0880692992931792,0.09285691538720978,0.06221492476243184,0.05744764508697219,0.06251197921889147,0.05797044388542588,0.06307373560272152,0.13869254166131176,0.13313474470686515,0.15196080580139598,0.2077564829055557,0.21237825869891744,0.20213946193378893,0.17612971144002937,0.15830751104259772,0.22487744179422214
freeCashFlowYield,0.05307345486137993,0.13758231310143437,0.04208124312370521,0.06259329281180052,0.042531179266758284,0.054280717462951274,0.08032881975356632,0.04790024645116703,0.07348168572095354,0.07657122038677151,0.05180021551841546,0.07299633833700697,0.11704502577245099,0.08180912116098141,0.0721681849498317,0.03837156779492476,0.04767224437329198,0.06571288908420546,0.057242921338546665,0.040643869945929265,0.04798100882567834,0.055607654463484736,0.04637927500537013,-0.020091328991577905,0.026878249833332202,0.04408600049123882,0.012730249481954777,0.029077320052554458,0.07662896799897187,0.08314869964874214,0.13895646761262267,0.12254621527907415,0.14855805834617739,0.09749599462331367,0.11115212870607259,0.11250214104420674,0.22281606524444178
debtToEquity,0.9162917225048428,1.0315502141165929,0.7625250121982514,0.704873942565769,0.747334819785285,0.17221253657168048,0.07945166907299288,0.15145787290139973,0.1492949991549903,0.08339206914736946,0.17964706537536357,0.08948324855690365,0.19074286717048217,0.215115568688122,0.09202286878716803,0.196079123416514,0.1856005867948152,0.19651175906715082,0.2703423413137579,0.3168042951931189,0.34948345811200804,0.33424958553938006,0.3158557424228798,0.2805127960730115,0.1103270314392543,0.06234089494823782,0.036086464598344546,0.007349622848301205,0.29411764705882354,0.2923076923076923,0.30168589174800353,0.30880929332042595,0.3292181069958848,0.32213209733487835,0.3513157894736842,0.3337730870712401,0.3388203017832647
debtToAssets,0.7559040480620888,0.7605690831582679,0.7476721552894724,0.7262493061600374,0.7209112417673934,0.6379714201864686,0.6121140790821498,0.5983181664172196,0.5626773287543437,0.5580796176205854,0.5249977421898904,0.48715618758055745,0.47461830295548835,0.4999575877234218,0.41707042776298375,0.41945379392054766,0.4234554979966627,0.41714320216140655,0.42671523870902855,0.4583328254362173,0.4316374612933915,0.44342285123007236,0.4341043845586177,0.4172036440395512,0.31059395875689805,0.29897684010152287,0.26155402137109185,0.23572308450357232,0.22715125601282737,0.22604884157795868,0.23176550783912747,0.2359467455621302,0.2476780185758514,0.24364592462751972,0.2599805258033106,0.2502472799208704,0.25281473899692936
netDebtToEBITDA,1.5988991076089805,4.474442834272333,2.6323745150668856,1.9798396529807523,2.4047946357857763,0.508581064935462,0.32118354211052214,0.4861874002819214,0.4710835756103389,0.08516897126640341,-0.02488532725188671,-0.03408646277878377,0.21403980006846252,0.5042465520097624,0.2964938796855979,0.43113844083952063,0.4027534460032559,0.5243007709210086,1.0660399378637027,2.748270102600811,1.3870602915748549,1.210055300499423,1.1,1.0022782503037666,0.2765412329863891,0.15074702031223772,0.11173285198555957,-0.1368606013276064,-0.24109470026064292,-0.384315762139704,-0.42489035087719296,-0.27839029768467477,-0.2835648148148148,-0.2927139675469297,-0.22566995768688294,-0.43694902261402835,-0.5842874062376628
currentRatio,1.1785040164349518,1.2069327481590015,1.2415494235328708,1.283855751480367,1.335926123830271,1.4015600296879234,1.4097446768988091,1.5603642740258055,1.6404080496530993,1.937633610678081,2.52561348245904,2.2389976945087113,2.8636468212377615,3.0078556261620086,2.6182653994635574,3.1992237030017483,3.0476901843241238,3.207765413188666,3.3607255556178344,3.1183685793826035,3.4228427262965617,3.05518697011979,3.160698689956332,3.2788367546432062,3.7593822948464717,3.4088669950738915,3.7097791798107256,3.777935606060606,4.26628895184136,4.132686084142395,4.051546391752577,4.08550185873606,3.896678966789668,4.190476190476191,3.8873873873873874,4.090909090909091,4.038834951456311
interestCoverage,18.71150442477876,10.368710851215946,11.46063670842432,10.887564385577631,24.577905799546834,50.73856953139822,51.90721078386114,44.811304209183675,39.236068369730454,49.95757250268529,33.63973960645066,28.022807455186914,24.061430876815493,,,,,,,,,,,,,,,,,,,,,,,,
incomeQuality,1.399976635254064,-69.39595216823587,1.4362124346909038,1.412955875203893,1.3214977697861556,1.376634072521972,1.6429346778673377,1.1108682021015457,1.5427653333995173,1.3987355738294336,1.1058384473276284,1.4272288127929742,2.115492711005443,1.1154607428846675,1.266880489158449,0.9118541033434651,1.0070479203719875,1.4036991343742415,1.203782688468457,-9.873432403044582,1.1211689837016696,0.816003716362636,0.9698093220338984,0.799044406970208,0.731892523364486,0.9936382914268403,0.5132600258732212,0.6897746967071057,0.7745173745173746,0.7663636363636364,1.0485576923076922,0.8048309178743961,0.9668341708542714,0.6756906077348066,0.8358108108108108,0.9942622950819672,1.2358333333333333
dividendYield,0.024909163021629523,0.03341957469494741,0.03108527570822915,0.02852695035807624,0.025551348159562427,0.026735759419773398,0.028179655023934772,0.024373983807707403,0.0257015090802218,0.028648899219059522,0.027453742703360505,0.03173119393821075,0.04221345138009574,0.048438783542498545,0.03338476631858413,0.02846167509747145,0.029004580142709596,0.02836760950481758,0.03566878076199278,0.039371608185040555,0.0321328820059938,0.04342519527567154,0.04529725586420561,0.031124948307231216,0.02838826386891266,0.030337531265878258,0.028366520568774048,0.030673293258446546,0.06950691856230991,0.06868542511013269,0.0798524811254451,0.1035771451007408,0.09583702327217478,0.08722150263551888,0.084851678551852,0.10445700523712391,0.11918504415093774
payoutRatio,0.5180843133546212,-15.575458731358669,0.7066504584718678,0.5132589077502795,0.6412168812028076,0.5629227053140097,0.5218911902413585,0.48822976974100435,0.47625770301580095,0.4644505517397819,0.4890482661966747,0.5423596930460074,0.6345692298066696,0.5296571220633676,0.48039752023841736,0.4797004659185326,0.49348701747006407,0.5273010880996684,0.6122579698953311,-7.290685030808264,0.6563148879174281,0.4930798317255913,0.4878177966101695,0.5002810567734682,0.4941588785046729,0.48530748258103606,0.48932729624838295,0.4863084922010399,0.5011583011583012,0.5159090909090909,0.5254807692307693,0.4985507246376812,0.45125628140703516,0.43149171270718234,0.4817567567567568,0.6598360655737705,0.53
salesGeneralAndAdministrativeToRevenue,0.0,0.0,0.25443942842276873,0.2463449168305883,0.22718629039621,0.2197455063207506,0.21448825670920843,0.21601526876482036,0.2144530238048542,0.2035082882352887,0.20823481923772102,0.2111664694342378,0.22072407171873124,0.21640082492810203,0.21134628677248726,0.23000261428108895,0.240724722862502,0.24114978707341447,0.24272697146509178,0.23591950867225245,0.23739664465223506,0.23402395046892677,0.22126865204154503,0.21369821590565466,0.20998467994404849,0.2049296390175684,0.20836579942606284,0.2140210768977441,0.0,0.0,0.0,0.0,0.0,0.0,0.0,0.0,0.0
researchAndDdevelopementToRevenue,0.0,0.0,0.0,0.0,0.0,0.0,0.0,0.0,0.0,0.0,0.0,0.0,0.0,0.0,0.0,0.0,0.0,0.0,0.0,0.0,0.0,0.0,0.0,0.0,0.0,0.0,0.0,0.0,0.0,0.0,0.0,0.0,0.0,0.0,0.0,0.0,0.0
intangiblesToTotalAssets,0.23144400729593476,0.25414280947142587,0.26372680886563493,0.2791458514677869,0.28635762953135263,0.1777392374201413,0.16719868489856868,0.16814819072648643,0.16787840366069176,0.0731356748529211,0.047584092158791315,0.03834333264288448,0.034274257601221575,0.03318290555433681,0.017271011374154835,0.013843500443853036,0.013143979991357085,0.01294473684623995,0.014096451424597176,0.014603804178421893,0.10509037366110674,0.10898661891005414,0.11204417640023412,0.09573936229307854,0.0,0.0,0.0,0.0,0.0,0.0,0.0,0.0,0.0,0.0,0.0,0.0,0.0
capexToOperatingCashFlow,-0.21150693205434382,-0.07600760759392759,-0.3339301128911111,-0.20295957609565093,-0.1923334106298686,-0.16979889607410806,-0.09448555382952682,-0.13628004986426542,-0.1174026313224463,-0.11251403846705456,-0.16556973854546211,-0.1258047071963552,-0.16829449495917417,-0.19804679913031836,-0.1802856247593422,-0.29075893886966553,-0.19457591875001418,-0.12981326859209416,-0.18375623158496712,-0.23772429590907757,-0.12590048986648736,-0.22621928917865947,-0.4849808847624249,-1.4041505451987337,-0.3607342378292099,-0.29024390243902437,-0.5721487082545683,-0.3316582914572864,-3.488695652173913,-5.403846153846154,-7.817204301075269,-3.743820224719101,-3.6165413533834587,-3.494285714285714,-4.082508250825082,-3.505780346820809,-5.04421768707483
capexToRevenue,-0.014103275428168078,-0.009282093538942833,-0.01536016476638543,-0.012405716273430054,-0.009611988030266602,-0.010472360206478439,-0.007169089303669544,-0.007018868313160901,-0.008812642675443958,-0.007836793795664748,-0.00830484160008964,-0.0076179631497907355,-0.014144551853380836,-0.009534588506874506,-0.01066549112138996,-0.012052466919399629,-0.008761480315443548,-0.007922928941186402,-0.008746760086634395,-0.007840970140552156,-0.005102261762669408,-0.008498233601840509,-0.02225089893130536,-0.06035681886906562,-0.015053620195830281,-0.01664190193164933,-0.017256124213687073,-0.013584719249135518,-76.24347826086957,-117.59615384615384,-123.11827956989248,-74.58426966292134,-59.41729323308271,-84.05714285714286,-86.00660066006601,-69.1907514450867,-77.51700680272108
capexToDepreciation,-0.9146478515041018,-0.562603997918209,-1.1020430059788078,-0.9618722453286982,-0.9348146292883935,-1.0892010821292724,-0.7732062819834128,-0.7260388502693628,-0.9261404779145547,-1.0366323450189565,-1.1634096428892686,-0.9557493395423813,-1.573470042362102,-1.18408532323164,-1.3186472372351827,-1.7166827833240266,-1.3080315585465976,-1.158663815969264,-1.07087070551925,-0.9231229775769412,-0.48889769561619245,-0.770603339003066,-1.9733333333333334,-5.7604617604617605,-1.534804753820034,-1.8888888888888888,-2.1018518518518516,-1.7647058823529411,-0.5982608695652174,-0.9967948717948718,-1.0681003584229392,-0.647191011235955,-0.462406015037594,-0.6942857142857143,-0.7128712871287128,-0.5751445086705202,-0.5884353741496599
stockBasedCompensationToRevenue,0.0013564551249542274,0.0013678664639185537,0.0016527174051769503,0.0011057336152359802,0.0010357597716717495,0.0012854868927469503,0.001159486189961233,0.0010584913080062394,0.0008984330909216703,0.0008258113575456582,0.000605752829889885,0.0006260043975559775,0.0008528948312465349,0.0,0.0,0.0,0.0,0.0,0.0,0.0,0.0,0.0,0.0,0.0,0.0,0.0,0.0,0.0,0.0,0.0,0.0,0.0,0.0,0.0,0.0,0.0,0.0
grahamNumber,58.576593641146495,10.02681899479903,49.17125493413634,54.08737916765784,46.76616263591092,47.147594803121464,46.60366773502659,47.414714851654566,46.45958347883088,42.54149876894274,37.974141661581434,34.595980198903305,30.453393923884438,30.713034339972108,32.893946978336366,30.4393880102919,29.584133140910588,27.241009362511868,23.96149282634378,6.594601418108544,23.142052556869398,25.545655539656412,24.317492070371415,22.84372120495362,21.29718470186892,19.956307552537872,18.584046529101265,17.054050664973882,15.60134786327401,13.29300395750938,12.347298296960803,12.60600120377528,11.98951682405081,10.774241257416149,8.987846497330747,8.013703541087882,7.708577769949399
roic,0.14965795720980798,0.12876572113577142,0.1329343517652347,0.16361910482672046,0.1469568583681783,0.2317906938952386,0.2674554490277031,0.24114035601377312,0.23530719752702373,0.23689066803598535,0.22359679785067946,0.22510627699865168,0.18656213635561067,0.22864347672513544,0.25971104986744026,0.24156028592426937,0.20129944237422193,0.19139589927200099,0.1844590500734619,0.2053255370535147,0.17336610427791627,0.20507000917305815,0.20838172346285297,0.21175413371675053,0.2573378839590444,0.2791828793774319,0.2839986656288224,0.29550121336568974,0.28063241106719367,0.2748447204968944,0.2848639455782313,0.3074792243767313,0.31537708129285014,0.31868131868131866,0.32546583850931676,0.300498753117207,0.30609597924773024
returnOnTangibleAssets,0.08148303678000986,-0.0029030929381780464,0.05759755189190874,0.08864787366250075,0.06962710887027446,0.09433971329369886,0.10403575067934782,0.10369132643540893,0.10717654880556712,0.10271329808968523,0.10091688726915313,0.09047880542578664,0.08267370582002613,0.10273677613843253,0.10792422056707113,0.1072004383581413,0.09289671448543065,0.08994775529695344,0.08232192977203966,-0.006965170110205704,0.07893256278011182,0.10440436570072878,0.108213446437783,0.10928525355530301,0.12431019459773453,0.13090894670050762,0.13596587661052725,0.1421532397142153,0.13842864778193478,0.13775829680651222,0.141785957736878,0.15310650887573965,0.1540247678018576,0.1586327782646801,0.14410905550146055,0.12067260138476756,0.12282497441146366
grahamNetNet,-47.69188308292955,-43.683887758350984,-46.53057068946588,-35.474477863313716,-33.51644182411309,-15.766975733138322,-12.57426302359775,-12.198032929112388,-9.072992382110247,-6.286385308822299,-2.138196111224594,0.020888174546927204,-0.25826328335738036,-1.5297796133069708,1.8964045196270303,1.6828329719774326,0.9583046066163374,1.2529123518063736,0.8211845167964597,0.17115857749944083,-0.15576939773681012,-0.5888640012799342,-0.10783458091369877,0.5222499665581665,2.188571874025569,2.1892684538807883,2.377224102543191,2.5359894443503896,2.818548387096774,2.424731182795699,2.2661290322580645,2.1767241379310347,2.1091954022988504,1.9497126436781609,1.597457627118644,1.7305555555555556,1.6895604395604396
workingCapital,1174839000,1219679000,1544496000,1674957000,1838868000,1704281000,1614662000,2008410000,2038447000,2332493000,2764523000,2443073000,2624544000,2584317000,2505036000,2636359000,2557778000,2500769000,2400695000,2266057000,2227031000,2031168000,1979200000,1865000000,1536700000,1369200000,1288500000,1173400000,1153000000,968000000,888000000,830000000,785000000,737000000,641000000,646000000,626000000
tangibleAssetValue,181582000,-197731000,-166945000,-68427000,-90224000,1632693000,1797447000,1925774000,2069412000,2510340000,2513044000,2593166000,2457840000,2234553000,2700493000,2548453000,2688287000,2539099000,2301897000,2118712000,1948822000,1853971000,1783500000,1753600000,,,,,,,,,,,,,
netCurrentAssetValue,-3092390000,-3108449000,-3011513000,-1635359000,-1635332000,296387000,569787000,658651000,899962000,1021249000,1489824000,1752557000,1657511000,1478448000,2061889000,1948850000,1786348000,1775008000,1661054000,1493349000,1330466000,1182773000,1189300000,1181300000,1238100000,1183700000,1169200000,1117400000,1081000000,916000000,839000000,780000000,736000000,690000000,596000000,602000000,585000000
investedCapital,0.9162917225048428,1.0816410779344459,0.9323461707287138,0.9109765650925054,0.9510153709447879,0.2739744900004008,0.1986291726824822,0.23187170427668566,0.22831923092771314,0.16678413829473893,0.17964706537536357,0.1789664971138073,0.19074286717048217,0.215115568688122,0.18404573757433607,0.196079123416514,0.18592761502874766,0.19689220583270484,0.2930579864142927,0.37168903981156887,0.37340332092517464,0.39994387105785273,0.3757082471445274,0.35500166801696614,0.1292853757438517,0.08892911693160604,0.06324063597927708,0.007929856231061827,,,,,,,,,
averageReceivables,1677460500,1556966000,2096060500,2025301000,1989264500,1747764000,1689692500,1714665500,1610892500,1523497000,1508988500,1460686000,1372020500,1390745500,1386593000,1392385500,1371915500,1340433000,1320920000,1298404500,1283847000,1294314000,1281833000,1232283000,1121783000,1089883000,1061133000,1022183000,1461318000,1427818000,1410818000,1404318000,1398818000,1392318000,1373318000,1357818000,1354818000
averagePayables,4466511500,4128084000,4117123500,4061936500,3881471500,3604597500,3474805000,3341421500,3198877500,2904992000,2784423000,2751507000,2611215500,2568753500,2558950000,2519173500,2550849500,2492368500,2417346500,2431633500,2386084000,2381791500,2354542000,2318792000,2266592000,2264942000,2229892000,2222342000,2127394500,2106894500,2095394500,2094894500,2085894500,2081894500,2078894500,2074394500,2072894500
averageInventory,3698095000,3506271000,3668727000,3557830000,3638680000,3358295500,3253118500,3275059500,3226146000,3054415500,2884134000,2865494000,2860173500,2911575500,2920993500,2871319500,2861406500,2852614000,2823541000,2825529000,2698154000,2685302500,2639035500,2583235500,2413935500,2370035500,2316885500,2255435500,2244194500,2172194500,2134194500,2121194500,2093694500,2079694500,2051694500,2036694500,2026194500
daysSalesOutstanding,34.776674027358034,34.364014656930124,49.598620432176574,48.5814568216521,54.195921269748766,46.1270122850408,43.53278923804146,44.54627492080869,43.1642074002388,41.79082037715459,42.80233403058718,44.434908346478444,43.08047308320388,40.57566532909836,40.93999047328762,42.85248713370183,44.28125431230547,45.093048274828035,46.86530363462062,45.95544857098265,44.87661100046858,44.9896133231428,46.035994838192366,50.08678560628969,41.73199893425698,39.73813477842846,39.21292688952659,36.61719907788572,35.71738138686131,36.01253747615154,34.85298398835516,34.64145827056342,35.102815564694716,36.10299116247451,35.43553338449731,33.847117794486216,34.59412022817025
daysPayablesOutstanding,143.32699662498055,138.45512723439415,114.61803064782019,114.3777172749478,116.35473110361035,104.71083944609113,96.03119656940122,86.76004146303748,84.03696346583352,66.46906914274781,59.40221535763055,63.08885563089239,56.67576957184917,47.58494082158938,47.37531687763868,46.25805035526193,52.89051630578762,49.88849619563899,44.26399046181327,47.03831754911566,41.249953063373745,40.89471156583934,38.57410506402794,40.94216458984633,35.890455847371236,37.10487033523087,33.52360515021459,34.95115385778665,31.271915315911347,31.463028865164098,29.981044650379104,30.854030501089323,29.266514806378133,29.8539435248296,32.524752475247524,33.380155409444114,34.39070351758794
daysOfInventoryOnHand,116.03277531399415,117.59964124355669,106.94233290578276,103.3171858116899,120.71556188638482,109.10197720581156,102.1044373319687,103.36958542358934,109.07953582108524,102.85376097755501,93.26150532309586,102.08145115212558,114.66606221843851,109.21942306716213,111.79379363050376,113.64849890295048,120.41109760373772,128.05962032336748,134.1064686192009,137.22729168277166,121.04622617242428,119.9709223655545,117.63442229336438,133.4095812601823,117.08917908636342,113.9372549019608,113.95195901979787,110.90312433838429,106.13132649685743,106.07947805456702,101.32055602358888,100.67320261437908,96.1138952164009,97.73612463485881,99.18041804180419,101.23132098027496,101.56721105527637
receivablesTurnover,10.495540767149345,10.621576193699799,7.359075652096366,7.513154686570133,6.734824161089346,7.912933916996207,8.384484577915398,8.19372665051953,8.456080210521383,8.733975468917363,8.527572345451198,8.214262470261785,8.472516058378789,8.995539494906188,8.915488151814639,8.51759196289313,8.242765605186774,8.094374054631196,7.788277717043639,7.9424749697790915,8.133412748039037,8.112983709780917,7.928578523889938,7.287351256059939,8.746286047189047,9.185131663455364,9.308154961967096,9.967993434550676,10.21911421911422,10.1353591160221,10.472560975609756,10.536507936507936,10.398026315789474,10.109965635738831,10.300395256916996,10.783783783783784,10.550925925925926
payablesTurnover,2.5466242131273673,2.636233177425653,3.1844902406455855,3.1911810158143985,3.136958820135802,3.4857900283371808,3.800848193495293,4.207005827164128,4.343326852217788,5.491275937927344,6.144551980132736,5.78549089771843,6.4401419293880275,7.670493935644423,7.704433955401812,7.89051845455654,6.901048155585113,7.316315941227078,8.245980450291462,7.75963127547835,8.848494916812093,8.925359441950341,9.462306368330465,8.915014720314034,10.169834608738583,9.836983573917372,10.88785046728972,10.44314592545799,11.671814671814673,11.600917431192661,12.174358974358974,11.829896907216495,12.471590909090908,12.226190476190476,11.222222222222221,10.934640522875817,10.613333333333333
inventoryTurnover,3.1456629302563885,3.1037509650566086,3.413054401212367,3.5328101238187406,3.0236366736505027,3.345493907149443,3.5747711807400484,3.5310192887424074,3.346182189468439,3.548727791097996,3.913726233942839,3.5755761294582635,3.183156314417391,3.3418964296812956,3.264939744386732,3.211657026035071,3.0312820600737544,2.850234906821734,2.721718077868621,2.659820765418664,3.0153769476470567,3.0424038825661066,3.1028332768935547,2.735935429466329,3.117282082324455,3.2035175879396984,3.2031042128603104,3.291160660959586,3.4391353811149035,3.440816326530612,3.6024279210925645,3.625592417061611,3.7975778546712804,3.7345454545454544,3.6801619433198383,3.605603448275862,3.5936794582392775
roe,0.257478209503882,-0.009080765203151776,0.16901619639334511,0.23488929418212287,0.18075308485671213,0.21518426115185765,0.22426727287230813,0.21545972916908998,0.20452190665240602,0.21616591952932182,0.2030428619933279,0.17020107601816725,0.15243216229929082,0.2045391966380018,0.1863790694353035,0.1864339913356557,0.1623760141680064,0.15546123864505929,0.1444896667060217,-0.012952996912219619,0.12428248776611318,0.16713889006968838,0.16979944239589892,0.16956583901253397,0.18031491916372636,0.1867398314193585,0.18412433752158638,0.18599703436271034,0.17923875432525951,0.17813765182186234,0.18456078083407276,0.20038722168441434,0.20473251028806586,0.20973348783314022,0.19473684210526315,0.16094986807387862,0.1646090534979424
capexPerShare,-1.8554467180255865,-1.0624887523014521,-2.043894439260032,-1.5847999072666152,-1.0653799102895203,-1.077772037758888,-0.7222665444691331,-0.702424673350772,-0.8022905403657622,-0.6562321041354326,-0.6604853947502809,-0.5402639971651311,-0.8924095100683771,-0.6469070101200486,-0.6837857493392617,-0.7346248892619014,-0.49245636411688326,-0.41260654771104893,-0.4247478375815397,-0.37138482184333227,-0.242780655804127,-0.4064305264300693,-0.9935886677184385,-2.2249966558166494,-0.5033631787607465,-0.5243229102124555,-0.4936861993502698,-0.35472142275537927,-0.30913978494623656,-0.16774193548387098,-0.15,-0.2557471264367816,-0.3057471264367816,-0.20114942528735633,-0.1711864406779661,-0.1922222222222222,-0.16153846153846155
