,2021,2020,2019,2018,2017,2016,2015,2014,2013,2012,2011,2010,2009,2008,2007,2006,2005,2004,2003,2002,2001,2000,1999,1998,1997,1996,1995,1994
period,FY,FY,FY,FY,FY,FY,FY,FY,FY,FY,FY,FY,FY,FY,FY,FY,FY,FY,FY,FY,FY,FY,FY,FY,FY,FY,FY,FY
revenueGrowth,0.15331262939958593,-0.05191873589164785,-0.050950074515648286,0.01956315289648623,-0.22493743559546592,-0.09202699993316849,-0.1273183249737548,0.07897552073500724,-0.12402844385645775,0.05019103855505384,0.03766444404397189,0.17904950775550676,-0.12140634723086496,0.18266117162201942,0.10480526872103423,0.10941728305971496,0.1686696183849884,0.12727272727272726,-0.025139017608897127,-0.07451484936206712,0.3939620385592587,1.056870581002152,0.3565471226021685,0.69950389794472,0.6898203592814371,0.21897810218978103,0.2859020086352544,0.02699055330634278
grossProfitGrowth,0.006683995544002971,0.14644529587058322,-0.08705790905557714,0.044237012987012984,0.012741471434443074,-0.15108164689462666,-0.07189119170984457,-0.048968278410840775,-0.12574044157242864,-0.10159651669085631,0.042885973763874874,0.13419170243204578,-0.05718910169948745,0.08741566441771781,-0.7228229937393283,0.10941728305971496,0.0,-1.0,0.0,-1.0,0.008764241893076249,0.7800312012480499,0.2730883813306852,0.8511029411764706,0.36683417085427134,0.1880597014925373,0.09084988603060892,0.0
ebitgrowth,-1.3777689873417722,0.17417556897352532,-0.09309182813816344,0.05558025789239662,0.0283493369913123,-0.18089887640449437,-0.0796277145811789,-0.04162537165510406,-0.11309698212716085,-0.0881645738712263,0.047872340425531915,0.13396825396825396,-0.05575539568345324,0.100990099009901,-0.02131782945736434,0.04700710179235712,0.1416988416988417,0.13796133567662566,6.619753086419753,-1.1974646513895661,0.26996904024767804,0.745945945945946,0.22679045092838196,1.0886426592797784,0.29856115107913667,0.12096774193548387,0.06850495476087894,-0.5525351841141315
operatingIncomeGrowth,-1.3777689873417722,0.17417556897352532,-0.09309182813816344,0.05558025789239662,0.0283493369913123,-0.18089887640449437,-0.0796277145811789,-0.04162537165510406,-0.11309698212716085,-0.0881645738712263,0.047872340425531915,0.13396825396825396,-0.05575539568345324,0.100990099009901,-0.02131782945736434,0.04700710179235712,0.1416988416988417,0.13796133567662566,6.619753086419753,-1.1974646513895661,0.26996904024767804,0.745945945945946,0.22679045092838196,1.0886426592797784,0.29856115107913667,0.12096774193548387,0.06850495476087894,-0.5525351841141315
netIncomeGrowth,-9.891304347826088,-0.8481848184818482,-0.7481296758104738,2.0361757105943155,-0.02743362831858407,-4.69281045751634,-0.6020806241872562,5.745614035087719,1.125,-16.724137931034484,5.444444444444445,-0.986322188449848,-0.46677471636953,13.989473684210527,-1.3639846743295019,-0.5857142857142857,0.6321243523316062,1.9578163771712158,0.8851524650897692,-13.853479853479854,-0.5741029641185648,1.8114035087719298,-0.26688102893890675,0.6810810810810811,0.48,0.16822429906542055,0.06893106893106893,0.40392706872370265
epsgrowth,-21.596418147090855,-0.8478260869565217,-0.7472527472527473,2.034090909090909,-0.023255813953488393,-4.822222222222222,-0.5794392523364487,5.973771929824584,1.126803332480562,-17.230689655172405,6.45501285347044,-0.98989898989899,-0.4619565217391305,13.938105263157938,-1.3555389221556873,-0.5833333333333333,0.6,1.8823529414392055,0.8955453149312567,-13.519230769230768,-0.6413793103448275,1.4369747899159664,-0.32,0.5765765765765765,0.3703703703703704,0.1250000000000001,0.058823529411764594,0.3600000000000001
epsdilutedGrowth,-20.134808853118713,-0.8444444444444444,-0.7513812154696133,2.0284090909090913,-0.023255813953488393,-4.909090909090909,-0.5849056603773586,5.955087719298268,1.1259557166217347,-17.334999999999994,6.40740740740741,-0.9897959183673469,-0.46153846153846156,13.989052631578948,-1.3592769079494744,-0.5894736842105263,0.5833333333333334,1.8955223875930514,0.8970814131568153,-13.76470588235294,-0.6357142857142857,1.4137931034482758,-0.31360946745562135,0.5504587155963301,0.34567901234567905,0.1250000000000001,0.058823529411764594,0.3600000000000001
weightedAverageSharesGrowth,-0.008097165413533834,-0.0029985007496251873,0.00909393182029769,0.0014985015151515152,0.004601770195993422,-0.03385772941176471,-0.053836151128241465,-0.03271656931359354,-0.015894039735099338,-0.02956298200514139,0.011703511053315995,0.15292353823088456,-0.0029895366218236174,0.0014970059880239522,0.02375478927203065,-0.005714285714285714,0.020077720735791567,0.08552522657502971,0.09949625382523027,0.026698851428571427,0.18759750260324765,0.15364489027817677,0.07811613433856447,0.06628571406628571,0.08,0.038421598907231104,0.00954600778267132,0.032299316269284714
weightedAverageSharesDilutedGrowth,0.06287425149700598,0.0014992503748125937,0.0035494596507547977,0.0070316424242424245,0.004601770195993422,-0.05532755702962586,-0.04137604965535127,-0.030118050802139036,-0.009271523178807948,-0.035759897828863345,0.018205461638491547,0.14776119402985075,-0.027576197387518143,0.016224188790560472,0.013103448625208085,0.00915750840906448,0.03081538136311678,0.0695616211776872,0.11590664475959832,0.00695464208332661,0.16912911851197218,0.16472431195770126,0.068078500999995,0.08424756125977498,0.09981651393981651,0.038421598907231104,0.00954600778267132,0.032299316269284714
dividendsperShareGrowth,0.06108522087146231,0.05565155983882354,0.04284204692130675,0.08354980055940671,0.08809627924764886,0.08754649254858313,1.0257238415441177,0.2510128833228768,3.030731269627635,0.0,0.0,-1.0,0.0,0.0,0.0,0.0,0.0,0.0,0.0,-1.0,0.0,0.0,0.0,0.0,0.0,0.0,-1.0,0.0
operatingCashFlowGrowth,-0.30961887477313976,0.11719383617193836,0.052496798975672214,-0.05865809562073122,-0.1369625520110957,0.3514526710402999,0.19151312116136238,-0.34033149171270716,-0.0641158221302999,0.005894590846047157,-0.17834757834757833,0.5860822413014009,0.022170900692840646,-0.08145948239287229,-0.022397345499792616,0.11362586605080831,0.3772264631043257,-0.04263093788063337,0.08885941644562334,-0.10821998817267889,2.684095860566449,1.3299492385786802,-0.6268939393939394,1.7357512953367875,0.06043956043956044,-0.07614213197969544,0.20489296636085627,0.0
freeCashFlowGrowth,-1.2502923976608187,13.01639344262295,-0.7252252252252253,-0.28846153846153844,-0.42115027829313545,4.097701149425287,0.22666666666666666,-1.3094910591471802,0.09323308270676692,0.4647577092511013,-0.6216666666666667,4.908794788273616,0.5451851851851852,-8.926470588235293,-1.071503680336488,-0.06947162426614481,0.5029411764705882,0.642512077294686,1.680921052631579,0.5897435897435898,0.12359550561797752,-1.6546310832025117,-58.90909090909091,1.0345911949685536,0.018518518518518517,-9.307692307692308,-0.7464239271781534,0.0
tenYRevenueGrowthPerShare,-0.23928832908321182,-0.3289639669546907,-0.27834832495219214,-0.32382594231168194,-0.21565820108652017,0.09711544318071001,0.3025793992953487,0.6179801562361537,0.5062755517440257,0.5003936574331458,0.2497715811381007,0.43023907024186164,1.4935146373768236,2.560351822813231,3.8054139723430533,5.967192328951294,6.329869843513659,7.149285449441864,6.84748421558304,7.850779396076612,8.818725923301777,7.365144862417465,3.6917908769266194,2.728801866944437,1.3394875211023936,0.4952160499859237,0.2737428494809869,0.0
fiveYRevenueGrowthPerShare,-0.18324503393975838,-0.33984530262366464,-0.35969709648374804,-0.24057332181059943,-0.3359968128448367,-0.06861702404307125,0.016483008773882576,0.12704732570292201,-0.10962562007904517,0.18123197913234704,0.17794234112289106,0.2814571301753146,0.4355920282469456,0.6917328100542931,0.2701939025856998,0.06097857043387822,0.11610372018156576,0.7369242711815183,1.1045591843188098,2.7832129114781607,5.566760652010266,5.567373364118211,3.6917908769266194,2.728801866944437,1.3394875211023936,0.4952160499859237,0.2737428494809869,0.0
threeYRevenueGrowthPerShare,0.03988456998542268,-0.08951866846603687,-0.26130677728087226,-0.261860408360067,-0.33124940951242265,-0.033105254941057226,-0.0842108548397034,0.07450128418462314,-0.012009487480556824,0.13510534158798737,-0.07567742668242884,0.06421791123736885,0.1230234342134568,0.42194959262642096,0.37953273225907447,0.32749012389224685,0.054864084053488645,-0.1700261812887557,-0.06188304630086527,0.8864394488686927,1.6332120272584296,2.5756313239387194,2.1378681876580905,1.9274369378904188,1.3394875211023936,0.4952160499859237,0.2737428494809869,0.0
tenYOperatingCFGrowthPerShare,-0.2221352758040464,-0.09234839234839234,0.11432444645277906,0.09533323732722551,0.06880343528625232,0.18803316690705613,-0.04874507539736456,0.019850553569515414,0.3188761081379927,0.37341509143025287,0.1508834765635096,3.3960044044978206,5.453677136058874,1.178463039064977,5.09402955137135,5.266142913772053,3.9774125066860044,3.400012309928228,3.989010558889607,4.037747148019982,4.799916057841852,0.8696489142229856,-0.07426699226149187,1.6749704631210187,0.04259579269397196,0.061827093326047154,0.19349980790596916,0.0
fiveYOperatingCFGrowthPerShare,-0.34313748872144517,0.32012317579327904,0.48359108425184394,-0.029943502218264667,-0.01852287090136116,0.18421238971588305,-0.31244930450812813,-0.24890055064282174,0.12914375588634808,0.08897436689921805,0.0032264289956379787,0.3835415058697748,0.3578102799068025,0.168032060809396,0.26120056924843954,0.14718217473167627,2.1773563610831004,3.753003590827021,0.8650712700089721,3.831927371395682,4.462203869440084,0.5665263637564719,-0.07426699226149187,1.6749704631210187,0.04259579269397196,0.061827093326047154,0.19349980790596916,0.0
threeYOperatingCFGrowthPerShare,-0.18652972745782323,0.09854789645870417,-0.15778692621234447,0.12951641512891948,0.5133101238693466,0.2013353024148763,-0.18325830849402847,-0.32773985544474044,-0.199428282200826,0.15809769483754935,0.1454704132702435,0.2935929994102177,-0.10207743494490831,-0.019058295964125633,0.44399813529524934,0.3336432621174999,0.17920584262220546,-0.24136620839897607,1.6684210714304124,4.441900748820436,1.1682168598881673,0.7932634366305893,-0.12816972409438196,1.241282692633469,0.04259579269397196,0.061827093326047154,0.19349980790596916,0.0
tenYNetIncomeGrowthPerShare,-9.317333864658636,4.910442773600668,-0.5395136778115501,-0.013306320924021451,11.369186602870812,-5.3000000012176995,-0.53125,0.7833333318759498,-1.225635341687011,-0.8144474624139629,-0.8566343682024916,-0.9919286130578644,0.6579945308003893,1.1080503925040495,-1.256244267964072,-0.012345679999999956,1.666666664672897,0.7647058850302395,-3.000000001402468,-20.14705884554932,0.5294117662337663,3.2647058819561416,0.7500000031682079,1.5735294174387944,0.6323529444395457,0.19117647296939824,0.05882353126117428,0.0
fiveYNetIncomeGrowthPerShare,-0.6395009834297913,-0.8462823725981621,-0.5754459217718839,10.861929824364198,0.45626495215310997,-24.07172414446462,37.449999999999996,0.08463525803425938,-0.9168184525043028,7.493774834437086,-0.8136246786632391,-0.9878088426527958,0.6441779101925721,-3.7125648473741415,-0.9781542905006458,-0.23076923076923075,-0.33793103375975037,0.008403361048804568,-1.7771428559743805,-12.729729719771662,0.28395061600000004,3.027777770367846,0.7500000031682079,1.5735294174387944,0.6323529444395457,0.19117647296939824,0.05882353126117428,0.0
threeYNetIncomeGrowthPerShare,-1.3406913783992636,-1.0393231139865167,-1.264112129906728,3.044444444377205,-2.644010195903771,-12.210175441771055,-1.372532894736842,13.352758616396894,12.109914759982054,-2.2244690915678658,-0.959583439230375,-1.0822941619327904,1.4662668665667167,0.9214000996512208,-1.237025947980981,-1.588235294292804,-1.1474654377657452,0.1538461544440016,-1.4689655176138678,-11.941176463363083,-0.4057142864308681,1.612612607146913,0.469135802192062,1.4305555566690515,0.6323529444395457,0.19117647296939824,0.05882353126117428,0.0
tenYShareholdersEquityGrowthPerShare,-0.44497617559985164,-0.5294401615037129,-0.359144385026738,-0.11505042247314788,-0.2114795234264261,-0.08598114633600686,0.8429451450076695,1.3246567385874253,4.354704404874435,-10.565820055516498,-0.4323944548066598,-0.3991470262016115,-0.29040952312153034,-0.3662943221162538,-0.38229956424474987,0.5375504132516181,0.05636305048130934,0.28685360349657635,-0.4522746067292329,-1.3183840436386363,5.77638344903541,6.050344640580646,3.9710404573426743,3.355452587204098,2.8590588312436744,0.5229694148091234,0.1971192984076234,0.0
fiveYShareholdersEquityGrowthPerShare,-0.0025743597871338585,-0.14467655324401826,-0.24433850467884036,-0.16719938415549282,-0.38283856291078877,-0.44354365676653584,-0.44984573931534605,-0.15192765683939555,0.06261878376430223,0.27765675103189014,0.6425706432831727,2.3498698032696645,1.7411066489019928,4.039158432627663,-8.487003099847227,-0.6544407100453169,-0.8206339323361398,-0.741129927519343,-0.8742437479677928,-1.0825030292518316,3.4494547186193536,4.889425264431732,3.9710404573426743,3.355452587204098,2.8590588312436744,0.5229694148091234,0.1971192984076234,0.0
threeYShareholdersEquityGrowthPerShare,-0.12598917167377224,0.06052555323399779,0.05618396511694036,0.04803641365887562,-0.37167504863061795,-0.2702445909356109,-0.23477431024937878,-0.22224399330945208,-0.3076593756569113,-0.1365873145164147,0.39355371657624755,0.7771302313576498,0.5063799621928168,1.1825804197135374,0.8523803447318129,3.275212144403457,-4.971909456904902,-0.8100972866758662,-0.9223122526354034,-1.0640477675389572,0.5558391035971267,0.8269596160337633,2.264044838330325,2.6382778165865393,2.8590588312436744,0.5229694148091234,0.1971192984076234,0.0
tenYDividendperShareGrowthPerShare,0.0,0.0,-0.5721040189125296,0.0,0.0,0.0,0.0,0.0,0.0,0.0,-1.0,0.0,0.0,0.0,0.0,0.0,0.0,-1.0,-1.0,-1.0,11.016806734693876,-1.0,-1.0,-1.0,-1.0,-1.0,-1.0,0.0
fiveYDividendperShareGrowthPerShare,0.37722721000302417,0.4115724092840797,1.7087118442653673,2.249421544124747,11.087626262626262,0.0,0.0,-0.8420297153448153,0.0,0.0,0.0,0.0,0.0,0.0,0.0,-1.0,0.0,0.0,0.0,0.0,0.0,0.0,-1.0,-1.0,-1.0,-1.0,-1.0,0.0
threeYDividendperShareGrowthPerShare,0.16812519910971066,0.19285595692701782,0.22951755843457577,0.28222439069271904,1.3971510281250001,1.756067525135354,9.214705882352941,0.0,0.0,-0.9686722089145648,0.0,0.0,0.0,0.0,0.0,0.0,0.0,-1.0,0.0,0.0,0.0,0.0,0.0,0.0,-1.0,-1.0,-1.0,0.0
receivablesGrowth,0.09076923076923077,-0.12102772143340094,-0.07272727272727272,0.09022556390977443,-0.32456140350877194,-0.12414071977355438,-0.08711701734957548,0.1464240372407956,-0.12868731563421829,0.06186374314800313,0.06906655504395144,0.0978860294117647,-0.038869257950530034,-0.026655202063628546,0.22228060956384657,0.17687074829931973,0.02666666666666667,0.30057803468208094,-0.041930379746835444,-0.20901126408010012,0.06675567423230974,0.6004273504273504,1.443864229765013,0.1069364161849711,2.326923076923077,0.6,0.4908256880733945,0.0
inventoryGrowth,0.31019522776572667,-0.053388090349075976,-0.1559792027729636,0.026690391459074734,-0.10793650793650794,-0.06666666666666667,-0.038461538461538464,0.02631578947368421,-0.11053315994798439,-0.025348542458808618,0.315,0.054481546572934976,-0.008710801393728223,0.19583333333333333,-0.07335907335907337,0.12608695652173912,0.10047846889952153,0.11170212765957446,-0.020833333333333332,-0.3865814696485623,0.2545090180360721,0.6254071661237784,1.5798319327731092,0.25263157894736843,0.1728395061728395,1.25,0.5584415584415584,0.0
assetGrowth,-0.04739473456058723,0.028382073228720876,0.034654530918483445,-0.017848514133848754,-0.08325258174368061,-0.019837177747625508,-0.054303751988913414,-0.03575759075499245,-0.03392302175472149,-0.07727262700461032,0.11902939942237911,0.024686986214746427,0.13586737918749642,0.010245842161785621,0.10557391778711935,0.05881353628703452,-0.010090138571236378,-0.005751738897806314,-0.11463761250592136,-0.08057491289198607,0.18377211355653658,0.48625478927203064,0.9367405620999907,0.21012459310809295,1.4596907785753728,0.5612068965517242,0.2115515170504987,0.0
bookValueperShareGrowth,0.07093425006899236,-0.11818364335404531,-0.07450121091760938,0.2994726166112588,-0.12179363031170758,-0.08164063857175952,-0.2209325382239334,0.019975169151084562,-0.03700312863887258,-0.20817556685667735,-0.09204141228126952,0.2009460164252475,0.27800980948609905,0.15787474559648249,0.017978864405575508,0.8516969532213913,-0.017298789528328213,1.349450325485317,-2.720329282243907,-1.046984360615537,-0.03885784390855904,0.4182834963989561,0.14133729108821336,0.12863078218490093,1.5339043540328332,0.2721951912686863,0.19711929840762385,0.9291388204154952
debtGrowth,-0.059453749811377694,-0.014474793040202251,0.04550401658460741,-0.03355872777360381,-0.02433660753555197,-0.016532897582544337,-0.002445104995685109,-0.009074065276260155,-0.0151593131521078,-0.053160855889779826,0.14392135002280443,-0.00918859208676441,0.10087889005582887,0.005390685784150273,0.10088712144386662,-0.07686659889303062,-0.047193671635365655,-0.05372237498726958,-0.020402055170349678,-0.09933507053643634,0.22539088306540409,0.36039544637507487,1.0066125638713557,0.28430804863925885,1.3485947416137807,0.6256448047162859,0.12623454228566686,0.0
rdexpenseGrowth,0.0,0.0,0.0,0.0,0.0,0.0,0.0,0.0,0.0,0.0,0.0,0.0,0.0,0.0,0.0,0.0,0.0,0.0,0.0,0.0,0.0,0.0,0.0,0.0,0.0,0.0,0.0,0.0
sgaexpensesGrowth,0.006060606060606061,-0.15816326530612246,0.020833333333333332,-0.10697674418604651,0.10824742268041238,-0.01020408163265306,0.0481283422459893,-0.15,-0.2691029900332226,-0.23017902813299232,-0.002551020408163265,0.13623188405797101,-0.07008086253369272,-0.021108179419525065,0.24262295081967214,0.38009049773755654,0.21428571428571427,0.1592356687898089,0.4017857142857143,-0.06666666666666667,0.4117647058823529,0.19718309859154928,0.26785714285714285,0.24444444444444444,0.2857142857142857,0.09375,0.012658227848101266,0.0
