,2021,2020,2019,2018,2017,2016,2015,2014,2013,2012,2011,2010,2009,2008,2007,2006,2005,2004,2003,2002,2001,2000,1999,1998,1997,1996,1995,1994,1993,1992,1991
period,FY,FY,FY,FY,FY,FY,FY,FY,FY,FY,FY,FY,FY,FY,FY,FY,FY,FY,FY,FY,FY,FY,FY,FY,FY,FY,FY,FY,FY,FY,FY
currentRatio,1.1318681318681318,1.009697873927639,1.02649136577708,1.140031825414867,1.0613802256138023,1.2160470409711683,0.9879136690647482,1.1184793482921251,1.0112374232327193,1.0175501863204712,1.0925882074354725,1.1712337259764414,1.3271409152695968,1.4137398687765341,1.5206129149945276,1.3054285146152316,0.9678135405105438,1.0240564081294068,0.7531987051025127,0.6679465519889418,0.9230311446141638,1.1415403523146253,1.0066147859922179,0.6346153846153846,0.9883720930232558,1.3141361256544504,1.8640350877192982,4.053023255813954,1.75,1.1338582677165354,0.9739130434782609
quickRatio,0.547971259509721,0.5080193957478553,0.5706436420722135,0.6987951807228916,0.47047113470471136,0.8097496206373292,0.6070503597122302,0.7084464770615978,0.6106102182150791,0.6464719317225628,0.665403741416055,0.8274023558586485,0.8507778281226401,0.8778463913546893,1.0379423568040862,0.8005567707297674,0.6339252682204958,0.6186229780174202,0.45444735625096344,0.31393027184764244,0.49990081333068836,0.48730028676771814,0.6245136186770428,0.4423076923076923,0.5382059800664452,0.756544502617801,1.3333333333333333,2.77953488372093,1.4772727272727273,0.8976377952755905,0.8
cashRatio,0.1992814877430262,0.2030958597538232,0.20192307692307693,0.26506024096385544,0.15743198407431985,0.2475341426403642,0.18158273381294965,0.21995140774617694,0.21455638311773162,0.23680730857074167,0.20246270423869286,0.3166769993800372,0.27322156773901224,0.17425704361250482,0.37541043414812114,0.4221515211771724,0.3348131705512394,0.29199502281211115,0.2677663018344381,0.11979726616495162,0.18290021821067248,0.1804588283490373,0.2603112840466926,0.24848178137651822,0.25083056478405313,0.48429319371727747,1.0482456140350878,2.373953488372093,0.9924242424242424,0.5748031496062992,0.6086956521739131
daysOfSalesOutstanding,46.45633246566736,49.12008281573499,52.982137599371875,54.22643442622951,50.711775878442545,58.19152068305608,60.325135333823425,57.66855243205413,54.27569064250205,54.5659004465024,53.96607618386014,52.38090947317835,56.25327572774275,51.422526446795274,62.48086546953194,56.475729734124734,53.23876961933971,60.60246679316888,52.52703505644682,53.44763670064875,62.53564919052214,81.71723210282468,105.02305564094682,58.29649708090075,89.50389794472005,45.461077844311376,34.63503649635036,29.874225642951004,27.427745664739884,34.58852867830424,24.04191616766467
daysOfInventoryOutstanding,26.151838671411625,24.151715228936418,22.67283163265306,25.79995099840745,25.431440614926856,20.617771003317493,20.366619823096634,18.226632522407172,19.745333755140777,19.45553476121162,21.916666666666668,17.267208073799576,19.54866340361446,16.94653401278007,17.211906867079282,,,,,,32.52526690391459,41.30982082104786,56.851851851851855,31.225736879942488,39.99423298731258,67.65446224256293,37.542857142857144,37.37367021276596,31.20817843866171,30.15217391304348,24.713541666666668
operatingCycle,72.60817113707898,73.27179804467141,75.65496923202494,80.02638542463696,76.14321649336941,78.80929168637357,80.69175515692007,75.8951849544613,74.02102439764283,74.02143520771402,75.88274285052681,69.64811754697793,75.80193913135722,68.36906045957534,79.69277233661123,,,,,,95.06091609443673,123.02705292387253,161.87490749279868,89.52223396084324,129.49813093203264,113.1155400868743,72.1778936392075,67.24789585571696,58.63592410340159,64.74070259134773,48.75545783433134
daysOfPayablesOutstanding,49.92230130486358,60.562652504664854,61.035076530612244,59.42484380742374,62.04004463178775,54.195283780148834,51.92733735636934,59.14568217385119,65.21156279658335,66.74083316004715,56.111111111111114,59.28408105337854,41.81146460843373,30.763568713095527,38.47578347578348,,,,,,42.553024911032026,58.61193014288955,70.55555555555556,56.41624730409777,86.30334486735872,53.45537757437071,34.41428571428571,19.90026595744681,21.71003717472119,28.565217391304348,62.73437500000001
cashConversionCycle,22.685869832215403,12.70914554000656,14.619892701412695,20.601541617213215,14.103171861581657,24.614007906224735,28.764417800550724,16.749502780610108,8.809461601059482,7.280602047666875,19.771631739415696,10.364036493599386,33.990474522923485,37.605491746479814,41.21698886082775,,,,,,52.50789118340471,64.41512278098298,91.31935193724313,33.105986656745465,43.19478606467392,59.6601625125036,37.763607924921786,47.347629898270156,36.9258869286804,36.17548520004338,-13.978917165668669
grossProfitMargin,0.24333542769948838,0.2787784679089027,0.23054274217293158,0.23966095380029806,0.23399810066476734,0.1790814073310761,0.19153912985363897,0.1801003149422606,0.2043294946825247,0.20472961799239292,0.2393192080583536,0.2381209827596564,0.24753877753381967,0.23067828251400124,0.25088313217544894,1,1,0,1,0,0.24681033558486115,0.34105514870721865,0.39409775591761453,0.41993327773144284,0.3855421686746988,0.47664670658682634,0.48905109489051096,0.576497090294725,0.4816955684007707,0.42643391521197005,0.4251497005988024
operatingProfitMargin,0,0,0,0,0,0,0,0,0,0,0,0,0,0,0,0.25172778274656477,0.2667328161645318,0,0.2704693998811646,0,0,0.2413690031385443,0,0,0,0,0,0,0.17148362235067438,0.16458852867830423,0.15269461077844312
pretaxProfitMargin,-0.09550309666995781,0.0505175983436853,0.09824320345470605,0.1879657228017884,0.07321937321937322,0.01008390990725747,0.07498496290850765,0.09191648197830397,0.06594927946636461,0.017308858387078994,0.1261433368067616,0.06271400252297711,0.16594659678447482,0.17118855009334163,0.11878127759788049,0.05602081470038214,0.09895363521558723,0.06483238456672992,0.0629827688651218,-0.3031742354031511,0.07472928058325293,0.13450904199671201,0.10943744236089763,0.1884904086738949,0.17292700212615167,0.2215568862275449,0.23941605839416058,0.26619110193354606,0.17148362235067438,0.16458852867830423,0.15269461077844312
netProfitMargin,-0.036711246746252583,0.004761904761904762,0.029737952694081853,0.11205290611028317,-0.11025641025641025,-0.08317385543942293,0.020450444429592995,0.04485011081301761,0.007173872003020577,-0.05027286257648421,0.0033576473312492763,0.0005406379527842854,0.0466038671294001,0.07678904791537025,-0.006991463055637327,0.021221237498983657,0.056828432256900596,0.04069154543537845,-0.047890671420083186,-0.4065106580166821,0.029269861691862336,0.09580032879988043,0.0700891484783277,0.12969140950792327,0.13111268603827073,0.1497005988023952,0.1562043795620438,0.18791064388961892,0.13680154142581888,0.1396508728179551,0.12874251497005987
effectiveTaxRate,0.125,0.4426229508196721,0.3516483516483517,0.3508424182358771,1.284046692607004,-1.3722627737226278,0.4144385026737968,0.26586294416243655,0.32729007633587787,2.254777070063694,0.2918770078017439,0.2940613026819923,0.25565514297908665,0.2813522355507088,0.42441140024783147,0.5849056603773585,0.4238833181403829,0.40487804878048783,0.3660377358490566,0.010317157050057318,0.3299856527977044,0.28,0.31179775280898875,0.32079646017699115,0.22950819672131148,0.32432432432432434,0.3475609756097561,0.3067700987306065,0.20224719101123595,0.13636363636363635,0.1568627450980392
returnOnAssets,-0.012407851227133452,0.0013293645059676907,0.009004992867332383,0.03699148242673964,-0.03506281710558106,-0.0312854730197403,0.00830393487109905,0.019735153723759176,0.002821014080324664,-0.02180253406645948,0.0012794211722145015,0.00022216188195798672,0.01664348046035159,0.035453657415388154,-0.0027573796186108612,0.008375316882200045,0.021405273172057624,0.012982644961657474,-0.013476457998929908,-0.10389033633349123,0.00743140243902439,0.02065543131505172,0.010919540229885057,0.028847045728596605,0.020765518015489953,0.03451131971286582,0.046120689655172416,0.05227427019687712,0.04208654416123296,0.03608247422680412,0.029861111111111113
returnOnEquity,-0.1461758398856326,0.017463933181473046,0.10113484646194927,0.375,-0.47099391480730224,-0.4044380816034359,0.09717370593839314,0.18000936329588016,0.026327944572748268,-0.19960604070912671,0.009754456777665657,0.001390390854317936,0.14074866310160428,0.33633142545652767,-0.03002528445006321,0.08596837944664032,0.38204972710733776,0.23465045592705167,-0.6248062015503876,10.290322580645162,0.038619323808176544,0.10350395607944453,0.06023778071334214,0.10110533159947985,0.07237871674491393,0.13383297644539616,0.15134370579915135,0.1711111111111111,0.2297734627831715,0.3163841807909605,0.3049645390070922
returnOnCapitalEmployed,0,0,0,0,0,0,0,0,0,0,0,0,0,0,0,0.1184663656539374,0.12307500208107883,0,0.09719434598795747,0,0,0.06175672058429888,0,0,0,0,0,0,0.057234726688102894,0.04631578947368421,0.038490566037735846
netIncomePerEBT,0.3843984962406015,0.0942622950819672,0.3026973026973027,0.5961347869177404,-1.5058365758754864,-8.248175182481752,0.2727272727272727,0.4879441624365482,0.10877862595419847,-2.9044585987261144,0.02661771454795778,0.008620689655172414,0.2808365343576611,0.4485641584878226,-0.05885997521685254,0.3788098693759071,0.5742935278030994,0.6276422764227643,-0.7603773584905661,1.3408482995796713,0.3916786226685796,0.7122222222222222,0.6404494382022472,0.6880530973451328,0.7581967213114754,0.6756756756756757,0.6524390243902439,0.7059238363892807,0.797752808988764,0.8484848484848485,0.8431372549019608
ebtPerEbit,,,,,,,,,,,,,,,,0.2225452196382429,0.37098410551234356,,0.23286467486818982,,,0.5572755417956656,,,,,,,1,1,1
ebitPerRevenue,0,0,0,0,0,0,0,0,0,0,0,0,0,0,0,0.25172778274656477,0.2667328161645318,0,0.2704693998811646,0,0,0.2413690031385443,0,0,0,0,0,0,0.17148362235067438,0.16458852867830423,0.15269461077844312
debtRatio,0.8614507174711039,0.8635956419963587,0.8445970042796006,0.8276805756280557,0.8536784247402754,0.8421883219358233,0.8325373134328358,0.8120156033465072,0.8106703620301403,0.820368156825245,0.7853881278538812,0.7429587025746094,0.775388895915012,0.8945871401482502,0.9081647461759499,0.8030998299265154,0.8892362054906224,0.8906901654782726,0.9515115034777956,0.9858775461866414,0.8075729529616724,0.8004382431605066,0.8187260536398467,0.7146832390316297,0.7130991132562577,0.7421314191054665,0.6952586206896552,0.6945010183299389,0.8168346176644932,0.8859536082474226,0.9020833333333333
debtEquityRatio,10.14867762687634,11.345102505694761,9.485647530040053,8.390586034912719,11.467342799188641,10.887258410880458,9.742457923150207,7.406601123595506,7.565819861431871,7.510615014226308,5.987891019172553,4.6497759925845825,6.557219251336899,8.486508585445625,9.889064475347661,8.243412384716732,15.87143723468769,16.098480243161095,44.11472868217054,-97.65102639296188,4.196774649879757,4.010980138866462,4.516512549537649,2.5048764629388818,2.485524256651017,2.8779443254817987,2.2814710042432815,2.2733333333333334,4.459546925566343,7.768361581920904,9.212765957446809
longTermDebtToCapitalization,0.8610034773969201,0.8750770690064027,0.8593493263227079,0.8460947994626751,0.8783677094641271,0.8727338981506787,0.8530358892985486,0.8142366395616819,0.8133540238803396,0.8021049896049897,0.7718517381628425,0.7205818872485539,0.7933062162879123,0.8213033313851549,0.8401455059869651,0.8306559571619813,0.9060773480662984,0.9109270088802253,0.9630096920341802,1.0208371524595172,0.7347964734571375,0.7171112735245752,0.7622636769047171,0.6301551040038476,0.642066937403725,0.6825288919102651,0.6336787564766839,0.6616737030825285,0.7952286282306164,0.8710852148579752,0.8916218293620292
totalDebtToCapitalization,0.8698423035772433,0.8830113257828115,0.8706892830937891,0.8574412300582145,0.8901025412394115,0.8798641269295266,0.8685506762397729,0.8300039793076005,0.8293865006501439,0.8238763395266363,0.7915074161085592,0.7529954972143784,0.8098897970802326,0.8313878676470589,0.85045845543057,0.8433517362365203,0.9148023766468613,0.9186770812734824,0.9681999704185771,1.017304374302243,0.7589593207624373,0.7457404442254794,0.7791328703973858,0.6838643371017472,0.6696393951143854,0.7025477707006369,0.6574612403100775,0.6731660986647299,,,0.8924485125858124
interestCoverage,0,0,0,0,0,0,0,0,0,0,0,0,0,0,0,1.7180910099889013,1.5595991561181435,,1.1460221550855991,,,1.2432640492686682,,,,,,,,,
cashFlowToDebtRatio,0.10171666934060646,0.1385745183843871,0.12224260149705052,0.12143042238922,0.12466816929626846,0.14093730147094757,0.10256163791031864,0.08586633426023588,0.12898474986935246,0.13573199831563187,0.12776325698843752,0.17787462626057873,0.11111669009841334,0.11967276546349014,0.1309881071468267,0.14750688283878863,0.12227493505026545,0.084593445622343,0.08361340258682147,0.07522322542026239,0.07597268397879414,0.0252697643690817,0.01475434391851408,0.0793507664562669,0.037251495850221965,0.08250226654578423,0.1451731761238025,0.13569590837413895,,,0.07333333333333333
companyEquityMultiplier,11.780914939242315,13.13705391040243,11.230974632843791,10.137468827930174,13.43286004056795,12.927344309234073,11.702127659574469,9.12125468164794,9.332794457274828,9.155176187349529,7.624117053481332,6.258458211030434,8.45668449197861,9.486508585445625,10.889064475347661,10.264492753623188,17.848392965433597,18.074164133738602,46.36279069767442,-99.04985337243401,5.196774649879757,5.010980138866462,5.516512549537649,3.5048764629388818,3.485524256651017,3.8779443254817987,3.2814710042432815,3.2733333333333334,5.459546925566343,8.768361581920903,10.212765957446809
receivablesTurnover,7.856840620592384,7.430769230769231,6.889114266396214,6.731034482758621,7.19753930280246,6.2723915050784855,6.050545895673271,6.329272794389073,6.724925941599661,6.689159292035399,6.763508222396241,6.968187526161574,6.4885110294117645,7.098056537102473,5.841788478073947,6.462953231739359,6.855905998763141,6.022857142857143,6.948802642444261,6.829113924050633,5.836670838548185,4.466622162883845,3.4754273504273505,6.261096605744125,4.078034682080925,8.028846153846153,10.538461538461538,12.21788990825688,13.307692307692308,10.552631578947368,15.181818181818182
payablesTurnover,7.311361665221162,6.02681660899654,5.980167810831427,6.142212189616253,5.883296863603209,6.734903381642512,7.029052876234747,6.1712028094820015,5.5971668880035415,5.468915845337377,6.5049504950495045,6.156796116504855,8.729663105998357,11.86468330134357,9.486486486486486,0,0,0,0,0,8.577533577533577,6.227401129943503,5.173228346456693,6.469767441860465,4.229268292682927,6.828125,10.606060606060606,18.341463414634145,16.8125,12.777777777777779,5.818181818181818
inventoryTurnover,13.956953642384105,15.112798264642082,16.098562628336754,14.147313691507799,14.352313167259787,17.703174603174602,17.921481481481482,20.025641025641026,18.485380116959064,18.76072821846554,16.653992395437264,21.138333333333332,18.671353251318102,21.538327526132406,21.20625,0,0,0,0,0,11.222044728434504,8.835671342685371,6.420195439739413,11.6890756302521,9.126315789473685,5.395061728395062,9.722222222222221,9.766233766233766,11.695652173913043,12.105263157894736,14.76923076923077
fixedAssetTurnover,0.5596804983422083,0.4232016121966179,0.4513599716487995,0.5017760329033464,0.5188214426487978,0.5946513765483433,0.6558117110799438,0.6817223967237883,0.6328050334501434,0.700073322270675,0.6713303019703859,0.6761301328134519,0.5811005473926822,0.751180292619081,0.6787212787212787,0.6448044458425082,0.5942961295164576,0.5048967426016606,0.4547419616319914,0.4580282288018678,0.3980114363744986,0.3749299562927267,0.2419126942812523,0.43568313953488375,0.3400819474572186,0.3761261261261261,0.44193548387096776,0.45025779731214605,0.43034825870646765,0.3208,0.27309893704006544
assetTurnover,0.33798501349998483,0.279166546253215,0.30281145981930574,0.3301251499031395,0.31801159700410725,0.3761455189789308,0.4060515603799186,0.4400246368629061,0.39323451535473014,0.43368395888118577,0.38104691946264313,0.41092542766162277,0.35712659668648034,0.4617020054013676,0.394392360607204,0.3946667522382312,0.37666485458004895,0.31905018162249427,0.281400481540931,0.2555660824253908,0.2538926393728223,0.21560919021686592,0.15579501915708813,0.22242834616454873,0.1583791671343585,0.23053561568194367,0.2952586206896552,0.2781868504882761,0.3076467101363367,0.25837628865979384,0.23194444444444445
operatingCashFlowPerShare,2.8943478267161624,4.192391305259216,3.6971514242878563,3.544688279242815,3.771212121212121,4.389805310977644,3.138235294117647,2.4920286078372347,3.654104979811575,3.842384105960265,3.7069408740359897,4.564369310793238,3.31784107946027,3.2361733931240657,3.5284431137724552,3.695019157088123,3.2990476190476192,2.4435233173282502,2.7706203465695425,2.797685950835786,3.220952380952381,1.0382995308474108,0.5141008776101257,1.4855305484150287,0.579000000579,0.58968000058968,0.6628037388133112,0.5553446547898655,0.4106666666666667,0.2716783216783217,0.3312741312741313
freeCashFlowPerShare,-0.32565217398383745,1.3010869568045842,0.09145427286356822,0.33586034912159834,0.4727272727272727,0.8204247789933946,-0.25588235294117645,-0.3130689205825672,0.9784656796769852,0.8807947019867549,0.583547557840617,1.5604681404421326,-0.46026986506746626,-1.0089686098654709,-0.10179640718562874,1.457471264367816,1.5573333333333332,1.0569948192005154,0.6985607938366568,-1.1279794815040836,-2.822857142857143,-3.825195003623032,-1.662346492576904,0.030948553091979768,-0.954000000954,-1.04976000104976,0.13121495336913266,0.5223976018757267,0.35733333333333334,-0.18496503496503497,-0.6312741312741312
cashPerShare,1.7880434786495747,2.166956522210208,2.1424287856071964,2.2375561096884864,2.08030303030303,3.2010265495790517,2.5676470588235296,3.127906370976049,3.1090174966352624,3.5311258278145696,3.9408740359897174,5.5708712613784135,5.182908545727137,3.415545590433483,5.0359281437125745,3.253639846743295,2.758095238095238,2.18860103740342,2.930918113271191,1.4470789400874755,1.756190476190476,1.992901713892307,1.7458552645744878,1.381430869832915,0.906000000906,0.5994000005994,0.8041121501339156,0.8668131859472396,0.52,0.26573426573426573,0.2702702702702703
payoutRatio,-0.980440097799511,8.282608695652174,1.1947194719471947,0.28595178719867,-0.2730404823428079,-0.25663716814159293,0.9019607843137255,0.18725617685305593,1.043859649122807,-0.03289473684210526,0,0,1.2857142857142858,0,0,0,0,0,0,0,0.054945054945054944,0,0,0,0,0,0,0.006993006993006993,0.18028169014084508,0.2892857142857143,0.29767441860465116
operatingCashFlowSalesRatio,0.1707207611524998,0.2851966873706004,0.24202571400529985,0.2182377049180328,0.23637226970560304,0.21227734432504047,0.14261845886520083,0.10445584976087717,0.17085142533509534,0.15991400694559285,0.16695611902280885,0.21084880158587133,0.15673914583185777,0.13472308649657747,0.1734618781277598,0.19603219773965364,0.19529135847014253,0.1657179000632511,0.19512774806892455,0.1746987951807229,0.18130159751259783,0.06859961141832312,0.06055948355364279,0.22018348623853212,0.13678242381289865,0.2179640718562874,0.2875912408759124,0.30692697578374317,0.2373795761078998,0.19376558603491273,0.2568862275449102
freeCashFlowOperatingCashFlowRatio,-0.11251314405888538,0.3103448275862069,0.02473641524736415,0.09475032010243278,0.12535154680594615,0.18689320388349515,-0.08153701968134958,-0.12562814070351758,0.2677716390423573,0.22923129955187865,0.15742024965325938,0.3418803418803419,-0.13872571170356982,-0.3117782909930716,-0.028850233347475603,0.3944421401907922,0.4720554272517321,0.43256997455470736,0.25213154689403167,-0.40318302387267907,-0.8764044943820225,-3.684095860566449,-3.233502538071066,0.020833333333333332,-1.6476683937823835,-1.7802197802197801,0.19796954314720813,0.9406727828746178,0.8701298701298701,-0.6808236808236808,-1.9055944055944056
cashFlowCoverageRatios,0.10171666934060646,0.1385745183843871,0.12224260149705052,0.12143042238922,0.12466816929626846,0.14093730147094757,0.10256163791031864,0.08586633426023588,0.12898474986935246,0.13573199831563187,0.12776325698843752,0.17787462626057873,0.11111669009841334,0.11967276546349014,0.1309881071468267,0.14750688283878863,0.12227493505026545,0.084593445622343,0.08361340258682147,0.07522322542026239,0.07597268397879414,0.0252697643690817,0.01475434391851408,0.0793507664562669,0.037251495850221965,0.08250226654578423,0.1451731761238025,0.13569590837413895,,,0.07333333333333333
shortTermCoverageRatios,1.391367959034382,1.9265734265734267,1.3201284796573876,1.4122965641952985,1.150184842883549,2.2133537989255565,0.8438117833135627,0.8396624472573839,1.2454128440366972,1.016468114926419,1.1737891737891737,1.1546052631578947,1.1216421692853522,1.763029315960912,1.7267399267399268,1.6593255333792154,1.204115684093437,0.8931818181818182,0.5769501054111033,0.45136186770428016,0.6328592814371258,0.18620689655172415,0.16200657894736842,0.37367303609341823,0.3238255033557047,0.9191919191919192,1.4701492537313432,2.6891447368421053,,,8.58
capitalExpenditureCoverageRatio,-0.8988657844990549,-1.45,-1.0253638253638253,-1.1046676096181047,-1.1433164905833717,-1.2298507462686568,-0.9246100519930676,-0.8883928571428571,-1.3656941649899397,-1.2974060822898033,-1.1868312757201647,-1.5194805194805194,-0.8781746031746032,-0.7623239436619719,-0.971958762886598,-1.6513698630136986,-1.89413823272091,-1.7623318385650224,-1.3371335504885993,-0.7126654064272212,-0.5329341317365269,-0.21348837209302327,-0.23621103117505995,-1.0212765957446808,-0.3776908023483366,-0.35968379446640314,-1.2468354430379747,-16.855670103092784,-7.7,-0.5949464012251149,-0.34416365824308065
dividendPaidAndCapexCoverageRatio,-1.1090379008746356,-1.8136932192231732,-1.2070484581497798,-1.3185143500281373,-1.3381720430107527,-1.4034063260340632,-1.0501968503937007,-0.9567307692307693,-1.4526484751203852,-1.315049864007253,,,-1.3219832735961767,,,,,,,,-0.5354654844838506,,,,,,,-18.166666666666668,-38.5,-0.6791958041958042,-0.3627906976744186
dividendPayoutRatio,-0.9804400977995111,8.282608695652174,1.1947194719471947,0.28595178719867,-0.2730404823428079,-0.25663716814159293,0.9019607843137255,0.1872561768530559,1.043859649122807,-0.03289473684210526,,,1.2857142857142856,,,,,,,,0.054945054945054944,,,,,,,0.006993006993006993,0.18028169014084508,0.2892857142857143,0.29767441860465116
priceBookValueRatio,5.202185233220157,6.084933039137107,4.492676902536716,3.3564562500558015,3.1085598377281944,2.63590168226199,2.0514449031438553,2.055807869283708,2.393729792147806,1.7978551105274678,1.6682643794147327,1.4695705237138885,1.8019700534759358,1.4422976287816844,3.9374841972187102,4.489698401679842,6.765463917525773,5.393049642595744,8.967806660217054,-5.658887071143695,1.0286108360447022,4.025947128457603,3.8661012590323645,1.946277630943189,2.791634060849472,4.719264673949411,2.3253329779879772,2.186070263621795,4.246504854368932,3.3550870056497177,4.163103546099291
priceToBookRatio,5.202185233220157,6.084933039137107,4.492676902536716,3.3564562500558015,3.1085598377281944,2.63590168226199,2.0514449031438553,2.055807869283708,2.393729792147806,1.7978551105274678,1.6682643794147327,1.4695705237138885,1.8019700534759358,1.4422976287816844,3.9374841972187102,4.489698401679842,6.765463917525773,5.393049642595744,8.967806660217054,-5.658887071143695,1.0286108360447022,4.025947128457603,3.8661012590323645,1.946277630943189,2.791634060849472,4.719264673949411,2.3253329779879772,2.186070263621795,4.246504854368932,3.3550870056497177,4.163103546099291
priceToSalesRatio,1.3064998009649045,1.6591836050814848,1.321038374717833,1.0029351388020689,0.7276923076923076,0.5420807669836597,0.431731604624741,0.5122134152327074,0.6522465546535775,0.4528085552064385,0.5742445293504689,0.5714260827776776,0.5966576953042,0.32929620410703175,0.9168531056814836,1.1082790753313276,1.006336821215948,0.9352273521052076,0.6873719899988117,0.22354963985866544,0.779591508523641,3.7263025805616397,4.498368664444359,2.496559630017202,5.056992671531715,5.278794258046407,2.400015205018248,2.4006966476792755,2.528265895953757,1.4809236907730674,1.7574778443113772
priceEarningsRatio,-35.58854347811736,348.4285570671118,44.422640264026406,8.950550000148803,-6.6,-6.51744185861947,21.11111111111111,11.420560751079323,90.91973684210527,-9.00701754385965,171.02586206896552,1056.9477777777777,12.80275075987842,4.288322528363047,-131.13894736842104,52.22499749999999,17.708333333333336,22.98333332142487,-14.352941180744418,-0.5499231950014248,26.634615384615383,38.89655314592501,64.18067221683114,19.249999976788587,38.569819781250004,35.26234564375,15.364583321845794,12.77573530688062,18.481267605633803,10.60447142857143,13.651106976744186
priceToFreeCashFlowsRatio,-68.01735646051401,18.74586388899081,220.65672131147542,48.50230473053608,24.559615384615384,13.663653618256031,-37.12643678160919,-39.0329387448,14.257015130674002,12.352481203007521,21.849118942731277,7.927108333333333,-27.440423452768734,-7.8396888888888885,-183.20882352941177,14.33304347791798,10.91609589041096,13.046421561867646,13.971582840193237,-3.173816597467105,-4.906376518218623,-14.744346875539877,-22.97204594260204,544.24999934375,-22.438417168337264,-13.604300016878858,42.154113216346154,8.315026685427503,12.240391791044775,-11.225905482041588,-3.590199388379205
priceToOperatingCashFlowsRatio,7.652846625946372,5.8176818965833546,5.4582562854825625,4.595608898924033,3.078585777420651,2.5536440014701807,3.02717900656045,4.903635520703518,3.817624309392265,2.8315753188555672,3.439493758668516,2.710122507122507,3.8066922729326707,2.4442448036951503,5.285617310140008,5.653556344877644,5.153002309468822,5.643490243047074,3.522676794056029,1.2796289729840848,4.29997043169722,54.31958729093232,74.28016886008884,11.338541652994792,36.97107077477332,24.218643986092037,8.345230535215736,7.821719291857798,10.650730519480518,7.642862290862291,6.841463869463869
priceCashFlowRatio,7.652846625946372,5.8176818965833546,5.4582562854825625,4.595608898924033,3.078585777420651,2.5536440014701807,3.02717900656045,4.903635520703518,3.817624309392265,2.8315753188555672,3.439493758668516,2.710122507122507,3.8066922729326707,2.4442448036951503,5.285617310140008,5.653556344877644,5.153002309468822,5.643490243047074,3.522676794056029,1.2796289729840848,4.29997043169722,54.31958729093232,74.28016886008884,11.338541652994792,36.97107077477332,24.218643986092037,8.345230535215736,7.821719291857798,10.650730519480518,7.642862290862291,6.841463869463869
priceEarningsToGrowthRatio,0.01647891017655227,-4.109670160278754,-0.594479450592118,0.04400270391134607,2.8379999999999974,0.013515432425708579,-0.36433691756272396,0.019117838587143183,0.8068820371870322,0.005227311108325762,0.26495045935813444,-10.677329591836733,-0.277141898802074,0.0030766897274755165,0.9674303350867514,-0.8952856714285714,0.29513888888888895,0.1220989582530273,-0.16027040666106515,0.00040677106884884915,-0.41527088502894954,0.27068361545994596,-2.005646006775973,0.3338671870974271,1.04138513409375,2.820987651499998,2.61197916471379,0.35488153630223934,4.608794914123143,2.521096283101769,2.939016381526803
priceSalesRatio,1.3064998009649045,1.6591836050814848,1.321038374717833,1.0029351388020689,0.7276923076923076,0.5420807669836597,0.431731604624741,0.5122134152327074,0.6522465546535775,0.4528085552064385,0.5742445293504689,0.5714260827776776,0.5966576953042,0.32929620410703175,0.9168531056814836,1.1082790753313276,1.006336821215948,0.9352273521052076,0.6873719899988117,0.22354963985866544,0.779591508523641,3.7263025805616397,4.498368664444359,2.496559630017202,5.056992671531715,5.278794258046407,2.400015205018248,2.4006966476792755,2.528265895953757,1.4809236907730674,1.7574778443113772
dividendYield,0.02754931789783313,0.023771325649570213,0.02689438234302076,0.031947957074583797,0.0413697700519406,0.039376978530646076,0.04272445820433437,0.016396408279283386,0.011481111641750724,0.0036521231008959875,,,0.10042484695894333,,,,,,,,0.0020629190304280558,,,,,,,0.0005473663022151667,0.009754833596256583,0.027279597689923253,0.021805881318765187
enterpriseValueMultiple,22.674887215824562,14.704270956540178,11.856021818181818,7.278718299793201,12.305627306273063,20.576190302746316,7.76037003879439,7.198107381552255,9.20873801422827,9.999058653149891,8.649199213262152,8.838254966887417,6.943525255168804,4.6321430043272205,8.552469879518073,11.294697626723439,9.044550317619525,41.01821521585827,13.328776193494654,-5.994536338026018,56.87326043737575,19.258982922690663,80.57874119598083,26.644188580660636,49.85235128436204,34.75023354307432,16.84152692339939,15.519158107372911,18.2185921958684,17.394634245187437,21.034882793017456
priceFairValue,5.202185233220157,6.084933039137107,4.492676902536716,3.3564562500558015,3.1085598377281944,2.63590168226199,2.0514449031438553,2.055807869283708,2.393729792147806,1.7978551105274678,1.6682643794147327,1.4695705237138885,1.8019700534759358,1.4422976287816844,3.9374841972187102,4.489698401679842,6.765463917525773,5.393049642595744,8.967806660217054,-5.658887071143695,1.0286108360447022,4.025947128457603,3.8661012590323645,1.946277630943189,2.791634060849472,4.719264673949411,2.3253329779879772,2.186070263621795,4.246504854368932,3.3550870056497177,4.163103546099291
