,2021,2020,2019,2018,2017,2016,2015,2014,2013,2012,2011,2010,2009,2008,2007,2006
reportedCurrency,USD,USD,USD,USD,USD,USD,USD,USD,USD,USD,USD,USD,USD,USD,USD,USD
cik,0001262039,0001262039,0001262039,0001262039,0001262039,0001262039,0001262039,0001262039,0001262039,0001262039,0001262039,0001262039,0001262039,0001262039,0001262039,0001262039
fillingDate,2022-02-25,2021-02-19,2020-02-26,2019-02-27,2018-02-26,2017-03-01,2016-02-26,2015-03-02,2014-03-03,2013-02-27,2012-02-28,2011-02-25,2009-12-31,2008-12-31,2007-12-31,2006-12-31
acceptedDate,2022-02-25 16:15:15,2021-02-19 16:39:22,2020-02-25 20:52:45,2019-02-26 19:50:32,2018-02-26 17:20:10,2017-03-01 14:20:23,2016-02-26 17:36:02,2015-02-27 21:06:38,2014-02-28 20:09:17,2013-02-27 16:51:54,2012-02-27 19:42:51,2011-02-25 13:17:09,2009-12-31,2008-12-31,2007-12-31,2006-12-31
calendarYear,2021,2020,2019,2018,2017,2016,2015,2014,2013,2012,2011,2010,2009,2008,2007,2006
period,FY,FY,FY,FY,FY,FY,FY,FY,FY,FY,FY,FY,FY,FY,FY,FY
revenue,3342200000,2594400000,2156200000,1801200000,1494930000,1275443000,1009268000,770364000,615297000,533639000,433576000,324696000,252115000,211791000,155366000,123466000
costOfRevenue,783000000,570000000,505900000,450400000,385284000,337837000,286777000,231009000,180643000,147420000,113598000,85206000,69975000,65472000,56652000,40964000
grossProfit,2559200000,2024400000,1650300000,1350800000,1109646000,937606000,722491000,539355000,434654000,386219000,319978000,239490000,182140000,146319000,98714000,82502000
grossProfitRatio,0.7657231763509066,0.7802960222016652,0.7653742695482794,0.7499444814568066,0.742272882342317,0.7351218360993004,0.7158564424909934,0.7001300683832578,0.7064133255972319,0.7237458281722288,0.737997490636013,0.737582230763545,0.7224480891656585,0.6908650509228438,0.6353642367055855,0.6682163510602109
researchAndDevelopmentExpenses,424200000,341400000,277100000,244500000,210614000,183084000,158129000,122880000,102660000,81078000,63577000,49801000,42195000,37035000,27588000,21446000
generalAndAdministrativeExpenses,143500000,119500000,102100000,93000000,87862000,81080000,71514000,41347000,34913000,25511000,21965000,22380000,18320000,16640000,20544000,12997000
sellingAndMarketingExpenses,1345700000,1071900000,926900000,782300000,701026000,626501000,470371000,315804000,224991000,179155000,145532000,111968000,96291000,87717000,72159000,54056000
sellingGeneralAndAdministrativeExpenses,1489200000,1191400000,1029000000,875300000,788888000,707581000,541885000,357151000,259904000,204666000,167497000,134348000,114611000,104357000,92703000,67053000
otherExpenses,0.0,0.0,0.0,0.0,0.0,0.0,0.0,0.0,0.0,0.0,0.0,0.0,0.0,0.0,0.0,0.0
operatingExpenses,1913400000,1532800000,1306100000,1119800000,999502000,890665000,700014000,480031000,362564000,285744000,231074000,184149000,156806000,141392000,120291000,88499000
costAndExpenses,2696400000,2102800000,1812000000,1570200000,1384786000,1228502000,986791000,711040000,543207000,433164000,344672000,269355000,226781000,206864000,176943000,129463000
interestIncome,4500000.0,17700000,42500000,26500000,13482000,7303000.0,5295000.0,5393000.0,5306000.0,5006000.0,3523000.0,1815000.0,1981000.0,2614000.0,3507000.0,2376000.0
interestExpense,14900000,0.0,0.0,0.0,0.0,0.0,0.0,0.0,0.0,0.0,0.0,0.0,0.0,0.0,0.0,0.0
depreciationAndAmortization,84400000,68800000,61600000,55700000,55476000,48520000,31589000,22028000,15623000,11564000,6989000.0,5696000.0,5935000.0,4234000.0,4153000.0,3509000.0
ebitda,720200000,610500000,440800000,306600000,179470000,91668000,48594000,83577000,91564000,116560000,99062000,62037000,33448000,13485000,-15908000,-615000.0
ebitdaratio,0.21548680509843815,0.2353145235892692,0.20443372599944346,0.17021985343104598,0.1200524439271404,0.07187149876552695,0.04814776650007729,0.10849027213109647,0.148812687206341,0.21842481527774393,0.22847666845028322,0.19106179318501,0.13266961505662098,0.06367126081844837,-0.10239048440456729,-0.004981128407820777
operatingIncome,650400000,531800000,344200000,231000000,109804000,42944000,14877000,59324000,72090000,100475000,88904000,55341000,25334000,4927000.0,-21577000,-5997000.0
operatingIncomeRatio,0.19460235772844234,0.2049799568300956,0.15963268713477413,0.12824783477681545,0.07345093081281398,0.03366986999811046,0.014740386101610275,0.07700775217948917,0.11716293107231142,0.18828271546869702,0.20504824990313117,0.17043942641732573,0.10048588937588006,0.02326350033759697,-0.13887851910971513,-0.048572076523091375
totalOtherIncomeExpensesNet,-22000000,9900000.0,35000000,19900000,14190000,204000.0,2128000.0,2225000.0,3851000.0,4521000.0,3169000.0,1000000.0,2179000.0,4324000.0,1516000.0,1873000.0
incomeBeforeTax,628400000,541700000,379200000,250900000,123994000,43148000,17005000,61549000,75941000,104996000,92073000,56341000,27513000,9251000.0,-20061000,-4124000.0
incomeBeforeTaxRatio,0.18801986715337202,0.20879586802343508,0.17586494759298765,0.13929602487230736,0.08294301405416976,0.033829814425262436,0.016848844905416598,0.07989599721690006,0.12342169716413375,0.19675473494253606,0.21235723379522853,0.1735192302954148,0.10912877060071792,0.04367985419588179,-0.12912091448579482,-0.033401908217646964
incomeTaxExpense,14100000,53200000,52700000,-81300000,92595000,10961000,9018000.0,36206000,31668000,38160000,29581000,15096000,-32666000,1888000.0,1781000.0,1220000.0
netIncome,606800000,488500000,326500000,332200000,31399000,32187000,7987000.0,25343000,44273000,66836000,62492000,41245000,60179000,7363000.0,-21842000,-5344000.0
netIncomeRatio,0.18155705822512117,0.18829016342892382,0.15142380113162043,0.1844326004885632,0.02100365903420227,0.025235937631081905,0.007913656234023073,0.03289743549802431,0.07195386943216041,0.12524571854755742,0.14413159399966788,0.12702651095178258,0.23869662653947604,0.034765405517703775,-0.1405841689945033,-0.04328317107543777
eps,3.72,2.98,1.91,1.96,0.18,0.19,0.05,0.15,0.27,0.42,0.41,0.295,0.965,0.065,-0.189954,-0.046475
epsdiluted,3.63,2.91,1.87,1.91,0.18,0.18,0.05,0.15,0.26,0.4,0.38,0.265,0.39,0.055,-0.189954,-0.046475
weightedAverageShsOut,163200000,164200000,171000000,169100000,174315000,172621000,170385000,163831000,162435000,158074000,152581000,140726000,52668000,114986000,114986000,114986000
weightedAverageShsOutDil,167100000,167700000,175000000,174200000,178079000,176338000,176141000,169289000,168183000,166329000,163781000,156406000,130438000,134244000,134244000,134244000
link,https://www.sec.gov/Archives/edgar/data/1262039/000126203922000008/0001262039-22-000008-index.htm,https://www.sec.gov/Archives/edgar/data/1262039/000126203921000008/0001262039-21-000008-index.htm,https://www.sec.gov/Archives/edgar/data/1262039/000126203920000011/0001262039-20-000011-index.html,https://www.sec.gov/Archives/edgar/data/1262039/000126203919000006/0001262039-19-000006-index.html,https://www.sec.gov/Archives/edgar/data/1262039/000126203918000009/0001262039-18-000009-index.html,https://www.sec.gov/Archives/edgar/data/1262039/000126203917000008/0001262039-17-000008-index.html,https://www.sec.gov/Archives/edgar/data/1262039/000126203916000053/0001262039-16-000053-index.html,https://www.sec.gov/Archives/edgar/data/1262039/000126203915000009/ftnt-201410k.htm,https://www.sec.gov/Archives/edgar/data/1262039/000126203914000007/ftnt-201310k.htm,https://www.sec.gov/Archives/edgar/data/1262039/000126203913000009/0001262039-13-000009-index.html,https://www.sec.gov/Archives/edgar/data/1262039/000126203912000013/0001262039-12-000013-index.html,https://www.sec.gov/Archives/edgar/data/1262039/000126203911000007/ftnt10k.htm,,,,
finalLink,https://www.sec.gov/Archives/edgar/data/1262039/000126203922000008/ftnt-20211231.htm,https://www.sec.gov/Archives/edgar/data/1262039/000126203921000008/ftnt-20201231.htm,https://www.sec.gov/Archives/edgar/data/1262039/000126203920000011/ftnt-201910xk.htm,https://www.sec.gov/Archives/edgar/data/1262039/000126203919000006/ftnt-201810xk.htm,https://www.sec.gov/Archives/edgar/data/1262039/000126203918000009/ftnt-201710xk.htm,https://www.sec.gov/Archives/edgar/data/1262039/000126203917000008/ftnt-201610k.htm,https://www.sec.gov/Archives/edgar/data/1262039/000126203916000053/ftnt-201510k.htm,https://www.sec.gov/Archives/edgar/data/1262039/000126203915000009/ftnt-201410k.htm,https://www.sec.gov/Archives/edgar/data/1262039/000126203914000007/ftnt-201310k.htm,https://www.sec.gov/Archives/edgar/data/1262039/000126203913000009/ftnt-201210k.htm,https://www.sec.gov/Archives/edgar/data/1262039/000126203912000013/ftnt-201110k.htm,https://www.sec.gov/Archives/edgar/data/1262039/000126203911000007/ftnt10k.htm,,,,
