,2021,2020,2019,2018,2017,2016,2015,2014,2013,2012,2011,2010,2009
period,FY,FY,FY,FY,FY,FY,FY,FY,FY,FY,FY,FY,FY
revenuePerShare,20.479166666666668,15.800243605359318,12.609356725146199,10.651685393258427,8.576026159538767,7.388689672751288,5.923455703260264,4.702187009784473,3.787958260227168,3.375880916532763,2.8416119962511717,2.3072921848130408,4.786872484240905
netIncomePerShare,3.718137254901961,2.9750304506699146,1.909356725146199,1.9645180366646955,0.1801279293233514,0.18646051175697048,0.04687619215306512,0.1546898938540325,0.2725582540708591,0.4228146311221327,0.4095660665482596,0.2930872759831161,1.1426103136629453
operatingCashFlowPerShare,9.189338235294118,6.599878197320341,4.7251461988304095,3.7782377291543465,3.409947508820239,2.002699555673991,1.6582856472107286,1.199907221466023,0.9073413980977006,1.163164087705758,0.8706326475773524,0.734640364964541,1.1766347687400318
freeCashFlowPerShare,7.376225490196078,5.833130328867235,4.185964912280702,3.4648137196924895,2.6336976163841324,1.6135116816609798,1.4390292572702996,1.003381533409428,0.8219103025825715,1.0234636942191633,0.8468813286057897,0.7078080809516365,1.0895040631882738
cashPerShare,15.635416666666666,11.18940316686967,12.079532163742691,9.755174452986399,7.178252015030261,6.288487495727635,5.231393608592306,4.394894739090892,3.025025394773294,2.6170907296582615,2.557808639345659,2.227804385827779,4.942545758335232
bookValuePerShare,4.789828431372549,5.213154689403167,7.730409356725146,5.97397989355411,3.38110317528612,4.852717803743461,4.433353875047686,4.1259956906812505,3.6061193708252532,3.232245657097309,2.348614834088124,1.6518198484999218,2.7047163362952835
tangibleBookValuePerShare,3.735906862745098,4.454323995127893,7.155555555555556,5.6173861620342995,3.2043656598686288,4.624582177139514,4.302285999354403,4.091472309880303,3.5463231446424723,3.218853195338892,2.348614834088124,1.6518198484999218,2.7047163362952835
shareholdersEquityPerShare,4.789828431372549,5.213154689403167,7.730409356725146,5.97397989355411,3.38110317528612,4.852717803743461,4.433353875047686,4.1259956906812505,3.6061193708252532,3.232245657097309,2.348614834088124,1.6518198484999218,2.7047163362952835
interestDebtPerShare,6.147671568627451,0.0,0.0,0.0,0.0,0.0,0.0,0.0,0.0,0.0,0.0,0.0,0.0
marketCap,46048512000.00001,23767950000,20234430000,12709556000,7973168100,5663695010,4794633900,4898546900,3596310900,3058731900,3431546689.9999995,2599912850,453734820
enterpriseValue,45717812000.00001,22706150000,19011930000,11597156000,7162164100,4954692010,4251356900,4615292900,3480437900,2935756900,3359556689.9999995,2533053850,241276820
peRatio,75.88746209624259,48.654964176049134,61.97375191424196,38.2587477423239,253.93063791840507,175.96219001460219,600.3047326906222,193.28993804995463,81.2303412915321,45.76473607038123,54.91177574729565,63.035831009819375,7.539753402349657
priceToSalesRatio,13.777904374364192,9.161251156336725,9.384301085242557,7.056160337552742,5.333472537175654,4.440570852637084,4.750605290170697,6.358743269415497,5.844837371220727,5.731837253274218,7.914521767810025,8.007221678123539,1.7997137020804
pocfratio,30.705149029805963,21.932222939928025,25.042611386138613,19.89287212396306,13.41369621722563,16.382886742568875,16.96933218190248,24.918593258792768,24.40095872007816,16.635658033567925,25.831790322337813,25.148359498176685,7.321728227719418
pfcfRatio,38.25262668217312,24.815149300480268,28.268273260687344,21.692363884621948,17.367217753265678,20.33452894882345,19.554849116395925,29.799232898378804,26.9372459871018,18.906386332309328,26.55625911250754,26.101708213278183,7.907267435781256
pbRatio,58.908164257387746,27.766296728971962,15.307080717149557,12.581227479706989,13.52812902437659,6.761159689667069,6.3473390108515355,7.246735634632511,6.139563814531549,5.986549926213562,9.575857085451814,11.18463373398608,3.185176901693202
ptbRatio,58.908164257387746,27.766296728971962,15.307080717149557,12.581227479706989,13.52812902437659,6.761159689667069,6.3473390108515355,7.246735634632511,6.139563814531549,5.986549926213562,9.575857085451814,11.18463373398608,3.185176901693202
evToSales,13.678957572856206,8.751985044711686,8.81733141638067,6.438572063069065,4.790969543724455,3.8846832120290755,4.212317144702894,5.991054748145033,5.656516934098493,5.501391202666971,7.748483979740575,7.801309070638382,0.9570109672173412
enterpriseValueOverEBITDA,63.47932796445433,37.19271089271089,43.13051270417423,37.82503587736464,39.90730539923107,54.050399376009075,87.48728032267358,55.22204553884442,38.01098575859508,25.186658373369937,33.913677192061535,40.83134016796428,7.2134901937335565
evToOperatingCashFlow,30.484638260985534,20.952431484728248,23.529616336633662,18.151754578181247,12.049299888123418,14.332014330012612,15.046547654018623,23.477698365058856,23.614760761005265,15.966828559929514,25.289868339832278,24.501647756400956,3.893382711268174
evToFreeCashFlow,37.977913274630346,23.706567133013156,26.560393964794635,19.79374637310121,15.600682432535455,17.788974853335056,17.33910126473863,28.076119475621255,26.06932894904387,18.146263204415792,25.999138587503285,25.430480287529992,4.204747481788714
earningsYield,0.013177407339459742,0.020552887396683348,0.016135863476262984,0.02613781315413379,0.003938083282102129,0.005683039066046037,0.0016658206166689808,0.005173575045285368,0.012310670915576291,0.02185088532930918,0.018211030082181397,0.015863993287313458,0.13263033240428848
freeCashFlowYield,0.026141995641466107,0.040297964275421316,0.035375347860058325,0.04609917136365739,0.05757974675085553,0.0491774361981402,0.05113821099041577,0.03355791081636883,0.037123319899845145,0.05289218057980172,0.03765590611853223,0.03831166879305204,0.1264659388494804
debtToEquity,1.2644236919534348,0.0,0.0,0.0,0.0,0.0,0.0,0.0,0.0,0.0,0.0,0.0,0.0
debtToAssets,0.8651146289131794,0.7883545555692917,0.6597863852785999,0.671799870045484,0.7389730175967574,0.6085494880466331,0.5781218758901095,0.5255626506379257,0.4986923003190513,0.476232115526752,0.5122756540686795,0.5738089039312679,0.6321094591348948
netDebtToEBITDA,-0.45917800610941406,-1.7392301392301392,-2.773366606170599,-3.628180039138943,-4.518883378837689,-7.734465680499193,-11.179919331604724,-3.389138160020101,-1.265486435717094,-1.0550360329444064,-0.7267166017241727,-1.0777278075986911,-6.351889500119588
currentRatio,1.5532548207583796,1.4978955998906804,1.879071661237785,1.7676695319961795,1.6713216117629766,1.855126350308642,1.87210720968954,2.1086762975973703,1.7807200389288749,1.7828589682559568,1.9619356676059716,1.9239589343444057,1.895256555810927
interestCoverage,43.651006711409394,,,,,,,,,,,,
incomeQuality,2.471489782465392,2.2184237461617196,2.474732006125574,1.9232390126429861,18.930698429886302,10.740609562866997,35.37586077375735,7.756855936550527,3.32898154631491,2.751002453767431,2.1257440952441913,2.5065583707116015,1.0297778294753983
dividendYield,,,,,,,,,,,,,
payoutRatio,0.0,0.0,0.0,0.0,0.0,0.0,0.0,0.0,0.0,0.0,0.0,0.0,0.0
salesGeneralAndAdministrativeToRevenue,0.04293579079648136,0.04606074622263336,0.047351822650960024,0.051632245169886744,0.058773320489922606,0.06357006937981548,0.07085729459370553,0.05367203036486648,0.056741703600050056,0.04780572634308962,0.050660091887004814,0.06892601079163278,0.07266525196834778
researchAndDdevelopementToRevenue,0.12692238645203757,0.13159111933395004,0.12851312494202763,0.13574283810792806,0.14088552641260796,0.14354541912104266,0.15667691832100097,0.15950901132451673,0.16684625473551798,0.15193417272725568,0.14663403878443457,0.15337731293271245,0.16736409971639926
intangiblesToTotalAssets,0.03187984659830042,0.03080726913091853,0.025299189293527216,0.0195906432748538,0.01364444027147157,0.01840284381672205,0.012472424057949969,0.0039697523958185646,0.00831262238288899,0.0021701758180701736,0.0,0.0,0.0
capexToOperatingCashFlow,-0.1973061278922451,-0.11617606348620467,-0.11410891089108911,-0.08295507904210361,-0.2276427688192394,-0.19433163247596238,-0.13221871051541867,-0.16378406975206275,-0.09415540357162243,-0.12010377122469625,-0.027280528748437994,-0.03652438021725042,-0.07405076568072162
capexToRevenue,-0.08853449823469571,-0.048527597903176074,-0.042760411835636766,-0.0294248278925161,-0.09051393710742309,-0.052673463259432216,-0.03701494548524277,-0.0417945283009071,-0.022553336031217446,-0.04138190799398095,-0.008358396221193056,-0.011629339443664228,-0.01820201098704956
capexToDepreciation,-3.505924170616114,-1.8299418604651163,-1.4967532467532467,-0.9515260323159784,-2.4391088038070516,-1.3846248969497115,-1.1826268637816961,-1.4616397312511349,-0.8882416949369519,-1.909633344863369,-0.5185291171841465,-0.6629213483146067,-0.7732097725358046
stockBasedCompensationToRevenue,0.06220453593441446,0.07388991674375578,0.08074390130785641,0.09043970686209193,0.09176550072578649,0.09598468924130675,0.0942148170753457,0.07657938325259228,0.07136228520535612,0.05751078912898045,0.04385620975330738,0.02868837312439944,0.029593637824008884
grahamNumber,20.01768941570643,18.680447365175958,18.223678404795663,16.249917020098408,3.701783362156703,4.512084386922386,2.16238799314753,3.789541040450381,4.7026318155765505,5.545215684897979,4.652208200121017,3.3004342207901867,8.338754558153875
roic,0.18061649541793945,0.2400902934537246,0.14270906754011362,0.12681159420289856,0.0892212761427911,0.032769147066656186,0.013380522377320478,0.06390482571704954,0.09543250423945894,0.15311806130208644,0.19001331529463564,0.16921783268101762,0.12259494405946343
returnOnTangibleAssets,0.10589138629066033,0.1246205260338274,0.08621144909167723,0.11008383868509129,0.014098552921546688,0.015323056708687208,0.004517079162844465,0.01785827535130976,0.0382075182675139,0.068663831186176,0.08505240579410328,0.07562034534727238,0.15541575308680236
grahamNetNet,-11.490962009803921,-4.514616321559075,-0.18026315789473685,-0.23551153163808397,-0.6739394200154892,0.4139531111510187,0.544791208146257,0.8820446069425201,0.18995444331578784,0.25552905601174136,0.6137461413937515,0.4373925216377926,1.1732123870281765
workingCapital,1282500000,910900000,1295400000,964500000,689597000,709276000,591873000,550409000,322485000,249970000,256706000,201776000,161652000
tangibleAssetValue,609700000,731400000,1223600000,949900000,558569000,798300000,733045000,670310000,576047000,508817000,,,
netCurrentAssetValue,-1520100000,-448100000,205400000,153100000,48281000,236456000,235410000,298057000,152842000,104711000,147177000,107190000,97456000
investedCapital,1.2644236919534348,0.0,0.0,0.0,0.0,0.0,0.0,0.0,0.0,0.0,0.0,0.0,0.0
averageReceivables,763850000,720000000,632150000,582250000,534092500,516499000,489781500,452370500,425235500,413821000,407761000,396168000,387275500
averagePayables,145000000,141600000,119000000,114000000,105804500,99166000,101550000,95773500,88599500,81208000,80684000,77180500,76293500
averageInventory,157800000,139800000,128850000,114900000,108545500,123343500,111834000,104638500,94236000,80430000,78024500,76658500,75224500
daysSalesOutstanding,88.20851534917121,101.29509713228492,92.1387162600872,90.07467244059517,85.01235843818775,89.57222706149942,93.87050317655964,87.53065434002627,77.39663122037,73.62529725151273,80.41388360979391,81.3149530637889,78.97632033000812
daysPayablesOutstanding,69.17752234993614,90.67368421052632,69.55129472227712,70.01776198934282,66.32324467146313,61.29340480764392,78.27510574418451,78.917509707414,71.92991148286953,51.538732872066205,63.51625908906847,54.66475365584583,57.30982493747767
daysOfInventoryOnHand,81.95019157088122,89.52105263157894,85.0632536074323,72.93516873889877,73.22187010101639,115.48100119288296,106.7443344480206,109.7753983611028,98.34469090969482,52.14285714285714,52.209413898132006,57.90325798652677,55.54676670239371
receivablesTurnover,4.137922495976229,3.6033333333333335,3.961418335476759,4.052193475815523,4.293493401496331,4.0749238014300415,3.8883353944899697,4.169967684488013,4.715967533014999,4.957535162854648,4.539017189757334,4.488719309887193,4.62163846675588
payablesTurnover,5.276280323450135,4.02542372881356,5.2479253112033195,5.212962962962963,5.5033495693410845,5.954963688923359,4.663040650406504,4.625082587542796,5.074384111913256,7.0820522674865485,5.746560097126669,6.67706292610297,6.368890506962774
inventoryTurnover,4.453924914675768,4.07725321888412,4.290924512298558,5.004444444444444,4.984849465008862,3.1606930683806262,3.419385224400248,3.3249708536638023,3.7114357330703482,7.0,6.991076373930704,6.3036176666420065,6.571039534228566
roe,0.7762568760394013,0.570677570093458,0.24699296467206294,0.3288457731142348,0.05327489874901803,0.038423934648153656,0.010573528185263782,0.037491530639114985,0.07558214968587817,0.1308114159558769,0.17438622144583288,0.17743295447701482,0.42245107123803105
capexPerShare,-1.8131127450980393,-0.7667478684531059,-0.5391812865497077,-0.3134240094618569,-0.7762498924361071,-0.38918787401301114,-0.21925638994042904,-0.1965256880565949,-0.08543109551512913,-0.13970039348659488,-0.023751318971562647,-0.02683228401290451,-0.08713070555175818
