,2021,2020,2019,2018,2017,2016,2015,2014,2013,2012,2011,2010,2009,2008,2007,2006,2005,2004,2003,2002,2001,2000,1999,1998,1997,1996,1995,1994,1993,1992,1991
reportedCurrency,USD,USD,USD,USD,USD,USD,USD,USD,USD,USD,USD,USD,USD,USD,USD,USD,USD,USD,USD,USD,USD,USD,USD,USD,USD,USD,USD,USD,USD,USD,USD
cik,0000815097,0000815097,0000815097,0000815097,0000815097,0000815097,0000815097,0000815097,0000815097,0000815097,0000815097,0000815097,0000815097,0000815097,0000815097,0000815097,0000815097,0000815097,0000815097,0000815097,0000815097,0000815097,0000815097,0000815097,0000815097,0000815097,0000815097,0000815097,0000815097,0000815097,0000815097
fillingDate,2022-01-27,2021-01-26,2020-01-28,2019-01-28,2018-01-29,2017-01-30,2016-01-29,2015-01-29,2014-01-29,2013-01-29,2012-01-30,2011-01-31,2010-01-29,2009-01-29,2008-01-29,2006-11-30,2005-11-30,2004-11-30,2003-11-30,2002-11-30,2001-11-30,2000-11-30,1999-11-30,1998-11-30,1997-11-30,1996-11-30,1996-01-26,1994-11-30,1993-11-30,1992-11-30,1991-11-30
acceptedDate,2022-01-27 12:40:15,2021-01-26 10:40:20,2020-01-28 11:19:47,2019-01-28 10:54:24,2018-01-29 09:27:30,2017-01-30 09:27:06,2016-01-29 09:13:08,2015-01-29 09:44:08,2014-01-29 09:07:42,2013-01-29 09:18:27,2012-01-30 09:17:14,2011-01-31 09:35:28,2010-01-29 09:02:19,2009-01-29 10:10:27,2008-01-29 09:11:11,2006-11-30,2005-11-30,2004-11-30,2003-11-30,2002-11-30,2001-11-30,2000-11-30,1999-11-30,1998-11-30,1997-11-30,1996-11-30,1996-01-26 00:00:00,1994-11-30,1993-11-30,1992-11-30,1991-11-30
calendarYear,2021,2020,2019,2018,2017,2016,2015,2014,2013,2012,2011,2010,2009,2008,2007,2006,2005,2004,2003,2002,2001,2000,1999,1998,1997,1996,1995,1994,1993,1992,1991
period,FY,FY,FY,FY,FY,FY,FY,FY,FY,FY,FY,FY,FY,FY,FY,FY,FY,FY,FY,FY,FY,FY,FY,FY,FY,FY,FY,FY,FY,FY,FY
netIncome,-9501000000,-10236000000,2990000000,3152000000,2606000000,2779000000,1757000000,1236000000,1078000000,1298000000,1912000000,1978000000,1790000000,2330000000,2408000000,2279000000,2257000000,1854000000,1194000000,1015941000,926200000,965458000,1027240000,835885000,666050000,566302000,451091000,381765000,318200000,276600000,85000000
depreciationAndAmortization,2233000000,2241000000,2160000000,2017000000,1846000000,1738000000,1626000000,1635000000,1588000000,1527000000,1522000000,1416000000,1309000000,1249000000,1101000000,988000000,902000000,812000000,585000000,382343000,372224000,287667000,243658000,200668000,167287000,144987000,128433000,110595000,-93300000,-88800000,-85200000
deferredIncomeTax,0.0,0.0,0.0,0.0,0.0,0.0,0.0,0.0,0.0,0.0,0.0,0.0,0.0,0.0,0.0,0.0,0.0,0.0,0.0,0.0,0.0,0.0,0.0,0.0,0.0,0.0,0.0,0.0,0.0,0.0,0.0
stockBasedCompensation,121000000,105000000,46000000,65000000,63000000,55000000,55000000,52000000,42000000,39000000,46000000,43000000,50000000,50000000,0.0,0.0,0.0,0.0,0.0,0.0,0.0,0.0,0.0,0.0,0.0,0.0,0.0,0.0,0.0,0.0,0.0
changeInWorkingCapital,-2152000000,8945000000,-89000000,225000000,-1821000000,-878000000,913000000,-635000000,736000000,-726000000,-282000000,-1062000000,682000000,1153000000,-1864000000,-443000000,329000000,-2123000000,-695346000,-966402000,1644560000,-552535000,151557000,-314717000,-78308000,-33477000,-13824000,-28308000,-132800000,24100000,-3500000.0
accountsReceivables,0.0,0.0,0.0,-58000000,6000000.0,-22000000,4000000.0,75000000,-128000000,-15000000,0.0,106000000,0.0,0.0,-94000000,93000000,-56000000,9000000.0,-72000000,-5452000.0,-7134000.0,-15132000,-3300000.0,100000.0,-21200000,-4400000.0,-12700000,-2900000.0,-1500000.0,-3900000.0,-1200000.0
inventory,-63000000,77000000,79000000,-67000000,-49000000,1000000.0,5000000.0,1000000.0,19000000,-16000000,-54000000,-12000000,10000000,-8000000.0,-57000000,-5000000.0,-15000000,-73000000,-17000000,1667000.0,8455000.0,-8205000.0,-8570000.0,-3913000.0,-1689000.0,-4461000.0,-3698000.0,-7877000.0,-5600000.0,2500000.0,-3600000.0
accountsPayables,206000000,-165000000,34000000,-24000000,21000000,109000000,36000000,9000000.0,79000000,-24000000,67000000,-36000000,74000000,-66000000,86000000,-42000000,66000000,-22000000,34000000,-12011000,-63227000,58133000,27300000,18800000,22000000,-5500000.0,3500000.0,5400000.0,9900000.0,-5400000.0,-400000.0
otherWorkingCapital,-275000000,1877000000,-7068000000,-6979000000,-7204000000,-5383000000,-4505000000,-5418000000,-4783000000,-5519000000,-4793000000,-4511000000,-3449000000,-4131000000,-5284000000,-3420000000,-2977000000,-3306000000,-1183000000,-487654000,478748000,-1165812000,-613277000,-764834000,-450117000,-371809000,-338332000,-324508000,-296200000,-163400000,-187500000
otherNonCashItems,5190000000,-7356000000,368000000,90000000,2628000000,1440000000,194000000,1142000000,-610000000,861000000,568000000,1443000000,-489000000,-1391000000,2424000000,809000000,-78000000,2673000000,849346000,1037150000,-1704048000,578945000,-92731000,370004000,122551000,63711000,21506000,73084000,387700000,182400000,348100000
netCashProvidedByOperatingActivities,-4109000000,-6301000000,5475000000,5549000000,5322000000,5134000000,4545000000,3430000000,2834000000,2999000000,3766000000,3818000000,3342000000,3391000000,4069000000,3633000000,3410000000,3216000000,1933000000,1469032000,1238936000,1279535000,1329724000,1091840000,877580000,741523000,587206000,537136000,479800000,394300000,344400000
investmentsInPropertyPlantAndEquipment,-3607000000,-3620000000,-5429000000,-3749000000,-2944000000,-3062000000,-2294000000,-2583000000,-2149000000,-2332000000,-2696000000,-3579000000,-3380000000,-3353000000,-3312000000,-2480000000,-1977000000,-3586000000,-2516000000,-1986482000,-826568000,-1054698000,-872984000,-1150413000,-497657000,-901905000,-483901000,-594789000,-712800000,-120800000,-116700000
acquisitionsNet,-90000000,-81000000,0.0,0.0,0.0,0.0,0.0,0.0,0.0,0.0,0.0,0.0,-33000000,0.0,-339000000,0.0,0.0,0.0,0.0,0.0,0.0,-383640000,-54715000,-242868000,0.0,0.0,0.0,20000000,0.0,0.0,0.0
purchasesOfInvestments,-2873000000,0.0,-6000000.0,-39000000,-203000000,-291000000,-219000000,0.0,0.0,0.0,0.0,0.0,-4000000.0,-4000000.0,-2098000000,-18000000,-935000000,-772000000,0.0,0.0,0.0,0.0,-13255000,-48000.0,-38378000,0.0,0.0,0.0,0.0,-54600000,-56400000
salesMaturitiesOfInvestments,2676000000,0.0,0.0,0.0,0.0,0.0,0.0,0.0,0.0,0.0,0.0,0.0,2000000.0,11000000,2078000000,6000000.0,943000000,1216000000,42000000,2213000.0,531225000,0.0,0.0,4100000.0,2748000.0,37710000,19720000,15249000,22400000,0.0,0.0
otherInvestingActivites,351000000,461000000,158000000,286000000,58000000,30000000,35000000,76000000,93000000,560000000,50000000,78000000,31000000,91000000,-75000000,49000000,-1000000.0,53000000,141000000,-35784000,-46573000,146311000,30574000,68176000,78386000,44970000,-63899000,-5649000.0,-14800000,-28200000,8700000.0
netCashUsedForInvestingActivites,-3543000000,-3240000000,-5277000000,-3502000000,-3089000000,-3323000000,-2478000000,-2507000000,-2056000000,-1772000000,-2646000000,-3501000000,-3384000000,-3255000000,-3746000000,-2443000000,-1970000000,-3089000000,-2333000000,-2020053000,-341916000,-1292027000,-910380000,-1321053000,-454901000,-819225000,-528080000,-565189000,-705200000,-203600000,-164400000
debtRepayment,-5956000000,-1621000000,-1651000000,-1556000000,-1227000000,-1278000000,-1238000000,-2466000000,-2212000000,-1052000000,-1700000000,-2192000000,-3310000000,-5448000000,-1656000000,-2537000000,-1096000000,-932000000,-1137000000,-189678000,-1971026000,-388429000,-564838000,-1006586000,-424391000,-735246000,-406600000,-414381000,-483200000,-808700000,-173400000
commonStockIssued,1009000000,3249000000,0.0,0.0,0.0,40000000,264000000,0.0,35000000,0.0,0.0,545000000,196000000,0.0,51000000,66000000,63000000,142000000,53000000,7240000.0,5274000.0,7811000.0,741600000,11399000,5162000.0,3728000.0,49032000,2297000.0,1400000.0,700000.0,115100000
commonStockRepurchased,0.0,-12000000,-603000000,-1468000000,-552000000,-2340000000,-533000000,0.0,-138000000,-90000000,-454000000,-524000000,-188000000,-83000000,-326000000,-841000000,-386000000,0.0,0.0,0.0,0.0,-705137000,-25000.0,0.0,0.0,0.0,0.0,0.0,0.0,0.0,0.0
dividendsPaid,0.0,-689000000,-1387000000,-1355000000,-1087000000,-977000000,-816000000,-776000000,-1164000000,-779000000,-671000000,-237000000,-314000000,-1261000000,-990000000,-803000000,-566000000,-400000000,-292000000,-246323000,-245844000,-254333000,-219179000,-178458000,-130456000,-103877000,-85098000,-79072000,-79000000,-77400000,-65400000
otherFinancingActivites,11896000000,17723000000,2986000000,2919000000,414000000,1964000000,1381000000,2214000000,2699000000,731000000,1732000000,2004000000,3523000000,6477000000,2317000000,2903000000,1093000000,1111000000,2202000000,230396000,2548750000,1020091000,7596000.0,1400142000,155366000,971361000,382800000,513071000,731400000,588100000,41300000
netCashUsedProvidedByFinancingActivities,6949000000,18650000000,-655000000,-1460000000,-2452000000,-2591000000,-942000000,-1028000000,-780000000,-1190000000,-1093000000,-404000000,-93000000,-315000000,-604000000,-1212000000,-892000000,-79000000,826000000,-198365000,337154000,-319997000,-34846000,226497000,-394319000,135966000,-59866000,21915000,170600000,-297300000,-82400000
effectOfForexChangesOnCash,-13000000,53000000,-9000000.0,-1000000.0,11000000,-12000000,-61000000,-26000000,-1000000.0,-22000000,-6000000.0,-22000000,23000000,-114000000,61000000,7000000.0,-13000000,-15000000,-23000000,-5214000.0,-2156000.0,0.0,0.0,0.0,0.0,0.0,0.0,0.0,0.0,0.0,0.0
netChangeInCash,-716000000,9162000000,-466000000,587000000,-208000000,-792000000,1064000000,-131000000,-3000000.0,15000000,21000000,-109000000,-112000000,-293000000,-220000000,-15000000,535000000,33000000,403000000,-754600000,1232018000,-332489000,384498000,-2716000.0,28360000,58264000,-740000.0,-6138000.0,170600000,-297300000,-82400000
cashAtEndOfPeriod,8976000000,9692000000,530000000,982000000,395000000,603000000,1395000000,331000000,462000000,465000000,450000000,429000000,538000000,650000000,943000000,1163000000,1178000000,643000000,1070000000,666700000,1421300000,189282000,521771000,137273000,139989000,111629000,53365000,54105000,0.0,0.0,0.0
cashAtBeginningOfPeriod,9692000000,530000000,996000000,395000000,603000000,1395000000,331000000,462000000,465000000,450000000,429000000,538000000,650000000,943000000,1163000000,1178000000,643000000,610000000,667000000,1421300000,189282000,521771000,137273000,139989000,111629000,53365000,54105000,60243000,115000000,221700000,124100000
operatingCashFlow,-4109000000,-6301000000,5475000000,5549000000,5322000000,5134000000,4545000000,3430000000,2834000000,2999000000,3766000000,3818000000,3342000000,3391000000,4069000000,3633000000,3410000000,3216000000,1933000000,1469032000,1238936000,1279535000,1329724000,1091840000,877580000,741523000,587206000,537136000,479800000,394300000,344400000
capitalExpenditure,-3607000000,-3620000000,-5429000000,-3749000000,-2944000000,-3062000000,-2294000000,-2583000000,-2149000000,-2332000000,-2696000000,-3579000000,-3380000000,-3353000000,-3312000000,-2480000000,-1977000000,-3586000000,-2516000000,-1986482000,-826568000,-1054698000,-872984000,-1150413000,-497657000,-901905000,-483901000,-594789000,-712800000,-120800000,-116700000
freeCashFlow,-7716000000,-9921000000,46000000,1800000000,2378000000,2072000000,2251000000,847000000,685000000,667000000,1070000000,239000000,-38000000,38000000,757000000,1153000000,1433000000,-370000000,-583000000,-517450000,412368000,224837000,456740000,-58573000,379923000,-160382000,103305000,-57653000,-233000000,273500000,227700000
link,https://www.sec.gov/Archives/edgar/data/815097/000081509722000009/0000815097-22-000009-index.htm,https://www.sec.gov/Archives/edgar/data/815097/000081509721000027/0000815097-21-000027-index.htm,https://www.sec.gov/Archives/edgar/data/815097/000081509720000003/0000815097-20-000003-index.htm,https://www.sec.gov/Archives/edgar/data/815097/000081509719000004/0000815097-19-000004-index.htm,https://www.sec.gov/Archives/edgar/data/815097/000081509718000005/0000815097-18-000005-index.htm,https://www.sec.gov/Archives/edgar/data/815097/000081509717000001/0000815097-17-000001-index.htm,https://www.sec.gov/Archives/edgar/data/815097/000081509716000030/0000815097-16-000030-index.htm,https://www.sec.gov/Archives/edgar/data/815097/000081509715000007/0000815097-15-000007-index.htm,https://www.sec.gov/Archives/edgar/data/815097/000119312514025514/0001193125-14-025514-index.htm,https://www.sec.gov/Archives/edgar/data/815097/000119312513027239/0001193125-13-027239-index.htm,https://www.sec.gov/Archives/edgar/data/815097/000119312512028375/0001193125-12-028375-index.htm,https://www.sec.gov/Archives/edgar/data/815097/000119312511018320/0001193125-11-018320-index.htm,https://www.sec.gov/Archives/edgar/data/815097/000119312510016470/0001193125-10-016470-index.htm,https://www.sec.gov/Archives/edgar/data/815097/000119312509013746/0001193125-09-013746-index.htm,https://www.sec.gov/Archives/edgar/data/815097/000116923208000308/0001169232-08-000308-index.htm,,,,,,,,,,,,https://www.sec.gov/Archives/edgar/data/815097/000081509796000001/0000815097-96-000001-index.html,,,,
finalLink,https://www.sec.gov/Archives/edgar/data/815097/000081509722000009/ccl-20211130.htm,https://www.sec.gov/Archives/edgar/data/815097/000081509721000027/ccl-20201130.htm,https://www.sec.gov/Archives/edgar/data/815097/000081509720000003/a2019form10-kfrontpart.htm,https://www.sec.gov/Archives/edgar/data/815097/000081509719000004/a2018form10-kfrontpart.htm,https://www.sec.gov/Archives/edgar/data/815097/000081509718000005/a2017form10-kfrontpart.htm,https://www.sec.gov/Archives/edgar/data/815097/000081509717000001/a2016form10-kfrontpart.htm,https://www.sec.gov/Archives/edgar/data/815097/000081509716000030/a2015form10-kfrontpart.htm,https://www.sec.gov/Archives/edgar/data/815097/000081509715000007/a2014form10-kfrontpart.htm,https://www.sec.gov/Archives/edgar/data/815097/000119312514025514/d645418d10k.htm,https://www.sec.gov/Archives/edgar/data/815097/000119312513027239/d387954d10k.htm,https://www.sec.gov/Archives/edgar/data/815097/000119312512028375/d254914d10k.htm,https://www.sec.gov/Archives/edgar/data/815097/000119312511018320/d10k.htm,https://www.sec.gov/Archives/edgar/data/815097/000119312510016470/d10k.htm,https://www.sec.gov/Archives/edgar/data/815097/000119312509013746/d10k.htm,https://www.sec.gov/Archives/edgar/data/815097/000116923208000308/d73197_10-k.htm,,,,,,,,,,,,https://www.sec.gov/Archives/edgar/data/815097/0000815097-96-000001.txt,,,,
