,2021,2020,2019,2018,2017,2016,2015,2014,2013,2012,2011,2010,2009,2008,2007,2006,2005,2004,2003,2002,2001,2000,1999,1998,1997,1996,1995,1994,1993,1992,1991,1990,1989
reportedCurrency,USD,USD,USD,USD,USD,USD,USD,USD,USD,USD,USD,USD,USD,USD,USD,USD,USD,USD,USD,USD,USD,USD,USD,USD,USD,USD,USD,USD,USD,USD,USD,USD,USD
cik,0000004962,0000004962,0000004962,0000004962,0000004962,0000004962,0000004962,0000004962,0000004962,0000004962,0000004962,0000004962,0000004962,0000004962,0000004962,0000004962,0000004962,0000004962,0000004962,0000004962,0000004962,0000004962,0000004962,0000004962,0000004962,0000004962,0000004962,0000004962,0000004962,0000004962,0000004962,0000004962,0000004962
fillingDate,2022-02-11,2021-02-12,2020-02-13,2019-02-13,2018-02-16,2017-02-17,2016-02-19,2015-02-24,2014-02-25,2013-02-22,2012-02-24,2011-02-28,2010-02-26,2009-02-27,2008-02-28,2007-03-01,2005-12-31,2004-12-31,2003-12-31,2002-12-31,2001-12-31,2001-03-30,1999-12-31,1998-12-31,1997-12-31,1996-12-31,1996-03-29,1995-03-31,1993-12-31,1992-12-31,1991-12-31,1990-12-31,1989-12-31
acceptedDate,2022-02-11 15:42:21,2021-02-12 14:26:54,2020-02-13 16:04:42,2019-02-13 17:21:47,2018-02-16 16:54:58,2017-02-17 11:45:00,2016-02-19 14:36:25,2015-02-24,2014-02-25,2013-02-22 09:45:18,2012-02-24 12:34:57,2011-02-28,2010-02-25 20:48:03,2009-02-27 16:25:14,2008-02-28,2007-03-01,2005-12-31,2004-12-31,2003-12-31,2002-12-31,2001-12-31,2001-03-30 00:00:00,1999-12-31,1998-12-31,1997-12-31,1996-12-31,1996-03-29 00:00:00,1995-03-31 00:00:00,1993-12-31,1992-12-31,1991-12-31,1990-12-31,1989-12-31
calendarYear,2021,2020,2019,2018,2017,2016,2015,2014,2013,2012,2011,2010,2009,2008,2007,2006,2005,2004,2003,2002,2001,2000,1999,1998,1997,1996,1995,1994,1993,1992,1991,1990,1989
period,FY,FY,FY,FY,FY,FY,FY,FY,FY,FY,FY,FY,FY,FY,FY,FY,FY,FY,FY,FY,FY,FY,FY,FY,FY,FY,FY,FY,FY,FY,FY,FY,FY
netIncome,8060000000,3135000000,6759000000,6921000000,2736000000,5408000000,5163000000,5885000000,5359000000,4482000000,4935000000,4057000000,2130000000,2699000000,4012000000,3707000000,3734000000,3445000000,2987000000,2671000000,1311000000,2810000000,2475000000,2141000000,1991000000,1901000000,1564000000,1413000000,1478000000,461500000,789000000,181000000,1157000000
depreciationAndAmortization,1695000000,1543000000,1188000000,1293000000,1321000000,1095000000,1043000000,1012000000,1020000000,991000000,918000000,917000000,1070000000,712000000,648000000,645000000,602000000,758000000,676000000,951000000,1196000000,393000000,13000000,-212000000,187000000,266000000,367000000,378000000,411000000,660000000,753000000,603000000,333000000
deferredIncomeTax,294000000,-256000000,426000000,455000000,783000000,-1132000000,506000000,-941000000,-283000000,218000000,818000000,1135000000,-1429000000,442000000,-738000000,-524000000,-226000000,574000000,120000000,0.0,0.0,0.0,0.0,0.0,0.0,0.0,0.0,0.0,0.0,0.0,0.0,0.0,0.0
stockBasedCompensation,330000000,249000000,283000000,283000000,282000000,254000000,234000000,290000000,350000000,297000000,301000000,287000000,202000000,0.0,0.0,0.0,0.0,0.0,0.0,0.0,0.0,0.0,0.0,0.0,0.0,0.0,0.0,0.0,0.0,0.0,0.0,0.0,0.0
changeInWorkingCapital,95825000000,93508000000,-71272000000,-4698000000,-1417000000,6872000000,-13623000000,900000000,-5191000000,-2598000000,31196000000,23667000000,-123260000000,149427000000,-8939000000,-1990000000,70975000000,-4533000000,-12451000000,4202000000,6753000000,-5601000000,-22211000000,-7160000000,-9124000000,-1817000000,-8204000000,-83411000000,0.0,0.0,0.0,0.0,1240000000
accountsReceivables,0.0,0.0,0.0,0.0,0.0,0.0,0.0,0.0,0.0,0.0,0.0,0.0,0.0,0.0,0.0,0.0,0.0,0.0,0.0,0.0,0.0,0.0,0.0,0.0,0.0,0.0,0.0,0.0,0.0,0.0,0.0,0.0,0.0
inventory,0.0,0.0,0.0,0.0,0.0,0.0,0.0,0.0,0.0,0.0,0.0,0.0,0.0,0.0,0.0,0.0,0.0,0.0,0.0,0.0,0.0,0.0,0.0,0.0,0.0,0.0,0.0,0.0,0.0,0.0,0.0,0.0,0.0
accountsPayables,5389000000,-2025000000,1771000000,-4121000000,5505000000,1072000000,1020000000,2594000000,88000000,-358000000,2893000000,2090000000,-23000000,885000000,1005000000,2520000000,0.0,0.0,0.0,0.0,0.0,0.0,0.0,0.0,0.0,0.0,0.0,0.0,0.0,0.0,0.0,0.0,0.0
otherWorkingCapital,95825000000,0.0,-93508000000,-22236000000,-17538000000,-16121000000,-22993000000,-9370000000,-10270000000,-5079000000,-2481000000,-33677000000,-57344000000,65916000000,-83511000000,-74572000000,-72582000000,-143557000000,-139024000000,-126573000000,-130775000000,-137528000000,-131927000000,-109716000000,-102556000000,-93432000000,-91615000000,-83411000000,0.0,0.0,0.0,0.0,0.0
otherNonCashItems,-91559000000,-92588000000,76248000000,4676000000,9835000000,-4273000000,17649000000,3844000000,7292000000,3692000000,-27693000000,-20775000000,127671000000,-144614000000,13501000000,7167000000,-67040000000,8899000000,11206000000,850000000,-3936000000,8751000000,27108000000,9644000000,12116000000,4589000000,9327000000,83434000000,-1476000000,-2183500000,-1135000000,3800000000,3245000000
netCashProvidedByOperatingActivities,14645000000,5591000000,13632000000,8930000000,13540000000,8224000000,10972000000,10990000000,8547000000,7082000000,10475000000,9288000000,6384000000,8666000000,8484000000,9005000000,8045000000,9143000000,2538000000,8674000000,5324000000,6353000000,7385000000,4413000000,5170000000,4939000000,3054000000,1814000000,413000000,-1062000000,407000000,4584000000,5975000000
investmentsInPropertyPlantAndEquipment,0.0,-1478000000,-1645000000,-1310000000,-1062000000,-1375000000,-1341000000,-1195000000,-1006000000,-1053000000,-1189000000,-887000000,-772000000,-977000000,-938000000,-861000000,0.0,0.0,0.0,0.0,0.0,0.0,0.0,0.0,0.0,0.0,0.0,0.0,0.0,0.0,0.0,0.0,0.0
acquisitionsNet,1000000.0,-597000000,-352000000,-520000000,-211000000,-487000000,-155000000,-229000000,-195000000,-466000000,-610000000,-400000000,0.0,-4589000000,-124000000,993000000,-136000000,0.0,-749000000,-58000000,-165000000,0.0,0.0,0.0,0.0,0.0,0.0,0.0,0.0,0.0,0.0,0.0,0.0
purchasesOfInvestments,-1517000000,-20562000000,-11166000000,-5434000000,-2612000000,-2162000000,-1713000000,-886000000,-1348000000,-473000000,-1158000000,-7804000000,-13719000000,-14724000000,-10332000000,-18457000000,-11824000000,-18365000000,-30174000000,-24961000000,-19912000000,-9121000000,-11287000000,-10176000000,-7898000000,-10896000000,-11242000000,-13224000000,-13802000000,-17903000000,-18190000000,-12418000000,-14577000000
salesMaturitiesOfInvestments,62000000,7228000000,7351000000,3503000000,2496000000,2527000000,2103000000,2348000000,1509000000,2087000000,7250000000,14262000000,5830000000,14277000000,12001000000,19188000000,11340000000,14197000000,26620000000,19565000000,17231000000,8412000000,8310000000,8987000000,6605000000,11207000000,10510000000,11551000000,10604000000,28917000000,39928000000,8950000000,15864000000
otherInvestingActivites,-9075000000,27041000000,-10895000000,-15854000000,-16884000000,3365000000,-7087000000,-8005000000,-6229000000,-6640000000,-4784000000,-6400000000,1713000000,13049000000,-17701000000,-16080000000,-16639000000,-7442000000,-8488000000,-4114000000,73000000,-8294000000,-8769000000,-3459000000,-5928000000,-5313000000,-6010000000,-2601000000,721000000,-14625000000,-25790000000,-8055000000,-5032000000
netCashUsedForInvestingActivites,-10529000000,11632000000,-16707000000,-19615000000,-18273000000,1868000000,-8193000000,-7967000000,-7269000000,-6545000000,-491000000,-1229000000,-6948000000,7036000000,-17094000000,-15217000000,-17259000000,-11610000000,-12791000000,-9568000000,-2773000000,-9003000000,-11746000000,-4648000000,-7221000000,-5002000000,-6742000000,-4274000000,-2477000000,-3611000000,-4052000000,-11523000000,-3745000000
debtRepayment,-11662000000,-15593000000,-13850000000,-18895000000,-24082000000,-9848000000,-19610000000,-12768000000,-14763000000,-14076000000,-21029000000,-17670000000,-21771000000,-13787000000,-18390000000,-14978000000,-14426000000,-9527000000,-16998000000,-14167000000,-15318000000,-15362000000,-12049000000,-7426000000,-11604000000,-17384000000,-15454000000,-8729000000,-11397000000,-19164000000,-19416000000,-11311000000,-4150000000
commonStockIssued,64000000,44000000,86000000,87000000,129000000,177000000,193000000,362000000,721000000,443000000,594000000,663000000,614000000,0.0,0.0,0.0,0.0,0.0,0.0,0.0,0.0,0.0,0.0,0.0,0.0,0.0,0.0,0.0,0.0,0.0,0.0,0.0,0.0
commonStockRepurchased,-7652000000,-1029000000,-4685000000,-1685000000,-4400000000,-4431000000,-4480000000,-4389000000,-3943000000,-3952000000,-2300000000,-590000000,-3389000000,0.0,0.0,0.0,0.0,0.0,0.0,0.0,0.0,0.0,0.0,0.0,0.0,0.0,0.0,0.0,0.0,0.0,0.0,0.0,0.0
dividendsPaid,-1448000000,-1474000000,-1422000000,-1324000000,-1251000000,-1207000000,-1172000000,-1041000000,-939000000,-902000000,-861000000,-867000000,-924000000,-836000000,-712000000,-661000000,-597000000,-535000000,-471000000,-430000000,-424000000,-421000000,-404000000,-414000000,-423000000,-436000000,-458000000,-504000000,-526000000,-518000000,-477000000,-435000000,-373000000
otherFinancingActivites,5765000000,8984000000,19352000000,26918000000,41849000000,7777000000,23040000000,17847000000,15033000000,15219000000,22212000000,10380000000,20823000000,4183000000,34568000000,22417000000,21466000000,16238000000,23310000000,18613000000,12054000000,19426000000,20167000000,8045000000,15827000000,17368000000,19354000000,11773000000,14693000000,24005000000,22993000000,17462000000,-668000000
netCashUsedProvidedByFinancingActivities,-14933000000,-9068000000,-519000000,5101000000,12245000000,-7532000000,-2029000000,11000000,-3891000000,-3268000000,-1384000000,-8084000000,-4647000000,-10440000000,15466000000,6778000000,6443000000,6176000000,5841000000,4016000000,-3688000000,3643000000,7714000000,205000000,3800000000,-452000000,3442000000,2540000000,2770000000,4323000000,3100000000,5716000000,-5191000000
effectOfForexChangesOnCash,-120000000,364000000,232000000,129000000,207000000,-114000000,-276000000,-232000000,-151000000,88000000,-63000000,135000000,7000000.0,20000000,166000000,264000000,-10000000,42000000,-150000000,-56000000,-128000000,23000000,26000000,-57000000,-247000000,-8000000.0,13000000,41000000,-802000000,-574000000,-184000000,171000000,-149000000
netChangeInCash,-10937000000,8519000000,-3362000000,-5455000000,7719000000,2446000000,474000000,2802000000,-2764000000,-2643000000,8537000000,110000000,-5008000000,5282000000,7022000000,830000000,-2781000000,3751000000,-4562000000,3066000000,-1265000000,1016000000,3379000000,-87000000,1502000000,-523000000,-233000000,121000000,0.0,0.0,0.0,0.0,0.0
cashAtEndOfPeriod,22028000000,32965000000,24446000000,27808000000,32927000000,25208000000,22762000000,22288000000,19486000000,22250000000,24893000000,16709000000,15542000000,20550000000,15268000000,7956000000,7126000000,9907000000,5726000000,10288000000,7222000000,8487000000,7471000000,4092000000,4179000000,2677000000,3200000000,3433000000,0.0,0.0,0.0,0.0,0.0
cashAtBeginningOfPeriod,32965000000,24446000000,27808000000,33263000000,25208000000,22762000000,22288000000,19486000000,22250000000,24893000000,16356000000,16599000000,20550000000,15268000000,8246000000,7126000000,9907000000,6156000000,10288000000,7222000000,8487000000,7471000000,4092000000,4179000000,2677000000,3200000000,3433000000,3312000000,3408000000,6319000000,5605000000,7452000000,10562000000
operatingCashFlow,14645000000,5591000000,13632000000,8930000000,13540000000,8224000000,10972000000,10990000000,8547000000,7082000000,10475000000,9288000000,6384000000,8666000000,8484000000,9005000000,8045000000,9143000000,2538000000,8674000000,5324000000,6353000000,7385000000,4413000000,5170000000,4939000000,3054000000,1814000000,413000000,-1062000000,407000000,4584000000,5975000000
capitalExpenditure,0.0,-1478000000,-1645000000,-1310000000,-1062000000,-1375000000,-1341000000,-1195000000,-1006000000,-1053000000,-1189000000,-887000000,-772000000,-950000000,-883000000,-766000000,-608000000,-740000000,-1021000000,-670000000,-859000000,-919000000,-819000000,-862000000,-343000000,-438000000,-347000000,-333000000,-286000000,-570000000,-656000000,-719000000,-962000000
freeCashFlow,14645000000,4113000000,11987000000,7620000000,12478000000,6849000000,9631000000,9795000000,7541000000,6029000000,9286000000,8401000000,5612000000,7716000000,7601000000,8239000000,7437000000,8403000000,1517000000,8004000000,4465000000,5434000000,6566000000,3551000000,4827000000,4501000000,2707000000,1481000000,127000000,-1632000000,-249000000,3865000000,5013000000
link,https://www.sec.gov/Archives/edgar/data/4962/000000496222000008/0000004962-22-000008-index.htm,https://www.sec.gov/Archives/edgar/data/4962/000000496221000013/0000004962-21-000013-index.htm,https://www.sec.gov/Archives/edgar/data/4962/000000496220000030/0000004962-20-000030-index.htm,https://www.sec.gov/Archives/edgar/data/4962/000000496219000018/0000004962-19-000018-index.htm,https://www.sec.gov/Archives/edgar/data/4962/000000496218000032/0000004962-18-000032-index.htm,https://www.sec.gov/Archives/edgar/data/4962/000119312517047588/0001193125-17-047588-index.htm,https://www.sec.gov/Archives/edgar/data/4962/000119312516469798/0001193125-16-469798-index.htm,https://www.sec.gov/Archives/edgar/data/4962/000119312515059931/0001193125-15-059931-index.htm,https://www.sec.gov/Archives/edgar/data/4962/000119312514066777/0001193125-14-066777-index.htm,https://www.sec.gov/Archives/edgar/data/4962/000119312513070554/0001193125-13-070554-index.htm,https://www.sec.gov/Archives/edgar/data/4962/000119312512077400/0001193125-12-077400-index.htm,https://www.sec.gov/Archives/edgar/data/4962/000095012311019072/0000950123-11-019072-index.htm,https://www.sec.gov/Archives/edgar/data/4962/000119312510041232/0001193125-10-041232-index.htm,https://www.sec.gov/Archives/edgar/data/4962/000119312509041008/0001193125-09-041008-index.htm,https://www.sec.gov/Archives/edgar/data/4962/000119312508042043/0001193125-08-042043-index.htm,https://www.sec.gov/Archives/edgar/data/4962/000095012307003020/0000950123-07-003020-index.htm,,,,,,https://www.sec.gov/Archives/edgar/data/4962/000000496201500025/0000004962-01-500025-index.html,,,,,https://www.sec.gov/Archives/edgar/data/4962/000000496296000013/0000004962-96-000013-index.html,https://www.sec.gov/Archives/edgar/data/4962/000000496295000005/0000004962-95-000005-index.html,,,,,
finalLink,https://www.sec.gov/Archives/edgar/data/4962/000000496222000008/axp-20211231.htm,https://www.sec.gov/Archives/edgar/data/4962/000000496221000013/axp-20201231.htm,https://www.sec.gov/Archives/edgar/data/4962/000000496220000030/axp-20191231.htm,https://www.sec.gov/Archives/edgar/data/4962/000000496219000018/axp201810k.htm,https://www.sec.gov/Archives/edgar/data/4962/000000496218000032/axp201710k.htm,https://www.sec.gov/Archives/edgar/data/4962/000119312517047588/d321397d10k.htm,https://www.sec.gov/Archives/edgar/data/4962/000119312516469798/d131774d10k.htm,https://www.sec.gov/Archives/edgar/data/4962/000119312515059931/d862737d10k.htm,https://www.sec.gov/Archives/edgar/data/4962/000119312514066777/d656045d10k.htm,https://www.sec.gov/Archives/edgar/data/4962/000119312513070554/d486442d10k.htm,https://www.sec.gov/Archives/edgar/data/4962/000119312512077400/d281394d10k.htm,https://www.sec.gov/Archives/edgar/data/4962/000095012311019072/y87970e10vk.htm,https://www.sec.gov/Archives/edgar/data/4962/000119312510041232/d10k.htm,https://www.sec.gov/Archives/edgar/data/4962/000119312509041008/d10k.htm,https://www.sec.gov/Archives/edgar/data/4962/000119312508042043/d10k.htm,https://www.sec.gov/Archives/edgar/data/4962/000095012307003020/y30921e10vk.htm,,,,,,https://www.sec.gov/Archives/edgar/data/4962/000000496201500025/axp10k.txt,,,,,https://www.sec.gov/Archives/edgar/data/4962/0000004962-96-000013.txt,https://www.sec.gov/Archives/edgar/data/4962/0000004962-95-000005.txt,,,,,
