,2021,2020,2019,2018,2017,2016,2015,2014,2013,2012,2011,2010,2009,2008,2007,2006,2005,2004,2003,2002,2001,2000
period,FY,FY,FY,FY,FY,FY,FY,FY,FY,FY,FY,FY,FY,FY,FY,FY,FY,FY,FY,FY,FY,FY
revenuePerShare,50.185170137125446,31.385741493143726,30.30313255439162,24.561500799360513,18.3981145033402,13.522765978761772,10.568839220980525,9.431768085791417,8.196124194609625,6.9546120604013515,6.151472021336616,5.105519287833828,4.52040698179292,4.549721606896965,4.232642610456115,3.2627201720266896,3.3600188177275974,2.8822774043993795,2.124813878596904,1.5747316095074981,1.097924112954766,1.2150324441240086
netIncomePerShare,9.802183849669882,22.548095479939054,5.574838839645447,4.998938349320544,2.8896547418367984,2.3753005409737526,1.8002950073751844,1.8058795849122025,0.798189966605008,0.7288272402145838,0.8554649433246141,0.9792680514342236,-0.4525573855906446,1.1971951146500628,0.5317970703822794,-0.5528096638522594,0.022921938874829666,0.14622350449443824,-0.34838463935731845,-1.4228037929738084,-2.3072407508225434,-15.996395097332371
operatingCashFlowPerShare,14.887557135601828,8.407491112239716,9.408617042707494,6.927970123900879,5.475919335705813,3.1012572630735322,2.975036875921898,2.8097555539044508,2.3087981527231194,1.6612606795151996,1.6729368620813458,1.7082624464226839,1.0733927692708485,0.5948931329701251,0.7856526140288198,-0.22183221073269455,0.260982415158004,0.40961926521354836,0.20987568821635097,-0.8437904674380717,-1.842852746940611,-10.598413842826243
freeCashFlowPerShare,14.887557135601828,6.440553580497714,7.523708199033038,4.138801458832933,3.032328151339202,2.217466439591264,2.3068826720668016,2.5114173910889863,2.0678079725887946,1.185239916550765,1.2830820126173257,1.4704648862512364,0.9693026890902249,0.3803508351793091,0.6750625223294033,-0.601745564936913,0.03710012328856012,0.25850941413871886,0.07855188891582118,-1.0132211036384142,-2.2967311288375507,-13.044520547945206
cashPerShare,14.872295581513459,12.199631792788217,10.936580882352942,9.184639788169465,9.009702191421615,8.017631737126829,6.591352283807095,5.6301607350719465,4.5932763094188775,4.158441784224121,3.180873980612402,3.9997230464886253,2.698714794338148,1.6488954080105371,1.9038049303322615,1.0126173987287734,1.2039939004607099,1.1616997148241415,0.8177395339173794,0.7988011195120932,1.4922716405898644,2.246034607065609
bookValuePerShare,45.996876587100054,41.05973844591163,16.94914635374698,15.648618605115907,14.364362864456515,12.464799138449209,10.599339983499588,9.32177972608168,7.870417499472384,7.218818299225115,6.293032261373544,4.98182657434883,3.9516600573132257,3.2709692869544393,2.3989817792068595,1.3211270277962244,1.5157679579521122,1.4298650834681388,1.090342463381696,1.4749989556790175,2.352877127369991,-15.262076423936554
tangibleBookValuePerShare,39.2897155916709,33.760487557135605,15.996134669621274,14.625074940047961,13.252194543297746,11.437975856541776,9.60979024475612,8.30565668573693,6.810691363235714,5.418040929862904,3.915679335282351,4.946666666666666,3.872550438533013,3.1472489971861344,2.2338483982374657,1.0949941498276572,1.4963500097333073,1.4298650834681388,1.090342463381696,1.4749989556790175,2.352877127369991,-15.262076423936554
shareholdersEquityPerShare,45.996876587100054,41.05973844591163,16.94914635374698,15.648618605115907,14.364362864456515,12.464799138449209,10.599339983499588,9.32177972608168,7.870417499472384,7.218818299225115,6.293032261373544,4.98182657434883,3.9516600573132257,3.2709692869544393,2.3989817792068595,1.3211270277962244,1.5157679579521122,1.4298650834681388,1.090342463381696,1.4749989556790175,2.352877127369991,-15.262076423936554
interestDebtPerShare,1.3034027425088877,1.0942102590147282,0.19813910153102338,0.0,0.0,0.0,0.0,0.0,0.0,0.0,0.00065394676104016,0.000250576986482031,0.0012302081222682142,0.0003592169071424295,0.0,0.18182968092843815,0.0,0.031252605773560364,0.06329859067142214,0.11520949078908893,0.01143276445664781,0.0
marketCap,36541489600,41378928800,20879775360,18641301120,21629356800,7185442880,5291067720,4283999700,4711427990,2357054560,1979335440,1543038750,1295512500,526478560,801409680,1055575740.0000001,506097240.00000006,525275880,1198478500,149858140,192223850,93650240
enterpriseValue,35544775600,40504265800,20345087360,18004402120,21179845800,6796167880,5123353720,4084128700,4468474990,2050668560,1738660440,1248374750,1129025500,439378560,712290680,1011962740.0000001,431878240.00000006,457490880,1157195500,119822140,142156850,90822240
peRatio,47.33230952565996,23.300415791986882,47.15652013659277,46.575889464939344,93.46445306760926,37.881522126506475,36.7384232745452,29.37626652586538,73.27829520180418,40.160408921299684,29.668077222855086,20.780827037291424,-41.43120982442675,6.5820515833823,22.433369163587503,-30.19122329319567,358.17214437367306,59.90828923357664,-59.5606053076235,-2.1998816811262314,-1.972052547345959,-1.0552377518366611
priceToSalesRatio,9.244962181701894,16.73944839298349,8.675340726841826,9.479469593570684,14.679765143920951,6.65396414766908,6.258019316700691,5.624608187718028,7.136299867011206,4.208717861727981,4.1258417354364125,3.9858825033709957,4.147856614574828,1.731974103218675,2.8185701222514523,5.115363598476405,2.4434386964393484,3.0392633223398717,9.765561214096557,1.9876402944492342,4.144184417040358,13.892633140483609
pocfratio,31.164280061132033,62.48951000794352,27.941407202216066,33.60724654350879,49.32139855292231,29.014039264457672,22.2316572057631,18.880646014305924,25.33352685292726,17.619149336961236,15.170925200622369,11.912689436342442,17.467976808467604,13.246076586323152,15.184828239574056,-75.23704490377763,31.45805818000995,21.38571288982982,98.86804982676126,-3.709451719101958,-2.4689981375634193,-1.592691156462585
pfcfRatio,31.164280061132033,81.57373328759724,34.94154651476079,56.255416529608986,89.06687750160597,40.57784072555597,28.670725564357937,21.123529759820915,28.285992111140462,24.695422075540886,19.780497076900016,13.839160792121831,19.34380272647186,20.7177144656068,17.672437152685895,-27.735975090651113,221.29306515085267,33.886580220630925,264.15660127837776,-3.0891579229453114,-1.981076471194476,-1.2940299291152533
pbRatio,10.086771851159103,12.795502842573825,15.51051566333796,14.87862960145775,18.802086980710552,7.218728436822187,6.2400111802209155,5.690973350461163,7.431626086407874,4.054680251910747,4.03303192258869,4.084847133134082,4.7448413396035685,2.409071840395351,4.972943147548308,12.633153094930346,5.4163963269761775,6.126452139633072,19.030718051321138,2.122035400736335,1.9338026397859196,-1.1060094007605639
ptbRatio,10.086771851159103,12.795502842573825,15.51051566333796,14.87862960145775,18.802086980710552,7.218728436822187,6.2400111802209155,5.690973350461163,7.431626086407874,4.054680251910747,4.03303192258869,4.084847133134082,4.7448413396035685,2.409071840395351,4.972943147548308,12.633153094930346,5.4163963269761775,6.126452139633072,19.030718051321138,2.122035400736335,1.9338026397859196,-1.1060094007605639
evToSales,8.99279448583509,16.385611873422544,8.453183136418708,9.155593879863229,14.374683676606628,6.293482276635978,6.059655298845871,5.3621907876684,6.768304120229141,3.6616400584957174,3.624164788917353,3.224724637456539,3.614813356257584,1.4454383240782167,2.505137233937791,4.904013200616417,2.085109185274593,2.647057108140948,9.42917498472194,1.5892584388885205,3.064782036909279,13.473110814419226
enterpriseValueOverEBITDA,35.10862119884673,85.72567245236377,32.084324655069366,35.117864029569816,53.039914955211245,25.657147581582883,25.101559099483108,19.61401704886541,40.635798897821104,20.083525713222404,16.178250844429556,10.742588720225802,-54.26963564699096,14.699359673480311,14.151001887354724,-42.40541149849145,32.767696509863434,18.712814136125655,616.5133191262653,-3.0692146516393444,-2.107932353682587,-1.0531946425465297
evToOperatingCashFlow,30.314236054254682,61.16861398967643,27.225885369411323,32.459020806553674,48.29637911337418,27.442189021780386,21.526967650852743,17.999765093720114,24.0271593646492,15.328892344032651,13.326234124581319,9.637801187378889,15.22315782377132,11.054661097972122,13.496232828694318,-72.12849180327869,26.844743908503236,18.625962055207232,95.46242369245999,-2.9659679695041956,-1.8259180527904437,-1.544595918367347
evToFreeCashFlow,30.314236054254682,79.8494371700397,34.04676554605958,54.33339304521545,87.21584968127686,38.379515693649125,27.761933176552187,20.13800657768223,26.827375603371678,21.485342972392477,17.375310448208666,11.196386930707277,16.857920355964342,17.29019990555643,15.707212666490253,-26.590013663355933,188.84050721469177,29.51363653957809,255.05741679523913,-2.4699993815835586,-1.4650814181181078,-1.254953503475149
earningsYield,0.02112721753959368,0.042917689063038285,0.021205975273481104,0.021470336079201752,0.010699254820189567,0.02639809447625864,0.027219458835427646,0.03404108548373615,0.013646605686527747,0.02490014486554779,0.033706262542340985,0.04812128016875791,-0.024136393898167713,0.15192831404188614,0.044576451834222916,-0.0331222087389011,0.0027919535779329678,0.01669218087836053,-0.01678962117384667,-0.454569901908565,-0.5070858793016579,-0.947653737993624
freeCashFlowYield,0.032088018655922555,0.012258848034751446,0.028619225527912958,0.017776066051767098,0.011227518332861381,0.02464399243822254,0.034878782462455425,0.04734057287632396,0.035353188110596595,0.04049333503760728,0.050554846832833955,0.07225871676910253,0.05169614341814533,0.048267872484683894,0.05658529105862559,-0.03605425793510563,0.004518894432224131,0.02951020709346106,0.0037856332007624666,-0.3237128126640301,-0.5047760722719892,-0.7727796533142894
debtToEquity,0.028336766302832626,0.019928166450980483,0.0,0.0,0.0,0.0,0.0,0.0,0.0,0.0,0.0,0.0,0.0,0.0,0.0,0.0,0.0,0.00029158259368548736,0.026470401422764227,0.04719626168224299,0.0,0.0
debtToAssets,0.3903320537654133,0.33041878731999597,0.46168355925656074,0.38956558428966637,0.3529453454048022,0.2870477477006427,0.2681668828697267,0.2380837188776889,0.23815143237913494,0.23137937782290907,0.24409639222257817,0.20798292458427947,0.23140412115752731,0.21765870387805586,0.2765609779090595,0.44868631151110466,0.34249525015832805,0.34406175408531736,0.3838085360364768,0.2394675626776945,0.15916357915038318,2.200011337707799
netDebtToEBITDA,-0.9844837582709993,-1.8511895565380634,-0.8432061793402753,-1.2422813228395604,-1.1256939940248272,-1.4696055631899247,-0.8217045148330516,-0.9598799375675351,-2.209386708377287,-3.0006365871096006,-2.2394830137062782,-2.535660195511497,8.002643722361084,-2.9139205781004316,-1.7705175325320353,1.8275645323499832,-5.6311836115326255,-2.772619437172775,-21.99413958444326,0.7693647540983607,0.7424042468008126,0.03279410912042674
currentRatio,1.2962489429963864,1.3952448738345853,1.6822548585435184,1.8819965523868147,2.324157921802433,2.6894831162600363,2.694462440001178,3.256314076041445,3.1064344295018764,3.1186356895699454,2.5980542409041503,4.179781444274743,3.216264785889246,2.937116159281516,3.002277941391822,1.5946328725491643,2.295630348913759,2.37683545430275,2.063140433956711,3.578020544594815,4.57406369141063,1.7914158257178743
interestCoverage,,,,,,,,,,,1771.764705882353,5407.0526315789475,-400.1411764705882,646.4166666666666,,,,,,,,
incomeQuality,1.5188000310872776,0.3728692349968016,1.6876930998970134,1.3858882906292553,1.895008167039729,1.305627313081895,1.6525274267462853,1.5558930824510395,2.8925421883505718,2.279361401236987,1.9555878649799148,1.7444278345656068,-2.3718379225430937,0.4969057471839174,1.4773541596685702,0.40128135457483627,11.385704175513093,2.80132299270073,-0.6024252062419243,0.5930476651840108,0.7987258140632374,0.6625501419750304
dividendYield,,,,,,,,,,,,,,,,,,,,,,
payoutRatio,0.0,0.0,0.0,0.0,0.0,0.0,0.0,0.0,0.0,0.0,0.0,0.0,0.0,0.0,0.0,0.0,0.0,0.0,0.0,0.0,0.0,0.0
salesGeneralAndAdministrativeToRevenue,0.0,0.0,0.44542744794324074,0.43346426021565304,0.4518604084530271,0.4543613421565849,0.46155583889029506,0.1507326827308499,0.17078305862109705,0.17113032795813163,0.1858336060499311,0.20149770359004562,0.42067600925934817,0.20447008974392716,0.5328665081665096,0.7784729154753481,0.5905129752564876,0.5194873575189493,0.6354451008352007,1.1217985277538298,1.796201276302173,8.668743509865005
researchAndDdevelopementToRevenue,0.06332945738787588,0.07091876383781004,0.06538194346342606,0.06554768593007243,0.06621293554488795,0.07011929169514221,0.07242816557577535,0.06932159395420225,0.06677158341487353,0.07654618144028741,0.07744595521333386,0.06715384655125205,0.071244473046396,0.08607587441113772,0.09048225314069468,0.08952576640142668,0.08972842486421244,0.0911647283457733,0.1068404970462416,0.1732740897937529,0.31655312176612627,1.3601839489689957
intangiblesToTotalAssets,0.08890040743103039,0.11903244995582526,0.030268300661174342,0.039927248206784255,0.05009854566399079,0.05873146959032368,0.06832361929964018,0.0830528837638171,0.10258043350513792,0.19173700800727742,0.28556180536730824,0.005589766492012672,0.015386780767931539,0.029591073276031804,0.04979776531798654,0.09436651315008115,0.008423052564914503,0.0,0.0,0.0,0.0,0.0
capexToOperatingCashFlow,,-0.23395059304654064,-0.20033856571252692,-0.4025953656245662,-0.4462430935447018,-0.2849782357644133,-0.22458686454030932,-0.10617940140767478,-0.10437905966361251,-0.2865418828207927,-0.23303620017015536,-0.13920434806105197,-0.09697296568462213,-0.36064006440899715,-0.14076207438846466,1.712615823235923,-0.8578443560417702,-0.3689031837798225,-0.6257218280811747,0.20079704943191662,0.24629118232611907,0.23079931972789117
capexToRevenue,,-0.06266978054896942,-0.06220178195409997,-0.11355856011618659,-0.1328174788738799,-0.06535577298833012,-0.06321926087481046,-0.0316312021353556,-0.029402943929621967,-0.06844677443258619,-0.06337586322619913,-0.04657656680253974,-0.023026705471403917,-0.047155038555675446,-0.02612790681316208,-0.11644067960882755,-0.06663126131563066,-0.0524272406410924,-0.06180484823793033,-0.10759334173353671,-0.4133968609865471,-2.0132027889037234
capexToDepreciation,,-1.6561825140584576,-1.895265223446006,-4.080472161821405,-5.185484512043244,-2.9404216315307057,-2.9688402577205064,-1.3492383512544803,-1.1537592867756314,-2.152209308854079,-1.7396578360130457,-1.2710418722684336,-0.5530605967394647,-1.1206316941599561,-0.555024280911468,-2.3394022003699737,-1.320543488661372,-0.6169821598801579,-0.3461099703399498,-0.2789450156459544,-0.6386344712739384,-5.4003183446080385
stockBasedCompensationToRevenue,0.0,0.039817697914311063,0.036639582249596556,0.035984382341753746,0.03994399397860614,0.0501428870405251,0.0626184230135094,0.052284964412928195,0.040045076839653075,0.038359691522584956,0.03994863895310178,0.04151619886031938,0.04830741548283403,0.05834342184909335,0.0,0.0,0.0,0.0,0.0,0.0,0.0,0.0
grahamNumber,100.72026319658794,144.32922543388133,46.10853593764752,41.953495591280706,30.5602864590088,25.81030788416656,20.72060868337959,19.46189259305312,11.888943869162853,10.880193330969925,11.005818504471055,10.476985780558774,6.343338336106204,9.386678866165909,5.357691512849561,4.053697723461719,0.8841649511338838,2.168939228707488,2.923494096509698,6.871627714550718,11.051910005686453,74.11551525063318
roic,0.24300411220498358,0.11049142114824939,0.35463270690552334,0.3429646754411435,0.2762499609387207,0.23892990700853126,0.21267451443750063,0.24622163203109695,0.14343896018477215,0.14252482345085515,0.18030637717077025,0.26755805807239647,-0.12413274597897057,0.07091498338430033,0.209885804267771,-0.4480572963294539,0.026159868238112553,0.11385896180215475,-0.30755109911299655,-0.9164618504640262,-0.984688489968321,-1.7086914391641388
returnOnTangibleAssets,0.14260081635005303,0.417385189506237,0.18258728829984205,0.20311249529943787,0.13703200164851953,0.14433783585320736,0.1334172015737338,0.1609729551924463,0.08609573036416104,0.0960102993788637,0.14382818916955367,0.15656040668217097,-0.08939772538839365,0.2950733191921055,0.16877374000793696,-0.2547283907443026,0.010027463754231334,0.06707876859048902,-0.1968846010841275,-0.7336197983975188,-0.8245275677138845,-1.2577486146738284
grahamNetNet,-4.571362366683596,-0.4328371000507872,2.9695243251410153,3.657939273581135,4.395564088156334,5.492646138048487,4.3155203880097,4.020968001585061,3.274167918461596,3.001204549970197,2.0893054059598914,3.3554566435872073,2.1157662025646222,1.3413608333832245,1.509102953435751,0.3607066059513645,0.7947367140354292,0.795803245334623,0.4268023477267218,0.6130164167258448,1.270374227755817,-24.948314708002883
workingCapital,570004000,523937000,662449000,610406000,659187000,598643000,460338000,455349000,369338000,330022000,236699000,295637000,180056000,117335000,123058000,40306000,62978000,61886000,39737000,47433000,63747000,18273000
tangibleAssetValue,3094458000,2658976000,1270477000,1170942000,1061302000,913391000,768764000,670715000,548608000,436304000,305376000,375081000,267570000,210274000,150061000,69254000,92241000,,,,,
netCurrentAssetValue,174679000,253720000,478886000,502912000,529517000,552216000,421303000,421934000,346499000,310798000,226333000,289415000,179095000,117106000,122910000,40087000,62914000,61861000,37888000,43596000,62767000,-113873000
investedCapital,0.028336766302832626,0.026649226235479835,0.011690211258764687,0.0,0.0,0.0,0.0,0.0,0.0,0.0,0.0,0.0,0.0,0.0,0.0,0.13763224663698598,0.0,0.021857031222664133,0.058053861788617885,0.07810818465024072,0.00485905716182773,0.0
averageReceivables,802776500,708355000,664665500,573682000,515590000,477885000,433452500,419053000,410802500,403673500,399946000,386892500,381446000,380358500,376602500,370995000,368830000,368582000,364810000,362560500,359955500,356410000
averagePayables,153009000,142132000,114691000,103194000,89454000,85364000,95160000,85557500,81307000,82273500,82222500,74950000,74127000,73856000,75677000,73583000,72310500,72746500,72613500,72053000,73254000,73836500
averageInventory,184733500,139237000,125644000,97439000,85462500,83184000,79351000,77582500,76602500,77179500,74319500,70890500,70641500,70601000,71073500,71163500,71083500,71044500,70316000,70385000,70393000,70630500
daysSalesOutstanding,82.85143845140293,104.59374839448029,94.1734322310657,81.48433098126003,79.971552443205,83.62686294882552,68.44672768088414,62.179384837977395,62.611139553412116,64.51684787363783,69.643839071499,61.690379876319334,63.733275062193236,62.8738124062426,57.57442004417371,59.49375829884568,51.64188292094146,60.84178094080889,63.24485638622938,81.1670535181378,90.93523628837531,241.76309152944665
daysPayablesOutstanding,58.80523461285512,73.20127104892579,48.04087802214213,45.22234755362738,37.65643848221149,39.44946707990022,85.64106808974759,57.74136237104962,46.11924737816163,56.95303961629761,68.75217376622938,33.8711488609349,28.342233102066185,25.83005707038681,44.859465582728056,28.36603627942879,14.24314875203813,21.32540068838438,21.907786289149616,15.666666666666666,34.10646793790438,99.86988296874229
daysOfInventoryOnHand,82.61065109233024,71.71027901555793,61.69660083964525,39.159248011569055,32.446628850998415,37.42843374404717,34.5937451308819,31.732547350035478,31.451696483652068,38.42265737575965,28.970014688750442,11.092714045084758,9.472102078867595,9.096068484464173,14.155394149396948,17.411810111925895,16.76674401103725,18.09581754337169,9.874430330650634,12.166666666666666,12.072879075825842,36.480173818576866
receivablesTurnover,4.405475714390803,3.489692315293885,3.8758277292520162,4.4793888052408946,4.56412297684504,4.36462623527272,5.332614317250079,5.8701127544296385,5.829633554083885,5.657436964603201,5.240951746288387,5.916643741403026,5.7269926838659995,5.805278637179634,6.339620958751394,6.135097368812249,7.067906500597168,5.999166927001979,5.771220315071714,4.4968984850292255,4.013845621322257,1.5097424412094065
payablesTurnover,6.206930427248209,4.986252216249683,7.597696275071633,8.071230702191235,9.692897541875135,9.252342985032872,4.261973935419607,6.321291791739985,7.914266184942877,6.40878875752844,5.3089230493434325,10.776132852729145,12.878307742567788,14.130824372759857,8.13652136196053,12.867500993245928,25.626355966251506,17.115739363284735,16.660743134087237,23.29787234042553,10.701782449725776,3.6547554593033746
inventoryTurnover,4.418316466142553,5.089925809949942,5.916047157098107,9.320914433601121,11.249242615501137,9.751944270391803,10.551040328795274,11.502385735811151,11.605097365406644,9.499603227086364,12.599234205488195,32.904481132075475,38.534213098729225,40.12722646310433,25.785223367697593,20.962783171521036,21.769283276450512,20.17040673211781,36.96415770609319,30.0,30.233053582956746,10.005434782608695
roe,0.2131054231716884,0.5491534124028059,0.32891561163568617,0.31944917794125743,0.2011683197579909,0.19056067527368697,0.16984972745263147,0.19372691030871275,0.10141647081092166,0.1009621256560534,0.1359384328244166,0.1965680733400927,-0.1145233595569815,0.3660062231170495,0.22167616069101603,-0.41843793384077743,0.015122327104604122,0.10226384725737413,-0.3195185467479675,-0.9646134239592183,-0.9806040119917104,1.0481139428868367
capexPerShare,0.0,-1.966937531742001,-1.884908843674456,-2.7891686650679457,-2.4435911843666105,-0.8837908234822681,-0.6681542038550964,-0.29833816281546427,-0.24099018013432483,-0.47602076296443474,-0.3898548494640201,-0.2377975601714474,-0.1040900801806235,-0.21454229779081602,-0.11059009169941646,-0.37991335420421846,-0.22388229186944392,-0.15110985107482947,-0.1313237993005298,-0.16943063620034254,-0.4538783818969394,-2.4461067051189618
