,2021,2020,2019,2018,2017,2016,2015,2014,2013,2012,2011,2010,2009,2008,2007,2006,2005,2004,2003,2002,2001,2000,1999,1998,1997,1996,1995,1994,1993,1992
period,FY,FY,FY,FY,FY,FY,FY,FY,FY,FY,FY,FY,FY,FY,FY,FY,FY,FY,FY,FY,FY,FY,FY,FY,FY,FY,FY,FY,FY,FY
currentRatio,,,1.1242099401364332,1.068777126323003,1.0819341065143384,1.1060521538040227,1.1555573060259945,1.061389337641357,0.891016583020676,0.8445194147987154,1.0175753408576365,0.989285025340652,1.342561871090563,1.246419122342852,1.293962911831648,1.255512018246681,1.2236925661142635,1.2077139742408236,1.1898184612258376,0.0,0.0,0.0,0.0,0.0,,,,,,
quickRatio,,,1.0863705972434916,1.037491433792736,1.0364856807647183,1.0835556276814784,1.1453958251280032,1.0771136241249326,1.1055401257126152,1.0804651766308755,0.12245719364738634,0.12254704242147905,0.10891125011331701,0.13995073442204178,0.392578635125555,0.4129091369865684,0.4623184546367044,0.5047373508058172,0.5232011989128502,0.5506333078469685,0.5593795701456392,0.5416527269068223,0.5437495463543385,0.4751169154228856,,,,,,
cashRatio,,,0.01426516311661794,0.011868956064874743,0.007000942434558498,0.009990567281652856,0.027963765261914138,0.010077698284483422,0.00940408322370024,0.00997502189638953,0.010297003136057959,0.01353839678726128,0.012129453358716345,0.015819724477693642,0.009514570351852544,0.011014289334658946,0.010488149620009423,0.01200285463822518,0.014266300896644568,0.018785008353864017,0.022581850593656454,0.02447450191185349,0.024712636093698448,0.0658611111111111,,,,,,
daysOfSalesOutstanding,255.6238556746332,266.47413457798524,274.7696425437314,293.0754653544029,277.9356759606736,263.6272204391624,324.80328645915625,335.7558291168953,312.1289133482166,335.08530330062445,95.12029226565285,96.52911408221917,88.88325041459369,92.45488556338029,461.6525363854741,497.3289315726291,529.958358801956,554.1271305634673,584.1797318401136,865.8124626913027,777.974520094024,795.5750270047964,1378.3098982760964,387.60083926700605,49.05043126009877,36.557265152568085,11.59957627118644,6.111627906976744,4.41067112846254,0.0
daysOfInventoryOutstanding,,,,,,,,,,,,,,,,,,,,,,,,,,,,,,
operatingCycle,,,,,,,,,,,,,,,,,,,,,,,,,,,,,,
daysOfPayablesOutstanding,,,,,,,,,,,,,,,,,,,,,,,,,,,,,,
cashConversionCycle,,,,,,,,,,,,,,,,,,,,,,,,,,,,,,
grossProfitMargin,0.0,0.0,0.0,0.0,0.0,0.0,0.0,0.0,0.0,0.0,0.0,0.0,0.0,0.0,0.0,0.0,0.0,0.0,0.0,0.0,0.0,0.0,0.0,0.0,0.0,0.0,0.0,0.0,0.0,0.0
operatingProfitMargin,0.0,0.0,0.0,0.0,0.0,0.0,0.0,0.0,0.0,0.0,0.0,0.0,0.0,0.0,0.0,0.0,0.0,0.0,0.0,0.0,0.0,0.0,0.0,0.0,0.0,0.0,0.0,0.0,0.0,0.0
pretaxProfitMargin,0.2396308864096868,0.11563038284158471,0.15354238577195342,0.14234190176360914,0.11543590856930186,0.15729765801264736,0.17359245799757728,0.18188931198163893,0.22003011266289393,0.16592328278322926,0.12421290245930854,0.22910158690491067,0.20411276948590382,0.11495011737089202,0.22276388300127173,0.21180972388955582,0.09940403422982885,0.1147224829459643,0.15864077916941308,-0.005494732278684667,-0.030463135434370348,0.12092870297040419,0.13047673343299115,0.41237734035944623,0.0,0.0,0.0,0.0,0.0,0.0
netProfitMargin,0.20845641188389522,0.09815524809690504,0.13028725209149944,0.12109912278020601,0.11974692181248643,0.13139915472369634,0.14926002001369357,0.1488185279849773,0.19510928819895124,0.15086975914362177,0.09415468694309136,0.19417718355616645,0.16908789386401327,0.0878080985915493,0.182139324572559,0.17294417767106843,0.07854523227383862,0.09236761709762105,0.1326020777676393,0.010746729890928041,-0.02203474746064036,0.10309803733184067,0.120969244180458,0.3981336828383828,0.45649551819979955,0.3412646437329652,0.3595641646489104,-0.0850232558139535,0.4155047406581149,0.020200076952674107
effectiveTaxRate,0.13009372453137735,0.15112926477654973,0.1514574204610402,0.14923770667811895,-0.03734551316496507,0.16464646464646465,0.14016990291262135,0.18181818181818182,0.11326097215667767,0.0907258064516129,0.2419894787183166,0.1524406872102536,0.1715957101072473,0.23611997447351626,0.18236600063431652,0.1849096705632306,0.20983858570330516,0.19486037326155733,0.16413624251030026,2.9558241140550345,0.38867096799691725,0.14744775392924994,0.07286731513259341,0.034540349643479476,,,,,,
returnOnAssets,0.04268347546162536,0.018519295082139075,0.025171948028461143,0.02361552354101722,0.023116715163271906,0.025878362309589075,0.027684973526366178,0.029038759058708574,0.039762988043593274,0.029239829272245936,0.018113250671390205,0.037286305560554255,0.03268786868427802,0.01661184895291228,0.035760854487446245,0.03433380501973635,0.01646380525304292,0.02021724797273586,0.02860549152093203,0.0017617341600711625,-0.003937261117961219,0.017134431105091316,0.01211580377020955,0.06373498037776235,0.09224227868742985,0.0633385056438521,0.07333333333333333,-0.01736058349794864,0.09744506452738054,0.005200594353640416
returnOnEquity,0.14299829185785579,0.05943708887804714,0.08049737037103974,0.07874860868182541,0.07545141874462596,0.08565510098394614,0.09727132315084949,0.09642748504410721,0.13037294015611448,0.09828920126402964,0.06465165606134769,0.13528336380255943,0.12960797274622465,0.08286030735151599,0.15458415782215026,0.16143717607508054,0.08703013884185574,0.11581036725793457,0.1604430934228702,0.011981963114167766,-0.023975933346728442,0.10017728092135159,0.08200383771929824,0.15081052265990355,0.17614350063416456,0.1290985341388188,0.16469120399251402,-0.04197666942224672,0.1633533109194562,0.009528130671506351
returnOnCapitalEmployed,,,0.0,0.0,0.0,0.0,0.0,0.0,0.0,0.0,0.0,0.0,0.0,0.0,0.0,0.0,0.0,0.0,0.0,0.0,0.0,0.0,0.0,0.0,,,,,,
netIncomePerEBT,0.8699062754686226,0.8488707352234502,0.8485425795389598,0.850762293321881,1.0373455131649651,0.8353535353535354,0.8598300970873787,0.8181818181818182,0.8867390278433224,0.9092741935483871,0.7580105212816834,0.8475593127897464,0.8284042898927527,0.7638800255264837,0.8176339993656835,0.8165072617782501,0.7901614142966948,0.8051396267384426,0.8358637574896998,-1.9558241140550345,0.7233250007410408,0.8525522460707501,0.9271326848674066,0.9654596503565205,,,,,,
ebtPerEbit,,,,,,,,,,,,,,,,,,,,,,,,,,,,,,
ebitPerRevenue,0.0,0.0,0.0,0.0,0.0,0.0,0.0,0.0,0.0,0.0,0.0,0.0,0.0,0.0,0.0,0.0,0.0,0.0,0.0,0.0,0.0,0.0,0.0,0.0,0.0,0.0,0.0,0.0,0.0,0.0
debtRatio,0.7015105921401221,0.6884219023556669,0.687294778544503,0.7001150377598035,0.6936211996024476,0.6978771607024395,0.7153840142234726,0.6988539206904976,0.6950058194900011,0.7025122913177373,0.719833152391292,0.7243836602483354,0.7477943062323673,0.7995198245833159,0.7686641697877653,0.787324048558874,0.8108263933376041,0.8254279953390726,0.8217094241287267,0.8529678197733688,0.8357827801311241,0.8289589121654897,0.8522532102499601,0.5773837312301301,0.4763231208910205,0.5093785838362455,0.5547222222222222,0.586423036012764,0.40347052668294386,0.45418524021792966
debtEquityRatio,2.350202632548481,2.2094682121767804,2.1978999114420485,2.3346120209890286,2.263933401078715,2.30991196271362,2.513506092328814,2.3206475817081826,2.278751084128361,2.3614834186916567,2.5693016805351605,2.628231914337947,2.9650175420755582,3.9880243666066733,3.322719913653535,3.701989074100014,4.286149678293261,4.728295335453748,4.608821414778564,5.801232209565472,5.08949536959936,4.846548409277794,5.768336568881219,1.3662127416692917,0.9095744721467749,1.0382314490450826,1.245789145352464,1.4179296408560669,0.6763631048092384,0.8321234119782214
longTermDebtToCapitalization,,0.20094368791084705,0.2003959652013064,0.19766533241902817,0.1882099117964338,0.21110257709215105,0.2508549535882338,0.11024569211800439,0.12495066937858595,0.11759615384615385,0.12053379250968575,0.127525444326295,0.13835706462212485,0.162647808949687,0.09795543054954566,0.09849728501073368,0.13293694487264185,0.15823434310342746,0.13248254762029607,0.21491988508192134,0.1809871811034605,0.2080854252627571,0.2424305353657017,0.06306331304376342,,,,,,
totalDebtToCapitalization,,,0.2151297218321347,0.2041255378385219,0.20104919670876986,0.21749631238552186,,0.1736628962435414,0.1726938752080822,0.15551670194165823,0.1583067257184056,0.1685726693688477,0.14439223875402418,0.18490097613270892,0.11574761399787911,0.13023879142300196,0.1516196222078575,0.168643078872058,0.17660555140043196,0.22875144427585087,0.23201415868125963,0.24812732731599674,0.3595738781038232,,,,,,,
interestCoverage,0.0,0.0,0.0,0.0,0.0,0.0,0.0,0.0,0.0,0.0,0.0,0.0,0.0,0.0,0.0,0.0,0.0,0.0,0.0,0.0,0.0,0.0,0.0,0.0,,,,,,
cashFlowToDebtRatio,,0.6546026224244046,0.4181722273506528,0.4246745195288283,0.3496932515337423,0.39439558801609775,0.3960639606396064,0.7230620778385333,0.6684394216386904,0.7879684418145957,0.7525482541747994,0.7612709317303564,1.0048207291352818,1.2514494964906928,2.1534585432890516,1.920018709073901,2.040738986262435,2.4825999312357223,2.229405956634787,1.27976011107845,0.73338334559248,-0.2388120780192952,-0.1844283665884562,0.26708,,,,,,
companyEquityMultiplier,3.350202632548481,3.2094682121767804,3.1978999114420485,3.3346120209890286,3.263933401078715,3.30991196271362,3.513506092328814,3.3206475817081826,3.278751084128361,3.3614834186916567,3.5693016805351605,3.628231914337947,3.9650175420755582,4.988024366606673,4.322719913653535,4.701989074100014,5.286149678293261,5.728295335453748,5.608821414778564,6.801232209565472,6.08949536959936,5.846548409277794,6.768336568881219,2.3662127416692917,1.909574472146775,2.0382314490450826,2.245789145352464,2.417929640856067,1.6763631048092384,1.8321234119782215
receivablesTurnover,1.4278792526491912,1.3697389451251998,1.328385467262483,1.2454130186524552,1.3132535027696317,1.3845307756610497,1.1237571022727273,1.0870995180039693,1.1693886224272965,1.089274869427912,3.837246409847276,3.7812426175289393,4.106510487605557,3.947871416159861,0.7906379175511116,0.733920704845815,0.6887333578908593,0.6586936099462368,0.6248077091793014,0.4215693533278896,0.4691670364164202,0.4587876537228204,0.26481707811611827,0.94169042742594,7.441320914479255,9.98433549327908,31.466666666666665,59.72222222222222,82.75384615384615,
payablesTurnover,,0.0,0.0,0.0,0.0,0.0,0.0,0.0,0.0,0.0,0.0,0.0,0.0,0.0,0.0,0.0,0.0,0.0,0.0,0.0,0.0,0.0,0.0,0.0,0.0,0.0,,,,
inventoryTurnover,,,,,,,,,,,,,,,,,,,,,,,,,,,,,,
fixedAssetTurnover,,,,,,,,,,,,,,,,,,,,,,,,,,,,,,
assetTurnover,0.20475971487698322,0.1886735089687274,0.19320346100156546,0.1950098646369158,0.1930464250218534,0.1969446634874144,0.18548150753179768,0.1951286540184024,0.2037985398370543,0.19380841752660868,0.19237757842409006,0.19202207426069223,0.1933187996922288,0.18918356301261502,0.19633791094465253,0.19852535935056229,0.20960922485586161,0.21887809394680768,0.21572430841587475,0.16393211497372312,0.17868419526904789,0.1661955120439479,0.10015606737308853,0.16008437146885343,0.20206612115533876,0.18559937809852223,0.2039506172839506,0.2041862938763106,0.23452214858737355,0.2574541852402179
operatingCashFlowPerShare,26.136230236928572,21.70910082224467,14.031856123374238,11.819790394005876,9.639390549393372,11.441672607007092,11.867709645463508,13.396505923682543,11.79795667721081,11.75541309113051,10.261432648765956,10.43907887369687,9.910809931981918,12.492964101834735,14.205116362611253,12.501995674839423,14.080622565901848,16.959182444189516,15.199689734726725,8.604333540631973,6.8383057547031365,-1.864514183717727,-2.373944102345625,0.3611760039985651,1.6356756902859795,4.157898316500858,3.7152357021194407,2.358336980306346,1.009570466004299,2.439047619047619
freeCashFlowPerShare,26.136230236928572,21.70910082224467,14.031856123374238,11.819790394005876,9.639390549393372,11.441672607007092,11.867709645463508,13.396505923682543,11.79795667721081,11.75541309113051,10.261432648765956,10.43907887369687,9.910809931981918,12.492964101834735,14.205116362611253,12.501995674839423,14.080622565901848,16.959182444189516,15.199689734726725,8.604333540631973,6.8383057547031365,-1.864514183717727,-2.373944102345625,0.3611760039985651,1.6356756902859795,4.157898316500858,3.7152357021194407,2.358336980306346,1.009570466004299,2.439047619047619
cashPerShare,3.8891385741379945,214.74150001899685,202.03925792526678,178.4464815086292,178.16282403839918,181.83438200954467,171.40609210507955,156.05022425157966,151.34942136185205,147.56500903807358,8.620194862003677,8.110451860415926,6.942024588038909,12.846337385378463,9.491229630921493,9.200616061800218,11.655408558497212,12.781564546994431,12.553380363042363,9.041212311107289,12.474590392684947,8.632904244212302,9.23151433306639,4.316066770922137,2.729390277873658,2.877753319499903,0.0,0.0,0.0,0.0
payoutRatio,0.1640707342780185,0.392867251627512,0.3039964077233947,0.3374558303886926,0.33877233877233875,0.2836759371221282,0.3041637261820748,0.30213810024535576,0.13757317722192655,0.3011825572801183,0.289589905362776,0.13996138996138996,0.15221655551196547,0.32247284878863824,0.14972847168347556,0.15488069414316702,0.2898832684824903,0.23788922551266845,0.16276608803498033,2.5229852774040156,-1.0546190938025053,0.2241566018763053,0.21327093431388935,0.0970970327643796,0.09326460808836598,0.09555004089972492,0.09301346801346802,-0.43544857768052514,0.07337807606263982,0.0
operatingCashFlowSalesRatio,0.27217244830700876,0.2718508640328944,0.18551453811501784,0.1674970198979124,0.13965822038892162,0.1681654962026121,0.20350766313793647,0.23452089092900735,0.20881574165411973,0.2227363960749331,0.20613045027919685,0.22154192177933274,0.22122719734660032,0.3008362676056338,0.3321322594319627,0.3079981992797119,0.32915647921760394,0.40166135195677954,0.39519812545522615,0.3404445652424174,0.20362208182266522,-0.08110875646543908,-0.15275224644430377,0.04745753556294431,0.2791519854191836,0.7318745156054549,0.6613196125907991,0.6266046511627907,0.22922476296709426,0.4926894959599846
freeCashFlowOperatingCashFlowRatio,1.0,1.0,1.0,1.0,1.0,1.0,1.0,1.0,1.0,1.0,1.0,1.0,1.0,1.0,1.0,1.0,1.0,1.0,1.0,1.0,1.0,1.0,1.0,1.0,1.0,1.0,1.0,1.0,1.0,1.0
cashFlowCoverageRatios,,,0.4181722273506528,0.4246745195288283,0.3496932515337423,0.39439558801609775,,0.7230620778385333,0.6684394216386904,0.7879684418145957,0.7525482541747994,0.7612709317303564,1.0048207291352818,1.2514494964906928,2.1534585432890516,1.920018709073901,2.040738986262435,2.4825999312357223,2.229405956634787,1.27976011107845,0.73338334559248,-0.2388120780192952,-0.1844283665884562,,,,,,,
shortTermCoverageRatios,,,4.882217090069284,10.766208251473477,4.445212240868707,10.584,,1.761755485893417,2.1157285639137298,2.8515346181299073,2.773780975219824,2.727692307692308,20.714285714285715,8.707006369426752,12.637096774193548,7.102076124567474,14.36,33.858559759390275,7.741170951776255,16.616335480334385,2.7310923521622583,-1.1719107072802044,-0.42886509675828344,,,,,,,
capitalExpenditureCoverageRatio,,,,,,,,,,,,,,,,,,,,,,,,,,,,,,
dividendPaidAndCapexCoverageRatio,,,,,,,,,,,,,,,,,,,,,,,,,,,,,,
dividendPayoutRatio,0.1640707342780185,0.392867251627512,0.30399640772339476,0.3374558303886926,0.3387723387723387,0.28367593712212813,0.3041637261820748,0.3021381002453558,0.13757317722192655,0.3011825572801183,0.289589905362776,0.13996138996139,0.15221655551196547,0.3224728487886383,0.14972847168347556,0.15488069414316705,0.2898832684824903,0.23788922551266845,0.16276608803498033,2.522985277404016,-1.0546190938025053,0.22415660187630532,0.21327093431388935,0.09709703276437961,0.093264608088366,0.09555004089972492,0.093013468013468,-0.4354485776805252,0.07337807606263982,
priceBookValueRatio,1.4065023470225972,1.1045948180933152,1.2590933994579607,1.223762910424702,1.3972743366815559,1.2619054302812744,1.263579510838167,1.2246069003423834,1.1251983735539812,1.035663983432744,0.9514699399289536,0.9044371688839433,0.8430069116992933,0.9921113042959988,1.1483677872634708,1.3476094280785014,1.4235643882329512,1.2510489476073865,1.3659683909922433,1.2819657086209382,1.238648558070659,1.5931146058527375,0.785143125808887,1.6860417358929212,2.030458353800946,1.2013497502334882,0.910421696500488,1.005691081967025,0.9670277707617921,8.265653357531761
priceToBookRatio,1.4065023470225972,1.1045948180933152,1.2590933994579607,1.223762910424702,1.3972743366815559,1.2619054302812744,1.263579510838167,1.2246069003423834,1.1251983735539812,1.035663983432744,0.9514699399289536,0.9044371688839433,0.8430069116992933,0.9921113042959988,1.1483677872634708,1.3476094280785014,1.4235643882329512,1.2510489476073865,1.3659683909922433,1.2819657086209382,1.238648558070659,1.5931146058527375,0.785143125808887,1.6860417358929212,2.030458353800946,1.2013497502334882,0.910421696500488,1.005691081967025,0.9670277707617921,8.265653357531761
priceToSalesRatio,2.050335208605507,1.8241434845331097,2.0378779876384607,1.8818950255001257,2.217576601329547,1.9358252453788976,1.9389260572112497,1.889961105859376,1.683912731306449,1.5897003305021675,1.3856621746048607,1.2981719054067045,1.0997954847356552,1.0513526923312793,1.3530683614662218,1.44366502206669,1.2847755618740542,0.9978071298712997,1.1289376373035669,1.1498065107287132,1.1383626979133854,1.639563258230728,1.1582161657811263,4.451082019283667,5.262159177400245,3.1756998423488776,1.9876897420418493,2.0370155924418607,2.459727451117836,17.523566756444787
priceEarningsRatio,9.835798237511112,18.5842684920138,15.641422740325199,15.540121037175066,18.51886100923817,14.732402574807379,12.990257250624559,12.699770192930284,8.630612857289385,10.536905073128926,14.71686879955724,6.685501775398879,6.504282829497843,11.973299834469506,7.428754688980955,8.34757805384158,16.35714256206967,10.80256437509633,8.513725096237346,106.99129152760543,-51.66216222567514,15.902953156649154,9.574468069365937,11.1798679969776,11.527296474129011,9.305680798371302,5.528052952614705,-23.958334375,5.919854120609771,867.5
priceToFreeCashFlowsRatio,7.533221019832037,6.710088971107281,10.985004239263391,11.235394078337155,15.878597014583292,11.511429449514083,9.527533397585403,8.0588176958252,8.064108184409127,7.137137704101846,6.722258515071535,5.859712216001047,4.9713394100119945,3.4947671060375516,4.073884192340545,4.6872515016089755,3.903236433102976,2.484199998357492,2.8566371260064836,3.377367795282561,5.590566051204541,-20.214380415625723,-7.582318379870327,93.79083777707054,18.850516751648453,4.339131606081035,3.0056416053575608,3.2508785063464964,10.730635814730608,35.56716126513081
priceToOperatingCashFlowsRatio,7.5332210198320375,6.7100889711072815,10.985004239263391,11.235394078337155,15.878597014583292,11.51142944951408,9.527533397585403,8.0588176958252,8.064108184409127,7.137137704101846,6.722258515071535,5.859712216001047,4.9713394100119945,3.4947671060375516,4.073884192340545,4.6872515016089755,3.903236433102976,2.484199998357492,2.8566371260064836,3.377367795282561,5.59056605120454,-20.214380415625723,-7.582318379870328,93.79083777707055,18.85051675164845,4.339131606081035,3.0056416053575608,3.2508785063464964,10.730635814730608,35.567161265130814
priceCashFlowRatio,7.5332210198320375,6.7100889711072815,10.985004239263391,11.235394078337155,15.878597014583292,11.51142944951408,9.527533397585403,8.0588176958252,8.064108184409127,7.137137704101846,6.722258515071535,5.859712216001047,4.9713394100119945,3.4947671060375516,4.073884192340545,4.6872515016089755,3.903236433102976,2.484199998357492,2.8566371260064836,3.377367795282561,5.59056605120454,-20.214380415625723,-7.582318379870328,93.79083777707055,18.85051675164845,4.339131606081035,3.0056416053575608,3.2508785063464964,10.730635814730608,35.567161265130814
priceEarningsToGrowthRatio,0.06330097016308533,-0.9083218241069875,1.0250955036844995,4.4262551643815735,-2.434685550332196,5.57909680115535,5.25796126810992,-0.55536296637338,0.22450875275824678,0.15034364555562005,-0.30125134119899044,0.32154298223921834,0.06037201422986685,-0.22510150003825136,0.677270882034367,0.07663350344510304,-1.1813491850383648,-0.45910898594159405,0.004789217109673202,0.7826483204334684,0.39369557708955005,0.610154121112253,-0.2522664195667721,0.8419171932694346,0.8680808303020244,0.24568272032253854,-1.3958333705352117,-0.032763534188034196,-0.0503875955382134,0.5014450867052024
priceSalesRatio,2.050335208605507,1.8241434845331097,2.0378779876384607,1.8818950255001257,2.217576601329547,1.9358252453788976,1.9389260572112497,1.889961105859376,1.683912731306449,1.5897003305021675,1.3856621746048607,1.2981719054067045,1.0997954847356552,1.0513526923312793,1.3530683614662218,1.44366502206669,1.2847755618740542,0.9978071298712997,1.1289376373035669,1.1498065107287132,1.1383626979133854,1.639563258230728,1.1582161657811263,4.451082019283667,5.262159177400245,3.1756998423488776,1.9876897420418493,2.0370155924418607,2.459727451117836,17.523566756444787
dividendYield,0.016680978027009182,0.021139774847545846,0.019435342473013064,0.021715135267056866,0.01829336796703326,0.019255239305448934,0.0234147577152447,0.02379083209029642,0.015940139998949523,0.028583588367725735,0.019677412995044736,0.02093506137062381,0.023402511776031917,0.02693266294562195,0.020155258579956512,0.018553967766960916,0.017722121536966746,0.022021551295828046,0.019118081238835755,0.023581220876776183,0.020413762188187686,0.01409528152842377,0.02227496428718187,0.008684989195814218,0.008090761636753423,0.010267925901396519,0.01682571943698074,0.01817524419122,0.012395250722002852,
enterpriseValueMultiple,7.737676799822122,15.873434094662791,13.641647049690212,12.990413260473233,18.22844243989291,10.310863740065859,11.891528815574727,10.785921125272283,8.21871595436057,10.060379959684735,11.67160916159685,6.338869061408304,5.823566605811629,9.31666104722315,6.268612157794371,6.908120615368351,11.766225273998478,8.07449842071855,7.154038414899798,61.03850458453997,162.8168046233113,10.473862852558444,9.9128113243956,10.015942592492287,11.448277512411458,9.375381589559298,5.837623917961129,-27.168632281327543,5.919854120609772,867.5
priceFairValue,1.4065023470225972,1.1045948180933152,1.2590933994579607,1.223762910424702,1.3972743366815559,1.2619054302812744,1.263579510838167,1.2246069003423834,1.1251983735539812,1.035663983432744,0.9514699399289536,0.9044371688839433,0.8430069116992933,0.9921113042959988,1.1483677872634708,1.3476094280785014,1.4235643882329512,1.2510489476073865,1.3659683909922433,1.2819657086209382,1.238648558070659,1.5931146058527375,0.785143125808887,1.6860417358929212,2.030458353800946,1.2013497502334882,0.910421696500488,1.005691081967025,0.9670277707617921,8.265653357531761
