,2021,2020,2019,2018,2017,2016,2015,2014,2013,2012,2011,2010,2009,2008,2007,2006,2005,2004,2003,2002,2001,2000,1999,1998,1997,1996,1995,1994,1993,1992,1991,1990,1989,1988,1987,1986,1985
reportedCurrency,USD,USD,USD,USD,USD,USD,USD,USD,USD,USD,USD,USD,USD,USD,USD,USD,USD,USD,USD,USD,USD,USD,USD,USD,USD,USD,USD,USD,USD,USD,USD,USD,USD,USD,USD,USD,USD
cik,0000010456,0000010456,0000010456,0000010456,0000010456,0000010456,0000010456,0000010456,0000010456,0000010456,0000010456,0000010456,0000010456,0000010456,0000010456,0000010456,0000010456,0000010456,0000010456,0000010456,0000010456,0000010456,0000010456,0000010456,0000010456,0000010456,0000010456,0000010456,0000010456,0000010456,0000010456,0000010456,0000010456,0000010456,0000010456,0000010456,0000010456
fillingDate,2022-02-23,2021-02-11,2020-03-17,2019-02-21,2018-02-23,2017-02-23,2016-02-26,2015-02-26,2014-02-21,2013-02-21,2012-02-23,2011-02-23,2010-02-23,2009-02-19,2008-02-26,2007-02-28,2006-03-07,2005-03-16,2004-03-12,2003-03-12,2002-03-13,2001-03-14,1999-12-31,1999-03-19,1998-03-20,1997-03-19,1996-03-22,1995-03-24,1993-12-31,1992-12-31,1991-12-31,1990-12-31,1989-12-31,1988-12-31,1987-12-31,1986-12-31,1985-12-31
acceptedDate,2022-02-23 08:33:25,2021-02-11 08:12:00,2020-03-17 07:12:46,2019-02-21 17:29:43,2018-02-23 06:04:09,2017-02-23 17:01:01,2016-02-26 07:33:24,2015-02-26 16:45:55,2014-02-21 07:04:23,2013-02-21 17:28:20,2012-02-23 17:29:13,2011-02-23 17:04:55,2010-02-22 21:55:06,2009-02-19 17:10:40,2008-02-26 17:01:18,2007-02-27 21:33:50,2006-03-07 17:16:49,2005-03-16 13:33:55,2004-03-12 16:35:43,2003-03-12 17:06:10,2002-03-13 00:00:00,2001-03-14 00:00:00,1999-12-31,1999-03-19 00:00:00,1998-03-20 00:00:00,1997-03-19 00:00:00,1996-03-22 00:00:00,1995-03-24 00:00:00,1993-12-31,1992-12-31,1991-12-31,1990-12-31,1989-12-31,1988-12-31,1987-12-31,1986-12-31,1985-12-31
calendarYear,2021,2020,2019,2018,2017,2016,2015,2014,2013,2012,2011,2010,2009,2008,2007,2006,2005,2004,2003,2002,2001,2000,1999,1998,1997,1996,1995,1994,1993,1992,1991,1990,1989,1988,1987,1986,1985
period,FY,FY,FY,FY,FY,FY,FY,FY,FY,FY,FY,FY,FY,FY,FY,FY,FY,FY,FY,FY,FY,FY,FY,FY,FY,FY,FY,FY,FY,FY,FY,FY,FY,FY,FY,FY,FY
cashAndCashEquivalents,2951000000,3730000000,3335000000,1832000000,3394000000,2801000000,2213000000,2925000000,2733000000,3270000000,2905000000,2685000000,2786000000,2131000000,2539000000,2485000000,841000000,1109000000,927000000,1169000000,582000000,579000000,606000000,709000000,465000000,761000000,476000000,471000000,479000000,32000000,328000000,40000000,67000000,201000000,51000000,21000000,274000000
shortTermInvestments,0.0,0.0,0.0,0.0,0.0,0.0,5148000000,0.0,0.0,0.0,0.0,0.0,0.0,0.0,0.0,0.0,0.0,0.0,0.0,0.0,0.0,0.0,0.0,0.0,0.0,0.0,0.0,0.0,0.0,0.0,0.0,0.0,0.0,0.0,0.0,0.0,0.0
cashAndShortTermInvestments,2951000000,3730000000,3335000000,1832000000,3394000000,2801000000,7361000000,2925000000,2733000000,3270000000,2905000000,2685000000,2786000000,2131000000,2539000000,2485000000,841000000,1109000000,927000000,1169000000,582000000,579000000,606000000,709000000,465000000,761000000,476000000,471000000,479000000,32000000,328000000,40000000,67000000,201000000,51000000,21000000,274000000
netReceivables,2629000000,2077000000,1896000000,1812000000,1793000000,1691000000,1731000000,2803000000,2911000000,2425000000,2420000000,2265000000,2302000000,1980000000,2026000000,1838000000,1766000000,2091000000,1979000000,1838000000,1622000000,1542000000,1652000000,1917000000,1739000000,1485000000,1209000000,1916000000,1676000000,1667000000,1778000000,1585000000,1652000000,1437000000,1279000000,1131000000,933000000
inventory,2453000000,1916000000,1653000000,1653000000,1475000000,1430000000,1604000000,3559000000,3499000000,2803000000,2628000000,2371000000,2557000000,2361000000,2334000000,2066000000,1925000000,2135000000,2101000000,1745000000,1341000000,1159000000,1116000000,1324000000,1208000000,883000000,906000000,1537000000,1772000000,1632000000,1596000000,1532000000,1502000000,1512000000,1279000000,1085000000,1037000000
otherCurrentAssets,839000000,688000000,619000000,622000000,601000000,652000000,1100000000,1064000000,861000000,762000000,697000000,668000000,626000000,676000000,656000000,581000000,584000000,684000000,430000000,408000000,432000000,371000000,445000000,701000000,458000000,351000000,320000000,416000000,495000000,258000000,302000000,286000000,203000000,173000000,149000000,107000000,121000000
totalCurrentAssets,8872000000,8411000000,7503000000,5919000000,7263000000,6574000000,11796000000,10351000000,10004000000,9260000000,8650000000,7989000000,8271000000,7148000000,7555000000,6970000000,5116000000,6019000000,5437000000,5160000000,3977000000,3651000000,3819000000,4651000000,3870000000,3480000000,2911000000,4340000000,4422000000,3589000000,4004000000,3443000000,3424000000,3323000000,2758000000,2344000000,2365000000
propertyPlantEquipmentNet,5808000000,5325000000,5120000000,4542000000,4588000000,4289000000,4386000000,8698000000,7832000000,6098000000,5525000000,5260000000,5159000000,4609000000,4487000000,4229000000,4144000000,4369000000,4585000000,3907000000,3306000000,2807000000,2650000000,2673000000,2360000000,1843000000,1749000000,2562000000,2655000000,2647000000,2455000000,2169000000,2103000000,2024000000,1776000000,1634000000,1682000000
goodwill,9836000000,3217000000,3030000000,2958000000,3099000000,2595000000,2687000000,3874000000,4205000000,2502000000,2317000000,2015000000,1825000000,1654000000,1690000000,1618000000,1552000000,0.0,0.0,0.0,0.0,0.0,0.0,0.0,0.0,0.0,0.0,0.0,0.0,0.0,0.0,0.0,0.0,0.0,0.0,0.0,0.0
intangibleAssets,7792000000,1671000000,1471000000,1398000000,1374000000,1111000000,1349000000,2079000000,2294000000,814000000,826000000,500000000,513000000,390000000,455000000,480000000,494000000,2195000000,2259000000,2020000000,1698000000,1239000000,921000000,1817000000,1622000000,1386000000,1098000000,2290000000,2490000000,2488000000,2501000000,2560000000,2629000000,2858000000,2688000000,2758000000,2385000000
goodwillAndIntangibleAssets,17628000000,4888000000,4501000000,4356000000,4473000000,3706000000,4036000000,5953000000,6499000000,3316000000,3143000000,2515000000,2338000000,2044000000,2145000000,2098000000,2046000000,2195000000,2259000000,2020000000,1698000000,1239000000,921000000,1817000000,1622000000,1386000000,1098000000,2290000000,2490000000,2488000000,2501000000,2560000000,2629000000,2858000000,2688000000,2758000000,2385000000
longTermInvestments,154000000,135000000,76000000,0.0,0.0,0.0,0.0,0.0,0.0,0.0,0.0,0.0,0.0,0.0,0.0,0.0,0.0,0.0,0.0,0.0,0.0,0.0,0.0,0.0,0.0,0.0,0.0,0.0,0.0,0.0,0.0,0.0,0.0,0.0,0.0,0.0,0.0
taxAssets,376000000,748000000,621000000,461000000,408000000,629000000,354000000,273000000,876000000,1156000000,0.0,1139000000,1095000000,1132000000,689000000,936000000,0.0,0.0,0.0,0.0,0.0,0.0,0.0,0.0,0.0,0.0,0.0,0.0,0.0,0.0,0.0,0.0,0.0,0.0,0.0,0.0,0.0
otherNonCurrentAssets,683000000,512000000,372000000,363000000,379000000,348000000,403000000,642000000,658000000,560000000,1755000000,586000000,491000000,472000000,418000000,453000000,1421000000,1564000000,1498000000,1391000000,1362000000,1036000000,2254000000,944000000,855000000,887000000,3679000000,810000000,978000000,431000000,380000000,345000000,347000000,345000000,416000000,332000000,407000000
totalNonCurrentAssets,24649000000,11608000000,10690000000,9722000000,9848000000,8972000000,9179000000,15566000000,15865000000,11130000000,10423000000,9500000000,9083000000,8257000000,7739000000,7716000000,7611000000,8128000000,8342000000,7318000000,6366000000,5082000000,5825000000,5434000000,4837000000,4116000000,6526000000,5662000000,6123000000,5566000000,5336000000,5074000000,5079000000,5227000000,4880000000,4724000000,4474000000
otherAssets,0.0,0.0,0.0,0.0,0.0,0.0,0.0,0.0,0.0,0.0,0.0,0.0,0.0,0.0,0.0,0.0,0.0,0.0,0.0,0.0,0.0,0.0,0.0,0.0,0.0,0.0,0.0,0.0,0.0,0.0,0.0,0.0,0.0,0.0,0.0,0.0,0.0
totalAssets,33521000000,20019000000,18193000000,15641000000,17111000000,15546000000,20975000000,25917000000,25869000000,20390000000,19073000000,17489000000,17354000000,15405000000,15294000000,14686000000,12727000000,14147000000,13779000000,12478000000,10343000000,8733000000,9644000000,10085000000,8707000000,7596000000,9437000000,10002000000,10545000000,9155000000,9340000000,8517000000,8503000000,8550000000,7638000000,7068000000,6839000000
accountPayables,1246000000,1043000000,892000000,1004000000,920000000,791000000,716000000,1264000000,1103000000,766000000,795000000,745000000,807000000,829000000,920000000,878000000,3241000000,3531000000,3105000000,3043000000,708000000,1990000000,1805000000,2181000000,1963000000,442000000,355000000,701000000,1783000000,1479000000,1574000000,1504000000,1204000000,0.0,0.0,0.0,0.0
shortTermDebt,639000000,517000000,642000000,4000000.0,3000000.0,3000000.0,2585000000,1699000000,1040000000,350000000,446000000,24000000,711000000,394000000,425000000,234000000,924000000,361000000,153000000,220000000,201000000,634000000,255000000,271000000,144000000,346000000,219000000,531000000,822000000,500000000,389000000,432000000,379000000,530000000,432000000,272000000,168000000
taxPayables,264000000,283000000,198000000,234000000,228000000,269000000,619000000,597000000,539000000,603000000,503000000,346000000,375000000,255000000,0.0,0.0,0.0,0.0,0.0,0.0,0.0,0.0,0.0,0.0,0.0,0.0,0.0,0.0,0.0,0.0,0.0,0.0,0.0,0.0,0.0,0.0,0.0
deferredRevenue,162000000,0.0,0.0,0.0,0.0,0.0,0.0,9000000.0,760000000,878000000,738000000,0.0,0.0,0.0,0.0,0.0,0.0,0.0,0.0,0.0,0.0,0.0,0.0,0.0,0.0,0.0,0.0,0.0,0.0,0.0,0.0,0.0,0.0,0.0,0.0,0.0,0.0
otherCurrentLiabilities,2189000000,1773000000,1696000000,1828000000,1898000000,1950000000,2449000000,3070000000,3003000000,2765000000,2878000000,3272000000,2946000000,2412000000,2467000000,2498000000,0.0,394000000,561000000,588000000,2385000000,748000000,640000000,536000000,450000000,1657000000,1580000000,1534000000,328000000,389000000,394000000,388000000,276000000,1356000000,1445000000,1609000000,1052000000
totalCurrentLiabilities,4236000000,3333000000,3230000000,2836000000,2821000000,2744000000,5750000000,6042000000,5906000000,4759000000,4857000000,4041000000,4464000000,3635000000,3812000000,3610000000,4165000000,4286000000,3819000000,3851000000,3294000000,3372000000,2700000000,2988000000,2557000000,2445000000,2154000000,2766000000,2933000000,2368000000,2357000000,2324000000,1859000000,1886000000,1877000000,1881000000,1220000000
longTermDebt,17671000000,6287000000,4809000000,3473000000,3509000000,2779000000,3935000000,7606000000,8126000000,5580000000,4749000000,4363000000,3440000000,3362000000,2664000000,2567000000,2414000000,3933000000,4421000000,4398000000,2486000000,1726000000,2601000000,3096000000,2635000000,1695000000,2372000000,2341000000,2800000000,2433000000,2249000000,1729000000,2048000000,2311000000,1723000000,1568000000,2580000000
deferredRevenueNonCurrent,84000000,0.0,52000000,0.0,0.0,0.0,0.0,0.0,0.0,0.0,0.0,0.0,0.0,0.0,0.0,0.0,0.0,0.0,0.0,0.0,0.0,0.0,0.0,0.0,0.0,0.0,0.0,0.0,0.0,0.0,0.0,0.0,0.0,0.0,0.0,0.0,0.0
deferredTaxLiabilitiesNonCurrent,962000000,143000000,192000000,205000000,280000000,93000000,0.0,0.0,0.0,0.0,0.0,0.0,0.0,0.0,0.0,0.0,0.0,0.0,0.0,0.0,218000000,160000000,311000000,505000000,316000000,255000000,173000000,167000000,201000000,174000000,238000000,193000000,350000000,377000000,325000000,249000000,76000000
otherNonCurrentLiabilities,1447000000,1530000000,1998000000,1311000000,1385000000,1650000000,2425000000,4113000000,3351000000,3073000000,2639000000,2289000000,2030000000,2179000000,1902000000,2237000000,1849000000,2223000000,2216000000,1290000000,588000000,816000000,684000000,657000000,580000000,697000000,1034000000,1008000000,1426000000,385000000,123000000,179000000,0.0,880000000,880000000,880000000,881000000
totalNonCurrentLiabilities,20164000000,7960000000,7051000000,4989000000,5174000000,4522000000,6360000000,11719000000,11477000000,8653000000,7388000000,6652000000,5470000000,5541000000,4566000000,4804000000,4263000000,6156000000,6637000000,5688000000,3292000000,2702000000,3596000000,4258000000,3531000000,2647000000,3579000000,3516000000,4427000000,2992000000,2610000000,2101000000,2398000000,3568000000,2928000000,2697000000,3537000000
otherLiabilities,0.0,0.0,0.0,0.0,0.0,0.0,0.0,0.0,0.0,0.0,0.0,0.0,0.0,0.0,0.0,0.0,0.0,0.0,0.0,0.0,0.0,0.0,0.0,0.0,0.0,0.0,0.0,0.0,0.0,0.0,0.0,0.0,0.0,0.0,0.0,0.0,0.0
capitalLeaseObligations,650000000,612000000,611000000,0.0,0.0,0.0,0.0,0.0,0.0,0.0,0.0,0.0,0.0,0.0,0.0,0.0,0.0,0.0,0.0,29000000,0,0,0,0,0,0,0,0,0,0,0,0,0,0,0,0,0
totalLiabilities,24400000000,11293000000,10281000000,7825000000,7995000000,7266000000,12110000000,17761000000,17383000000,13412000000,12245000000,10693000000,9934000000,9176000000,8378000000,8414000000,8428000000,10442000000,10456000000,9539000000,6586000000,6074000000,6296000000,7246000000,6088000000,5092000000,5733000000,6282000000,7360000000,5360000000,4967000000,4425000000,4257000000,5454000000,4805000000,4578000000,4757000000
preferredStock,0,0.0,0.0,0.0,0.0,0.0,0.0,0.0,0.0,0.0,0.0,0.0,0.0,0.0,0.0,0.0,0.0,0.0,0.0,0.0,0,0,0,0,0,0,0,0,0,0,0,0,0,0,0,0,0
commonStock,683000000,683000000,683000000,683000000,683000000,683000000,683000000,683000000,683000000,683000000,683000000,683000000,683000000,683000000,683000000,683000000,648000000,648000000,649000000,627000000,609000000,298000000,294000000,0.0,0.0,0.0,0.0,0.0,0.0,0.0,0.0,0.0,0.0,0.0,0.0,0.0,0.0
retainedEarnings,17065000000,16328000000,15718000000,15626000000,14483000000,14200000000,9683000000,13227000000,11852000000,10888000000,9429000000,7925000000,7343000000,5795000000,4379000000,3271000000,2851000000,2259000000,2194000000,1689000000,1093000000,853000000,1415000000,990000000,1006000000,1022000000,2105000000,1762000000,1452000000,1928000000,2083000000,1723000000,1899000000,1654000000,1451000000,1253000000,955000000
accumulatedOtherComprehensiveIncomeLoss,-3380000000,-3314000000,-3710000000,-4424000000,-4001000000,-4556000000,224000000,-3650000000,-1976000000,-2810000000,-2591000000,-2139000000,-1777000000,-1885000000,-940000000,-1426000000,-1496000000,-1288000000,-1430000000,-1274000000,-2426000000,-2171000000,-2059000000,-2316000000,-2047000000,-1952000000,-1678000000,-1869000000,-1836000000,-1562000000,-1511000000,-1357000000,-1048000000,-911000000,-791000000,-628000000,-527000000
othertotalStockholdersEquity,0.0,-5008000000,-4809000000,-4091000000,-2041000000,-2037000000,-1744000000,-2140000000,-2096000000,-1823000000,-936000000,98000000,942000000,1636000000,2794000000,3744000000,2296000000,2086000000,1910000000,1897000000,4481000000,3679000000,3698000000,4165000000,3660000000,3434000000,3277000000,3827000000,3569000000,3429000000,3801000000,3726000000,3395000000,2353000000,2173000000,1865000000,1654000000
totalStockholdersEquity,9077000000,8689000000,7882000000,7794000000,9124000000,8290000000,8846000000,8120000000,8463000000,6938000000,6585000000,6567000000,7191000000,6229000000,6916000000,6272000000,4299000000,3705000000,3323000000,2939000000,3757000000,2659000000,3348000000,2839000000,2619000000,2504000000,3704000000,3720000000,3185000000,3795000000,4373000000,4092000000,4246000000,3096000000,2833000000,2490000000,2082000000
totalLiabilitiesAndStockholdersEquity,33477000000,19982000000,18163000000,15619000000,17119000000,15556000000,20956000000,25881000000,25846000000,20350000000,18830000000,17260000000,17125000000,15405000000,15294000000,14686000000,12727000000,14147000000,13779000000,12478000000,10343000000,8733000000,9644000000,10085000000,8707000000,7596000000,9437000000,10002000000,10545000000,9155000000,9340000000,8517000000,8503000000,8550000000,7638000000,7068000000,6839000000
minorityInterest,44000000,37000000,30000000,22000000,-8000000,-10000000,19000000,36000000,23000000,40000000,243000000,229000000,229000000,0,0,0,0,0,0,0,0,0,0,0,0,0,0,0,0,0,0,0,0,0,0,0,0
totalEquity,9121000000,8726000000,7912000000,7816000000,9116000000,8280000000,8865000000,8156000000,8486000000,6978000000,6828000000,6796000000,7420000000,6229000000,6916000000,6272000000,4299000000,3705000000,3323000000,2939000000,3757000000,2659000000,3348000000,2839000000,2619000000,2504000000,3704000000,3720000000,3185000000,3795000000,4373000000,4092000000,4246000000,3096000000,2833000000,2490000000,2082000000
totalLiabilitiesAndTotalEquity,33521000000,20019000000,18193000000,15641000000,17111000000,15546000000,20975000000,25917000000,25869000000,20390000000,19073000000,17489000000,17354000000,15405000000,15294000000,14686000000,12727000000,14147000000,13779000000,12478000000,10343000000,8733000000,9644000000,10085000000,8707000000,7596000000,9437000000,10002000000,10545000000,9155000000,9340000000,8517000000,8503000000,8550000000,7638000000,7068000000,6839000000
totalInvestments,0.0,0.0,0.0,0.0,0.0,0.0,0.0,0.0,0.0,0.0,0.0,0.0,0.0,0.0,0.0,0.0,0.0,0.0,0.0,0.0,0.0,0.0,0.0,0.0,0.0,0.0,0.0,0.0,0.0,0.0,0.0,0.0,0.0,0.0,0.0,0.0,0.0
totalDebt,18310000000,6804000000,5451000000,3477000000,3512000000,2782000000,6520000000,9305000000,9166000000,5930000000,5195000000,4387000000,4151000000,3756000000,3089000000,2801000000,3338000000,4294000000,4574000000,4618000000,2687000000,2360000000,2856000000,3367000000,2779000000,2041000000,2591000000,2872000000,3622000000,2933000000,2638000000,2161000000,2427000000,2841000000,2155000000,1840000000,2748000000
netDebt,15359000000,3074000000,2116000000,1645000000,118000000,-19000000,4307000000,6380000000,6433000000,2660000000,2290000000,1702000000,1365000000,1625000000,550000000,316000000,2497000000,3185000000,3647000000,3449000000,2105000000,1781000000,2250000000,2658000000,2314000000,1280000000,2115000000,2401000000,3143000000,2901000000,2310000000,2121000000,2360000000,2640000000,2104000000,1819000000,2474000000
link,https://www.sec.gov/Archives/edgar/data/10456/000162828022003432/0001628280-22-003432-index.htm,https://www.sec.gov/Archives/edgar/data/10456/000162828021001867/0001628280-21-001867-index.htm,https://www.sec.gov/Archives/edgar/data/10456/000162828020003693/0001628280-20-003693-index.html,https://www.sec.gov/Archives/edgar/data/10456/000156459019003727/0001564590-19-003727-index.html,https://www.sec.gov/Archives/edgar/data/10456/000156459018002954/0001564590-18-002954-index.html,https://www.sec.gov/Archives/edgar/data/10456/000156459017002240/0001564590-17-002240-index.html,https://www.sec.gov/Archives/edgar/data/10456/000119312516479471/0001193125-16-479471-index.html,https://www.sec.gov/Archives/edgar/data/10456/000119312515065871/d848964d10k.htm,https://www.sec.gov/Archives/edgar/data/10456/000119312514061654/d596470d10k.htm,https://www.sec.gov/Archives/edgar/data/10456/000119312513069609/0001193125-13-069609-index.html,https://www.sec.gov/Archives/edgar/data/10456/000119312512075661/0001193125-12-075661-index.html,https://www.sec.gov/Archives/edgar/data/10456/000095012311017190/c61460e10vk.htm,https://www.sec.gov/Archives/edgar/data/10456/000095012310015380/0000950123-10-015380-index.html,https://www.sec.gov/Archives/edgar/data/10456/000095013709001173/0000950137-09-001173-index.html,https://www.sec.gov/Archives/edgar/data/10456/000095013708002771/c22852e10vk.htm,https://www.sec.gov/Archives/edgar/data/10456/000095013707002905/n12610e10vk.htm,https://www.sec.gov/Archives/edgar/data/10456/000095013706002686/c02804e10vk.htm,https://www.sec.gov/Archives/edgar/data/10456/000119312505052405/0001193125-05-052405-index.html,https://www.sec.gov/Archives/edgar/data/10456/000119312504040579/0001193125-04-040579-index.html,https://www.sec.gov/Archives/edgar/data/10456/000095013103001306/0000950131-03-001306-index.html,https://www.sec.gov/Archives/edgar/data/10456/000095013102000882/0000950131-02-000882-index.html,https://www.sec.gov/Archives/edgar/data/10456/000095013101500106/0000950131-01-500106-index.html,,https://www.sec.gov/Archives/edgar/data/10456/000095013199001586/0000950131-99-001586-index.html,https://www.sec.gov/Archives/edgar/data/10456/000095013198001860/0000950131-98-001860-index.html,https://www.sec.gov/Archives/edgar/data/10456/000095013197001923/0000950131-97-001923-index.html,https://www.sec.gov/Archives/edgar/data/10456/000091205796004966/0000912057-96-004966-index.html,https://www.sec.gov/Archives/edgar/data/10456/000095013195000701/0000950131-95-000701-index.html,,,,,,,,,
finalLink,https://www.sec.gov/Archives/edgar/data/10456/000162828022003432/bax-20211231.htm,https://www.sec.gov/Archives/edgar/data/10456/000162828021001867/bax-20201231.htm,https://www.sec.gov/Archives/edgar/data/10456/000162828020003693/bax-20191231.htm,https://www.sec.gov/Archives/edgar/data/10456/000156459019003727/bax-10k_20181231.htm,https://www.sec.gov/Archives/edgar/data/10456/000156459018002954/bax-10k_20171231.htm,https://www.sec.gov/Archives/edgar/data/10456/000156459017002240/bax-10k_20161231.htm,https://www.sec.gov/Archives/edgar/data/10456/000119312516479471/d213870d10k.htm,https://www.sec.gov/Archives/edgar/data/10456/000119312515065871/d848964d10k.htm,https://www.sec.gov/Archives/edgar/data/10456/000119312514061654/d596470d10k.htm,https://www.sec.gov/Archives/edgar/data/10456/000119312513069609/d410594d10k.htm,https://www.sec.gov/Archives/edgar/data/10456/000119312512075661/d267280d10k.htm,https://www.sec.gov/Archives/edgar/data/10456/000095012311017190/c61460e10vk.htm,https://www.sec.gov/Archives/edgar/data/10456/000095012310015380/c54958e10vk.htm,https://www.sec.gov/Archives/edgar/data/10456/000095013709001173/c48741e10vk.htm,https://www.sec.gov/Archives/edgar/data/10456/000095013708002771/c22852e10vk.htm,https://www.sec.gov/Archives/edgar/data/10456/000095013707002905/n12610e10vk.htm,https://www.sec.gov/Archives/edgar/data/10456/000095013706002686/c02804e10vk.htm,https://www.sec.gov/Archives/edgar/data/10456/000119312505052405/d10k.htm,https://www.sec.gov/Archives/edgar/data/10456/000119312504040579/d10k.htm,https://www.sec.gov/Archives/edgar/data/10456/000095013103001306/d10k.txt,https://www.sec.gov/Archives/edgar/data/10456/000095013102000882/d10k.txt,https://www.sec.gov/Archives/edgar/data/10456/000095013101500106/d10k.txt,,https://www.sec.gov/Archives/edgar/data/10456/0000950131-99-001586.txt,https://www.sec.gov/Archives/edgar/data/10456/0000950131-98-001860.txt,https://www.sec.gov/Archives/edgar/data/10456/0000950131-97-001923.txt,https://www.sec.gov/Archives/edgar/data/10456/0000912057-96-004966.txt,https://www.sec.gov/Archives/edgar/data/10456/0000950131-95-000701.txt,,,,,,,,,
