,2021,2020,2019,2018,2017,2016,2015,2014,2013,2012,2011,2010,2009,2008,2007,2006,2005,2004,2003,2002,2001,2000,1999,1998,1997,1996,1995,1994,1993,1992,1991,1990,1989
reportedCurrency,USD,USD,USD,USD,USD,USD,USD,USD,USD,USD,USD,USD,USD,USD,USD,USD,USD,USD,USD,USD,USD,USD,USD,USD,USD,USD,USD,USD,USD,USD,USD,USD,USD
cik,0000773840,0000773840,0000773840,0000773840,0000773840,0000773840,0000773840,0000773840,0000773840,0000773840,0000773840,0000773840,0000773840,0000773840,0000773840,0000773840,0000773840,0000773840,0000773840,0000773840,0000773840,0000773840,0000773840,0000773840,0000773840,0000773840,0000773840,0000773840,0000773840,0000773840,0000773840,0000773840,0000773840
fillingDate,2022-02-11,2021-02-12,2020-02-14,2019-02-08,2018-02-09,2017-02-10,2016-02-12,2015-02-13,2013-12-31,2013-02-15,2012-02-17,2010-12-31,2009-12-31,2008-12-31,2007-12-31,2006-12-31,2005-12-31,2004-12-31,2003-12-31,2002-12-31,2001-12-31,2000-12-31,1999-12-31,1998-12-31,1997-12-31,1996-12-31,1995-12-31,1994-12-31,1993-12-31,1992-12-31,1991-12-31,1990-12-31,1989-12-31
acceptedDate,2022-02-11 12:37:32,2021-02-12 14:31:39,2020-02-14,2019-02-08,2018-02-09,2017-02-10,2016-02-12,2015-02-13,2013-12-31,2013-02-15,2012-02-17,2010-12-31,2009-12-31,2008-12-31,2007-12-31,2006-12-31,2005-12-31,2004-12-31,2003-12-31,2002-12-31,2001-12-31,2000-12-31,1999-12-31,1998-12-31,1997-12-31,1996-12-31,1995-12-31,1994-12-31,1993-12-31,1992-12-31,1991-12-31,1990-12-31,1989-12-31
calendarYear,2021,2020,2019,2018,2017,2016,2015,2014,2013,2012,2011,2010,2009,2008,2007,2006,2005,2004,2003,2002,2001,2000,1999,1998,1997,1996,1995,1994,1993,1992,1991,1990,1989
period,FY,FY,FY,FY,FY,FY,FY,FY,FY,FY,FY,FY,FY,FY,FY,FY,FY,FY,FY,FY,FY,FY,FY,FY,FY,FY,FY,FY,FY,FY,FY,FY,FY
netIncome,5542000000,4779000000,6143000000,6765000000,1655000000,4809000000,4768000000,4239000000,3924000000,2926000000,2067000000,2022000000,2153000000,2792000000,2444000000,2083000000,1655000000,1281000000,1324000000,-220000000,-99000000,1659000000,1541000000,1331000000,1170000000,1020000000,875000000,759000000,411000000,-712000000,-273000000,462000000,528000000
depreciationAndAmortization,1223000000,1002000000,1088000000,1116000000,1115000000,1030000000,883000000,924000000,989000000,926000000,957000000,987000000,957000000,903000000,837000000,794000000,697000000,650000000,595000000,671000000,926000000,995000000,881000000,609000000,609000000,602000000,612000000,560000000,547000000,529000000,504000000,460000000,424000000
deferredIncomeTax,178000000,-175000000,179000000,-586000000,2294000000,76000000,315000000,132000000,262000000,84000000,-331000000,878000000,371000000,115000000,332000000,450000000,52000000,223000000,344000000,-793000000,-456000000,414000000,-11000000,233000000,138000000,213000000,198000000,180000000,110000000,83000000,-196000000,17000000,36000000
stockBasedCompensation,217000000,168000000,153000000,175000000,176000000,184000000,175000000,187000000,170000000,170000000,168000000,164000000,118000000,0.0,0.0,0.0,0.0,0.0,0.0,0.0,0.0,0.0,0.0,0.0,0.0,0.0,0.0,0.0,0.0,0.0,0.0,0.0,0.0
changeInWorkingCapital,-3114000000,2773000000,767000000,-1703000000,414000000,5045000000,-5736000000,435000000,2430000000,694000000,565000000,505000000,1815000000,-770000000,-425000000,637000000,-2549000000,-659000000,1119000000,-53000000,227000000,1297000000,1742000000,-729000000,-1006000000,1057000000,-108000000,116000000,-336000000,888000000,-366000000,-22000000,-40000000
accountsReceivables,-8000000.0,669000000,11000000,-236000000,-682000000,-770000000,211000000,-172000000,-365000000,-119000000,-316000000,0.0,0.0,0.0,0.0,0.0,0.0,0.0,0.0,0.0,0.0,0.0,0.0,0.0,0.0,0.0,0.0,0.0,0.0,0.0,0.0,0.0,0.0
inventory,-685000000,-67000000,-100000000,-503000000,-259000000,-18000000,230000000,-200000000,41000000,25000000,-310000000,-310000000,479000000,-161000000,-183000000,-128000000,37000000,-84000000,118000000,333000000,168000000,-45000000,90000000,-57000000,-92000000,-87000000,-141000000,134000000,123000000,130000000,153000000,-53000000,-14000000
accountsPayables,744000000,15000000,118000000,733000000,924000000,254000000,-17000000,307000000,352000000,-13000000,527000000,625000000,-167000000,0.0,0.0,0.0,0.0,0.0,0.0,0.0,0.0,0.0,0.0,0.0,0.0,0.0,0.0,0.0,0.0,0.0,0.0,0.0,0.0
otherWorkingCapital,5864000000,8978000000,6205000000,5438000000,7141000000,6727000000,1682000000,7418000000,6983000000,4553000000,3859000000,3294000000,2789000000,974000000,1744000000,2169000000,1532000000,4081000000,4740000000,3621000000,3674000000,3447000000,2150000000,408000000,1137000000,2143000000,1086000000,1194000000,1078000000,1414000000,526000000,892000000,914000000
otherNonCashItems,1992000000,-2339000000,-1433000000,667000000,312000000,-5646000000,5049000000,-893000000,-3440000000,-1283000000,-593000000,-353000000,-1468000000,751000000,723000000,-753000000,2587000000,758000000,-1183000000,2775000000,1398000000,-2376000000,-1779000000,-249000000,395000000,-1696000000,-361000000,-572000000,448000000,281000000,1081000000,85000000,83000000
netCashProvidedByOperatingActivities,6038000000,6208000000,6897000000,6434000000,5966000000,5498000000,5454000000,5024000000,4335000000,3517000000,2833000000,4203000000,3946000000,3791000000,3911000000,3211000000,2442000000,2253000000,2199000000,2380000000,1996000000,1989000000,2374000000,1195000000,1306000000,1196000000,1216000000,1043000000,1180000000,1069000000,750000000,1002000000,1031000000
investmentsInPropertyPlantAndEquipment,-895000000,-906000000,-839000000,-828000000,-1031000000,-1095000000,-1073000000,-1094000000,-947000000,-884000000,-798000000,-651000000,-609000000,-884000000,-767000000,-733000000,-684000000,-629000000,-655000000,-671000000,-876000000,-853000000,-986000000,-684000000,-717000000,-755000000,-746000000,-639000000,-718000000,-691000000,-668000000,-675000000,-541000000
acquisitionsNet,-1123000000,-261000000,-50000000,-535000000,-82000000,-2277000000,-5227000000,156000000,-1130000000,-417000000,183000000,-1296000000,-467000000,-1272000000,-1099000000,32000000,-2679000000,-384000000,-199000000,-520000000,-122000000,-2523000000,-1311000000,-1212000000,-1218000000,-114000000,-499000000,-531000000,0.0,0.0,0.0,0.0,0.0
purchasesOfInvestments,-2373000000,-3385000000,-4253000000,-4059000000,-6743000000,-3954000000,-6714000000,-4074000000,-1220000000,-702000000,-380000000,-453000000,-24000000,-6000000.0,-20000000,0.0,0.0,-115000000,0.0,0.0,0.0,-17000000,0.0,0.0,-129000000,-301000000,0.0,0.0,-71000000,-18000000,-17000000,-66000000,-70000000
salesMaturitiesOfInvestments,2717000000,3508000000,4464000000,6032000000,4414000000,3681000000,6587000000,3288000000,1122000000,559000000,354000000,112000000,1000000.0,18000000,6000000.0,0.0,285000000,80000000,0.0,97000000,2000000.0,0.0,11000000,430000000,0.0,0.0,0.0,90000000,0.0,0.0,0.0,0.0,0.0
otherInvestingActivites,613000000,57000000,145000000,417000000,-132000000,303000000,-87000000,-152000000,216000000,16000000,30000000,19000000,-34000000,121000000,98000000,87000000,1068000000,464000000,174000000,224000000,90000000,679000000,1995000000,387000000,781000000,1443000000,141000000,208000000,-30000000,982000000,-37000000,13000000,88000000
netCashUsedForInvestingActivites,-1061000000,-987000000,-533000000,1027000000,-3574000000,-3342000000,-6514000000,-1876000000,-1959000000,-1428000000,-611000000,-2269000000,-1133000000,-2023000000,-1782000000,-614000000,-2010000000,-584000000,-680000000,-870000000,-906000000,-2714000000,-291000000,-1079000000,-1283000000,273000000,-1104000000,-872000000,-819000000,273000000,-722000000,-728000000,-523000000
debtRepayment,-10107000000,-14708000000,-17102000000,-25425000000,-13824000000,-5303000000,-880000000,-609000000,-607000000,-1000000.0,-974000000,-1332000000,-2760000000,0.0,0.0,0.0,0.0,0.0,0.0,0.0,0.0,0.0,0.0,0.0,0.0,0.0,0.0,0.0,0.0,0.0,0.0,0.0,0.0
commonStockIssued,229000000,393000000,498000000,267000000,520000000,409000000,186000000,265000000,447000000,342000000,304000000,195000000,37000000,146000000,603000000,396000000,167000000,74000000,54000000,41000000,79000000,296000000,419000000,156000000,263000000,147000000,104000000,43000000,143000000,244000000,30000000,12000000,14000000
commonStockRepurchased,-3380000000,-3714000000,-4400000000,-4000000000,-2889000000,-2079000000,-1884000000,-924000000,-1073000000,-317000000,-1085000000,0.0,0.0,-1459000000,-3986000000,-1896000000,-1133000000,-724000000,-37000000,0.0,-30000000,-166000000,-1058000000,-930000000,-898000000,-409000000,-239000000,-110000000,-229000000,-142000000,0.0,-461000000,-208000000
dividendsPaid,-2626000000,-2592000000,-2442000000,-2272000000,-2119000000,-1915000000,-1726000000,-1510000000,-1353000000,-1211000000,-1091000000,-944000000,-918000000,-811000000,-767000000,-744000000,-700000000,-643000000,-645000000,-614000000,-609000000,-599000000,-527000000,-338000000,-295000000,-262000000,-217000000,-180000000,-162000000,-143000000,-218000000,-248000000,-268000000
otherFinancingActivites,7630000000,20540000000,16846000000,26398000000,14796000000,9234000000,4406000000,506000000,2153000000,-19000000,1732000000,34000000,1489000000,754000000,2576000000,-405000000,-1050000000,70000000,-267000000,-309000000,-333000000,399000000,56000000,1097000000,53000000,-20000000,272000000,-308000000,-152000000,-608000000,16000000,280000000,82000000
netCashUsedProvidedByFinancingActivities,-8254000000,-81000000,-6600000000,-5032000000,-3516000000,346000000,102000000,-2272000000,-433000000,-1206000000,-1114000000,-2047000000,-2152000000,-1370000000,-1574000000,-2649000000,-2716000000,-1223000000,-895000000,-882000000,-893000000,-70000000,-1110000000,-15000000,-877000000,-544000000,-80000000,-555000000,-400000000,-649000000,-172000000,-417000000,-380000000
effectOfForexChangesOnCash,-39000000,68000000,16000000,-201000000,340000000,-114000000,-546000000,-339000000,-155000000,53000000,-60000000,-38000000,75000000,-162000000,50000000,42000000,-68000000,190000000,305000000,0.0,0.0,0.0,0.0,0.0,0.0,0.0,0.0,0.0,0.0,0.0,0.0,0.0,0.0
netChangeInCash,-3316000000,5208000000,-220000000,2228000000,-784000000,2388000000,-1504000000,537000000,1788000000,936000000,1048000000,-151000000,736000000,236000000,605000000,-10000000,-2352000000,636000000,929000000,628000000,197000000,-795000000,973000000,101000000,-854000000,925000000,32000000,-384000000,0.0,0.0,0.0,0.0,0.0
cashAtEndOfPeriod,10959000000,14275000000,9067000000,9287000000,7059000000,7843000000,5455000000,6959000000,6422000000,4634000000,3698000000,2650000000,2801000000,2065000000,1829000000,1224000000,1234000000,3586000000,2950000000,2021000000,1393000000,1196000000,1991000000,712000000,611000000,1465000000,540000000,508000000,0.0,0.0,0.0,0.0,0.0
cashAtBeginningOfPeriod,14275000000,9067000000,9287000000,7059000000,7843000000,5455000000,6959000000,6422000000,4634000000,3698000000,2650000000,2801000000,2065000000,1829000000,1224000000,1234000000,3586000000,2950000000,2021000000,1393000000,1196000000,1991000000,1018000000,611000000,1465000000,540000000,508000000,892000000,931000000,238000000,382000000,525000000,397000000
operatingCashFlow,6038000000,6208000000,6897000000,6434000000,5966000000,5498000000,5454000000,5024000000,4335000000,3517000000,2833000000,4203000000,3946000000,3791000000,3911000000,3211000000,2442000000,2253000000,2199000000,2380000000,1996000000,1989000000,2374000000,1195000000,1306000000,1196000000,1216000000,1043000000,1180000000,1069000000,750000000,1002000000,1031000000
capitalExpenditure,-895000000,-906000000,-839000000,-828000000,-1031000000,-1095000000,-1073000000,-1094000000,-947000000,-884000000,-798000000,-651000000,-609000000,-884000000,-767000000,-733000000,-684000000,-629000000,-655000000,-671000000,-876000000,-853000000,-986000000,-684000000,-717000000,-755000000,-746000000,-639000000,-718000000,-691000000,-668000000,-675000000,-541000000
freeCashFlow,5143000000,5302000000,6058000000,5606000000,4935000000,4403000000,4381000000,3930000000,3388000000,2633000000,2035000000,3552000000,3337000000,2907000000,3144000000,2478000000,1758000000,1624000000,1544000000,1709000000,1120000000,1136000000,1388000000,511000000,589000000,441000000,470000000,404000000,462000000,378000000,82000000,327000000,490000000
link,https://www.sec.gov/Archives/edgar/data/773840/000077384022000018/0000773840-22-000018-index.htm,https://www.sec.gov/Archives/edgar/data/773840/000077384021000015/0000773840-21-000015-index.htm,https://www.sec.gov/Archives/edgar/data/773840/000077384020000009/0000773840-20-000009-index.htm,https://www.sec.gov/Archives/edgar/data/773840/000093041319000366/0000930413-19-000366-index.htm,https://www.sec.gov/Archives/edgar/data/773840/000093041318000292/0000930413-18-000292-index.htm,https://www.sec.gov/Archives/edgar/data/773840/000093041317000391/0000930413-17-000391-index.htm,https://www.sec.gov/Archives/edgar/data/773840/000093041316005457/0000930413-16-005457-index.htm,https://www.sec.gov/Archives/edgar/data/773840/000093041315000621/0000930413-15-000621-index.htm,,https://www.sec.gov/Archives/edgar/data/773840/000093041313000907/0000930413-13-000907-index.htm,https://www.sec.gov/Archives/edgar/data/773840/000093041312000976/0000930413-12-000976-index.htm,,,,,,,,,,,,,,,,,,,,,,
finalLink,https://www.sec.gov/Archives/edgar/data/773840/000077384022000018/hon-20211231.htm,https://www.sec.gov/Archives/edgar/data/773840/000077384021000015/hon-20201231.htm,https://www.sec.gov/ix?doc=/Archives/edgar/data/773840/000077384020000009/hon1231201910k.htm,https://www.sec.gov/Archives/edgar/data/773840/000093041319000366/c92779_10k.htm,https://www.sec.gov/Archives/edgar/data/773840/000093041318000292/c89913_10k.htm,https://www.sec.gov/Archives/edgar/data/773840/000093041317000391/c86783_10k.htm,https://www.sec.gov/Archives/edgar/data/773840/000093041316005457/c83288_10k.htm,https://www.sec.gov/Archives/edgar/data/773840/000093041315000621/c79276_10k.htm,,https://www.sec.gov/Archives/edgar/data/773840/000093041313000907/c72130_10-k.htm,https://www.sec.gov/Archives/edgar/data/773840/000093041312000976/c68029_10k.htm,,,,,,,,,,,,,,,,,,,,,,
