,2021,2020,2019,2018,2017,2016,2015,2014,2013,2012,2011,2010,2009,2008,2007,2006,2005,2004,2003,2002,2001,2000,1999,1998,1997,1996,1995,1994,1993,1992,1991,1990,1989
reportedCurrency,USD,USD,USD,USD,USD,USD,USD,USD,USD,USD,USD,USD,USD,USD,USD,USD,USD,USD,USD,USD,USD,USD,USD,USD,USD,USD,USD,USD,USD,USD,USD,USD,USD
cik,0000040545,0000040545,0000040545,0000040545,0000040545,0000040545,0000040545,0000040545,0000040545,0000040545,0000040545,0000040545,0000040545,0000040545,0000040545,0000040545,0000040545,0000040545,0000040545,0000040545,0000040545,0000040545,0000040545,0000040545,0000040545,0000040545,0000040545,0000040545,0000040545,0000040545,0000040545,0000040545,0000040545
fillingDate,2022-02-11,2021-02-12,2020-02-24,2019-02-26,2018-02-23,2017-02-24,2015-12-31,2014-12-31,2014-02-27,2013-02-26,2012-02-24,2011-02-25,2010-02-19,2009-02-18,2008-02-20,2007-02-27,2006-03-03,2005-03-01,2004-03-01,2002-12-31,2001-12-31,2001-03-23,1999-12-31,1998-12-31,1997-12-31,1996-12-31,1995-12-31,1994-12-31,1993-12-31,1992-12-31,1991-12-31,1990-12-31,1989-12-31
acceptedDate,2022-02-11 08:33:15,2021-02-12 10:24:28,2020-02-24 16:34:07,2019-02-26 16:36:51,2018-02-23 16:52:20,2017-02-24 17:21:03,2015-12-31,2014-12-31,2014-02-27 16:55:58,2013-02-26 17:17:59,2012-02-24 16:29:18,2011-02-25 16:33:50,2010-02-19 17:16:21,2009-02-18 06:35:13,2008-02-20 08:54:26,2007-02-27 09:11:09,2006-03-03 08:10:03,2005-03-01 10:37:34,2004-03-01 17:20:34,2002-12-31,2001-12-31,2001-03-23 00:00:00,1999-12-31,1998-12-31,1997-12-31,1996-12-31,1995-12-31,1994-12-31,1993-12-31,1992-12-31,1991-12-31,1990-12-31,1989-12-31
calendarYear,2021,2020,2019,2018,2017,2016,2015,2014,2013,2012,2011,2010,2009,2008,2007,2006,2005,2004,2003,2002,2001,2000,1999,1998,1997,1996,1995,1994,1993,1992,1991,1990,1989
period,FY,FY,FY,FY,FY,FY,FY,FY,FY,FY,FY,FY,FY,FY,FY,FY,FY,FY,FY,FY,FY,FY,FY,FY,FY,FY,FY,FY,FY,FY,FY,FY,FY
netIncome,-6520000000,5704000000,-4979000000,-22355000000,-5786000000,8831000000,-6126000000,15233000000,13057000000,13641000000,14151000000,11644000000,11025000000,17410000000,22208000000,20829000000,16353000000,16593000000,15002000000,14118000000,13684000000,12735000000,10717000000,9296000000,8203000000,7280000000,6573000000,4726000000,4315000000,4725000000,2636000000,4303000000,3939000000
depreciationAndAmortization,3009000000,6018000000,5595000000,8224000000,5139000000,4997000000,4847000000,9283000000,9762000000,9346000000,9185000000,10013000000,10636000000,11492000000,10278000000,9158000000,8538000000,8385000000,6956000000,5998000000,7089000000,7736000000,6691000000,5860000000,4082000000,3785000000,3594000000,3207000000,3261000000,2818000000,2832000000,2508000000,2256000000
deferredIncomeTax,-286000000,-474000000,726000000,583000000,-4845000000,814000000,383000000,-1186000000,-3295000000,-1171000000,-203000000,1046000000,-2705000000,-1284000000,623000000,1950000000,-1121000000,-1702000000,1127000000,2414000000,1426000000,1153000000,1502000000,1143000000,284000000,1145000000,1047000000,1228000000,461000000,707000000,866000000,183000000,281000000
stockBasedCompensation,0.0,0.0,0.0,0.0,0.0,0.0,0.0,0.0,0.0,0.0,0.0,0.0,0.0,0.0,0.0,0.0,0.0,0.0,0.0,0.0,0.0,0.0,0.0,0.0,0.0,0.0,0.0,0.0,0.0,0.0,0.0,0.0,0.0
changeInWorkingCapital,-902000000,626000000,452000000,273000000,3285000000,3159000000,-1903000000,-2995000000,400000000,-3392000000,-1793000000,-156000000,5575000000,1006000000,4413000000,-3124000000,1844000000,8550000000,1621000000,4123000000,12582000000,827000000,5813000000,6045000000,3154000000,3207000000,3274000000,3806000000,6372000000,3789000000,1495000000,-471000000,236000000
accountsReceivables,-177000000,-1319000000,-2851000000,-430000000,1551000000,1514000000,-52000000,-1913000000,-485000000,-774000000,-466000000,-126000000,3273000000,0.0,0.0,0.0,0.0,0.0,0.0,0.0,0.0,0.0,0.0,0.0,0.0,0.0,0.0,0.0,0.0,0.0,0.0,0.0,0.0
inventory,-702000000,1105000000,-1109000000,-902000000,747000000,-1389000000,-314000000,-872000000,-1368000000,-1274000000,-1168000000,342000000,1101000000,-719000000,-1494000000,-1779000000,-578000000,-468000000,874000000,-87000000,-485000000,-924000000,266000000,150000000,-386000000,-76000000,55000000,-56000000,750000000,820000000,404000000,26000000,-167000000
accountsPayables,0.0,0.0,2977000000,2199000000,-335000000,1198000000,-541000000,305000000,360000000,-424000000,1235000000,805000000,-480000000,-1078000000,469000000,-119000000,1238000000,5370000000,802000000,227000000,4676000000,3297000000,0.0,0.0,0.0,0.0,0.0,0.0,0.0,0.0,0.0,0.0,0.0
otherWorkingCapital,-1052000000,-216000000,62000000,-92000000,0.0,0.0,0.0,0.0,0.0,0.0,0.0,-1177000000,1681000000,2827000000,4458000000,926000000,1544000000,4497000000,-589000000,4392000000,8194000000,-1009000000,0.0,0.0,0.0,0.0,0.0,0.0,0.0,0.0,0.0,0.0,0.0
otherNonCashItems,8031000000,-8277000000,6978000000,17521000000,12633000000,-18045000000,22690000000,7375000000,8655000000,12907000000,12019000000,13576000000,62000000,19977000000,8445000000,1833000000,12027000000,4658000000,5583000000,2835000000,-2586000000,239000000,-130000000,-2984000000,-1483000000,2434000000,458000000,425000000,-4222000000,-1790000000,-332000000,2513000000,-89000000
netCashProvidedByOperatingActivities,3332000000,3597000000,8772000000,4246000000,10426000000,-244000000,19891000000,27710000000,28579000000,31331000000,33359000000,36123000000,24593000000,48601000000,45967000000,30646000000,37641000000,36484000000,30289000000,29488000000,32195000000,22690000000,24593000000,19360000000,14240000000,17851000000,14946000000,13392000000,10187000000,10249000000,7497000000,9036000000,6623000000
investmentsInPropertyPlantAndEquipment,-1250000000,-3252000000,-5813000000,-7695000000,-7371000000,-7199000000,-7309000000,-13727000000,-13458000000,-15126000000,-12650000000,-9800000000,-8634000000,-16010000000,-17870000000,-16650000000,-14441000000,-13118000000,-9767000000,-13351000000,-15520000000,-13967000000,-27156000000,-8982000000,-8388000000,-7760000000,-6447000000,-7492000000,-4739000000,-4824000000,-5000000000,-4523000000,-7334000000
acquisitionsNet,2596000000,20928000000,4615000000,8794000000,-2859000000,3086000000,-9744000000,311000000,18381000000,2162000000,-2325000000,1850000000,3848000000,-17701000000,-2895000000,1240000000,-11498000000,-18703000000,-14407000000,-21570000000,-12429000000,-2332000000,0.0,0.0,0.0,0.0,0.0,0.0,0.0,0.0,0.0,0.0,0.0
purchasesOfInvestments,0.0,0.0,0.0,0.0,0.0,0.0,0.0,0.0,0.0,0.0,0.0,0.0,0.0,0.0,0.0,0.0,0.0,0.0,0.0,0.0,0.0,0.0,0.0,0.0,0.0,0.0,0.0,0.0,-4164000000,0.0,0.0,0.0,0.0
salesMaturitiesOfInvestments,0.0,0.0,0.0,0.0,0.0,0.0,0.0,0.0,0.0,0.0,0.0,0.0,0.0,0.0,0.0,0.0,0.0,0.0,0.0,0.0,0.0,0.0,0.0,0.0,0.0,0.0,0.0,0.0,0.0,0.0,0.0,0.0,0.0
otherInvestingActivites,19962000000,-1034000000,10137000000,17140000000,12552000000,53315000000,76541000000,8386000000,24194000000,24266000000,34857000000,40386000000,47783000000,-7190000000,-51659000000,-35992000000,-9110000000,-6593000000,1271000000,-27028000000,-12165000000,-21400000000,-15023000000,-31151000000,-9887000000,-12452000000,-18770000000,-8919000000,-6688000000,-8729000000,-11361000000,-11386000000,-5755000000
netCashUsedForInvestingActivites,21308000000,16642000000,8939000000,18239000000,2322000000,49202000000,59488000000,-5030000000,29117000000,11302000000,19882000000,32436000000,42997000000,-40901000000,-72424000000,-51402000000,-35049000000,-38414000000,-22903000000,-61949000000,-40114000000,-37699000000,-42179000000,-40133000000,-18275000000,-20212000000,-25217000000,-16411000000,-15591000000,-13553000000,-16361000000,-15909000000,-13089000000
debtRepayment,-36521000000,-29876000000,-16567000000,-21166000000,-25622000000,-58768000000,-47038000000,-53380000000,-61461000000,-103942000000,-85706000000,-100154000000,-85178000000,0.0,0.0,0.0,0.0,0.0,0.0,0.0,0.0,0.0,0.0,0.0,0.0,0.0,0.0,0.0,0.0,0.0,0.0,0.0,0.0
commonStockIssued,0.0,0.0,0.0,0.0,0.0,0.0,0.0,2842000000,0.0,0.0,0.0,0.0,623000000,12006000000,0.0,0.0,0.0,0.0,0.0,0.0,0.0,0.0,0.0,0.0,0.0,0.0,0.0,771000000,406000000,425000000,410000000,708000000,509000000
commonStockRepurchased,0.0,0.0,0.0,0.0,0.0,0.0,-1099000000,-1218000000,0.0,0.0,-3300000000,-1263000000,0.0,-1249000000,-12319000000,0.0,0.0,0.0,0.0,0.0,0.0,0.0,-1002000000,-2819000000,-2815000000,-2323000000,-2523000000,-1124000000,-770000000,-1206000000,-1112000000,-2485000000,-490000000
dividendsPaid,-575000000,-648000000,-649000000,-4474000000,-8650000000,-8806000000,-9295000000,-8851000000,-7821000000,-7189000000,-6458000000,-4790000000,-8986000000,-12408000000,-11492000000,-10420000000,-9352000000,-8278000000,-7643000000,-7157000000,-6358000000,-5401000000,-4587000000,-3913000000,-3411000000,-3050000000,-2770000000,-2462000000,-2153000000,-1925000000,-1780000000,-1678000000,-1479000000
otherFinancingActivites,-8081000000,10672000000,1083000000,-5393000000,15126000000,-21557000000,-18622000000,43649000000,23709000000,60057000000,48601000000,44621000000,50028000000,26287000000,52023000000,33650000000,3233000000,12872000000,4011000000,40095000000,15164000000,20051000000,27412000000,25961000000,11931000000,9102000000,15796000000,5369000000,8010000000,7168000000,11342000000,10045000000,7728000000
netCashUsedProvidedByFinancingActivities,-45177000000,-19852000000,-16133000000,-31033000000,-19146000000,-89131000000,-76054000000,-16958000000,-45573000000,-51074000000,-46863000000,-61586000000,-43513000000,24636000000,28212000000,23230000000,-6119000000,4594000000,-3632000000,32938000000,8806000000,14650000000,21823000000,19229000000,5705000000,3729000000,10503000000,2554000000,5493000000,4462000000,8860000000,6590000000,6268000000
effectOfForexChangesOnCash,-213000000,145000000,-50000000,-628000000,891000000,-1146000000,-3464000000,-3492000000,-795000000,1278000000,-841000000,-333000000,0.0,0.0,0.0,0.0,0.0,0.0,0.0,0.0,0.0,0.0,0.0,0.0,0.0,0.0,0.0,0.0,0.0,0.0,0.0,0.0,0.0
netChangeInCash,-21485000000,531000000,891000000,-9704000000,-6259000000,-42750000000,-20534000000,2097000000,11096000000,-7266000000,5416000000,6640000000,24077000000,32336000000,1755000000,2474000000,-3527000000,2664000000,3754000000,477000000,887000000,-359000000,4237000000,-1544000000,1670000000,3729000000,232000000,-465000000,5493000000,4462000000,8860000000,6590000000,6268000000
cashAtEndOfPeriod,16123000000,37608000000,36439000000,35020000000,43299000000,48129000000,70483000000,90884000000,88555000000,77356000000,84501000000,79084000000,72444000000,48367000000,16031000000,14275000000,11801000000,15328000000,12664000000,8910000000,9082000000,8195000000,8554000000,4317000000,5861000000,0.0,2823000000,2591000000,0.0,0.0,0.0,0.0,0.0
cashAtBeginningOfPeriod,37608000000,37077000000,35548000000,44724000000,49558000000,90879000000,91017000000,88787000000,77459000000,84622000000,79085000000,72444000000,48367000000,16031000000,14276000000,11801000000,15328000000,12664000000,8910000000,8433000000,8195000000,8554000000,4317000000,5861000000,4191000000,2823000000,2591000000,3056000000,3129000000,1971000000,1975000000,2258000000,2456000000
operatingCashFlow,3332000000,3597000000,8772000000,4246000000,10426000000,-244000000,19891000000,27710000000,28579000000,31331000000,33359000000,36123000000,24593000000,48601000000,45967000000,30646000000,37641000000,36484000000,30289000000,29488000000,32195000000,22690000000,24593000000,19360000000,14240000000,17851000000,14946000000,13392000000,10187000000,10249000000,7497000000,9036000000,6623000000
capitalExpenditure,-1361000000,-3403000000,-6095000000,-8056000000,-7920000000,-7199000000,-7309000000,-13727000000,-13458000000,-15126000000,-12650000000,-9800000000,-8634000000,-16010000000,-17870000000,-16650000000,-14441000000,-13118000000,-9767000000,-13351000000,-15520000000,-13967000000,-27156000000,-8982000000,-8388000000,-7760000000,-6447000000,-7492000000,-4739000000,-4824000000,-5000000000,-4523000000,-7334000000
freeCashFlow,1971000000,194000000,2677000000,-3810000000,2506000000,-7443000000,12582000000,13983000000,15121000000,16205000000,20709000000,26323000000,15959000000,32591000000,28097000000,13996000000,23200000000,23366000000,20522000000,16137000000,16675000000,8723000000,-2563000000,10378000000,5852000000,10091000000,8499000000,5900000000,5448000000,5425000000,2497000000,4513000000,-711000000
link,https://www.sec.gov/Archives/edgar/data/40545/000004054522000008/0000040545-22-000008-index.htm,https://www.sec.gov/Archives/edgar/data/40545/000004054521000011/0000040545-21-000011-index.htm,https://www.sec.gov/Archives/edgar/data/40545/000004054520000009/0000040545-20-000009-index.htm,https://www.sec.gov/Archives/edgar/data/40545/000004054519000014/0000040545-19-000014-index.htm,https://www.sec.gov/Archives/edgar/data/40545/000004054518000014/0000040545-18-000014-index.htm,https://www.sec.gov/Archives/edgar/data/40545/000004054517000010/0000040545-17-000010-index.htm,,,https://www.sec.gov/Archives/edgar/data/40545/000004055414000023/0000040554-14-000023-index.htm,https://www.sec.gov/Archives/edgar/data/40545/000004054513000036/0000040545-13-000036-index.htm,https://www.sec.gov/Archives/edgar/data/40545/000004054512000016/0000040545-12-000016-index.htm,https://www.sec.gov/Archives/edgar/data/40545/000119312511047479/0001193125-11-047479-index.htm,https://www.sec.gov/Archives/edgar/data/40545/000004054510000010/0000040545-10-000010-index.htm,https://www.sec.gov/Archives/edgar/data/40545/000004054509000012/0000040545-09-000012-index.htm,https://www.sec.gov/Archives/edgar/data/40545/000004054508000011/0000040545-08-000011-index.htm,https://www.sec.gov/Archives/edgar/data/40545/000004054507000017/0000040545-07-000017-index.htm,https://www.sec.gov/Archives/edgar/data/40545/000004054506000009/0000040545-06-000009-index.htm,https://www.sec.gov/Archives/edgar/data/40545/000004054505000020/0000040545-05-000020-index.htm,https://www.sec.gov/Archives/edgar/data/40545/000004054504000013/0000040545-04-000013-index.htm,,,https://www.sec.gov/Archives/edgar/data/40545/000004054501500023/0000040545-01-500023-index.html,,,,,,,,,,,
finalLink,https://www.sec.gov/Archives/edgar/data/40545/000004054522000008/ge-20211231.htm,https://www.sec.gov/Archives/edgar/data/40545/000004054521000011/ge-20201231.htm,https://www.sec.gov/Archives/edgar/data/40545/000004054520000009/ge10-k2019.htm,https://www.sec.gov/Archives/edgar/data/40545/000004054519000014/ge10-k2018.htm,https://www.sec.gov/Archives/edgar/data/40545/000004054518000014/ge10-k2017.htm,https://www.sec.gov/Archives/edgar/data/40545/000004054517000010/ge10k2016.htm,,,https://www.sec.gov/Archives/edgar/data/40545/000004055414000023/geform10k2013.htm,https://www.sec.gov/Archives/edgar/data/40545/000004054513000036/geform10k2012.htm,https://www.sec.gov/Archives/edgar/data/40545/000004054512000016/ge10k.htm,https://www.sec.gov/Archives/edgar/data/40545/000119312511047479/d10k.htm,https://www.sec.gov/Archives/edgar/data/40545/000004054510000010/frm10k.htm,https://www.sec.gov/Archives/edgar/data/40545/000004054509000012/frm10k.htm,https://www.sec.gov/Archives/edgar/data/40545/000004054508000011/frm10k.htm,https://www.sec.gov/Archives/edgar/data/40545/000004054507000017/frm10k.htm,https://www.sec.gov/Archives/edgar/data/40545/000004054506000009/frm10k.htm,https://www.sec.gov/Archives/edgar/data/40545/000004054505000020/gefrm10k.htm,https://www.sec.gov/Archives/edgar/data/40545/000004054504000013/frm10k.htm,,,https://www.sec.gov/Archives/edgar/data/40545/000004054501500023/f10k2000.htm,,,,,,,,,,,
