,2021,2020,2019,2018,2017,2016,2015,2014,2013,2012,2011,2010,2009,2008,2007,2006,2005,2004,2003,2002,2001,2000,1999,1998,1997,1996,1995,1994,1993,1992,1991,1990,1989,1988,1987,1986,1985
period,FY,FY,FY,FY,FY,FY,FY,FY,FY,FY,FY,FY,FY,FY,FY,FY,FY,FY,FY,FY,FY,FY,FY,FY,FY,FY,FY,FY,FY,FY,FY,FY,FY,FY,FY,FY,FY
currentRatio,1.277121188789652,1.576853106941571,1.7810664137622172,1.8097086525362902,1.8805413442879104,1.9235679591070411,1.6244842973814937,2.2145268039657933,2.276823305534741,2.139010232780803,2.0219008669464418,2.443507518699692,2.7639071519311775,2.0245565343308796,1.99306009841008,1.989569823231178,1.9025604239558478,2.393940275353888,2.353701920353481,2.1374493337073153,1.7129268390781482,1.8939159065286462,1.6945402441445019,1.7210320739657718,1.7631435011767826,1.914185081636105,1.9842318996109805,1.744351717132896,0.0,0.0,0.0,0.0,0.0,0.0,0.0,0.0,0.0
quickRatio,0.9430628272251309,1.2663016337304702,1.474775415579968,1.496345339758895,1.5508203331737191,1.6316605496808265,1.3874902940323501,2.0878147465389105,2.183158042274705,2.0612919633774163,1.9572897454402893,2.383844501384683,2.6971182776527223,1.969554724266924,1.9406573403274106,1.9378678904740743,1.8514495405681048,2.3465386852821406,2.3041239449385373,2.0865933002249393,1.6698658649398705,1.8438749103207954,1.6510768161969036,1.122313337429986,1.1290400106076175,1.2738117743042774,1.4298240265362618,1.2660663793340106,0.4608483780114684,0.5393742059552489,0.5900124299804672,0.5973677818659422,0.6184204764407076,0.6436747416480205,0.4800267424369046,0.5885929548608816,0.6493418259023355
cashRatio,0.3035494302433015,0.6533138332025398,0.47938565294133145,0.5057639631457909,0.5456160689533507,0.5829790326683383,0.6593790051733976,0.47648677628764147,0.4773828712513679,0.3857538946402569,0.3764534495201946,0.40871703289592876,0.4026165058280773,0.19382567072925466,0.06398280464664605,0.06473511885866658,0.04397175579596637,0.07430676750048477,0.07173851470005098,0.049002623372766424,0.045660217994610466,0.05249436302142052,0.0530592497022628,0.030491810226092854,0.04857128650512149,0.041698588158038744,0.034426409434031295,0.035564279243418345,0.016300934087086903,0.021722981651057686,0.01590876071480459,0.017767022606849526,0.02471974076020319,0.031765329746368844,0.10217839433951752,0.11221994580662217,0.13639065817409765
daysOfSalesOutstanding,102.94833953312848,124.00620454916539,103.68277057186368,101.41523319300092,124.45109904704985,128.88613633895076,145.34643706907033,634.9934713925215,695.7004134688709,724.6987831155557,789.0109465188383,820.4049969709276,837.7914378472155,799.9702490206284,879.9615023909042,815.8802504421908,773.5287771706458,798.1642524759948,743.5596220200168,702.9252911965253,643.6671352441766,529.3347477532287,579.1812833838603,565.2307653776797,537.4742489270386,575.497383532168,602.8748773023847,551.6412940859128,528.913097321753,476.85411665761393,431.00006640547184,402.5847399595987,362.70595888151865,344.75663319291664,51.40225923003447,62.62156951419799,77.94237228212835
daysOfInventoryOutstanding,107.3206731482856,95.99063239602124,73.51288056206089,75.90200817947363,87.03956098940544,93.26623458271892,99.37933077769581,79.4048160765456,81.97489013624403,75.51487013860853,73.72916605641642,58.66425892097667,57.629048616324866,59.5784987824094,64.37476923076923,56.15119417082715,57.21869668033646,57.78866238119141,62.38487677225325,63.85566444679885,63.674460761349984,55.02151554329159,65.13242671963735,60.62287204832509,59.75879020163306,56.131644089940174,58.5978594389246,54.98738109105028,38.87585995599253,47.375425652667424,58.41680008004803,63.1332525273365,65.71461421924035,70.35752496433666,68.13637853460862,65.38353406684946,71.58604420163893
operatingCycle,210.26901268141407,219.99683694518663,177.19565113392457,177.31724137247454,211.4906600364553,222.15237092166967,244.72576784676613,714.3982874690671,777.675303605115,800.2136532541642,862.7401125752547,879.0692558919043,895.4204864635404,859.5487478030378,944.3362716216734,872.0314446130179,830.7474738509823,855.9529148571862,805.9444987922701,766.7809556433242,707.3415960055266,584.3562632965203,644.3137101034977,625.8536374260049,597.2330391286716,631.6290276221082,661.4727367413093,606.628675176963,567.7889572777455,524.2295423102813,489.41686648551985,465.7179924869352,428.420573100759,415.1141581572533,119.53863776464308,128.00510358104745,149.52841648376727
daysOfPayablesOutstanding,110.0025048241057,99.53062676883864,83.00951048152167,67.55991626290857,60.16103944133835,60.22627253294926,60.38237819404303,73.3402614652384,77.9341076729625,76.99333871618894,87.67099212044876,74.60021195599124,94.72471384728863,90.70972401279664,106.80711111111111,106.86014033193901,116.21284461340437,146.15011577259995,141.30687810022263,130.33543968518237,134.99134366661914,104.61272022075141,127.12302951587847,125.29461834157057,105.49783369438427,128.06246991679845,120.80892022209234,95.88778877887789,121.54806005069214,85.39798524404085,74.91557434460677,66.37133794099444,65.82323341629694,65.12898240608654,28.440004767438396,32.86279546006734,39.95331512292029
cashConversionCycle,100.26650785730837,120.46621017634799,94.1861406524029,109.75732510956597,151.32962059511695,161.92609838872042,184.3433896527231,641.0580260038287,699.7411959321526,723.2203145379752,775.0691204548059,804.4690439359131,800.6957726162518,768.8390237902412,837.5291605105623,765.171304281079,714.5346292375779,709.8027990845862,664.6376206920474,636.4455159581419,572.3502523389075,479.7435430757689,517.1906805876192,500.5590190844343,491.73520543428737,503.5665577053097,540.663816519217,510.74088639808514,446.2408972270533,438.83155706624046,414.50129214091305,399.34665454594074,362.59733968446204,349.98517575116676,91.09863299720469,95.14230812098012,109.57510136084699
grossProfitMargin,0.2735996549679228,0.24112334995415668,0.264527647954629,0.23800322326009735,0.23685958096755985,0.26906848697018054,0.28191701835738725,0.44989885732455637,0.4603146840915928,0.48679521533744025,0.5199701905973833,0.5225848972445427,0.515757448192725,0.5410130674191163,0.5766710277993261,0.5464254457099841,0.5536866574928858,0.5946588082408458,0.6183982054893544,0.5986575346626373,0.6100720338646526,0.6009102600633024,0.645707016024253,0.6351432578641555,0.5933363451547323,0.6296711271819814,0.6048270685374444,0.565800121383775,0.40716951223539516,0.3825451614598847,0.3363437147220931,0.3361865306262197,0.3226811302085242,0.32823574038211983,0.30310644129739606,0.3183300407016876,0.28813858935831715
operatingProfitMargin,0.05139091056121624,0.020284103040731485,0.08343223231633672,0.10635113800815682,0.09860709898064217,0.14898861196286983,0.14641622813873115,0.4281481080569105,0.42660752639274646,0.45992292604768087,0.4912645795397822,0.20099060654679085,0.18568977503938564,0.25198476837520206,0.2969873449964686,0.2742745928478313,0.25585496519752576,0.21620078365482434,0.23201204289536245,0.22348858752600648,0.2470833035508645,0.23559717526741777,0.22698318175256244,0.22887196954518133,0.19768466229952564,0.23352134553927248,0.23781684854783763,0.21894598422010925,0.10856642779300552,0.10991186725772256,0.10684640414370145,0.10523162255623651,0.10450031150364643,0.09425223102876878,0.06700859670252086,0.07442934329850284,0.08983560190913913
pretaxProfitMargin,-0.04963879454418028,0.06527336439794522,0.01206742635089009,-0.16555387449019865,-0.0729737357638543,0.07544679037823657,0.07108494416367078,0.1165610137269892,0.112993836445427,0.12021050305257051,0.14129938061123337,0.0945869476935777,0.06597654082394137,0.1048735720351752,0.1539788581551251,0.15068149408474152,0.1478203364016513,0.13196117167553803,0.148330315157206,0.14344181384683138,0.15646517833742346,0.14205293678236158,0.14054605168182474,0.13501302344219596,0.12625931782245312,0.13758419169605685,0.14055372712050349,0.14601456605300425,0.10856642779300552,0.10991186725772256,0.10684640414370145,0.10523162255623651,0.10450031150364643,0.09425223102876878,0.06700859670252086,0.0837597886368505,0.1247304224854163
netProfitMargin,-0.08787535716211116,0.07164119117296122,-0.05229218085385706,-0.18381627417445073,-0.04802935219311352,0.07378412024697753,-0.05319647788256135,0.10305728261090176,0.09134793650349454,0.09420840354705931,0.09948888123343434,0.07751762520720852,0.07032012399303496,0.09538942004766732,0.12856464703771028,0.12747948173400003,0.10923701754151581,0.1089043927987766,0.11179920558623413,0.10719980561587875,0.10867821432258781,0.09807243575427599,0.09669590010105385,0.09312762973352033,0.09264739100971313,0.09269044193478565,0.09488134418846354,0.07967496122462742,0.07124929823982035,0.08278870919699333,0.04376120592336809,0.0736638477077413,0.07217722725107194,0.06759967258280261,0.06052992233896756,0.05931497393663866,0.08258794414000353
effectiveTaxRate,0.07765408634265544,-0.09120646526842409,0.6318537859007833,-0.028955994834608124,0.34614947104993743,-0.051384274640088594,0.7922062057170779,0.10284984618956411,0.04185499349885456,0.14385843961852235,0.2852025077122102,0.07390202702702703,-0.10537509667440062,0.05496055587482368,0.15527483269418754,0.16060113728675873,0.17416060373265851,0.17472396299612056,0.21679059485530547,0.19893070774442856,0.28287904167301153,0.3096064187357693,0.3119984592668678,0.31023224753283374,0.2662134359066106,0.3263002035905978,0.32494608195542773,0.31705345803025053,0.32714828897338405,0.3137254901960784,0.3109073958980733,0.2999837319017407,0.3093108890057864,0.28277907223045967,0.34335295940502014,0.2918442739414606,0.3378684807256236
returnOnAssets,-0.032784577169464084,0.02250524754194088,-0.018714668029829205,-0.07231608810561287,-0.015309105822275728,0.024182396223263406,-0.012433731418411503,0.023495062073050164,0.019886986718654808,0.01990433777694768,0.019729742541568954,0.015500202338608337,0.014101747465522667,0.021823359894906923,0.027922754756788633,0.029873544078859615,0.02428632106715458,0.02211426972132262,0.023169720286092453,0.024542628867054675,0.027643160014787192,0.02914147631840295,0.026448667324777887,0.026117128127326618,0.02698248753338684,0.02672520759759473,0.028824522551362728,0.02430019950227268,0.017156648350337568,0.024497604678653643,0.015666323941067047,0.027962621195185985,0.03069095555694072,0.030541649754205567,0.07489722507708119,0.07204186059957793,0.08837772397094432
returnOnEquity,-0.1617464648970479,0.16044104410441043,-0.1758369826246645,-0.7215712856266744,-0.09003625725534133,0.1164609379121169,-0.06233591794370841,0.11886016588768639,0.10000306358470046,0.11087900118674102,0.12153248939349696,0.0979013923454631,0.0939969818656163,0.16634022834758516,0.19217888697548438,0.18545328276083123,0.14954185489328237,0.15045700192230968,0.18946703713058854,0.2216117791102879,0.22791851962890788,0.22975752327343582,0.2243411274622679,0.2154095701540957,0.21518887722980062,0.2132895816242822,0.20184246890833718,0.16738683856343417,0.16709262701363073,0.20141523509100984,0.12156989346492644,0.19847785977859778,0.18855911919578747,0.1833640203617459,0.17688106796116504,0.1649348070686346,0.16800920598388952
returnOnCapitalEmployed,0.0259525462490301,0.008182020832488956,0.04178193867353916,0.053699244374325335,0.03978404954000007,0.06309398286074176,0.043704104987312045,0.13786680609110516,0.1294487527040137,0.13736705748397263,0.14180073704888224,0.054102729059855095,0.048333006830006874,0.08374805839474542,0.09340633329934599,0.09400388064397713,0.08176937117726803,0.060547743773550225,0.06610638428887808,0.07481374724528934,0.10506249176851198,0.10891297072917186,0.10310922027673945,0.10657970852227136,0.09546535474299678,0.10669885686029262,0.11281619348918745,0.10677464441338486,0.12154767626723852,0.12845295382410157,0.145069311394117,0.14388034548135664,0.15413513513513513,0.14072373912006678,0.15387916646797958,0.18083247687564236,0.24070410042982876
netIncomePerEBT,1.7702959543850123,1.0975562824706562,-4.333333333333333,1.1103109168570577,0.6581731316118757,0.9779623477297896,-0.7483508429025165,0.8841488188519356,0.8084329143706273,0.7836952774905205,0.7040999104388497,0.8195382882882883,1.0658352668213458,0.9095658534036885,0.8349499962403188,0.8460194963444354,0.7389850422522481,0.8252760370038794,0.753717845659164,0.7473400031761156,0.6945840312674484,0.6903935812642308,0.6880015407331321,0.6897677524671663,0.7337865640933894,0.6736997964094021,0.6750539180445723,0.5456644729246045,0.6562737642585551,0.7532281205164992,0.4095711622125544,0.7000162680982593,0.6906891109942136,0.7172209277695404,0.9033157731639293,0.7081557260585394,0.6621315192743764
ebtPerEbit,-0.96590611067401,3.2179566563467494,0.14463746223564955,-1.5566723364775013,-0.7400454583719168,0.506393001345895,0.4854990807188186,0.27224460772694953,0.2648660172521237,0.2613709737968316,0.28762379071498084,0.4706038223311583,0.35530519012125167,0.41619012415472595,0.5184694255472603,0.5493818895880751,0.5777505091117957,0.6103639840927719,0.6393216201458259,0.6418305983080216,0.6332486901738935,0.6029483868858889,0.6191914775211671,0.5899063293355511,0.6386905101982517,0.589171800883267,0.5910166919575114,0.6668976668976669,1.0,1.0,1.0,1.0,1.0,1.0,1.0,1.0,1.0
ebitPerRevenue,0.05139091056121624,0.020284103040731485,0.08343223231633672,0.10635113800815682,0.09860709898064217,0.14898861196286983,0.14641622813873115,0.4281481080569105,0.42660752639274646,0.45992292604768087,0.4912645795397822,0.20099060654679085,0.18568977503938564,0.25198476837520206,0.2969873449964686,0.2742745928478313,0.25585496519752576,0.21620078365482434,0.23201204289536245,0.22348858752600648,0.2470833035508645,0.23559717526741777,0.22698318175256244,0.22887196954518133,0.19768466229952564,0.23352134553927248,0.23781684854783763,0.21894598422010925,0.10856642779300552,0.10991186725772256,0.10684640414370145,0.10523162255623651,0.10450031150364643,0.09425223102876878,0.06700859670252086,0.0837597886368505,0.1247304224854163
debtRatio,0.7907619900037209,0.8537237820178969,0.8877608551840269,0.8334643465996396,0.7830742568363122,0.7878022799527908,0.7967533469185617,0.7889516294464863,0.7916671743633483,0.8125423155044008,0.8352940848416573,0.8346707205384337,0.8399422883586717,0.8575878481114207,0.844640699477077,0.828047484435036,0.8256339274841017,0.8311849452907387,0.8687841997396071,0.8797397278372308,0.8787147263864508,0.8731642128483362,0.8821051332675222,0.8787559526318007,0.8746102127547597,0.874699892071277,0.8571929747626461,0.8548261039468542,0.8973225290847932,0.878372633194384,0.8711331934695915,0.8591146577941826,0.8372343077977934,0.8334370630947548,0.5765673175745119,0.5632100835477436,0.47397094430992737
debtEquityRatio,3.901314810220789,6.086239873987399,8.341114564203984,8.316322907588521,4.605433919985061,3.7940074906367043,3.9944848077823227,3.991260855655865,3.980952162124902,4.526344024840277,5.145296209141345,5.271894127934352,5.598741591426452,6.536635933693212,5.813255566420616,5.140472247449116,5.08380123269382,5.655063291139241,7.104357160899217,7.943757259912724,7.245024067689335,6.884210146496356,7.482133511963325,7.247827598192561,6.975131164742917,6.980839095277159,6.002456625211116,5.888290713324361,8.739234820322181,7.221833837759496,6.7599501913941795,6.097970479704797,5.1438008616562945,5.003736596989061,1.3616504854368932,1.2894301409755775,0.9010356731875719
longTermDebtToCapitalization,0.455130371311553,0.6640999234701108,0.7176559742344624,0.7577034974660577,0.6310879698730166,0.5810746605084914,0.6000895255147717,0.6349464065468612,0.6502459095438619,0.6763648990629718,0.7007927432514037,0.7245704228613774,0.7425039406725708,0.7592424758241859,0.7340867148057638,0.6989853075970605,0.6600059073173007,0.6590332204857086,0.6822428406318223,0.6882322426567745,0.5706746755336265,0.597063099738296,0.5992298528498801,0.580277772374487,0.5500631469612738,0.5906354194151935,0.6104292276772897,0.5670495146673209,0.5226087921026361,0.5196273164738405,0.5112588752394905,0.49254499918076916,0.4354054054054054,0.44956480267080007,0.21415287778360592,0.2235868448098664,0.0513747697345978
totalDebtToCapitalization,0.4854611830180491,0.678605651883057,0.7685882872133506,0.7801783775729582,0.6768283790375709,0.6423899151579175,0.6686112385011734,0.7401158699676967,0.745785680073831,0.7709379875848561,0.7956801507683183,0.7877196677363737,0.8007153051515563,0.8334492311756179,0.8164783420018263,0.7940216882981123,0.772079926467983,0.7708103435018527,0.7938563034201942,0.8143293900260264,0.7950334731890168,0.7841084365505959,0.8085668258904242,0.8022191057581257,0.7914638015733214,0.7913411338933108,0.7800479551518017,0.7704440867034165,,,,,,,,,
interestCoverage,2.0325159914712154,0.4934311029636419,1.879347054648687,2.55663174540423,2.439720681864859,3.549363057324841,4.868899797863125,6.674224847078675,6.0278766310794785,5.324192516789255,4.804125128910279,1.8889445035350059,1.5511215301827481,1.7547788927467665,2.156682221381427,2.3236544643783055,2.5220254164746163,2.7665238935080203,2.984375,2.881068911511355,2.8124209003796783,2.6103242320819113,,,,,,,,,,,,,,,
cashFlowToDebtRatio,0.08761043331931005,0.04791783230756934,0.09327350445526657,0.03861544617847139,0.07746604452105685,-0.0017913121361397223,0.10031874438919093,0.07592196832703162,0.0746110066833751,0.07566777761677052,0.07356823239084075,0.08184809059640823,0.05218463340470093,0.092792146051069,0.08940978300616981,0.07078301078398086,0.10161241992565538,0.09836427999471566,0.09933392583652816,0.10553779969721588,0.13824597865013183,0.11271061834366555,0.12188449396103541,0.11060265880565125,0.09842546897247681,0.13790306382584244,0.12941380206078448,0.14132545377796538,,,,,,,,,
companyEquityMultiplier,4.933614487720169,7.129050405040504,9.395677355558695,9.97801878570737,5.8812224763861005,4.815938703381336,5.013452184708061,5.05894240747821,5.028567927331771,5.570594833612407,6.159861900754049,6.3161364094975445,6.665626518658721,7.622118186595328,6.882518886456269,6.207943800416689,6.157451945059166,6.80361611838526,8.177355392775954,9.029667535240009,8.245024067689336,7.884210146496356,8.482133511963324,8.247827598192561,7.975131164742917,7.980839095277159,7.002456625211116,6.888290713324361,9.739234820322181,8.221833837759496,7.7599501913941795,7.097970479704797,6.1438008616562945,6.003736596989061,2.3616504854368934,2.2894301409755773,1.901035673187572
receivablesTurnover,3.5454675777703444,2.943401109057301,3.5203534587939513,3.599064839750229,2.9328788800973826,2.8319570309727187,2.5112414680419564,0.5748090593743681,0.524651118403183,0.5036575312446737,0.46260448173805574,0.44490221457407136,0.4356692889317442,0.4562669679864406,0.41479087324647135,0.44736957390766263,0.47186350498176555,0.4572993577045441,0.49088195376775595,0.5192585962850959,0.567063284754373,0.6895447569789238,0.6301999226692747,0.6457539510541536,0.6791023025357039,0.6342339868858813,0.605432426763616,0.6616618514841545,0.6900944632459349,0.7654332577820099,0.8468676189405017,0.9066414192366792,1.0063247957810109,1.0587178457441186,7.100855204954291,5.828662597114318,4.68294701986755
payablesTurnover,3.318106261158653,3.6672129157562514,4.397086525178953,5.4026117880254185,6.067049429155943,6.060478004849324,6.044809941520468,4.976802546211286,4.683443628195009,4.74066985645933,4.163292682926829,4.89274749266562,3.8532710754707407,4.023824391181132,3.4173754556500606,3.415679587039683,3.1407887933060685,2.497432164664968,2.5830306698950767,2.800466249867543,2.703877078973455,3.489059449269508,2.871234279028956,2.913133898576228,3.459786682040934,2.8501714845663892,3.0213000772541663,3.806532663316583,3.002927400468384,4.274105518496058,4.872151127361365,5.4993617926535245,5.545154515451546,5.604263824117255,12.834034416826004,11.106784888203547,9.135662431941924
inventoryTurnover,3.4010222755095603,3.8024543738200127,4.965116279069767,4.808831923615796,4.193495415773389,3.91352778026304,3.672795913835221,4.596698513200294,4.452582972582973,4.833485104722258,4.950551044083527,6.221846260628145,6.3336114123633935,6.126371215445371,5.669923237962317,6.500306990614859,6.37903379797594,6.316117815504193,5.850776965265082,5.716016005190872,5.732282545242265,6.6337685611879165,5.603967461110318,6.02082988923789,6.107888040712468,6.5025709814442205,6.228896473265074,6.637886597938144,9.388859832635983,7.704416265850459,6.248202563301032,5.7814223945131955,5.554320060105184,5.187789084181314,5.356903431763767,5.582445262546019,5.098759179539123
fixedAssetTurnover,4.75341149336921,1.782661263238027,2.0615554497033735,2.396468826357689,2.2361064706537475,2.3691951383665226,2.1288104261022274,2.2265051892689836,2.0767576677757273,2.076136673214516,2.1636623617639454,2.2685685806627,2.265257469802924,2.324143639373488,2.2175749406252008,2.1795347224074915,2.216887809501244,2.405706255723624,2.5137124873552885,2.789975425811372,2.98796867584243,3.2451080844683244,2.7017697820681588,2.7937307584662747,2.739819284564921,2.7275915957631534,2.6977686046964444,2.5278499893458344,2.8529300923308836,2.7994800608230737,3.1743254637436764,3.5123564427875653,3.4880480634027866,3.6800382043935054,5.2034575904916265,4.269179961386038,3.396373679154659
assetTurnover,0.37308044289349035,0.314138377286429,0.3578865467885494,0.3934150467927629,0.3187447909087301,0.3277452674412555,0.23373223027773943,0.22798060920892915,0.21770592177409528,0.21127985431793245,0.19831103030776223,0.19995713616323402,0.20053644198521905,0.22878176514755524,0.21718843710276273,0.23434001827207027,0.22232684133768577,0.20306131968600483,0.2072440511951665,0.22894284859989847,0.2543578783208053,0.2971423733312586,0.27352418558736424,0.28044446317445604,0.2912385037432733,0.2883275453190505,0.3037954699936413,0.3049916702659345,0.24079743624406574,0.29590514112694166,0.35799570899624983,0.3795976189857295,0.4252166053730599,0.451801740855996,1.2373586844809867,1.2145644820907173,1.0701044188861986
operatingCashFlowPerShare,3.034608378870674,3.2875585513538215,8.044016506189822,3.9084109998849383,9.651841854473085,-0.21628808864265928,16.002413515687852,22.068690890990542,22.366660144785754,23.819063004846527,25.24085603948239,27.223152528935387,18.536272847182968,38.57222222222222,36.11628363779218,23.66714933873926,28.488930936613055,28.064615384615383,24.185248028745384,23.716095305117122,25.932339911397502,18.34091138728908,20.006508033353672,15.792801060467013,11.35226706527155,14.392801905871108,11.835050468817183,10.44981735058271,0.9940476190476191,0.9964028776978417,0.7189987532367891,0.8483710449723031,0.6103584923048567,0.6563164217724794,0.39680073126142595,0.31503972239978084,0.22938969713606003
freeCashFlowPerShare,1.7950819672131149,0.1773106363532503,2.454837230628152,-3.50707628581291,2.319922855103544,-6.597673130193906,10.122284794851167,11.136286709805873,11.834083349638036,12.319680699420317,15.669321254283428,19.837639288518844,12.02864141699642,25.865873015873017,22.075820074641523,10.808765324838305,17.559129612109743,17.973846153846154,16.38646571514123,12.97838544284709,13.431333064840919,7.0510255633020105,-2.0850111856823266,8.465789742021006,4.665271549576483,8.136113608881594,6.729967478554613,4.603787512577508,0.531615925058548,0.5274159051137468,0.23947444135417667,0.4237160829969017,0.10588885816975394,0.31614453377691526,0.23427787934186473,0.12857273308373665,0.050690822582120966
cashPerShare,25.561930783242257,40.168170912829886,77.86795048143054,62.92762628005983,75.90665383248808,81.94304709141274,82.42638777152051,109.99701343952215,103.7260810017609,95.68830181507175,99.78230433186667,92.61735053002361,93.61296400979838,71.1373015873016,48.06521312119426,47.95906940824404,47.042573320719015,116.04923076923077,106.50803473400539,101.15371468784558,88.68223922674184,80.45589572597757,73.46918852959121,3.521566228204344,4.672446437468859,3.3790954449333825,2.235403952460251,2.0217649906929362,0.31401249024199845,0.304199883336574,0.1890284837441258,0.1854285982536851,0.2080914201456087,0.22696608446539138,0.1676416819012797,0.15505433293763127,0.1469484856803001
payoutRatio,-0.08819018404907976,0.11360448807854137,-0.13034745932918257,-0.2001341981659584,-1.4949879018320082,0.9971690635262145,-1.5173032974208291,0.5810411606380883,0.598989048020219,0.5270141485228356,0.4563635078793018,0.41137066300240466,0.8150566893424036,0.7126938541068352,0.517471181556196,0.5002640549234241,0.5718828349538311,0.498885072018321,0.5094654046127183,0.5069414931293384,0.4646302250803859,0.4241067923046722,0.4280115704021648,0.42093373493975905,0.41582347921492135,0.41895604395604397,0.421420964551955,0.5209479475243335,0.4989571263035921,0.4074074074074074,0.6752655538694993,0.3899604926795259,0.37547600913937546,0.3730064973419965,0.4037735849056604,0.4245585874799358,0.4306506849315068
operatingCashFlowSalesRatio,0.04490808129818319,0.04517765859907811,0.09212834112272227,0.03491316931982634,0.08654580469502274,-0.0020386508142070567,0.17272790427065424,0.18746913287914974,0.19994123285083637,0.21638028674825271,0.23453109950294226,0.24048172237718943,0.1568601187628761,0.26628496287976333,0.26610821012168717,0.1875623504354585,0.25143952652603174,0.2394544607286546,0.22572231289171082,0.22390620966149827,0.255692422545726,0.17473604768468962,0.22189439872960878,0.1939491083951112,0.16083126270612152,0.2272825657936619,0.21574571280097005,0.22577382156585069,0.1682077870611935,0.17957703292274807,0.12446045554153662,0.15468894443112952,0.12135815589841316,0.14178761803988899,0.09014078657751567,0.0821174398400495,0.08863355135230688
freeCashFlowOperatingCashFlowRatio,0.5915366146458584,0.053933833750347514,0.30517555859553125,-0.8973151201130476,0.24036063686936504,30.50409836065574,0.6325473832386507,0.504619271021292,0.5290947898806816,0.5172193673997,0.6207919901675709,0.7287047033745813,0.6489244907087383,0.6705829098166705,0.6112428481301804,0.4566990798146577,0.6163491936983608,0.6404451266308518,0.6775397008815082,0.5472395550732502,0.5179375679453331,0.38444248567650946,-0.1042166470133778,0.5360537190082645,0.4109550561797753,0.5652904599182119,0.5686471296668005,0.4405615292712067,0.5347992539511142,0.5293199336520636,0.33306655995731627,0.4994466578131917,0.1734863354975087,0.4816952970994086,0.5904169546187514,0.4081159420289855,0.22098125249301956
cashFlowCoverageRatios,0.08761043331931005,0.04791783230756934,0.09327350445526657,0.03861544617847139,0.07746604452105685,-0.0017913121361397223,0.10031874438919093,0.07592196832703162,0.0746110066833751,0.07566777761677052,0.07356823239084075,0.08184809059640823,0.05218463340470093,0.092792146051069,0.08940978300616981,0.07078301078398086,0.10161241992565538,0.09836427999471566,0.09933392583652816,0.10553779969721588,0.13824597865013183,0.11271061834366555,0.12188449396103541,0.11060265880565125,0.09842546897247681,0.13790306382584244,0.12941380206078448,0.14132545377796538,,,,,,,,,
shortTermCoverageRatios,0.7640449438202247,0.7529830437513083,0.39740859874054274,0.3247915551135929,0.4228756844453458,-0.0078620911873691,0.3914626466189089,0.19504469627648344,0.2037021197736247,0.1996266279277213,0.18458329183404712,0.2812047517476529,0.1848347287567454,0.2509150984795684,0.23560617321284874,0.17801606710310014,0.23799919067250058,0.2312832021097207,0.22450098949724645,0.21248784002882365,0.2103203637408869,0.1903842926665548,0.1886747579519126,0.1677962869871206,0.1451950038236044,0.22258104738154613,0.23185393171276547,0.2317716896557692,,,,,,,,,
capitalExpenditureCoverageRatio,-2.4481998530492284,-1.0570085218924479,-1.4392124692370796,-0.5270605759682224,-1.3164141414141415,0.033893596332824,-2.721439321384594,-2.018649377139943,-2.1235696240154556,-2.0713341266693113,-2.637075098814229,-3.6860204081632655,-2.8483900857076674,-3.0356652092442222,-2.572299944040291,-1.8406006006006006,-2.6065369434249708,-2.7812166488794023,-3.1011569571004403,-2.208673507602427,-2.0744201030927836,-1.6245435669793085,-0.9056193842981294,-2.1554219550211533,-1.697663328564616,-2.3003865979381444,-2.3182875756165657,-1.787506673785371,-2.149609622283182,-2.1245854063018244,-1.4994,-1.997789078045545,-1.2099013518450858,-1.9293670198315676,-2.4415073115860517,-1.6895200783545543,-1.2836661546338966
dividendPaidAndCapexCoverageRatio,-4.239185750636132,-1.3056261343012705,-1.6107234667645978,-1.1853713009491904,14.282191780821918,-0.15183571873055382,10.015609264853978,-5.682936833470057,-5.069895334397729,-3.947461257402041,-5.387435400516796,-7.210179640718563,69.86647727272727,-13.492781787895613,-7.207118218877391,-4.919101123595506,-7.396541560227942,-7.53801652892562,-14.26035781544256,-4.7607361963190185,-3.5139707487448155,-2.6488442680364233,-1.0896805352474634,-3.8192937463010455,-2.8611613421740003,-3.7900212314225055,-4.064726679358173,-2.6624254473161035,-3.939288476411446,-3.5353570196619524,-2.3282608695652174,-3.17609841827768,-1.657822277847309,-2.9371381306865176,-7.222961730449251,-3.5060975609756095,-2.6473072861668427
dividendPayoutRatio,-0.08819018404907975,0.11360448807854137,-0.13034745932918257,-0.2001341981659584,-1.4949879018320082,0.9971690635262145,-1.5173032974208294,0.5810411606380884,0.598989048020219,0.5270141485228356,0.4563635078793018,0.4113706630024047,0.8150566893424036,0.7126938541068352,0.517471181556196,0.500264054923424,0.5718828349538311,0.498885072018321,0.5094654046127183,0.5069414931293384,0.4646302250803858,0.4241067923046722,0.4280115704021648,0.42093373493975905,0.4158234792149214,0.41895604395604397,0.421420964551955,0.5209479475243335,0.4989571263035922,0.4074074074074074,0.6752655538694993,0.3899604926795259,0.37547600913937546,0.3730064973419965,0.4037735849056604,0.4245585874799358,0.4306506849315069
priceBookValueRatio,2.508702500719424,2.6294453810826397,3.9220410947167674,2.4546092766534326,2.062357070419903,3.4286730088572166,2.8312755980523843,1.800460634026873,1.9196082271207664,1.8283056020678554,1.6501850607055053,1.7335647865338164,1.3991590856267746,1.1232761016576698,2.9601851209468757,3.195323621944949,3.060544555994751,3.241630698922781,4.091687253911973,3.3855168052283147,5.866253897683172,7.940589660735549,8.841299169914802,7.638752178588809,6.539004126754329,4.92070807972835,3.7536702044407186,2.975109973522632,0.9030097583643123,0.558782488597127,0.3721558502052299,0.20879497232472327,0.14429908089995214,0.0841490089894942,0.05788640776699029,0.046024786551062284,0.014856019850402762
priceToBookRatio,2.508702500719424,2.6294453810826397,3.9220410947167674,2.4546092766534326,2.062357070419903,3.4286730088572166,2.8312755980523843,1.800460634026873,1.9196082271207664,1.8283056020678554,1.6501850607055053,1.7335647865338164,1.3991590856267746,1.1232761016576698,2.9601851209468757,3.195323621944949,3.060544555994751,3.241630698922781,4.091687253911973,3.3855168052283147,5.866253897683172,7.940589660735549,8.841299169914802,7.638752178588809,6.539004126754329,4.92070807972835,3.7536702044407186,2.975109973522632,0.9030097583643123,0.558782488597127,0.3721558502052299,0.20879497232472327,0.14429908089995214,0.0841490089894942,0.05788640776699029,0.046024786551062284,0.014856019850402762
priceToSalesRatio,1.3629548466763708,1.1741172608077217,1.1663762604421573,0.6252980693329825,1.1001531727628435,2.172244411804331,2.4161654259625904,1.5610829667362374,1.7534687854246978,1.553420847260974,1.3508738802029545,1.3726242515607112,1.0467255270804232,0.6441535938416021,1.9803171994089315,2.196446421621295,2.235660107254746,2.346370181737036,2.414390341573699,1.6376690123910387,2.797201383201099,3.3894557978271584,3.8107920334019054,3.3024479089060312,2.8153019800302124,2.1384195283646505,1.7645110890873028,1.416131482103277,0.3850487764604868,0.22967915476670228,0.13396399661332095,0.0774929811346595,0.055235236559533836,0.031022691608936098,0.01980912828605839,0.01655174588817747,0.007302743503623829
priceEarningsRatio,-15.510091687730062,16.388857326130786,-22.30498406065475,-3.4017557593379557,-22.905850746006607,29.440540925787,-45.41965036287953,15.147721026472134,19.195494200984147,16.489196173301078,13.578139219732007,17.70725364575627,14.885149053265305,6.752883008615738,15.403279556533683,17.229803508335735,20.46614011962637,21.545229916229733,21.595773681159177,15.276790876460902,25.738381888555978,34.56073841501767,39.41006836297471,35.46152649171687,30.38727749748568,23.0705505738033,18.597028785579187,17.773858441057552,5.4042465816917735,2.774281142857143,3.0612501138088017,1.051981175923774,0.765272353389185,0.4589177790903722,0.32726174957118354,0.2790483547351525,0.0884238441780822
priceToFreeCashFlowsRatio,51.306848200913244,481.8661968466495,41.48543729473291,-19.959645669291337,52.88637366975029,-34.930729130139056,22.11419314282308,16.501840405939355,16.5753301886284,13.8802298673249,9.278296783931026,7.832817743083464,10.283148587771791,3.6073668552667915,12.1748240876784,25.641581685847743,14.425982300700431,15.300008559445349,15.786950431963259,13.365416966838632,21.121680225667166,50.45638011180213,-164.79036388841203,31.7643428663519,42.59515333422335,16.643901315755425,14.382665043841863,14.237161863125083,4.280345814977974,2.416309382488479,3.2316601121345614,1.0030301351650786,2.6235054830287208,0.454222624963461,0.37220756925477955,0.4938838778409091,0.3728485559566787
priceToOperatingCashFlowsRatio,30.349879292917166,25.988891350639424,12.6603415,17.91009185115403,12.711802456972398,-1065.5303971951844,13.988275004926852,8.327146676154818,8.769920843355262,7.179123711340206,5.759892325861915,5.707811130060792,6.672986960202089,2.419038562581017,7.44177415083647,11.710486760919043,8.891442559343535,9.798815919307094,10.696285673503581,7.314084834301241,10.939711687001088,19.397576188420008,17.17389918456471,17.02739412536157,17.504693631451897,9.408638629616716,8.178661194139703,6.272345802900089,2.289125748502994,1.2790007220216606,1.0763579164999333,0.5009600486941124,0.45514235240827416,0.21879690228104762,0.21975765952545498,0.201561884057971,0.08239254088552055
priceCashFlowRatio,30.349879292917166,25.988891350639424,12.6603415,17.91009185115403,12.711802456972398,-1065.5303971951844,13.988275004926852,8.327146676154818,8.769920843355262,7.179123711340206,5.759892325861915,5.707811130060792,6.672986960202089,2.419038562581017,7.44177415083647,11.710486760919043,8.891442559343535,9.798815919307094,10.696285673503581,7.314084834301241,10.939711687001088,19.397576188420008,17.17389918456471,17.02739412536157,17.504693631451897,9.408638629616716,8.178661194139703,6.272345802900089,2.289125748502994,1.2790007220216606,1.0763579164999333,0.5009600486941124,0.45514235240827416,0.21879690228104762,0.21975765952545498,0.201561884057971,0.08239254088552055
priceEarningsToGrowthRatio,0.06663594947321064,0.08467576285167575,-0.29219529119457727,0.012890863930122778,0.12725472636670335,0.12008641693413118,0.32198907064764365,1.4823127004476313,3.095273439908691,4.1668259130532705,0.8423574098491763,3.049929002654199,-0.36059797706501867,-0.3200279338865718,1.821211288743096,0.580569466041748,-6.549164838280433,3.2317844874344575,3.8332498284057506,5.2704928523790056,3.689168070693029,1.8835602436184633,2.6028966671716565,2.607467230843053,2.2284004764292704,1.7995020450056365,0.4558739264597255,1.4104428072926367,-2.47753059717175,-1.2765615028821944,-1.427916924786811,-0.5012369824087017,-0.3714758122316385,-0.2221503662671968,-0.16016120337786294,-0.13670298526906394,-0.0432309292753986
priceSalesRatio,1.3629548466763708,1.1741172608077217,1.1663762604421573,0.6252980693329825,1.1001531727628435,2.172244411804331,2.4161654259625904,1.5610829667362374,1.7534687854246978,1.553420847260974,1.3508738802029545,1.3726242515607112,1.0467255270804232,0.6441535938416021,1.9803171994089315,2.196446421621295,2.235660107254746,2.346370181737036,2.414390341573699,1.6376690123910387,2.797201383201099,3.3894557978271584,3.8107920334019054,3.3024479089060312,2.8153019800302124,2.1384195283646505,1.7645110890873028,1.416131482103277,0.3850487764604868,0.22967915476670228,0.13396399661332095,0.0774929811346595,0.055235236559533836,0.031022691608936098,0.01980912828605839,0.01655174588817747,0.007302743503623829
dividendYield,0.005685987280065305,0.006931812622311848,0.00584387144033477,0.0588326183079376,0.06526663944549817,0.03387060944429839,0.033406318307128306,0.03835832199593997,0.031204669270224313,0.031961178882459085,0.03361016561209696,0.02323175977664916,0.05475636733134408,0.10553919758383747,0.03359487047267787,0.029034809055216305,0.027942876947539996,0.023155244755244758,0.023590977203895767,0.033183768582605556,0.018052037112984705,0.012271346381892846,0.010860462520899268,0.011870152714324947,0.013684130776418772,0.018159776578187528,0.022660660980357256,0.029309783762030278,0.0923268616191447,0.1468515216838592,0.22058490118905544,0.3706915119817526,0.4906436348791295,0.8127959175635737,1.2337940056689534,1.521451677731225,4.87030041426601
enterpriseValueMultiple,-64.23102436439355,9.08463894967633,30.29422080050278,-17.843591706914832,189.84075692654304,18.929378775050303,46.83767194866767,14.132435962992732,16.21851678861831,14.78020803179031,12.865114715759695,14.69545777852639,14.314127308394763,10.561093481117462,13.913961763347848,14.608405081539914,15.84514225112105,17.651344125946828,16.788906055435227,14.261505825575682,15.39788328066189,16.70750893660625,27.644004968834203,25.87652429368568,25.429777689003014,20.095168814837088,17.620978936884853,16.496699596632457,4.9728923614680784,3.71732503417096,3.8533211005489356,2.7261322934719816,2.1191616786028398,2.029468384141978,0.6486380456260105,0.6725022092789716,-0.13532382248272976
priceFairValue,2.508702500719424,2.6294453810826397,3.9220410947167674,2.4546092766534326,2.062357070419903,3.4286730088572166,2.8312755980523843,1.800460634026873,1.9196082271207664,1.8283056020678554,1.6501850607055053,1.7335647865338164,1.3991590856267746,1.1232761016576698,2.9601851209468757,3.195323621944949,3.060544555994751,3.241630698922781,4.091687253911973,3.3855168052283147,5.866253897683172,7.940589660735549,8.841299169914802,7.638752178588809,6.539004126754329,4.92070807972835,3.7536702044407186,2.975109973522632,0.9030097583643123,0.558782488597127,0.3721558502052299,0.20879497232472327,0.14429908089995214,0.0841490089894942,0.05788640776699029,0.046024786551062284,0.014856019850402762
