,2021,2020,2019,2018,2017,2016,2015,2014,2013,2012,2011,2010,2009,2008,2007,2006,2005,2004,2003,2002,2001,2000,1999,1998,1997,1996,1995,1994,1993,1992,1991,1990,1989,1988,1987,1986,1985
period,FY,FY,FY,FY,FY,FY,FY,FY,FY,FY,FY,FY,FY,FY,FY,FY,FY,FY,FY,FY,FY,FY,FY,FY,FY,FY,FY,FY,FY,FY,FY,FY,FY,FY,FY,FY,FY
revenuePerShare,67.57377049180327,72.7695647206672,87.31315910132966,111.94661143711886,111.52293156768306,106.09373961218837,92.64521319388577,117.71906421105028,111.86617100371747,110.07963508505179,107.62263978200356,113.20258462818462,118.17071791972866,144.8531746031746,135.72029070909448,126.18283618109857,113.30331125827814,117.2023076923077,107.14602255714144,105.91977480647431,101.42005638340717,104.96352430029302,90.16229408175717,81.42755174875089,70.58495266567016,63.32558705333162,54.856480414678124,46.284450863736865,5.9096409055425445,5.548609760839977,5.776925290112208,5.484367665007981,5.029398212146346,4.628869790222715,4.402010968921389,3.8364532919368095,2.588068441760454
netIncomePerShare,-5.938069216757741,5.213298297726494,-4.5657955066483265,-20.57760902082614,-5.356374157872748,7.82803324099723,-4.928399034593725,12.131806869089099,10.218743885736647,10.370426684405588,10.707256027300438,8.77519552769492,8.309779536461278,13.817460317460318,17.448831270870162,16.085722560092673,12.376915799432355,12.763846153846155,11.978840203613135,11.354579270131698,11.022150624244865,10.294028493482873,8.718324181411429,7.58315488936474,6.539511709018435,5.869676649753048,5.204856599192784,3.6877118278714076,0.4210577673692428,0.4593622399377795,0.25280521722451327,0.4039996244484086,0.36300801769422175,0.31291008224748174,0.2664533820840951,0.22755912702036343,0.21374325189861834
operatingCashFlowPerShare,3.034608378870674,3.2875585513538215,8.044016506189822,3.9084109998849383,9.651841854473085,-0.21628808864265928,16.002413515687852,22.068690890990542,22.366660144785754,23.819063004846527,25.24085603948239,27.223152528935387,18.536272847182968,38.57222222222222,36.11628363779218,23.66714933873926,28.488930936613055,28.064615384615383,24.185248028745384,23.716095305117122,25.932339911397502,18.34091138728908,20.006508033353672,15.792801060467013,11.35226706527155,14.392801905871108,11.835050468817183,10.44981735058271,0.9940476190476191,0.9964028776978417,0.7189987532367891,0.8483710449723031,0.6103584923048567,0.6563164217724794,0.39680073126142595,0.31503972239978084,0.22938969713606003
freeCashFlowPerShare,1.7950819672131149,0.1773106363532503,2.454837230628152,-3.50707628581291,2.319922855103544,-6.597673130193906,10.122284794851167,11.136286709805873,11.834083349638036,12.319680699420317,15.669321254283428,19.837639288518844,12.02864141699642,25.865873015873017,22.075820074641523,10.808765324838305,17.559129612109743,17.973846153846154,16.38646571514123,12.97838544284709,13.431333064840919,7.0510255633020105,-2.0850111856823266,8.465789742021006,4.665271549576483,8.136113608881594,6.729967478554613,4.603787512577508,0.531615925058548,0.5274159051137468,0.23947444135417667,0.4237160829969017,0.10588885816975394,0.31614453377691526,0.23427787934186473,0.12857273308373665,0.050690822582120966
cashPerShare,25.561930783242257,40.168170912829886,77.86795048143054,62.92762628005983,75.90665383248808,81.94304709141274,82.42638777152051,109.99701343952215,103.7260810017609,95.68830181507175,99.78230433186667,92.61735053002361,93.61296400979838,71.1373015873016,48.06521312119426,47.95906940824404,47.042573320719015,116.04923076923077,106.50803473400539,101.15371468784558,88.68223922674184,80.45589572597757,73.46918852959121,3.521566228204344,4.672446437468859,3.3790954449333825,2.235403952460251,2.0217649906929362,0.31401249024199845,0.304199883336574,0.1890284837441258,0.1854285982536851,0.2080914201456087,0.22696608446539138,0.1676416819012797,0.15505433293763127,0.1469484856803001
bookValuePerShare,36.712204007285976,32.493545070261625,25.966070609812014,28.517777010700726,59.491301850566266,67.21595567867035,79.06194690265487,102.06789447486311,102.18430835452945,93.52922170483703,88.10200532165985,89.6330002818553,88.4047484454494,83.06746031746032,90.79473580828913,86.73732985809441,82.76556291390729,84.83384615384615,63.223874638187446,51.23635266914648,48.36004832863472,44.80387996362534,38.861907667276796,35.203426124197,30.389636273044346,27.519753215572944,25.786726784225316,22.03107400510396,2.519906323185012,2.280672759090025,2.079505130910137,2.0354896253872874,1.9251681872638466,1.7064966269291193,1.506398537477148,1.3796913523879097,1.2722115472595845
tangibleBookValuePerShare,5.599271402550091,1.6241288701016794,-6.900504355800091,-24.198826372109078,-20.60250723875873,-8.318227146814404,14.374094931617055,36.733897461423595,35.08119741733516,32.717666064810416,25.30290077089633,37.494291299714675,35.902016205012245,13.393650793650794,20.639560007857003,25.839559803069793,27.006244087038787,33.40538461538461,23.90258508833217,18.497235347340908,22.867498993153443,22.62261291300394,17.70266422615416,15.923320077495667,15.146188340807175,14.613721054501923,15.221810194170528,13.15668834738464,23.53064012490242,17.826754812366325,15.196125443559989,13.5715895221106,11.014837342180444,9.455041123740875,3.1526508226691043,2.8317048671354215,2.418519535181627
shareholdersEquityPerShare,36.712204007285976,32.493545070261625,25.966070609812014,28.517777010700726,59.491301850566266,67.21595567867035,79.06194690265487,102.06789447486311,102.18430835452945,93.52922170483703,88.10200532165985,89.6330002818553,88.4047484454494,83.06746031746032,90.79473580828913,86.73732985809441,82.76556291390729,84.83384615384615,63.223874638187446,51.23635266914648,48.36004832863472,44.80387996362534,38.861907667276796,35.203426124197,30.389636273044346,27.519753215572944,25.786726784225316,22.03107400510396,2.519906323185012,2.280672759090025,2.079505130910137,2.0354896253872874,1.9251681872638466,1.7064966269291193,1.506398537477148,1.3796913523879097,1.2722115472595845
interestDebtPerShare,36.34608378870674,71.59968010967668,90.11737734983953,105.87044068576688,129.10194796655026,125.19623268698061,162.3016894609815,298.2275759084121,307.6939933476815,324.29383255725554,354.09987518226825,344.6510043544383,369.352176370831,436.4849206349206,422.6305244549205,349.2561058017183,291.86300851466416,294.4723076923077,251.80397245234056,232.932944606414,196.49134111961337,172.19925229867636,164.14317673378076,142.7886203732028,115.33871449925262,104.36897851702378,91.45122297897073,73.94150926980419,2.7585870413739264,2.467042582150496,2.175314088424283,1.9756830344568586,1.4846557920928947,1.3937713704833194,0.4105118829981719,0.39731531366998446,0.06889925885259401
marketCap,101125797804,93482042188.25,111056515638,76046250000,132533252416.39423,259989416915.625,278240778123,230745234396.25,250635567782.25,224929125000,192144248098.4276,206183261451.186,164108768312.25,117567693180,342076032391.5,358879577275.125,334682789376.25,357500000000,323979796764.75,215677733593.875,352204017763,440131003715.25,422357702646,329650350267,249266837311.87503,167953608177.288,122238270207.612,83999254992.43799,23319324000,13108478400,8069455300,4526675000,3014407800,1553895600,953968000,695388500,206558100
enterpriseValue,123387797804,131918042188.25,168708515638,151474250000,223822252416.39423,348073416915.625,406035778123,505517234396.25,545120567782.25,561633125000,561086248098.4276,568567261451.186,563117768312.25,593142693180,840445032391.5,777561577275.125,696108789376.25,713079000000,616236796764.75,486174733593.875,576004017763,633248003715.25,615576702646,500374350267,388083837311.875,293208608177.28796,234905270207.612,176168254992.438,48371324000,35355478400,28780455300,23594675000,16866407800,14179895600,3610968000,3348388500,-646441900
peRatio,-15.510091687730062,16.388857326130786,-22.30498406065475,-3.4017557593379557,-22.905850746006607,29.440540925787,-45.41965036287953,15.147721026472134,19.195494200984147,16.489196173301078,13.578139219732007,17.70725364575627,14.885149053265305,6.752883008615738,15.403279556533683,17.229803508335735,20.46614011962637,21.545229916229733,21.595773681159177,15.276790876460902,25.738381888555978,34.56073841501767,39.41006836297471,35.46152649171687,30.38727749748568,23.0705505738033,18.597028785579187,17.773858441057552,5.4042465816917735,2.774281142857143,3.0612501138088017,1.051981175923774,0.765272353389185,0.4589177790903722,0.32726174957118354,0.2790483547351525,0.0884238441780822
priceToSalesRatio,1.3629548466763708,1.1741172608077217,1.1663762604421573,0.6252980693329825,1.1001531727628435,2.172244411804331,2.4161654259625904,1.5610829667362374,1.7534687854246978,1.553420847260974,1.3508738802029545,1.3726242515607112,1.0467255270804232,0.6441535938416021,1.9803171994089315,2.196446421621295,2.235660107254746,2.346370181737036,2.414390341573699,1.6376690123910387,2.797201383201099,3.3894557978271584,3.8107920334019054,3.3024479089060312,2.8153019800302124,2.1384195283646505,1.7645110890873028,1.416131482103277,0.3850487764604868,0.22967915476670228,0.13396399661332095,0.0774929811346595,0.055235236559533836,0.031022691608936098,0.01980912828605839,0.01655174588817747,0.007302743503623829
pocfratio,30.349879292917166,25.988891350639424,12.6603415,17.91009185115403,12.711802456972398,-1065.5303971951844,13.988275004926852,8.327146676154818,8.769920843355262,7.179123711340206,5.759892325861915,5.707811130060792,6.672986960202089,2.419038562581017,7.44177415083647,11.710486760919043,8.891442559343535,9.798815919307094,10.696285673503581,7.314084834301241,10.939711687001088,19.397576188420008,17.17389918456471,17.02739412536157,17.504693631451897,9.408638629616716,8.178661194139703,6.272345802900089,2.289125748502994,1.2790007220216606,1.0763579164999333,0.5009600486941124,0.45514235240827416,0.21879690228104762,0.21975765952545498,0.201561884057971,0.08239254088552055
pfcfRatio,51.306848200913244,481.8661968466495,41.48543729473291,-19.959645669291337,52.88637366975029,-34.930729130139056,22.11419314282308,16.501840405939355,16.5753301886284,13.8802298673249,9.278296783931026,7.832817743083464,10.283148587771791,3.6073668552667915,12.1748240876784,25.641581685847743,14.425982300700431,15.300008559445349,15.786950431963259,13.365416966838632,21.121680225667166,50.45638011180213,-164.79036388841203,31.7643428663519,42.59515333422335,16.643901315755425,14.382665043841863,14.237161863125083,4.280345814977974,2.416309382488479,3.2316601121345614,1.0030301351650786,2.6235054830287208,0.454222624963461,0.37220756925477955,0.4938838778409091,0.3728485559566787
pbRatio,2.508702500719424,2.6294453810826397,3.9220410947167674,2.4546092766534326,2.062357070419903,3.4286730088572166,2.8312755980523843,1.800460634026873,1.9196082271207664,1.8283056020678554,1.6501850607055053,1.7335647865338164,1.3991590856267746,1.1232761016576698,2.9601851209468757,3.195323621944949,3.060544555994751,3.241630698922781,4.091687253911973,3.3855168052283147,5.866253897683172,7.940589660735549,8.841299169914802,7.638752178588809,6.539004126754329,4.92070807972835,3.7536702044407186,2.975109973522632,0.9030097583643123,0.558782488597127,0.3721558502052299,0.20879497232472327,0.14429908089995214,0.0841490089894942,0.05788640776699029,0.046024786551062284,0.014856019850402762
ptbRatio,2.508702500719424,2.6294453810826397,3.9220410947167674,2.4546092766534326,2.062357070419903,3.4286730088572166,2.8312755980523843,1.800460634026873,1.9196082271207664,1.8283056020678554,1.6501850607055053,1.7335647865338164,1.3991590856267746,1.1232761016576698,2.9601851209468757,3.195323621944949,3.060544555994751,3.241630698922781,4.091687253911973,3.3855168052283147,5.866253897683172,7.940589660735549,8.841299169914802,7.638752178588809,6.539004126754329,4.92070807972835,3.7536702044407186,2.975109973522632,0.9030097583643123,0.558782488597127,0.3721558502052299,0.20879497232472327,0.14429908089995214,0.0841490089894942,0.05788640776699029,0.046024786551062284,0.014856019850402762
evToSales,1.6629979756860207,1.6568663533610068,1.77186909245392,1.245512514800684,1.8579394728591345,2.908197355733079,3.5259016145035518,3.4200244528232,3.8137121094065916,3.8787889513522473,3.944727800069093,3.785124001911884,3.59170170434454,3.2498298396296197,4.865432229107087,4.7589009019782305,4.649963189377897,4.6801323155884305,4.592373305646225,3.691587826647899,4.574619124022142,4.876652859119543,5.554142329345315,5.0127664823382085,4.3831470218192345,3.7331916855818994,3.390860762855996,2.9699955322752376,0.7987075063571216,0.6194781840800379,0.47779492828209047,0.4039215770192077,0.3090557371642174,0.2830940046716844,0.0749816852859338,0.07969886701735177,-0.022854583701608627
enterpriseValueOverEBITDA,-64.23102436439355,9.08463894967633,30.29422080050278,-17.843591706914832,189.84075692654304,18.929378775050303,46.83767194866767,14.132435962992732,16.21851678861831,14.78020803179031,12.865114715759695,14.69545777852639,14.314127308394763,10.561093481117462,13.913961763347848,14.608405081539914,15.84514225112105,17.651344125946828,16.788906055435227,14.261505825575682,15.39788328066189,16.70750893660625,27.644004968834203,25.87652429368568,25.429777689003014,20.095168814837088,17.620978936884853,16.496699596632457,4.9728923614680784,3.71732503417096,3.8533211005489356,2.7261322934719816,2.1191616786028398,2.029468384141978,0.6486380456260105,0.6725022092789716,-0.13532382248272976
evToOperatingCashFlow,37.03115180192077,36.674462660063945,19.232616921796627,35.674576071596796,21.46770117172398,-1426.5303971951844,20.413039974008345,18.24313368445507,19.074165218595823,17.925796335897353,16.81963632298413,15.739757535398113,22.897481735138047,12.204331046274769,18.28366072163726,25.372367593654147,18.493365993896283,19.544978620765267,20.345234136642016,16.48720610397026,17.891101654387327,27.908682402611284,25.030565715691456,25.845782555113637,27.25307846291257,16.425332372264187,15.716932303466614,13.154738276018369,4.748338470599784,3.4496515172211923,3.838929611844738,2.61118581230633,2.546641672957874,1.9966059701492538,0.8318286109191431,0.9705473913043479,-0.25785476665337054
evToFreeCashFlow,62.601622427194314,679.9899081868557,63.02148510945088,-39.75702099737533,89.31454605602323,-46.76520447610171,32.2711634178191,36.15227307417936,36.050563308131075,34.658014501697004,27.093835921504063,21.599637634433236,35.28527904707375,18.19958556595379,29.912269366533792,55.555985801309305,30.004689197252155,30.517803646323717,30.0281062647281,30.12795027538421,34.54296958098951,72.59520849653215,-240.17819065392118,48.21491137666217,66.31644520025205,29.056447148675847,27.63916580863772,29.859026269904742,8.87873054331865,6.517138875576037,11.526013336003205,5.228157544870374,14.679206092254134,4.144956328558901,1.4088833398361296,2.3781168323863637,-1.1668626353790614
earningsYield,-0.06447415141917529,0.061017066663066014,-0.04483302912392422,-0.2939658431546592,-0.04365696830423727,0.03396676720447412,-0.022016902200050353,0.06601653134833957,0.05209555896449545,0.060645770084243204,0.07364779398835307,0.056474031490459875,0.06718105384242916,0.14808489925327292,0.06492123942370605,0.05803896716037432,0.048861191907947125,0.04641398601398602,0.04630535653707239,0.06545877390655655,0.03885248126047227,0.028934566964155785,0.0253742264740522,0.02819957567911186,0.032908509164163935,0.04334530278334597,0.05377203055014016,0.05626240376090784,0.18503966924598672,0.3604537350421999,0.32666393232266866,0.9505873516433143,1.306724325753138,2.179039569968536,3.0556580514231086,3.5836082995332825,11.309166767122663
freeCashFlowYield,0.01949057552871081,0.0020752648900131147,0.024104844138330014,-0.05010108979732728,0.01890846224860328,-0.028628088359517707,0.04521982753526502,0.06059930137489872,0.06033062319844801,0.07204491637087905,0.10777840192953177,0.1276679775784417,0.09724647966179836,0.27721050841834677,0.0821367103785964,0.03899915427416578,0.06931936967311034,0.06535944055944055,0.06334345599612048,0.07481996278014613,0.047344718285470266,0.019819099146315737,-0.006068315988895753,0.031481841264826047,0.02347684940005941,0.06008206736081651,0.06952814356391925,0.07023871819495478,0.23362598332610326,0.413854288381785,0.3094384821736357,0.9969790188162393,0.3811693958594454,2.201563605688825,2.6866729282323933,2.0247674501375847,2.682054104874125
debtToEquity,0.8353014140411809,1.9770758325832583,2.541778499788106,3.127174719989671,1.7106733267976908,1.3870601888484464,1.500559659726886,1.7393238087063725,1.8591516933964432,2.0898996959992195,2.3421649289750768,2.630692136947602,2.8835545779301053,3.153556585295944,2.760624442925259,2.322096978114928,1.9412275728368418,1.9328370389177034,2.1470573377115434,2.2075157755941355,1.3292359966022085,1.4817781626614708,1.4951958301061314,1.3825280963967095,1.2225341028331584,1.4428102660260167,1.5669276830953478,1.3097329460933627,8.739234820322181,7.221833837759496,6.7599501913941795,6.097970479704797,5.1438008616562945,5.003736596989061,1.3616504854368932,1.2894301409755775,0.9010356731875719
debtToAssets,0.7907619900037209,0.8537237820178969,0.8877608551840269,0.8334643465996396,0.7830742568363122,0.7878022799527908,0.7967533469185617,0.7889516294464863,0.7916671743633483,0.8125423155044008,0.8352940848416573,0.8346707205384337,0.8399422883586717,0.8575878481114207,0.844640699477077,0.828047484435036,0.8256339274841017,0.8311849452907387,0.8687841997396071,0.8797397278372308,0.8787147263864508,0.8731642128483362,0.8821051332675222,0.8787559526318007,0.8746102127547597,0.874699892071277,0.8571929747626461,0.8548261039468542,0.8973225290847932,0.878372633194384,0.8711331934695915,0.8591146577941826,0.8372343077977934,0.8334370630947548,0.5765673175745119,0.5632100835477436,0.47397094430992737
netDebtToEBITDA,-11.58875585632483,2.6469251428964946,10.35230741605315,-8.885381081399458,77.42917726887192,4.790298020448119,14.741608028607683,7.681632653061224,8.761566153937698,8.860864759598936,8.459450163941943,9.366347893512536,10.142577529232334,8.467763474173388,8.250732579507641,7.865970278242245,8.22694163707548,8.801896133471955,7.962321209644463,7.934790261073629,5.98267750213858,5.095166481979843,8.676980420334111,8.828877281894814,9.096192910032109,8.58440134329381,8.45150401320231,8.630864313137934,2.575511462938213,2.339081064031122,2.77292810282501,2.203119584055459,1.7404196507098881,1.8070702733648203,0.4772768097718699,0.5328379192608957,-0.17856395227129998
currentRatio,1.277121188789652,1.576853106941571,1.7810664137622172,1.8097086525362902,1.8805413442879104,1.9235679591070411,1.6244842973814937,2.2145268039657933,2.276823305534741,2.139010232780803,2.0219008669464418,2.443507518699692,2.7639071519311775,2.0245565343308796,1.99306009841008,1.989569823231178,1.9025604239558478,2.393940275353888,2.353701920353481,2.1374493337073153,1.7129268390781482,1.8939159065286462,1.6945402441445019,1.7210320739657718,1.7631435011767826,1.914185081636105,1.9842318996109805,1.744351717132896,0.0,0.0,0.0,0.0,0.0,0.0,0.0,0.0,0.0
interestCoverage,2.0325159914712154,0.4934311029636419,1.879347054648687,2.55663174540423,2.439720681864859,3.549363057324841,4.868899797863125,6.674224847078675,6.0278766310794785,5.324192516789255,4.804125128910279,1.8889445035350059,1.5511215301827481,1.7547788927467665,2.156682221381427,2.3236544643783055,2.5220254164746163,2.7665238935080203,2.984375,2.881068911511355,2.8124209003796783,2.6103242320819113,,,,,,,,,,,,,,,
incomeQuality,-0.5110429447852761,0.6306100981767181,-1.7617995581442056,-0.1899351375531201,-1.8019357068786725,-0.027629939984146756,-3.2469800848841004,1.81907700387317,2.188787623496975,2.2968257459130563,2.357359903893718,3.102284438337341,2.230657596371882,2.791556576680069,2.06983969740634,1.4713140333189303,2.3017794900018345,2.198758512625806,2.0189974670043993,2.0886811163054255,2.352747734580532,1.7817039654495486,2.2947653261173837,2.0826161790017212,1.735950262099232,2.4520604395604395,2.2738475581926063,2.8336859923825646,2.3608342989571263,2.169100529100529,2.844081942336874,2.0999302811991636,1.6813912160446813,2.09746012994684,1.4891938250428816,1.384430176565008,1.0732020547945205
dividendYield,0.005685987280065305,0.006931812622311848,0.00584387144033477,0.0588326183079376,0.06526663944549817,0.03387060944429839,0.033406318307128306,0.03835832199593997,0.031204669270224313,0.031961178882459085,0.03361016561209696,0.02323175977664916,0.05475636733134408,0.10553919758383747,0.03359487047267787,0.029034809055216305,0.027942876947539996,0.023155244755244758,0.023590977203895767,0.033183768582605556,0.018052037112984705,0.012271346381892846,0.010860462520899268,0.011870152714324947,0.013684130776418772,0.018159776578187528,0.022660660980357256,0.029309783762030278,0.0923268616191447,0.1468515216838592,0.22058490118905544,0.3706915119817526,0.4906436348791295,0.8127959175635737,1.2337940056689534,1.521451677731225,4.87030041426601
payoutRatio,-0.08819018404907976,0.11360448807854137,-0.13034745932918257,-0.2001341981659584,-1.4949879018320082,0.9971690635262145,-1.5173032974208291,0.5810411606380883,0.598989048020219,0.5270141485228356,0.4563635078793018,0.41137066300240466,0.8150566893424036,0.7126938541068352,0.517471181556196,0.5002640549234241,0.5718828349538311,0.498885072018321,0.5094654046127183,0.5069414931293384,0.4646302250803859,0.4241067923046722,0.4280115704021648,0.42093373493975905,0.41582347921492135,0.41895604395604397,0.421420964551955,0.5209479475243335,0.4989571263035921,0.4074074074074074,0.6752655538694993,0.3899604926795259,0.37547600913937546,0.3730064973419965,0.4037735849056604,0.4245585874799358,0.4306506849315068
salesGeneralAndAdministrativeToRevenue,0.1885546390641005,0.18862331855461636,0.1810954156382923,0.0,0.0,0.0,0.0,0.0,0.0,0.0,0.020472872740566802,0.2737216315715893,0.2603662386865923,0.24783716406870668,0.25336636987808125,0.24865506668053933,0.27217405245086906,0.3529400182458996,0.35842518276733215,0.3517289556409361,0.34328464892425725,0.34956450755854696,0.0,0.0,0.0,0.0,0.0,0.0,0.0,0.0,0.0,0.0,0.0,0.0,0.0,0.0,0.0
researchAndDdevelopementToRevenue,0.03365410534260607,0.03221592835880883,0.0,0.0,0.0,0.0,0.0,0.0,0.0,0.0,0.0,0.0,0.0,0.0,0.0,0.0,0.0,0.0,0.0,0.0,0.0,0.0,0.0,0.0,0.0,0.0,0.0,0.0,0.0,0.0,0.0,0.0,0.0,0.0,0.0,0.0,0.0
intangiblesToTotalAssets,0.17832396391685187,0.13926502848665626,0.14052351455376474,0.2515778202627382,0.2758099723504743,0.23789442553459497,0.16698261794386757,0.13990767318219047,0.1400603143657853,0.1246614759647935,0.11808148435256162,0.09910065813294712,0.09913176723994586,0.12125815869004687,0.1223305341006391,0.12396466634826796,0.12137368528919924,0.11093785401090187,0.0849829261926568,0.08027897726877638,0.06393440304793918,0.06279318819421244,0.06419052319842053,0.06640257350358914,0.06289554359696328,0.058762417309711386,0.05850856228210582,0.05847781822669217,0.041207764427091204,0.0493062900516394,0.058297030173720274,0.06064958020326999,0.06873714392569968,0.07713886258061606,0.11382322713257965,0.10352403804457808,0.0
capexToOperatingCashFlow,-0.4084633853541417,-0.9460661662496525,-0.6948244414044688,-1.8973151201130476,-0.759639363130635,29.50409836065574,-0.3674526167613493,-0.49538072897870805,-0.4709052101193184,-0.4827806326003,-0.379208009832429,-0.27129529662541874,-0.35107550929126174,-0.32941709018332954,-0.38875715186981963,-0.5433009201853423,-0.38365080630163917,-0.3595548733691481,-0.3224602991184919,-0.4527604449267499,-0.48206243205466687,-0.6155575143234905,-1.1042166470133778,-0.4639462809917355,-0.5890449438202248,-0.43470954008178814,-0.4313528703331995,-0.5594384707287933,-2.149609622283182,-2.1245854063018244,-1.4994,-1.997789078045545,-1.2099013518450858,-1.9293670198315676,-2.4415073115860517,-1.6895200783545543,-1.2836661546338966
capexToRevenue,-0.018343306916814923,-0.04274105427096547,-0.06401302315811584,-0.06624128404157348,-0.0657435999601554,-0.06014855414539591,-0.06346932041195574,-0.09286859570667948,-0.09415336826713867,-0.10446421171855576,-0.08893607148632213,-0.06524156020531119,-0.05506974608216452,-0.08771881763142755,-0.10345146985608263,-0.10190279758371024,-0.09646497708781446,-0.08609701830496905,-0.07278648453277889,-0.1013758751082021,-0.12325971107034223,-0.10756008717549845,-0.2450194889562581,-0.08998196754157484,-0.09473684210526316,-0.09880189964477153,-0.09306253247878053,-0.12630656146739497,-12.779489343743405,-11.831053067993366,-12.0472,-12.914879504753483,-9.96967482645232,-13.60744362944852,-27.08548931383577,-20.57443682664055,-14.482846902201741
capexToDepreciation,-0.45230973745430375,-0.5654702558989697,-1.0893655049151028,-0.9795719844357976,-1.541155866900175,-1.4406643986391836,-1.5079430575613781,-1.478724550253151,-1.3786109403810693,-1.6184463941793281,-1.377245508982036,-0.9787276540497354,-0.8117713426100037,-1.3931430560389837,-1.7386651099435688,-1.8180825507752785,-1.6913797142187865,-1.5644603458556947,-1.4041115583668775,-2.2259086362120706,-2.1893073776273098,-1.8054550155118925,-4.058586160514124,-1.5327645051194538,-2.054875061244488,-2.050198150594452,-1.7938230383973288,-2.33613969441846,-0.6881198565098122,-0.5841625207296849,-0.5664,-0.554499226177316,-0.412130069419072,-0.6155935886987232,-0.8683914510686164,-0.7149853085210578,-0.6395289298515104
stockBasedCompensationToRevenue,0.0,0.0,0.0,0.0,0.0,0.0,0.0,0.0,0.0,0.0,0.0,0.0,0.0,0.0,0.0,0.0,0.0,0.0,0.0,0.0,0.0,0.0,0.0,0.0,0.0,0.0,0.0,0.0,0.0,0.0,0.0,0.0,0.0,0.0,0.0,0.0,0.0
grahamNumber,70.03564229117477,61.73708141824179,51.64789242167428,114.90701663980025,84.6746574639547,108.80623394826985,93.63278545858418,166.9162353527395,153.27881039093992,147.72814075909636,145.6878216210811,133.03123626488,128.56531147652174,160.70183593754038,188.80120648858835,177.17994816926196,151.81766719903243,156.08695852409252,130.53867455755258,114.41050051293617,109.51353377397879,101.86893236749503,87.31117317048513,77.50124670650231,66.86928368398048,60.286575531119155,54.953296890862426,42.75506606543807,4.886009407936928,4.855124747271183,3.4392541767994715,4.301462948238036,3.9653699028210614,3.466201090165921,3.005189206063357,2.6578432221269352,2.4735297142586177
roic,0.0259525462490301,0.008182020832488956,0.04178193867353916,0.053699244374325335,0.03978404954000007,0.06309398286074176,0.043704104987312045,0.13786680609110516,0.1294487527040137,0.13736705748397263,0.14180073704888224,0.054102729059855095,0.048333006830006874,0.08374805839474542,0.09340633329934599,0.09400388064397713,0.08176937117726803,0.060547743773550225,0.06610638428887808,0.07481374724528934,0.10506249176851198,0.10891297072917186,0.10310922027673945,0.10657970852227136,0.09546535474299678,0.10669885686029262,0.11281619348918745,0.10677464441338486,0.12154767626723852,0.12845295382410157,0.145069311394117,0.14388034548135664,0.15413513513513513,0.14072373912006678,0.15387916646797958,0.18083247687564236,0.24070410042982876
returnOnTangibleAssets,-0.03989963894498501,0.026146547179757514,-0.02177449685562096,-0.09662472607506084,-0.021139625288632977,0.03173103180648778,-0.014926136820484331,0.02731690696506707,0.023126025058359694,0.02273901722637666,0.022371389410148462,0.01720525437002231,0.015653507308519627,0.02483477953248991,0.031814658982326306,0.03410084380310606,0.027641240263954998,0.024873705197199777,0.025321626174344847,0.026684862322894774,0.029531221000746698,0.031093965548813985,0.02826287613069965,0.027974721637074932,0.028793468379134476,0.02839368942452076,0.030615809551312805,0.02580948168051073,0.017894020950311434,0.025768135859428682,0.016636162827390343,0.02976804034562196,0.03295627583206439,0.033094523667569126,0.08451725137721079,0.08036117381489842,0.08837772397094432
grahamNetNet,-96.15323315118397,-131.7916143036673,-113.64947271893627,-142.0377401910022,-159.41022184282667,-135.0699168975069,-196.65949316170554,-136.74106520657043,-136.3701819604774,-157.8928062339637,-173.82701645140645,-184.74239631266948,-193.3953269267006,-228.3123015873016,-229.27990571596936,-181.9681436432088,-189.66830652790918,-167.71153846153845,-175.45842898492864,-149.14989444053484,-124.09947643979058,-110.65999797918562,-107.14866788692292,-154.5869277047007,-126.99551569506727,-112.04430638341445,-82.85287589509201,-73.7259505748297,-15.098824160811866,-10.507364378767257,-8.445382180876571,-7.375246455731856,-5.6395954289927195,-4.733088439146105,-1.1322669104204752,-0.894667153684595,-0.40419983530057646
workingCapital,14397000000,32343000000,59297000000,55278000000,69878000000,76247000000,66753000000,229933000000,236852000000,228408000000,229382000000,278864000000,316579000000,254715000000,244405000000,218214000000,184959000000,287542000000,238969000000,206819000000,141804000000,139551000000,111971000000,102083000000,92087000000,91882000000,80708000000,54229000000,,,,,,,,,
tangibleAssetValue,6148000000,1777000000,-7525000000,-26289000000,-22255000000,-9384000000,17867000000,46124000000,44825000000,43036000000,33441000000,49752000000,47633000000,16876000000,26269000000,33459000000,35682000000,43427000000,29935000000,22999000000,28390000000,27987000000,21761000000,19520000000,18999000000,18125000000,19223000000,16861000000,15460000000,13949000000,11874000000,12347000000,12068000000,9914000000,12050000000,11528000000,
netCurrentAssetValue,-90913000000,-127967000000,-100972000000,-134101000000,-146723000000,-128888000000,-218908000000,-92264000000,-97424000000,-127918000000,-145260000000,-154969000000,-160627000000,-180832000000,-181256000000,-138619000000,-166048000000,-129841000000,-147024000000,-117419000000,-94276000000,-85915000000,-84242000000,-69118000000,-53137000000,-45881000000,-32761000000,-39167000000,,,,,,,,,
investedCapital,0.9434879682460928,2.111442394239424,3.321302443848001,3.5491430231432166,2.0943311081026406,1.7963417207364034,2.0176038423184157,2.8478686631449994,2.9336887091585866,3.3656300294246746,3.8942870884075647,3.710752001076209,4.017946816038741,5.004175225720155,4.4489481563530315,3.854880068379721,3.3875029719991954,3.3631986507562295,3.8509850972467796,4.385882020531818,3.8788454171455222,3.631954968607924,4.223754997802014,4.056100104275287,3.795330535152151,3.792511426227587,3.5464455703976663,3.356237160869873,,,,,,,,,
averageReceivables,23988500000,27050000000,27048500000,30420500000,34062500000,34656500000,36453500000,142099000000,149746000000,157269500000,167260000000,182338500000,193458500000,213534000000,221748000000,196138000000,172153500000,180115000000,150204500000,140338500000,124547000000,107683500000,101459000000,90814500000,78714000000,75443000000,70737000000,58348500000,51202000000,44604000000,42886500000,39537000000,34438000000,30978000000,10713500000,10926500000,10342500000
averagePayables,16359500000,16476000000,16201000000,16814500000,15814500000,15455500000,15078000000,16407000000,16473500000,16075500000,16438000000,15566500000,18089500000,18647500000,18937000000,19086500000,18874500000,20602500000,18150000000,17675000000,17317000000,15664500000,15076000000,14489000000,13441500000,13340500000,12768500000,11621000000,13106500000,11251000000,11231000000,10654000000,10461500000,10130500000,8436000000,8425500000,8230500000
averageInventory,15868500000,15890000000,14997000000,17580500000,18906500000,19122000000,19202500000,16789500000,16607500000,15632000000,14841000000,13708000000,13938500000,14782000000,14393500000,13645500000,13182000000,12834000000,12321000000,12568500000,12227500000,11851000000,11448500000,10969500000,10892500000,10181500000,10142500000,9885000000,8813500000,9188500000,10100500000,10255000000,10229000000,10144500000,10034000000,9482000000,8876000000
daysSalesOutstanding,102.94833953312848,124.00620454916539,103.68277057186368,101.41523319300092,124.45109904704985,128.88613633895076,145.34643706907033,634.9934713925215,695.7004134688709,724.6987831155557,789.0109465188383,820.4049969709276,837.7914378472155,799.9702490206284,879.9615023909042,815.8802504421908,773.5287771706458,798.1642524759948,743.5596220200168,702.9252911965253,643.6671352441766,529.3347477532287,579.1812833838603,565.2307653776797,537.4742489270386,575.497383532168,602.8748773023847,551.6412940859128,528.913097321753,476.85411665761393,431.00006640547184,402.5847399595987,362.70595888151865,344.75663319291664,51.40225923003447,62.62156951419799,77.94237228212835
daysPayablesOutstanding,110.0025048241057,99.53062676883864,83.00951048152167,67.55991626290857,60.16103944133835,60.22627253294926,60.38237819404303,73.3402614652384,77.9341076729625,76.99333871618894,87.67099212044876,74.60021195599124,94.72471384728863,90.70972401279664,106.80711111111111,106.86014033193901,116.21284461340437,146.15011577259995,141.30687810022263,130.33543968518237,134.99134366661914,104.61272022075141,127.12302951587847,125.29461834157057,105.49783369438427,128.06246991679845,120.80892022209234,95.88778877887789,121.54806005069214,85.39798524404085,74.91557434460677,66.37133794099444,65.82323341629694,65.12898240608654,28.440004767438396,32.86279546006734,39.95331512292029
daysOfInventoryOnHand,107.3206731482856,95.99063239602124,73.51288056206089,75.90200817947363,87.03956098940544,93.26623458271892,99.37933077769581,79.4048160765456,81.97489013624403,75.51487013860853,73.72916605641642,58.66425892097667,57.629048616324866,59.5784987824094,64.37476923076923,56.15119417082715,57.21869668033646,57.78866238119141,62.38487677225325,63.85566444679885,63.674460761349984,55.02151554329159,65.13242671963735,60.62287204832509,59.75879020163306,56.131644089940174,58.5978594389246,54.98738109105028,38.87585995599253,47.375425652667424,58.41680008004803,63.1332525273365,65.71461421924035,70.35752496433666,68.13637853460862,65.38353406684946,71.58604420163893
receivablesTurnover,3.5454675777703444,2.943401109057301,3.5203534587939513,3.599064839750229,2.9328788800973826,2.8319570309727187,2.5112414680419564,0.5748090593743681,0.524651118403183,0.5036575312446737,0.46260448173805574,0.44490221457407136,0.4356692889317442,0.4562669679864406,0.41479087324647135,0.44736957390766263,0.47186350498176555,0.4572993577045441,0.49088195376775595,0.5192585962850959,0.567063284754373,0.6895447569789238,0.6301999226692747,0.6457539510541536,0.6791023025357039,0.6342339868858813,0.605432426763616,0.6616618514841545,0.6900944632459349,0.7654332577820099,0.8468676189405017,0.9066414192366792,1.0063247957810109,1.0587178457441186,7.100855204954291,5.828662597114318,4.68294701986755
payablesTurnover,3.318106261158653,3.6672129157562514,4.397086525178953,5.4026117880254185,6.067049429155943,6.060478004849324,6.044809941520468,4.976802546211286,4.683443628195009,4.74066985645933,4.163292682926829,4.89274749266562,3.8532710754707407,4.023824391181132,3.4173754556500606,3.415679587039683,3.1407887933060685,2.497432164664968,2.5830306698950767,2.800466249867543,2.703877078973455,3.489059449269508,2.871234279028956,2.913133898576228,3.459786682040934,2.8501714845663892,3.0213000772541663,3.806532663316583,3.002927400468384,4.274105518496058,4.872151127361365,5.4993617926535245,5.545154515451546,5.604263824117255,12.834034416826004,11.106784888203547,9.135662431941924
inventoryTurnover,3.4010222755095603,3.8024543738200127,4.965116279069767,4.808831923615796,4.193495415773389,3.91352778026304,3.672795913835221,4.596698513200294,4.452582972582973,4.833485104722258,4.950551044083527,6.221846260628145,6.3336114123633935,6.126371215445371,5.669923237962317,6.500306990614859,6.37903379797594,6.316117815504193,5.850776965265082,5.716016005190872,5.732282545242265,6.6337685611879165,5.603967461110318,6.02082988923789,6.107888040712468,6.5025709814442205,6.228896473265074,6.637886597938144,9.388859832635983,7.704416265850459,6.248202563301032,5.7814223945131955,5.554320060105184,5.187789084181314,5.356903431763767,5.582445262546019,5.098759179539123
roe,-0.1617464648970479,0.16044104410441043,-0.1758369826246645,-0.7215712856266744,-0.09003625725534133,0.1164609379121169,-0.06233591794370841,0.11886016588768639,0.10000306358470046,0.11087900118674102,0.12153248939349696,0.0979013923454631,0.0939969818656163,0.16634022834758516,0.19217888697548438,0.18545328276083123,0.14954185489328237,0.15045700192230968,0.18946703713058854,0.2216117791102879,0.22791851962890788,0.22975752327343582,0.2243411274622679,0.2154095701540957,0.21518887722980062,0.2132895816242822,0.20184246890833718,0.16738683856343417,0.16709262701363073,0.20141523509100984,0.12156989346492644,0.19847785977859778,0.18855911919578747,0.1833640203617459,0.17688106796116504,0.1649348070686346,0.16800920598388952
capexPerShare,-1.2395264116575593,-3.110247915000571,-5.589179275561669,-7.415487285697848,-7.331918999369541,-6.381385041551247,-5.8801287208366855,-10.932404181184669,-10.53257679514772,-11.49938230542621,-9.571534785198965,-7.385513240416543,-6.507631430186546,-12.706349206349206,-14.040463563150658,-12.858384013900956,-10.92980132450331,-10.090769230769231,-7.7987823136041525,-10.737709862270032,-12.501006846556585,-11.289885823987067,-22.091519219035998,-7.327011318446008,-6.686995515695068,-6.256688296989513,-5.105082990262571,-5.846029838005203,-0.462431693989071,-0.4689869725840949,-0.47952431188261246,-0.42465496197540137,-0.5044696341351027,-0.3401718879955642,-0.16252285191956126,-0.1864669893160442,-0.17869887455393907
