,2021,2020,2019,2018,2017,2016,2015,2014,2013,2012,2011,2010,2009,2008,2007,2006,2005,2004,2003,2002,2001,2000,1999,1998,1997,1996,1995,1994,1993,1992,1991,1990,1989,1988,1987,1986
period,FY,FY,FY,FY,FY,FY,FY,FY,FY,FY,FY,FY,FY,FY,FY,FY,FY,FY,FY,FY,FY,FY,FY,FY,FY,FY,FY,FY,FY,FY,FY,FY,FY,FY,FY,FY
currentRatio,1.031386593204775,0.9777777777777777,0.9310326525412934,1.0072625216952449,0.9721158604881353,0.9652219050090838,1.0143454240997851,1.046480779279943,0.9900432317244927,1.1345936611397485,1.0316460423773124,1.0920564792207625,1.1060154077849862,1.0887887160098881,1.0793753335393086,1.0819150532793036,1.0934733464595638,1.0097181087370426,1.1094724130123028,0.891745888459477,0.9878223272885627,0.9868938828184367,1.023221983714453,1.0254379185986604,1.0730621601450048,1.0482963426070646,1.0522517423143596,1.03086467324291,1.090958605664488,1.1331360946745561,1.0960086299892124,1.0825325042396834,1.1347107438016528,1.1611459265890778,1.1945031712473573,1.1986486486486487
quickRatio,0.991267217630854,0.9369135222587548,0.8848350388518534,0.9478944841763193,0.9277304576593473,0.9094731378146899,0.9842833221259708,1.000629748234695,0.9483913634526594,1.0914733110871626,0.8392052386524911,1.062421682233332,1.06619265523633,1.0354660462410934,1.0365278206892679,1.0375806693681524,0.9053015386859184,0.9093902052041464,0.996241225752887,0.7687946063358628,0.8722510809045383,0.8902014058119121,1,0.9891808346213292,0.9870188719479689,0.9736792747733667,0.9688329147061945,0.9581149815043156,1.0610021786492374,1.1023668639053255,1.0695792880258899,1.058224985867722,1.1140495867768596,1.1396598030438676,1.175475687103594,1.1783783783783783
cashRatio,0.3002754820936639,0.26188612285371327,0.12655513566302917,0.08289122219623579,0.10300591284415618,0.14243446664936413,0.1981593555107261,0.22250211032653117,0.20045803583456823,0.3343158004077022,0.2866693225107686,0.3456574816881758,0.36132993512511585,0.3064126799476516,0.28296772743869897,0.2935164340387213,0.30276380077298914,0.20499259572667655,0.3027700203788965,0.13159750627662276,0.14544775887274877,0.11600110054241018,0.17410278699285067,0.1736218444100979,0.19063866083804243,0.14645201625507973,0.14801712243959386,0.1594096794081381,0.15904139433551198,0.1514792899408284,0.12944983818770225,0.10118711136235162,0.07355371900826446,0.12533572068039392,0.1511627906976744,0.16486486486486487
daysOfSalesOutstanding,268.20319900006837,260.5111466725527,255.08540987936956,264.03359960471056,293.22617476910585,274.81291259908755,285.497517665292,280.9160021759032,312.70193617230393,305.1408815157701,230.27271690474154,309.27685665732787,294.0903510518283,254.0379450500524,297.56560678648805,292.21578794339985,233.60860972538768,280.45052450289654,285.97289968277795,265.80114772067833,253.7062708234174,304.1243546525011,380.7795947868904,360.7179460499961,348.87404824364967,380.6500492610838,388.5273202734321,381.2790404676712,330.83783934444506,309.14870689655174,371.2011922503726,441.7775179067388,355.76464035646086,334.71348267472104,350.03605274000824,324.93246561886053
daysOfInventoryOutstanding,0,0,0,0,0,0,0,0,0,0,,,,,,,,,,,,0,0,0,0,0,0,0,0,0,0,0,0,0,0,0
operatingCycle,268.20319900006837,260.5111466725527,255.08540987936956,264.03359960471056,293.22617476910585,274.81291259908755,285.497517665292,280.9160021759032,312.70193617230393,305.1408815157701,,,,,,,,,,,,304.1243546525011,380.7795947868904,360.7179460499961,348.87404824364967,380.6500492610838,388.5273202734321,381.2790404676712,330.83783934444506,309.14870689655174,371.2011922503726,441.7775179067388,355.76464035646086,334.71348267472104,350.03605274000824,324.93246561886053
daysOfPayablesOutstanding,389.89961610911087,344.18249150387834,301.28776162490976,293.2758930927761,497.49353801227284,456.68287648121316,501.3236716964819,496.5708239980085,555.2047079529204,547.246522006421,,,,,,,,,,,,-8956.778010616745,-7678.186660490968,-7364.603573422669,707.8275418275418,772.7456274683647,789.8451076690593,790.6694300518135,568.273004797209,489.19041385560365,603.7718700295387,679.85974570717,517.9589179806162,494.49100883876866,498.0954142011834,434.6170349710362
cashConversionCycle,-121.6964171090425,-83.67134483132565,-46.2023517455402,-29.242293488065513,-204.26736324316698,-181.8699638821256,-215.8261540311899,-215.6548218221053,-242.5027717806165,-242.10564049065084,,,,,,,,,,,,9260.902365269245,8058.966255277859,7725.321519472665,-358.95349358389217,-392.0955782072809,-401.3177873956272,-409.39038958414227,-237.4351654527639,-180.0417069590519,-232.5706777791661,-238.08222780043116,-162.19427762415535,-159.77752616404763,-148.05936146117517,-109.68456935217569
grossProfitMargin,0.18093489702852344,0.14916675863591214,0.14598925772651228,0.14187186033105492,0.3570359281437126,0.3579257257920628,0.36198744385195303,0.3604436719693251,0.36179324094744675,0.3686351743768149,1,1,1,0,0,0,0,0,0,0,0,1.0332506494579925,1.0487656133535113,1.0465884556356164,0.5028472710985987,0.5110541871921183,0.5142450795981098,0.5136824068941188,0.4585539885166397,0.43712284482758623,0.4497764530551416,0.41404765385177605,0.4191597708465945,0.4167295914086752,0.4145035022661722,0.3781925343811395
operatingProfitMargin,0.14024431923598973,0.06493764485156164,0.10624871591676206,0.10384583710779874,0.12351568050339998,0.1195422221089389,0.11451574772124301,0.10460256597365035,0.08400376282942308,0.09751013484373652,0.09796709719727426,0.08400312313415699,0.05662286813988984,0.0846941560027001,0.05253120136706234,0.017122181301285778,-0.01660743031095102,-0.014764365116643181,0.008902684449295631,0.06541363079502224,-0.036232746311280345,0.1481594320497632,0.1358389989384049,0.12933433915147102,0.1569838121440911,0.15680788177339902,0.13400926733036655,0.11777453006097868,0.1292156753442221,0.11163793103448276,0.11046199701937406,0.10926765092822686,0.109484404837683,0.10764325866263948,0.10403790688092295,0.10658153241650295
pretaxProfitMargin,0.11933754528499028,0.039874186072177464,0.0859284044103979,0.08626369101539982,0.11113366487364254,0.10580378762776234,0.10010769917780872,0.09562033142720675,0.06570911082094268,0.097006986573129,0.105266159153765,0.06898452211454553,0.03855597584444887,0.06771798296637799,0.03596167343077721,-0.0008076500613814047,-0.02974036944360327,-0.04180366369187412,-0.04587781833066139,0.04278161067767103,-0.08381425511661114,0.11228393245814629,0.126081358841732,0.1409619436568426,0.1356132829995521,0.13998029556650246,0.11584162958205257,0.10154714508894824,0.1292156753442221,0.11163793103448276,0.11046199701937406,0.10926765092822686,0.109484404837683,0.10764325866263948,0.10403790688092295,0.10658153241650295
netProfitMargin,0.093040514808558,0.03874848250744951,0.06417970316887285,0.06370954459359301,0.07345478534456511,0.07754951189050034,0.05970737345346607,0.06330020830292818,0.03761425382250116,0.06421609499439349,0.07588458358281298,0.03997305531315544,0.020124095825867674,0.04236862136814742,0.025571389338134326,-0.0051205013891581054,-0.04190108856764898,-0.08429622671050571,-0.0770372139031961,0.01603907408601457,-0.07950083293669681,0.06375184527835374,0.07270797099812527,0.08061285539630102,0.0764924179410071,0.08086699507389163,0.059549479286140294,0.04706949553998891,0.06956909526729473,0.047036637931034485,0.05639344262295082,0.05854407250401988,0.05617441120305538,0.05042369326285762,0.050782859497321794,0.05046660117878193
effectiveTaxRate,0.2060387856967515,0.022142264046498755,0.23317772970511214,0.23770883054892603,0.32180365296803654,0.2384967477716213,0.3710312254001574,0.30040238656861384,0.3871794871794872,0.3160936573799644,0.2575839653304442,-0.3801597869507324,0.3876936316695353,0.33213149522799573,0.24989393296563428,-3.74,-0.43890675241157556,-0.9820224719101124,-0.9442379182156134,0.5286360211002261,0.09813664596273292,0.4322264647961348,0.4233249731279111,0.42812326997601036,0.4359518754423213,0.4222972972972973,0.48594059405940593,0.428287841191067,0.43054357204486626,0.4406370656370656,0.4732865623313546,0.48494983277591974,0.4949127906976744,0.5284489477786438,0.5089108910891089,0.5195852534562212
returnOnAssets,0.04785727201494786,0.0194599328241567,0.03695379086182324,0.03962151815266032,0.04560778877055895,0.0487377054432448,0.0361220808734138,0.03742782728756119,0.020759395583107323,0.033103846923424655,0.04133855210226302,0.019975823974049026,0.0098914630069069,0.024329495595948932,0.01345309477368138,-0.002671926231235408,-0.022008840371027693,-0.04387115699583615,-0.036920184723527726,0.008436707733790074,-0.0469877717510747,0.03503127789180582,0.036884259736688324,0.0446361698450193,0.04192897851819377,0.043063104656775306,0.030470914127423823,0.024621711393472873,0.04348432055749129,0.03328250095310713,0.033979885057471265,0.030998452012383902,0.04055140723721999,0.0375625,0.03659985152190052,0.03809082483781279
returnOnEquity,0.2702212138400454,0.12127806563039724,0.23631975215245507,0.2586077218786562,0.263062244434348,0.30167071538347134,0.23128974815568557,0.22544062751027738,0.12093716143011918,0.18454102288688756,0.2162326847300646,0.10324238829576908,0.04856467950514473,0.11916303118435935,0.07186347654575079,-0.016335154076058952,-0.13514624993574256,-0.31333294535296513,-0.17333742660884915,0.04738095238095238,-0.27702912822639164,0.16821329711344635,0.18860959746879943,0.23459500378501136,0.20990255464840663,0.22919691723444655,0.16969538501764936,0.14113025083106678,0.22127659574468084,0.17084148727984344,0.16115843270868824,0.15705882352941178,0.19184782608695652,0.1804804804804805,0.17607142857142857,0.16913580246913582
returnOnCapitalEmployed,0.1592380698953344,0.06953685429641798,0.13034867670887595,0.13457126087188517,0.19406019533585808,0.19626715768329428,0.17435210366341386,0.1492079713847726,0.12623161803489671,0.11710576292255102,0.14186622625928985,0.10294752246758851,0.06370508632757817,0.11236233375252468,0.06450585480093676,0.020380304166426333,-0.02047674258651522,-0.020025057866683654,0.009304812834224598,0.08626884074916559,-0.04925690021231423,0.20171668834226897,0.19460264043489517,0.21765014883558045,0.2515249372084679,0.2540706212885512,0.2038238783057707,0.19504256384576865,0.2241779497098646,0.22207931404072884,0.199247311827957,0.18343558282208589,0.2591337099811676,0.26563146997929604,0.2518703241895262,0.256047197640118
netIncomePerEBT,0.7796416005236887,0.9717686133407141,0.7468974154616873,0.73854415274463,0.660958904109589,0.7329559142375331,0.5964313828391499,0.661995282364368,0.5724358974358974,0.6619739181979846,0.7208829902491874,0.5794496227252552,0.5219449225473322,0.6256627783669141,0.711073398387781,6.34,1.4088960342979635,2.0164794007490636,1.679182156133829,0.3749058025621703,0.9485359361135759,0.5677735352038652,0.5766750268720888,0.5718767300239896,0.5640481245576787,0.5777027027027027,0.5140594059405941,0.4635235732009926,0.5383951682484901,0.42133204633204635,0.5105234754452239,0.5357859531772575,0.5130813953488372,0.46843335931410757,0.4881188118811881,0.4735023041474654
ebtPerEbit,0.8509260548670101,0.6140380693405847,0.8087476979742173,0.830689928628073,0.8997534921939194,0.8850746268656716,0.8741828191306342,0.9141298833079655,0.7822162794584656,0.9948400412796697,1.0745052386495926,0.8212137780207763,0.680925871667155,0.7995590978463626,0.6845774034272437,-0.04716981132075472,1.7907869481765835,2.831389183457052,-5.153256704980843,0.6540167570231641,2.3132183908045976,0.7578588207629793,0.9281676089125375,1.089903459372486,0.863867943753821,0.8926866046745413,0.8644299897295447,0.8622165169020112,1,1,1,1,1,1,1,1
ebitPerRevenue,0.14024431923598973,0.06493764485156164,0.10624871591676206,0.10384583710779874,0.12351568050339998,0.1195422221089389,0.11451574772124301,0.10460256597365035,0.08400376282942308,0.09751013484373652,0.09796709719727426,0.08400312313415699,0.05662286813988984,0.0846941560027001,0.05253120136706234,0.017122181301285778,-0.01660743031095102,-0.014764365116643181,0.008902684449295631,0.06541363079502224,-0.036232746311280345,0.1481594320497632,0.1358389989384049,0.12933433915147102,0.1569838121440911,0.15680788177339902,0.13400926733036655,0.11777453006097868,0.1292156753442221,0.11163793103448276,0.11046199701937406,0.10926765092822686,0.109484404837683,0.10764325866263948,0.10403790688092295,0.10658153241650295
debtRatio,0.8189379784220361,0.8368602498586647,0.8408283057024882,0.8442539515886378,0.8238861932068814,0.835268958446801,0.8409388880501546,0.8312413706539475,0.8255869817900039,0.8179473688110924,0.7871565475358402,0.7813370260427824,0.7931762767978733,0.7958301718734536,0.8127964938473764,0.8325115263694676,0.8330207949636674,0.855487561418805,0.7812824390044546,0.8159695430611259,0.8303868908951851,0.791744894767861,0.8044412361211372,0.8097309442876073,0.800245506356861,0.8121130721286017,0.8204375792290718,0.8255390942162704,0.8034843205574913,0.8051849027830729,0.7895114942528736,0.8026315789473685,0.7886272257323378,0.791875,0.7921306607275427,0.7747914735866543
debtEquityRatio,4.624049914917753,5.215474956822107,5.377102921574985,5.510404479358182,4.752112676056338,5.170046105795449,5.3845331976596285,5.006851580588763,4.809588299024918,4.559737255225977,4.117439168054596,4.038236457097667,3.894302758537855,3.8978833414121827,4.34178029328531,5.089662990827579,5.1152007402457205,6.1099924343828205,3.6680609386392415,4.58252380952381,4.895770705918938,3.801803052488507,4.113552469678327,4.255715367146101,4.006145202352735,4.322350050262481,4.569093999215584,4.731943185252342,4.088652482269503,4.1330724070450096,3.7444633730834753,4.066666666666666,3.7309782608695654,3.804804804804805,3.8107142857142855,3.4403292181069958
longTermDebtToCapitalization,0.5598332209821986,0.6007887696847679,0.49963949673744545,0.6046519311461328,0.3687259794642345,0.3883498089635515,0.450332792661782,0.43411412374993313,0.3377578475336323,0.4598562949078413,0.3297119207101236,0.385015684653357,0.39606354426094736,0.41921407624633433,0.4670840664488266,0.5367611954549795,0.528789089940169,0.5297868264783954,0.4568325829581457,0.46397120759629373,0.5624943310657596,0.41379398513646265,0.33694638694638696,0.27719413438389146,0.2843950245005654,0.2793206149883281,0.27041205646699734,0.1655528937082335,0.28607594936708863,0.2812939521800281,0.22457067371202113,0.22018348623853212,0.09135802469135802,0.11436170212765957,0.06976744186046512,0.07954545454545454
totalDebtToCapitalization,0.57643610503808,0.6412994994300442,0.5641818695638522,0.6094137615876747,0.38407723520358195,0.4559259858661056,0.47274531895487953,0.45018315969967004,0.4287335276065709,0.5029670848647871,0.418161620459004,0.40717299578059074,0.4379992349751367,0.46127565120884384,0.5018156961592686,0.5457503335596077,0.5351843444601084,0.5682880257273504,0.48704775402543204,0.556775010552976,0.6032571816331147,0.48363886818946106,0.3982016925246826,0.35311688947651926,0.34886246713158797,0.3436217008797654,0.3683210834916178,0.2819010416666667,0.39807897545357523,0.3652173913043478,0.35776805251641136,0.3368010403120936,0.19825708061002179,0.2127659574468085,0.1566265060240964,0.20327868852459016
interestCoverage,8.296938186019641,3.0613943808532778,5.449071751128951,8.201626016260162,10.722466960352422,10.353200883002208,10.162004662004662,9.286219081272085,4.876120619396903,5.080898876404494,5.023391812865497,3.9277022190408015,2.193444730077121,,,,,,,,,,,,,,,,,,,,,,,
cashFlowToDebtRatio,0.43254282499062224,0.35689168824143125,0.42554612494782246,0.15133904659882164,0.6424772313296904,0.30373306513636633,0.38245474663791634,0.3863688827331487,0.3566315789473684,0.14582567870994081,0.154589645037305,0.4705238917674151,0.27781773348402344,0.40821814407699203,0.12689426187638345,0.0038601758524555007,-0.009018662380569694,0.20137937132499226,0.2028856646324213,0.3312357846853677,0.05061867266591676,0.15031158536738032,0.4979190649074648,0.6999029260851477,0.45403899721448465,0.5312566673778536,0.368609865470852,1.0981524249422632,0.5431635388739946,0.641156462585034,0.2850152905198777,0.7274131274131274,0.8351648351648352,1.0144444444444445,2.046153846153846,1.179032258064516
companyEquityMultiplier,5.646398184912082,6.2321934369602765,6.39500702474873,6.52695136219288,5.76792367105861,6.189678250954341,6.403001780717375,6.0233426262817185,5.825659082701336,5.57460960092539,5.230775480359101,5.168366943455911,4.909756976418305,4.897883341412183,5.34178029328531,6.113624652169432,6.140543874980723,7.142117208869231,4.6949230592117885,5.616047619047619,5.895770705918938,4.801803052488507,5.113552469678327,5.255715367146101,5.006145202352735,5.322350050262481,5.569093999215584,5.731943185252342,5.088652482269503,5.1330724070450096,4.742759795570699,5.066666666666666,4.730978260869565,4.804804804804805,4.810714285714286,4.440329218106996
receivablesTurnover,1.3609084506106393,1.4010916794235437,1.4308932846163538,1.3823998178506376,1.2447729139031014,1.3281763092860286,1.2784699600362697,1.299320783340229,1.16724573076797,1.1961687932042508,1.5850770551814526,1.1801723670659656,1.241115183461681,1.4367932315311598,1.226620253401456,1.2490769323890805,1.5624424135269068,1.3014773306164034,1.276344717995603,1.3732070125730476,1.4386715740819995,1.2001669528146035,0.9585597679000585,1.011870920193725,1.0462228470060582,0.9588859917620829,0.9394448754417722,0.9573041296796604,1.103259532595326,1.1806615776081424,0.9832942555685815,0.826207729468599,1.0259591836734694,1.0904849039341262,1.042749731471536,1.1233103448275863
payablesTurnover,0.9361383928571428,1.0604839264343784,1.21146640019985,1.2445618906854183,0.73367787139176,0.7992417031537534,0.7280725419664269,0.7350411710887466,0.6574151745682798,0.6669754586320009,0,0,0,0,0,0,0,0,0,0,0,-0.040751261175319325,-0.04753726578153555,-0.04956139137172427,0.5156623307671887,0.47234172155175697,0.4621159217877095,0.46163413700727135,0.642296918767507,0.7461307287753569,0.604532967032967,0.5368754398311049,0.7046890927624873,0.738132733408324,0.7327913279132792,0.8398198198198198
inventoryTurnover,,,,,,,,,,,,,,,,,,,,,,,,,,,,,,,,,,,,
fixedAssetTurnover,4.612512386271507,4.378140703517588,4.344867162592986,12.28271589328613,12.119311193111932,12.615112540192927,13.423483779971791,13.748814301349872,13.189444444444444,13.780110935023771,15.2557633753806,14.377944089808496,12.298714548051418,12.400178094390027,10.571290322580646,9.921153846153846,9.65276923076923,8.835246922119241,8.92314716177142,7.513140365750273,7.9311077031968855,8.519076837345658,8.286168819015534,8.744995450409464,8.961582568807339,8.265472312703583,7.8041532402434655,7.997984683595324,8.266820276497695,10.311111111111112,8.970588235294118,7.643575418994414,9.521212121212121,10.641964285714286,11.696385542168676,11.311111111111112
assetTurnover,0.5143702408936572,0.502211481970048,0.5757862538657834,0.6219086701279745,0.6208960867099376,0.6284721109793996,0.6049852603475538,0.5912749466549517,0.5519023634250291,0.5155070068697708,0.5447556031871768,0.4997322275606696,0.49152335053942314,0.5742338270708937,0.5260994854753133,0.5218094925025919,0.5252570069986271,0.5204403412563252,0.4792512975601782,0.5260096492194986,0.5910349617152955,0.5494943360282674,0.5072932063753968,0.5537103186034453,0.5481455501972818,0.532517680636293,0.511690689703742,0.5230927400221437,0.6250522648083624,0.7075867327487609,0.6025502873563219,0.5294891640866873,0.7218839747271683,0.7449375,0.7207126948775056,0.7547729379054681
operatingCashFlowPerShare,5.274714104193139,4.743708269131998,3.9606319606319604,1.4743021132272371,2.263347022587269,1.290273938175421,1.6515559911786326,1.5970896946564885,1.4079791023509856,0.8258959537572255,0.5875402792696026,1.7257179054054055,1.1550619393421615,1.8749729144095342,0.6512999781516277,0.02102312543798178,-0.0475517890772128,1.0967974957861786,1.3022049286640727,2.323318266418506,0.4024390243902439,0.9900624027019183,2.0159685648010384,1.864735397372379,1.1473400227907855,1.0354775828460039,0.7008320500625307,1.2625695927872749,0.7926447574334898,0.838150289017341,0.4263494967978042,0.9326732673267327,0.37623762376237624,0.459718026183283,0.5390070921985816,0.3699392712550607
freeCashFlowPerShare,4.778398983481575,4.313559322033898,3.4465164465164464,1.012261935820506,1.8631930184804928,0.7858758482030661,1.2567998039696153,1.2423664122137406,0.9971503205889337,0.4346820809248555,0.2861439312567132,1.5223817567567568,1.0117471166168304,1.5750812567713977,0.3288180030587721,-0.2775052557813595,-0.3787664783427495,0.6296653021911871,0.8881971465629053,1.8362137729327306,-0.3238482384823848,0.3242433837304414,0.581522499040954,0.9096450462315826,0.4144667494816226,0.7065367121507472,0.40412943032802867,1.0151891503168624,0.4843505477308294,0.6740773677189862,0.2131747483989021,0.7485148514851485,0.1504950495049505,0.23766364551863042,0.43059777102330293,0.28036437246963564
cashPerShare,8.310038119440915,6.443246019517206,3.087801087801088,1.7568484216018785,2.0300308008213555,2.766021613470721,3.699338397451605,3.9770992366412212,3.8995488007599146,5.99028901734104,4.974436090225564,5.678631756756757,5.352627082443401,4.929360780065005,4.451387371640813,4.57159542163046,5.158898305084746,4.744522032265832,5.202853437094682,2.4807232119117257,2.5344173441734417,2.467377107575398,3.6504698429315616,2.988305903298554,2.9613048874051597,1.9482781026640676,1.7836260933464894,1.8307922906978467,1.2597809076682316,1.2939084037349933,1.2671546203110704,1.0693069306930694,0.6089108910891089,0.9063444108761329,0.916919959473151,0.7439271255060729
payoutRatio,0.448887489504618,1.133864995727713,0.5535060975609756,0.520439489416707,0.4841105354058722,0.39178307313064914,0.43004839419269686,0.33326346677845314,0.5136244867487869,0.2574434743675845,0.2737178282923164,0.15741095365760246,0.4105523495465787,0.0935593220338983,0.16467780429594273,-1.4826498422712935,-0.16203879802206161,-0.08060921248142645,-0.05844587115342041,1.463316582914573,-0.27015902712815715,0.34436705719654936,0.28083255669462565,0.25717973539851563,0.2559598494353827,0.2524366471734893,0.3551617873651772,0.43254817987152033,0.2876602564102564,0.3722794959908362,0.3097251585623679,0.3046192259675406,0.3031161473087819,0.281198003327787,0.29006085192697767,0.31873479318734793
operatingCashFlowSalesRatio,0.20268145732225337,0.20386270831034103,0.1496091495210981,0.05817137445441818,0.1118694813762306,0.06542961282593734,0.08852347054033466,0.08882726778203819,0.08324558078148912,0.05134987493171559,0.03899010634961366,0.1251243895344387,0.08972061848828722,0.12427650193172189,0.045482286167648225,0.0014537701104865284,-0.003219482651451158,0.07131673712227964,0.08561585428249821,0.14085369785285962,0.022087696335078535,0.0533571401273942,0.12700743116572177,0.13128527950472127,0.0886493057777209,0.09812807881773399,0.07542322337936413,0.14377866250062996,0.1129382908746307,0.1015625,0.055558867362146054,0.1376991667884812,0.06047103755569701,0.07660038593841766,0.1096003296250515,0.08975933202357564
freeCashFlowOperatingCashFlowRatio,0.9059067257660436,0.9093222174101343,0.8701935652628826,0.6866041408600247,0.823202540258562,0.6090767432800935,0.7609792284866469,0.7778939507094846,0.7082138640580199,0.5263157894736842,0.4870201096892139,0.8821730086871405,0.8759245562130178,0.8400554720906044,0.5048641395504864,-13.2,7.965346534653466,0.5740944017563118,0.6820717131474103,0.7903410391393911,-0.8047138047138047,0.327497926237345,0.2884581184421128,0.48781454329304536,0.3612414290869722,0.6823293172690763,0.5766423357664233,0.8040658955485454,0.6110562685093781,0.8042440318302387,0.5,0.802547770700637,0.4,0.5169769989047097,0.7988721804511278,0.7578659370725034
cashFlowCoverageRatios,0.43254282499062224,0.35689168824143125,0.42554612494782246,0.15133904659882164,0.6424772313296904,0.30373306513636633,0.38245474663791634,0.3863688827331487,0.3566315789473684,0.14582567870994081,0.154589645037305,0.4705238917674151,0.27781773348402344,0.40821814407699203,0.12689426187638345,0.0038601758524555007,-0.009018662380569694,0.20137937132499226,0.2028856646324213,0.3312357846853677,0.05061867266591676,0.15031158536738032,0.4979190649074648,0.6999029260851477,0.45403899721448465,0.5312566673778536,0.368609865470852,1.0981524249422632,0.5431635388739946,0.641156462585034,0.2850152905198777,0.7274131274131274,0.8351648351648352,1.0144444444444445,2.046153846153846,1.179032258064516
shortTermCoverageRatios,6.610191082802547,2.2554334554334554,1.8612463485881208,7.657181571815718,10.147295742232451,1.25341796875,4.434210526315789,6.125343092406221,1.1130091984231274,0.9189606380241832,0.4898799928353932,5.3175016265452175,1.7524303305249513,2.6000600961538463,0.9770567027204196,0.10856453558504221,-0.35563380281690143,1.3976679963178888,1.7763623496107572,1.0652200414482507,0.32774222026042815,0.6101397606426225,2.1461832061068704,2.3529137529137527,1.758248730964467,2.046014790468365,1.0116923076923077,2.2202334630350196,1.3782312925170068,2.00531914893617,0.5936305732484076,1.6382608695652174,1.4074074074074074,1.9425531914893617,3.432258064516129,1.7829268292682927
capitalExpenditureCoverageRatio,-10.627752176139273,-11.028059701492538,-7.703778337531486,-3.1908526256352343,-5.656189865298268,-2.558046836073742,-4.183736809435134,-4.502353732347007,-3.4271676300578036,-2.111111111111111,-1.9493941553813257,-8.487019730010385,-8.059612518628912,-6.252167630057803,-2.019647696476965,-0.07042253521126761,0.1435678749111585,-2.347938144329897,-3.145363408521303,-4.7696506550218345,-0.5541044776119403,-1.4869842622268676,-1.4053986503374156,-1.9524177949709864,-1.5655367231638417,-3.147914032869785,-2.3620689655172415,-5.103756708407871,-2.5710659898477157,-5.10840108401084,-2,-5.064516129032258,-1.6666666666666667,-2.070294784580499,-4.97196261682243,-4.129943502824859
dividendPaidAndCapexCoverageRatio,8.931153184165233,8.01040763226366,9.290400972053463,3.8972413793103446,7.088424437299035,13.618037135278515,19.593023255813954,65,-16.74858757062147,-6.590405904059041,50.648148148148145,-14.806159420289855,-31.260115606936417,-7.80956678700361,-2.484166666666667,-0.11138613861386139,0.20591233435270132,-3.0245683930942895,-3.7687687687687688,-23.23936170212766,-1.2014563106796117,-3.8307193629484053,-1.8156280271230223,-2.8227069351230427,-2.3929188255613125,-9.12087912087912,-6.995744680851064,-18.406451612903226,-4.722610722610723,-42.84090909090909,-5.38728323699422,-14.71875,-3.1404958677685952,-3.3566176470588234,-14.985915492957746,-15.891304347826088
dividendPayoutRatio,0.44888748950461804,1.133864995727713,0.5535060975609756,0.520439489416707,0.4841105354058722,0.39178307313064914,0.43004839419269686,0.33326346677845314,0.5136244867487868,0.25744347436758447,0.2737178282923164,0.15741095365760246,0.41055234954657877,0.09355932203389832,0.1646778042959427,-1.4826498422712935,-0.16203879802206164,-0.08060921248142645,-0.05844587115342041,1.4633165829145731,-0.27015902712815715,0.3443670571965493,0.2808325566946257,0.25717973539851563,0.25595984943538275,0.25243664717348924,0.35516178736517723,0.43254817987152033,0.2876602564102564,0.3722794959908362,0.3097251585623679,0.30461922596754054,0.3031161473087819,0.28119800332778705,0.29006085192697767,0.31873479318734793
priceBookValueRatio,3.9271879201644926,3.23760207253886,3.2268887157678594,3.638883343097109,3.84112693757383,4.716567844925884,4.659254341439837,3.9497464533383737,3.1498857890935357,2.151243493348756,1.9760632895966201,2.0075096876235667,1.210942867438043,0.6207767813863305,1.746646942800789,2.909738740595692,2.212113298719992,3.1540854332770767,2.4468208240914846,2.1706342857142857,5.268969436612418,5.90127204218066,7.681127907658054,8.105820823523846,5.201183892985691,4.386971885820395,4.25516288779579,3.784339274469758,2.733515106382979,2.725691174168298,1.6759954003407154,1.1677580392156863,1.0944228260869564,0.8664446846846848,0.6836384999999999,0.8413043621399178
priceToBookRatio,3.9271879201644926,3.23760207253886,3.2268887157678594,3.638883343097109,3.84112693757383,4.716567844925884,4.659254341439837,3.9497464533383737,3.1498857890935357,2.151243493348756,1.9760632895966201,2.0075096876235667,1.210942867438043,0.6207767813863305,1.746646942800789,2.909738740595692,2.212113298719992,3.1540854332770767,2.4468208240914846,2.1706342857142857,5.268969436612418,5.90127204218066,7.681127907658054,8.105820823523846,5.201183892985691,4.386971885820395,4.25516288779579,3.784339274469758,2.733515106382979,2.725691174168298,1.6759954003407154,1.1677580392156863,1.0944228260869564,0.8664446846846848,0.6836384999999999,0.8413043621399178
priceToSalesRatio,1.3521795000830021,1.034417613949895,0.87635823095888,0.8964604727723792,1.0725566311783212,1.2124727907628783,1.2027849967296222,1.109027134998872,0.9796873201072687,0.7485839970098617,0.6934786017734439,0.7772611338201749,0.501787112615303,0.2207182558490241,0.6215144487504196,0.9121016669897266,0.6858492580845673,0.848546265852513,1.0874527382576662,0.73478818750403,1.5120700902843884,2.2365472209063704,2.9610329094481966,2.785367767311344,1.8954087185680466,1.5478447012315268,1.4932211280795522,1.2621457097435298,0.859413858074586,0.7504462230603448,0.5864735022354693,0.43528475369098085,0.32045480585614255,0.24207238862320665,0.19717632880098887,0.25102770137524555
priceEarningsRatio,14.533233214210748,26.695693534605525,13.65475668612805,14.071054478429474,14.601589619343697,15.634821692686936,20.144664338099425,17.520118254453994,26.045640164240385,11.65726438325498,9.13859665602104,19.444626579854464,24.934641384995878,5.2094745762711865,24.305071599045345,-178.12741324921134,-16.36829212628376,-10.066242570579496,-14.115940636484392,45.81238190954774,-19.019550291861552,35.08207819148046,40.72501087294191,34.552401767909004,24.77904045378503,19.140623437499997,25.075301177773497,26.814515330236464,12.353385576923076,15.954503894616266,10.399675475687102,7.43516354556804,5.704640226628896,4.800766722129784,3.8827338742393507,4.974135279805353
priceToFreeCashFlowsRatio,7.364391111258842,5.580078585461689,6.731434873450064,22.44478251726804,11.646673632180741,30.42465302206588,17.85487309046598,16.05001616589862,16.617354131936175,27.698404255319147,36.52008258258258,7.041597780859917,6.384994722398142,2.114176640528271,27.066644518272426,-47.530631313131316,-26.744711000621503,20.72529636711281,18.621992948306076,6.600538662033014,-85.07070820920502,127.99027546079668,80.82232429099876,43.492239268379365,59.18749822677323,23.117456912154207,34.33306005142405,10.917505369852162,12.453170597738287,9.187521042216359,21.111787553648067,3.938866402116402,13.248276315789473,6.112840677966101,2.2519856470588233,3.690197833935018
priceToOperatingCashFlowsRatio,6.671451438861052,5.074089432654828,5.857651311862412,15.41068061705893,9.5875713195736,18.53094857810674,13.587187549109792,12.485210484241971,11.76864058019902,14.57810750279955,17.786014625228518,6.211907500305886,5.592773668639053,1.7760256558419045,13.664978195236499,627.4043333333333,-213.03089108910893,11.898276619099892,12.70153463247012,5.216676585030899,68.45757327272727,41.916549791957465,23.313855593099767,21.216146835496335,21.380976443522194,15.77371859186747,19.797895942062045,8.778393732366233,7.609587956564659,7.389008965517242,10.555893776824034,3.161128450106157,5.299310526315789,3.1601980284775464,1.7990486842105262,2.796675239398085
priceCashFlowRatio,6.671451438861052,5.074089432654828,5.857651311862412,15.41068061705893,9.5875713195736,18.53094857810674,13.587187549109792,12.485210484241971,11.76864058019902,14.57810750279955,17.786014625228518,6.211907500305886,5.592773668639053,1.7760256558419045,13.664978195236499,627.4043333333333,-213.03089108910893,11.898276619099892,12.70153463247012,5.216676585030899,68.45757327272727,41.916549791957465,23.313855593099767,21.216146835496335,21.380976443522194,15.77371859186747,19.797895942062045,8.778393732366233,7.609587956564659,7.389008965517242,10.555893776824034,3.161128450106157,5.299310526315789,3.1601980284775464,1.7990486842105262,2.796675239398085
priceEarningsToGrowthRatio,0.08330411172311646,-0.5672834876103674,2.4426842516295775,1.747155931071658,-5.58510802939896,0.41320600187815487,-7.65497244847783,0.20889371764925924,-0.6745152965610971,-1.1869214644768697,0.09470909261694528,0.10510608962083497,-0.3841282591742609,0.05395527239709444,0.09620757507955449,-2.4719722654992595,-0.3323259310487915,0.6927943416222351,0.025665346611789805,0.3850488540863828,0.08801203664469268,13.44812997340083,93.26027489903896,2.20689533872451,1.547174733296973,0.35303795295140616,0.7403178186937612,-1.0238246220985239,5.101834469965322,5.797653782354497,3.6732413297547275,2.4267297401918633,1.8619119821926595,1.5405271788899257,1.2384095439890899,1.588122687493194
priceSalesRatio,1.3521795000830021,1.034417613949895,0.87635823095888,0.8964604727723792,1.0725566311783212,1.2124727907628783,1.2027849967296222,1.109027134998872,0.9796873201072687,0.7485839970098617,0.6934786017734439,0.7772611338201749,0.501787112615303,0.2207182558490241,0.6215144487504196,0.9121016669897266,0.6858492580845673,0.848546265852513,1.0874527382576662,0.73478818750403,1.5120700902843884,2.2365472209063704,2.9610329094481966,2.785367767311344,1.8954087185680466,1.5478447012315268,1.4932211280795522,1.2621457097435298,0.859413858074586,0.7504462230603448,0.5864735022354693,0.43528475369098085,0.32045480585614255,0.24207238862320665,0.19717632880098887,0.25102770137524555
dividendYield,0.030886966643161765,0.042473704391979485,0.04053577154716245,0.03698653076885787,0.0331546460369314,0.025058365284325732,0.021348004959276,0.019021758982347644,0.019720171341918964,0.022084381541297795,0.029951844752003045,0.008095344645018153,0.016465139530485638,0.01795945457917289,0.006775450285133532,0.008323535469506729,0.009899554380622528,0.008007875025485892,0.004140416332040944,0.03194150842896042,0.01420428048941609,0.009816039269879328,0.006895825210969153,0.007443179699229322,0.010329691737368488,0.013188527949351925,0.014163809433323543,0.016131120571990062,0.02328594494351608,0.023333818365637762,0.029782194577749978,0.04097007740322246,0.05313501557799475,0.05857356118379316,0.07470531365835682,0.06407843278436541
enterpriseValueMultiple,9.254206804995485,14.300579641287564,8.48559718071119,10.287740923688812,8.14927885064935,9.558771398846117,9.60739074484799,8.954910694848646,9.604123697202414,5.399490012749681,4.287245099980202,10.95075946017465,4.611607375675172,2.4792686829892783,8.572209257098406,24.33308686868687,113.95724489795919,-166.6077445652174,85.34626415835412,11.59232278363872,-87.82996123465703,14.895521314214594,17.12605735693063,14.729666169036062,10.491740711195241,8.563017068617832,9.550113741271458,9.20711214980057,5.677755493351994,6.0169394028595455,4.533485605419136,3.548091386554622,2.3949562130177515,1.561034554973822,0.8244563218390805,1.4009404461687682
priceFairValue,3.9271879201644926,3.23760207253886,3.2268887157678594,3.638883343097109,3.84112693757383,4.716567844925884,4.659254341439837,3.9497464533383737,3.1498857890935357,2.151243493348756,1.9760632895966201,2.0075096876235667,1.210942867438043,0.6207767813863305,1.746646942800789,2.909738740595692,2.212113298719992,3.1540854332770767,2.4468208240914846,2.1706342857142857,5.268969436612418,5.90127204218066,7.681127907658054,8.105820823523846,5.201183892985691,4.386971885820395,4.25516288779579,3.784339274469758,2.733515106382979,2.725691174168298,1.6759954003407154,1.1677580392156863,1.0944228260869564,0.8664446846846848,0.6836384999999999,0.8413043621399178
