,2021,2020,2019,2018,2017,2016,2015,2014,2013,2012,2011,2010,2009,2008,2007,2006,2005,2004,2003,2002,2001,2000,1999,1998,1997,1996,1995,1994,1993,1992,1991,1990,1989,1988,1987,1986,1985
reportedCurrency,USD,USD,USD,USD,USD,USD,USD,USD,USD,USD,USD,USD,USD,USD,USD,USD,USD,USD,USD,USD,USD,USD,USD,USD,USD,USD,USD,USD,USD,USD,USD,USD,USD,USD,USD,USD,USD
cik,0000026172,0000026172,0000026172,0000026172,0000026172,0000026172,0000026172,0000026172,0000026172,0000026172,0000026172,0000026172,0000026172,0000026172,0000026172,0000026172,0000026172,0000026172,0000026172,0000026172,0000026172,0000026172,0000026172,0000026172,0000026172,0000026172,0000026172,0000026172,0000026172,0000026172,0000026172,0000026172,0000026172,0000026172,0000026172,0000026172,0000026172
fillingDate,2022-02-08,2021-02-10,2020-02-11,2019-02-11,2018-02-14,2017-02-13,2016-02-12,2015-02-17,2014-02-18,2013-02-20,2012-02-21,2011-02-24,2010-02-26,2009-02-27,2007-12-31,2006-12-31,2006-02-28,2004-12-31,2004-02-26,2003-08-04,2002-02-28,2001-03-13,1999-12-31,1999-03-09,1998-03-04,1997-03-04,1996-03-05,1995-03-10,1993-12-31,1992-12-31,1991-12-31,1990-12-31,1989-12-31,1988-12-31,1987-12-31,1986-12-31,1985-12-31
acceptedDate,2022-02-08 10:23:15,2021-02-10 10:48:44,2020-02-11 13:46:32,2019-02-11 17:06:33,2018-02-14 15:35:05,2017-02-13 14:08:52,2016-02-12 16:56:03,2015-02-17 13:19:48,2014-02-18 14:43:01,2013-02-20 10:57:47,2012-02-21 06:02:55,2011-02-24 12:32:07,2010-02-25 18:45:41,2009-02-27 13:42:23,2007-12-31,2006-12-31,2006-02-28 17:28:04,2004-12-31,2004-02-26 13:08:05,2003-08-04 06:13:27,2002-02-28 00:00:00,2001-03-13 00:00:00,1999-12-31,1999-03-09 00:00:00,1998-03-04 00:00:00,1997-03-04 00:00:00,1996-03-05 00:00:00,1995-03-10 00:00:00,1993-12-31,1992-12-31,1991-12-31,1990-12-31,1989-12-31,1988-12-31,1987-12-31,1986-12-31,1985-12-31
calendarYear,2021,2020,2019,2018,2017,2016,2015,2014,2013,2012,2011,2010,2009,2008,2007,2006,2005,2004,2003,2002,2001,2000,1999,1998,1997,1996,1995,1994,1993,1992,1991,1990,1989,1988,1987,1986,1985
period,FY,FY,FY,FY,FY,FY,FY,FY,FY,FY,FY,FY,FY,FY,FY,FY,FY,FY,FY,FY,FY,FY,FY,FY,FY,FY,FY,FY,FY,FY,FY,FY,FY,FY,FY,FY,FY
cashAndCashEquivalents,2592000000,3401000000,1129000000,1303000000,1369000000,1120000000,1711000000,2301000000,2699000000,1369000000,1484000000,1023000000,930000000,426000000,577000000,840000000,779000000,611000000,108000000,224000000,92000000,62000000,74000000,38000000,49000000,108000000,60000000,146900000,77300000,54200000,51500000,80000000,73200000,59300000,76800000,162100000,167500000
shortTermInvestments,595000000,461000000,341000000,222000000,198000000,260000000,100000000,93000000,150000000,247000000,277000000,339000000,190000000,77000000,120000000,95000000,61000000,79000000,87000000,74000000,0.0,0.0,0.0,0.0,0.0,0.0,0.0,0.0,0.0,0.0,0.0,0.0,0.0,0.0,0.0,0.0,0.0
cashAndShortTermInvestments,3187000000,3862000000,1470000000,1525000000,1567000000,1380000000,1811000000,2394000000,2849000000,1616000000,1761000000,1362000000,1120000000,503000000,697000000,935000000,840000000,690000000,195000000,298000000,92000000,62000000,74000000,38000000,49000000,108000000,60000000,146900000,77300000,54200000,51500000,80000000,73200000,59300000,76800000,162100000,167500000
netReceivables,3990000000,3820000000,3670000000,3866000000,3618000000,3025000000,2820000000,2946000000,2649000000,2475000000,2526000000,2243000000,2004000000,1782000000,1998000000,1767000000,1423000000,1160000000,929000000,805000000,656000000,724000000,1026000000,833000000,771000000,669000000,597000000,504300000,426300000,372700000,373500000,376600000,393500000,380700000,356700000,365900000,264000000
inventory,4355000000,3425000000,3486000000,3759000000,3166000000,2675000000,2707000000,2866000000,2381000000,2221000000,2141000000,1977000000,1341000000,1783000000,1692000000,1393000000,1174000000,1016000000,733000000,641000000,688000000,770000000,787000000,731000000,677000000,587000000,513000000,514400000,440200000,440400000,438300000,446000000,427800000,463600000,413300000,350400000,281900000
otherCurrentAssets,777000000,790000000,761000000,668000000,577000000,627000000,609000000,849000000,760000000,855000000,663000000,707000000,538000000,645000000,428000000,393000000,479000000,407000000,273000000,238000000,199000000,274000000,293000000,274000000,213000000,189000000,218000000,132400000,127900000,128300000,44500000,88400000,80100000,123300000,42200000,69300000,149100000
totalCurrentAssets,12309000000,11897000000,9387000000,9818000000,8928000000,7707000000,7947000000,9055000000,8639000000,7167000000,7091000000,6289000000,5003000000,4713000000,4815000000,4488000000,3916000000,3273000000,2130000000,1982000000,1635000000,1830000000,2180000000,1876000000,1710000000,1553000000,1388000000,1298000000,1071700000,995600000,907800000,991000000,974600000,1026900000,889000000,947700000,862500000
propertyPlantEquipmentNet,4422000000,4693000000,4245000000,4096000000,3927000000,3800000000,3745000000,3686000000,3156000000,2724000000,2288000000,2041000000,1886000000,1841000000,1645000000,1574000000,1557000000,1648000000,1347000000,1305000000,1405000000,1598000000,1630000000,1671000000,1532000000,1286000000,1148000000,1089900000,958200000,928700000,953000000,921200000,890100000,911200000,909700000,840600000,702000000
goodwill,1287000000,1293000000,1286000000,1126000000,1082000000,480000000,482000000,479000000,461000000,445000000,339000000,367000000,364000000,362000000,365000000,356000000,0.0,0.0,0.0,0.0,343000000,354000000,364000000,384000000,0.0,0.0,0.0,0.0,0.0,0.0,0.0,0.0,0.0,0.0,0.0,0.0,0.0
intangibleAssets,900000000,963000000,1003000000,909000000,973000000,332000000,328000000,343000000,357000000,369000000,227000000,222000000,228000000,223000000,173000000,128000000,458000000,448000000,436000000,439000000,611000000,380000000,249000000,331000000,177000000,204000000,194000000,128300000,170000000,88300000,56700000,60500000,0.0,0.0,0.0,0.0,0.0
goodwillAndIntangibleAssets,2187000000,2256000000,2289000000,2035000000,2055000000,812000000,810000000,822000000,818000000,814000000,566000000,589000000,592000000,585000000,538000000,484000000,458000000,448000000,436000000,439000000,954000000,734000000,613000000,715000000,177000000,204000000,194000000,128300000,170000000,88300000,56700000,60500000,0.0,0.0,0.0,0.0,0.0
longTermInvestments,1538000000,1441000000,1237000000,1222000000,1156000000,946000000,975000000,981000000,931000000,897000000,838000000,734000000,574000000,588000000,0.0,0.0,278000000,0.0,0.0,0.0,0.0,0.0,0.0,0.0,0.0,0.0,0.0,0.0,0.0,0.0,0.0,0.0,0.0,0.0,0.0,0.0,0.0
taxAssets,0.0,479000000,0.0,0.0,0.0,0.0,0.0,0.0,0.0,0.0,0.0,203000000,436000000,491000000,271000000,433000000,500000000,689000000,663000000,640000000,0.0,0.0,0.0,0.0,0.0,0.0,0.0,0.0,0.0,0.0,0.0,0.0,0.0,0.0,0.0,0.0,0.0
otherNonCurrentAssets,3254000000,1858000000,2579000000,1891000000,2009000000,1746000000,1657000000,1232000000,1184000000,946000000,885000000,546000000,325000000,301000000,926000000,486000000,176000000,469000000,550000000,471000000,341000000,338000000,274000000,280000000,346000000,326000000,326000000,190100000,190700000,217900000,123700000,113600000,166100000,125900000,220700000,201600000,140600000
totalNonCurrentAssets,11401000000,10727000000,10350000000,9244000000,9147000000,7304000000,7187000000,6721000000,6089000000,5381000000,4577000000,4113000000,3813000000,3806000000,3380000000,2977000000,2969000000,3254000000,2996000000,2855000000,2700000000,2670000000,2517000000,2666000000,2055000000,1816000000,1668000000,1408300000,1318900000,1234900000,1133400000,1095300000,1056200000,1037100000,1130400000,1042200000,842600000
otherAssets,0.0,0.0,0.0,0.0,0.0,0.0,0.0,0.0,0.0,0.0,0.0,0.0,0.0,0.0,0.0,0.0,0.0,0.0,0.0,0.0,0.0,0.0,0.0,0.0,0.0,0.0,0.0,0.0,0.0,0.0,0.0,0.0,0.0,0.0,0.0,0.0,0.0
totalAssets,23710000000,22624000000,19737000000,19062000000,18075000000,15011000000,15134000000,15776000000,14728000000,12548000000,11668000000,10402000000,8816000000,8519000000,8195000000,7465000000,6885000000,6527000000,5126000000,4837000000,4335000000,4500000000,4697000000,4542000000,3765000000,3369000000,3056000000,2706300000,2390600000,2230500000,2041200000,2086300000,2030800000,2064000000,2019400000,1989900000,1705100000
accountPayables,3021000000,2820000000,2534000000,2822000000,2579000000,1854000000,1706000000,1881000000,1557000000,1339000000,1546000000,1362000000,957000000,1009000000,1263000000,1104000000,904000000,823000000,557000000,427000000,366000000,388000000,411000000,340000000,386000000,380000000,376000000,321900000,267500000,255300000,243000000,223100000,239700000,0.0,0.0,0.0,0.0
shortTermDebt,580000000,682000000,922000000,879000000,418000000,288000000,63000000,109000000,68000000,77000000,28000000,82000000,37000000,69000000,119000000,164000000,154000000,346000000,49000000,138000000,9000000.0,8000000.0,10000000,26000000,42000000,39000000,42000000,36900000,46000000,75600000,39300000,46000000,93000000,98700000,71600000,125600000,60800000
taxPayables,0.0,338000000,280000000,293000000,0.0,0.0,0.0,70000000,99000000,173000000,282000000,202000000,94000000,0.0,0.0,0.0,0.0,0.0,0.0,0.0,0.0,0.0,0.0,0.0,0.0,0.0,0.0,0.0,0.0,0.0,0.0,0.0,0.0,0.0,0.0,0.0,0.0
deferredRevenue,855000000,691000000,533000000,498000000,500000000,468000000,403000000,401000000,285000000,215000000,208000000,182000000,128000000,0.0,110000000,0.0,0.0,0.0,0.0,0.0,0.0,0.0,0.0,0.0,0.0,0.0,0.0,0.0,0.0,0.0,0.0,0.0,0.0,0.0,0.0,0.0,0.0
otherCurrentLiabilities,2628000000,2142000000,2271000000,2185000000,2180000000,1715000000,1631000000,1630000000,1458000000,1505000000,1875000000,1634000000,1310000000,1561000000,1219000000,1131000000,1160000000,1028000000,785000000,764000000,595000000,827000000,893000000,705000000,627000000,602000000,635000000,481200000,386800000,393300000,406300000,458500000,417700000,622200000,578200000,537100000,462000000
totalCurrentLiabilities,7084000000,6335000000,6260000000,6384000000,5677000000,4325000000,3803000000,4021000000,3368000000,3136000000,3657000000,3260000000,2432000000,2639000000,2711000000,2399000000,2218000000,2197000000,1391000000,1329000000,970000000,1223000000,1314000000,1071000000,1055000000,1021000000,1053000000,840000000,700300000,724200000,688600000,727600000,750400000,720900000,649800000,662700000,522800000
longTermDebt,3579000000,3935000000,1576000000,1597000000,1588000000,1568000000,1576000000,1589000000,1672000000,698000000,658000000,709000000,637000000,629000000,555000000,647000000,1213000000,1299000000,1380000000,999000000,915000000,1032000000,1092000000,1137000000,522000000,283000000,117000000,154900000,189600000,341700000,371400000,338600000,406400000,408800000,332600000,319900000,234000000
deferredRevenueNonCurrent,850000000,840000000,821000000,658000000,604000000,589000000,583000000,513000000,414000000,368000000,885000000,803000000,760000000,745000000,0.0,0.0,0.0,0.0,0.0,0.0,0.0,0.0,0.0,0.0,0.0,0.0,0.0,0.0,0.0,0.0,0.0,0.0,0.0,0.0,0.0,0.0,0.0
deferredTaxLiabilitiesNonCurrent,0.0,325000000,306000000,263000000,391000000,0.0,0.0,0.0,0.0,0.0,0.0,0.0,0.0,0.0,0.0,0.0,0.0,0.0,0.0,0.0,0.0,0.0,0.0,0.0,0.0,0.0,0.0,0.0,0.0,0.0,0.0,0.0,0.0,0.0,0.0,176300000,236700000
otherNonCurrentLiabilities,2796000000,2200000000,2309000000,1901000000,1651000000,1355000000,1422000000,1560000000,1404000000,1372000000,637000000,634000000,967000000,1026000000,1227000000,1363000000,1365000000,1422000000,1283000000,1576000000,1342000000,837000000,788000000,1000000000,713000000,753000000,703000000,638800000,679600000,657800000,287600000,286100000,185600000,347800000,344700000,175700000,0.0
totalNonCurrentLiabilities,7225000000,7300000000,5012000000,4419000000,4234000000,3512000000,3581000000,3662000000,3490000000,2438000000,2180000000,2146000000,2364000000,2400000000,1782000000,2010000000,2578000000,2721000000,2663000000,2575000000,2257000000,1869000000,1880000000,2137000000,1235000000,1036000000,820000000,793700000,869200000,999500000,659000000,624700000,592000000,756600000,677300000,671900000,470700000
otherLiabilities,0.0,0.0,0.0,0.0,0.0,0.0,0.0,0.0,0.0,0.0,0.0,0.0,0.0,0.0,0.0,0.0,0.0,0.0,0.0,0.0,0.0,0.0,0.0,0.0,0.0,0.0,0.0,0.0,0.0,0.0,0.0,0.0,0.0,0.0,0.0,0.0,0.0
capitalLeaseObligations,0,453000000,501000000,0.0,0.0,0.0,0.0,0.0,0.0,0.0,0.0,0.0,0.0,0.0,0,0,0.0,0,0.0,0.0,0,0,0,0,0,0,0,0,0,0,0,0,0,0,0,0,0
totalLiabilities,14309000000,13635000000,11272000000,10803000000,9911000000,7837000000,7384000000,7683000000,6858000000,5574000000,5837000000,5406000000,4796000000,5039000000,4493000000,4409000000,4796000000,4918000000,4054000000,3904000000,3227000000,3092000000,3194000000,3208000000,2290000000,2057000000,1873000000,1633700000,1569500000,1723700000,1347600000,1352300000,1342400000,1477500000,1327100000,1334600000,993500000
preferredStock,0,0.0,0.0,0.0,0.0,0.0,0.0,0.0,0.0,0.0,0.0,0.0,0.0,0.0,0,0,0.0,0,0.0,0.0,0,0,0,0,0,0,0,0,0,0,0,0,0,0,0,0,0
commonStock,2427000000,2404000000,2346000000,2271000000,2210000000,2153000000,2178000000,2139000000,2099000000,2058000000,2001000000,1909000000,1825000000,1732000000,551000000,137000000,121000000,121000000,121000000,121000000,121000000,122000000,121000000,120000000,120000000,110000000,110000000,109400000,0.0,0.0,0.0,0.0,0.0,0.0,0.0,0.0,0.0
retainedEarnings,16741000000,15419000000,14416000000,12917000000,11464000000,11040000000,10322000000,9545000000,8406000000,7343000000,6038000000,4445000000,3575000000,3288000000,2660000000,2009000000,1360000000,866000000,569000000,569000000,567000000,718000000,760000000,648000000,713000000,535000000,406000000,232200000,4100000.0,-146100000,48000000,82000000,265300000,304700000,399600000,417900000,547900000
accumulatedOtherComprehensiveIncomeLoss,-1571000000,-1982000000,-2028000000,-1807000000,-1503000000,-1821000000,-1348000000,-1078000000,-784000000,-950000000,-938000000,-720000000,-896000000,-1075000000,-377000000,-632000000,-717000000,-665000000,-629000000,-684000000,-1603000000,-1598000000,-1490000000,-1424000000,-1434000000,-1375000000,-1327000000,-1279200000,-1222300000,-1193600000,-1157000000,-1106100000,-982900000,-901800000,-805600000,-667900000,-569800000
othertotalStockholdersEquity,0.0,-7779000000,-7227000000,-6033000000,-4912000000,-4497000000,-3746000000,-2857000000,-2211000000,-1848000000,-1609000000,-964000000,-731000000,-715000000,0.0,0.0,1100000000,0.0,888000000,835000000,2023000000,2166000000,2112000000,1990000000,2076000000,2042000000,1994000000,2010200000,2039300000,1846500000,1802600000,1758100000,1406000000,1183600000,1098300000,905300000,733500000
totalStockholdersEquity,8474000000,8062000000,7507000000,7348000000,7259000000,6875000000,7406000000,7749000000,7510000000,6603000000,5492000000,4670000000,3773000000,3230000000,3409000000,2802000000,1864000000,1401000000,949000000,841000000,1108000000,1408000000,1503000000,1334000000,1475000000,1312000000,1183000000,1072600000,821100000,506800000,693600000,734000000,688400000,586500000,692300000,655300000,711600000
totalLiabilitiesAndStockholdersEquity,22783000000,21697000000,18779000000,18151000000,17170000000,14712000000,14790000000,15432000000,14368000000,12177000000,11329000000,10076000000,8569000000,8269000000,7902000000,7211000000,6660000000,6319000000,5003000000,4745000000,4335000000,4500000000,4697000000,4542000000,3765000000,3369000000,3056000000,2706300000,2390600000,2230500000,2041200000,2086300000,2030800000,2064000000,2019400000,1989900000,1705100000
minorityInterest,927000000,927000000,958000000,911000000,905000000,299000000,344000000,344000000,360000000,371000000,339000000,326000000,247000000,250000000,293000000,254000000,225000000,208000000,123000000,92000000,0,0,0,0,0,0,0,0,0,0,0,0,0,0,0,0,0
totalEquity,9401000000,8989000000,8465000000,8259000000,8164000000,7174000000,7750000000,8093000000,7870000000,6974000000,5831000000,4996000000,4020000000,3480000000,3702000000,3056000000,2089000000,1609000000,1072000000,933000000,1108000000,1408000000,1503000000,1334000000,1475000000,1312000000,1183000000,1072600000,821100000,506800000,693600000,734000000,688400000,586500000,692300000,655300000,711600000
totalLiabilitiesAndTotalEquity,23710000000,22624000000,19737000000,19062000000,18075000000,15011000000,15134000000,15776000000,14728000000,12548000000,11668000000,10402000000,8816000000,8519000000,8195000000,7465000000,6885000000,6527000000,5126000000,4837000000,4335000000,4500000000,4697000000,4542000000,3765000000,3369000000,3056000000,2706300000,2390600000,2230500000,2041200000,2086300000,2030800000,2064000000,2019400000,1989900000,1705100000
totalInvestments,2133000000,1902000000,1578000000,1444000000,1354000000,1206000000,1075000000,1074000000,1081000000,1144000000,1115000000,1073000000,764000000,665000000,0.0,0.0,339000000,0.0,0.0,0.0,0.0,0.0,0.0,0.0,0.0,0.0,0.0,0.0,0.0,0.0,0.0,0.0,0.0,0.0,0.0,0.0,0.0
totalDebt,4159000000,4617000000,2498000000,2476000000,2006000000,1856000000,1639000000,1698000000,1740000000,775000000,686000000,791000000,674000000,698000000,674000000,811000000,1367000000,1645000000,1429000000,1137000000,924000000,1040000000,1102000000,1163000000,564000000,322000000,159000000,191800000,235600000,417300000,410700000,384600000,499400000,507500000,404200000,445500000,294800000
netDebt,1567000000,1216000000,1369000000,1173000000,637000000,736000000,-72000000,-603000000,-959000000,-594000000,-798000000,-232000000,-256000000,272000000,97000000,-29000000,588000000,1034000000,1321000000,913000000,832000000,978000000,1028000000,1125000000,515000000,214000000,99000000,44900000,158300000,363100000,359200000,304600000,426200000,448200000,327400000,283400000,127300000
link,https://www.sec.gov/Archives/edgar/data/26172/000002617222000008/0000026172-22-000008-index.htm,https://www.sec.gov/Archives/edgar/data/26172/000002617221000012/0000026172-21-000012-index.htm,https://www.sec.gov/Archives/edgar/data/26172/000002617220000009/0000026172-20-000009-index.htm,https://www.sec.gov/Archives/edgar/data/26172/000002617219000009/0000026172-19-000009-index.htm,https://www.sec.gov/Archives/edgar/data/26172/000002617218000011/0000026172-18-000011-index.htm,https://www.sec.gov/Archives/edgar/data/26172/000002617217000007/0000026172-17-000007-index.htm,https://www.sec.gov/Archives/edgar/data/26172/000002617216000033/0000026172-16-000033-index.htm,https://www.sec.gov/Archives/edgar/data/26172/000002617215000007/0000026172-15-000007-index.htm,https://www.sec.gov/Archives/edgar/data/26172/000002617214000008/0000026172-14-000008-index.htm,https://www.sec.gov/Archives/edgar/data/26172/000104746913001297/0001047469-13-001297-index.htm,https://www.sec.gov/Archives/edgar/data/26172/000104746912001182/0001047469-12-001182-index.htm,https://www.sec.gov/Archives/edgar/data/26172/000104746911001252/0001047469-11-001252-index.htm,https://www.sec.gov/Archives/edgar/data/26172/000104746910001435/0001047469-10-001435-index.htm,https://www.sec.gov/Archives/edgar/data/26172/000104746909001963/0001047469-09-001963-index.htm,,,https://www.sec.gov/Archives/edgar/data/26172/000110465906012743/0001104659-06-012743-index.htm,,https://www.sec.gov/Archives/edgar/data/26172/000104746904005705/0001047469-04-005705-index.htm,https://www.sec.gov/Archives/edgar/data/26172/000104746903026015/0001047469-03-026015-index.htm,https://www.sec.gov/Archives/edgar/data/26172/000002617202000002/0000026172-02-000002-index.htm,https://www.sec.gov/Archives/edgar/data/26172/000002617201000002/0000026172-01-000002-index.html,,https://www.sec.gov/Archives/edgar/data/26172/000002617299000002/0000026172-99-000002-index.html,https://www.sec.gov/Archives/edgar/data/26172/000002617298000004/0000026172-98-000004-index.html,https://www.sec.gov/Archives/edgar/data/26172/000002617297000003/0000026172-97-000003-index.html,https://www.sec.gov/Archives/edgar/data/26172/000002617296000002/0000026172-96-000002-index.html,https://www.sec.gov/Archives/edgar/data/26172/000002617295000002/0000026172-95-000002-index.html,,,,,,,,,
finalLink,https://www.sec.gov/Archives/edgar/data/26172/000002617222000008/cmi-20211231.htm,https://www.sec.gov/Archives/edgar/data/26172/000002617221000012/cmi-20201231.htm,https://www.sec.gov/Archives/edgar/data/26172/000002617220000009/cmi201910-kdocument.htm,https://www.sec.gov/Archives/edgar/data/26172/000002617219000009/cmi201810-kdocument.htm,https://www.sec.gov/Archives/edgar/data/26172/000002617218000011/cmi2017final10-kdocume.htm,https://www.sec.gov/Archives/edgar/data/26172/000002617217000007/cmi2016final10-kdocument.htm,https://www.sec.gov/Archives/edgar/data/26172/000002617216000033/cmi2015final10-kdocument.htm,https://www.sec.gov/Archives/edgar/data/26172/000002617215000007/cmi2014currentq410-kdocume.htm,https://www.sec.gov/Archives/edgar/data/26172/000002617214000008/cmi1231201310k.htm,https://www.sec.gov/Archives/edgar/data/26172/000104746913001297/a2212392z10-k.htm,https://www.sec.gov/Archives/edgar/data/26172/000104746912001182/a2206691z10-k.htm,https://www.sec.gov/Archives/edgar/data/26172/000104746911001252/a2201977z10-k.htm,https://www.sec.gov/Archives/edgar/data/26172/000104746910001435/a2196405z10-k.htm,https://www.sec.gov/Archives/edgar/data/26172/000104746909001963/a2190162z10-k.htm,,,https://www.sec.gov/Archives/edgar/data/26172/000110465906012743/a06-2254_110k.htm,,https://www.sec.gov/Archives/edgar/data/26172/000104746904005705/a2129493z10-k.htm,https://www.sec.gov/Archives/edgar/data/26172/000104746903026015/a2115757z10-k.htm,https://www.sec.gov/Archives/edgar/data/26172/000002617202000002/final10k.htm,https://www.sec.gov/Archives/edgar/data/26172/000002617201000002/0000026172-01-000002-0001.txt,,https://www.sec.gov/Archives/edgar/data/26172/0000026172-99-000002.txt,https://www.sec.gov/Archives/edgar/data/26172/0000026172-98-000004.txt,https://www.sec.gov/Archives/edgar/data/26172/0000026172-97-000003.txt,https://www.sec.gov/Archives/edgar/data/26172/0000026172-96-000002.txt,https://www.sec.gov/Archives/edgar/data/26172/0000026172-95-000002.txt,,,,,,,,,
