,2021,2020,2019,2018,2017,2016,2015,2014,2013,2012,2011,2010,2009,2008,2007,2006,2005,2004,2003,2002,2001,2000,1999,1998,1997,1996,1995,1994,1993,1992,1991,1990,1989,1988,1987,1986,1985
reportedCurrency,USD,USD,USD,USD,USD,USD,USD,USD,USD,USD,USD,USD,USD,USD,USD,USD,USD,USD,USD,USD,USD,USD,USD,USD,USD,USD,USD,USD,USD,USD,USD,USD,USD,USD,USD,USD,USD
cik,0000026172,0000026172,0000026172,0000026172,0000026172,0000026172,0000026172,0000026172,0000026172,0000026172,0000026172,0000026172,0000026172,0000026172,0000026172,0000026172,0000026172,0000026172,0000026172,0000026172,0000026172,0000026172,0000026172,0000026172,0000026172,0000026172,0000026172,0000026172,0000026172,0000026172,0000026172,0000026172,0000026172,0000026172,0000026172,0000026172,0000026172
fillingDate,2022-02-08,2021-02-10,2020-02-11,2019-02-11,2018-02-14,2017-02-13,2016-02-12,2015-02-17,2014-02-18,2013-02-20,2012-02-21,2011-02-24,2010-02-26,2009-02-27,2007-12-31,2006-12-31,2006-02-28,2004-12-31,2004-02-26,2003-08-04,2002-02-28,2001-03-13,1999-12-31,1999-03-09,1998-03-04,1997-03-04,1996-03-05,1995-03-10,1993-12-31,1992-12-31,1991-12-31,1990-12-31,1989-12-31,1988-12-31,1987-12-31,1986-12-31,1985-12-31
acceptedDate,2022-02-08 10:23:15,2021-02-10 10:48:44,2020-02-11 13:46:32,2019-02-11 17:06:33,2018-02-14 15:35:05,2017-02-13 14:08:52,2016-02-12 16:56:03,2015-02-17 13:19:48,2014-02-18 14:43:01,2013-02-20 10:57:47,2012-02-21 06:02:55,2011-02-24 12:32:07,2010-02-25 18:45:41,2009-02-27 13:42:23,2007-12-31,2006-12-31,2006-02-28 17:28:04,2004-12-31,2004-02-26 13:08:05,2003-08-04 06:13:27,2002-02-28 00:00:00,2001-03-13 00:00:00,1999-12-31,1999-03-09 00:00:00,1998-03-04 00:00:00,1997-03-04 00:00:00,1996-03-05 00:00:00,1995-03-10 00:00:00,1993-12-31,1992-12-31,1991-12-31,1990-12-31,1989-12-31,1988-12-31,1987-12-31,1986-12-31,1985-12-31
calendarYear,2021,2020,2019,2018,2017,2016,2015,2014,2013,2012,2011,2010,2009,2008,2007,2006,2005,2004,2003,2002,2001,2000,1999,1998,1997,1996,1995,1994,1993,1992,1991,1990,1989,1988,1987,1986,1985
period,FY,FY,FY,FY,FY,FY,FY,FY,FY,FY,FY,FY,FY,FY,FY,FY,FY,FY,FY,FY,FY,FY,FY,FY,FY,FY,FY,FY,FY,FY,FY,FY,FY,FY,FY,FY,FY
revenue,24021000000,19811000000,23571000000,23771000000,20428000000,17509000000,19110000000,19221000000,17301000000,17334000000,18048000000,13226000000,10800000000,14342000000,13048000000,11362000000,9918000000,8438000000,6296000000,5853000000,5681000000,6597000000,6639000000,6266000000,5625000000,5257000000,5245000000,4737200000,4247900000,3749200000,3405500000,3461800000,3510800000,3310100000,2767400000,2303700000,2146300000
costOfRevenue,18326000000,14917000000,17591000000,18034000000,15338000000,13057000000,14163000000,14360000000,12918000000,12826000000,13459000000,10058000000,8631000000,11402000000,10492000000,8767000000,7732000000,6758000000,5173000000,4808000000,4660000000,5338000000,5221000000,4925000000,4345000000,4072000000,3974000000,3550700000,3085900000,2784200000,2649500000,2713700000,2586900000,2422000000,1952000000,1607100000,1458500000
grossProfit,5695000000,4894000000,5980000000,5737000000,5090000000,4452000000,4947000000,4861000000,4383000000,4508000000,4589000000,3168000000,2169000000,2940000000,2556000000,2595000000,2186000000,1680000000,1123000000,1045000000,1021000000,1259000000,1418000000,1341000000,1280000000,1185000000,1271000000,1186500000,1162000000,965000000,756000000,748100000,923900000,888100000,815400000,696600000,687800000
grossProfitRatio,0.23708421797593773,0.2470344757962748,0.2537015824530143,0.24134449539354677,0.24916780888975915,0.25426923296590326,0.2588697017268446,0.25290047344050776,0.25333795734350617,0.2600669205030576,0.25426640070921985,0.2395282020263118,0.20083333333333334,0.2049923302189374,0.19589209074187616,0.22839288857595494,0.22040734018955435,0.19909931263332542,0.17836721728081323,0.17854091918674184,0.1797218799507129,0.19084432317720176,0.21358638349148967,0.21401212894988828,0.22755555555555557,0.22541373406886056,0.24232602478551002,0.25046440935573755,0.273546929070835,0.257388242825136,0.22199383350462487,0.21610145011265816,0.26315939387034293,0.26830005135796503,0.2946447929464479,0.3023831228024482,0.3204584634021339
researchAndDevelopmentExpenses,1090000000,906000000,1001000000,902000000,752000000,636000000,735000000,754000000,713000000,728000000,629000000,414000000,362000000,422000000,329000000,321000000,278000000,241000000,200000000,201000000,220000000,244000000,245000000,255000000,260000000,252000000,263000000,237700000,0.0,0.0,0.0,0.0,0.0,0.0,0.0,0.0,0.0
generalAndAdministrativeExpenses,0.0,0.0,0.0,0.0,0.0,0.0,0.0,0.0,0.0,0.0,0.0,0.0,0.0,0.0,0.0,0.0,0.0,0.0,0.0,0.0,728000000,776000000,781000000,787000000,744000000,725000000,692000000,641300000,788800000,712000000,619300000,631700000,733700000,695900000,617000000,585300000,497900000
sellingAndMarketingExpenses,0.0,0.0,0.0,0.0,0.0,0.0,0.0,0.0,0.0,0.0,0.0,0.0,0.0,0.0,0.0,0.0,0.0,0.0,0.0,0.0,0.0,0.0,0.0,0.0,0.0,0.0,0.0,0.0,0.0,0.0,0.0,0.0,0.0,0.0,0.0,0.0,0.0
sellingGeneralAndAdministrativeExpenses,2374000000,2125000000,2454000000,2437000000,2390000000,2046000000,2092000000,2095000000,1920000000,1900000000,1837000000,1487000000,1239000000,1450000000,1296000000,1283000000,1145000000,1015000000,830000000,736000000,728000000,776000000,781000000,787000000,744000000,725000000,692000000,641300000,788800000,712000000,619300000,631700000,733700000,695900000,617000000,585300000,497900000
otherExpenses,31000000,16000000,12000000,-11000000,-49000000,-11000000,62000000,-9000000.0,-5000000.0,-6000000.0,0.0,0.0,213000000,-241000000,-227000000,-140000000,0.0,0.0,0.0,0.0,0.0,0.0,0.0,0.0,0.0,0.0,0.0,0.0,125100000,122500000,127200000,143400000,135000000,131800000,119400000,106600000,79200000
operatingExpenses,3495000000,3047000000,3467000000,3328000000,3093000000,2671000000,2889000000,2840000000,2628000000,2622000000,2466000000,1901000000,1814000000,1631000000,1398000000,1464000000,1423000000,1256000000,1030000000,937000000,948000000,1020000000,1026000000,1042000000,1004000000,977000000,955000000,879000000,913900000,834500000,746500000,775100000,868700000,827700000,736400000,691900000,577100000
costAndExpenses,21821000000,17964000000,21058000000,21362000000,18431000000,15728000000,17052000000,17200000000,15546000000,15448000000,15925000000,11959000000,10445000000,13033000000,11890000000,10231000000,9155000000,8014000000,6203000000,5745000000,5608000000,6358000000,6247000000,5967000000,5349000000,5049000000,4929000000,4429700000,3999800000,3618700000,3396000000,3488800000,3455600000,3249700000,2688400000,2299000000,2035600000
interestIncome,0,95000000,105000000,93000000,67000000,64000000,66000000,63000000,63000000,25000000,34000000,21000000,8000000.0,18000000,0,0,0.0,0,0.0,0.0,0.0,0.0,0.0,0.0,0.0,0.0,0.0,0.0,0.0,0.0,0.0,0.0,0.0,0.0,0.0,0.0,0.0
interestExpense,111000000,100000000,109000000,114000000,81000000,69000000,65000000,64000000,41000000,32000000,44000000,40000000,35000000,42000000,0.0,0.0,0.0,0.0,0.0,0.0,0.0,0.0,0.0,0.0,0.0,0.0,0.0,0.0,0.0,0.0,0.0,0.0,0.0,0.0,0.0,0.0,0.0
depreciationAndAmortization,0.0,673000000,672000000,611000000,583000000,530000000,514000000,455000000,407000000,361000000,325000000,320000000,326000000,314000000,290000000,296000000,294000000,266000000,216000000,219000000,231000000,240000000,233000000,199000000,158000000,149000000,143000000,127700000,125100000,122500000,127200000,143400000,135000000,131800000,119400000,106600000,79200000
ebitda,2829000000,3089000000,3607000000,3432000000,3034000000,2467000000,2533000000,2868000000,2462000000,2571000000,2942000000,1877000000,945000000,1471000000,1410000000,1335000000,1060000000,672000000,278000000,263000000,87000000,229000000,448000000,182000000,444000000,363000000,320000000,421100000,324500000,-58100000,78500000,3300000.0,151100000,81900000,148900000,-53200000,140200000
ebitdaratio,0.11777194954414887,0.15592347685629196,0.15302702473378305,0.14437760296159186,0.14852163696886625,0.14089896624593065,0.1325484039769754,0.14921179959419384,0.14230391306860876,0.14832121841467635,0.16300975177304963,0.14191743535460458,0.0875,0.10256589039185608,0.10806253832004906,0.11749691955641613,0.1068763863682194,0.07963972505333017,0.044155019059720454,0.04493422176661541,0.01531420524555536,0.034712748218887375,0.06748004217502636,0.029045643153526972,0.07893333333333333,0.06905078942362564,0.061010486177311724,0.08889217259140421,0.07639068716306881,-0.01549663928304705,0.023050946997504037,0.0009532613091455312,0.04303862367551555,0.02474245491072777,0.05380501553805016,-0.023093284715891827,0.06532171644224945
operatingIncome,2706000000,2269000000,2700000000,2786000000,2365000000,1928000000,2057000000,2365000000,2101000000,2254000000,2681000000,1602000000,682000000,1272000000,1158000000,1131000000,763000000,424000000,93000000,116000000,-52000000,79000000,332000000,82000000,276000000,208000000,198000000,307500000,248100000,130500000,9500000.0,-27000000,55200000,60400000,79000000,4700000.0,110700000
operatingIncomeRatio,0.1126514299987511,0.11453233052344657,0.1145475372279496,0.11720163224096589,0.11577246915997651,0.11011479810383232,0.1076399790685505,0.12304250559284116,0.12143806716374776,0.1300334602515288,0.14854831560283688,0.12112505670648722,0.06314814814814815,0.08869055919676475,0.08874923359901901,0.09954233409610984,0.07693083282919944,0.050248874140791655,0.0147712833545108,0.019818896292499572,-0.009153318077803204,0.011975140215249355,0.050007531254707034,0.013086498563676987,0.04906666666666667,0.03956629256229789,0.03775023832221163,0.06491176222240987,0.058405329692318556,0.03480742558412461,0.002789605050653355,-0.00779941071119071,0.015722912156773385,0.018247182864566024,0.028546650285466504,0.0020401962061032254,0.0515771327400643
totalOtherIncomeExpensesNet,45000000,69000000,134000000,-33000000,0.0,2000000.0,-32000000,69000000,18000000,17000000,-10000000,15000000,-42000000,-94000000,11000000,-48000000,35000000,8000000.0,-27000000,-75000000,-66000000,-76000000,-111000000,-88000000,10000000,6000000.0,-21000000,-14100000,-43200000,-54500000,-58200000,-113100000,-39100000,-110300000,-49500000,-164500000,-49700000
incomeBeforeTax,2751000000,2338000000,2834000000,2753000000,2365000000,1930000000,2025000000,2434000000,2119000000,2271000000,2671000000,1617000000,640000000,1178000000,1169000000,1083000000,798000000,432000000,66000000,41000000,-118000000,3000000.0,221000000,-6000000.0,286000000,214000000,177000000,293400000,204900000,76000000,-48700000,-140100000,16100000,-49900000,29500000,-159800000,61000000
incomeBeforeTaxRatio,0.11452479080804297,0.11801524405633235,0.12023248907555895,0.11581338605864289,0.11577246915997651,0.11022902507281969,0.10596546310832025,0.1266323292232454,0.1224784694526328,0.1310141917618553,0.1479942375886525,0.12225918645092998,0.05925925925925926,0.08213638265234974,0.0895922746781116,0.09531772575250837,0.08045977011494253,0.051196966105712255,0.01048284625158831,0.007004954724073125,-0.02077099102270727,0.00045475216007276033,0.03328814580509113,-0.000957548675390999,0.05084444444444444,0.04070762792467186,0.03374642516682555,0.061935320442455456,0.048235598766449304,0.020270991144777553,-0.01430039641755983,-0.04047027557917846,0.0045858493790589035,-0.015075073260626567,0.01065982510659825,-0.06936667100750966,0.028421003587569306
incomeTaxExpense,587000000,527000000,566000000,566000000,1371000000,474000000,555000000,698000000,531000000,533000000,725000000,477000000,156000000,360000000,381000000,324000000,216000000,56000000,12000000,-38000000,-42000000,-19000000,55000000,4000000.0,74000000,54000000,-47000000,40500000,22300000,8900000.0,16900000,25000000,22200000,13500000,15600000,-52500000,10600000
netIncome,2131000000,1789000000,2260000000,2141000000,999000000,1394000000,1399000000,1651000000,1483000000,1645000000,1848000000,1040000000,428000000,755000000,739000000,715000000,550000000,350000000,50000000,82000000,-102000000,8000000.0,160000000,-21000000,212000000,160000000,224000000,252900000,177100000,-189500000,-65600000,-165100000,-6100000.0,-63400000,13900000,-107300000,50400000
netIncomeRatio,0.08871404188002165,0.09030336681641513,0.09588053116117262,0.09006772958647091,0.048903465831212065,0.0796161973842024,0.07320774463631606,0.08589563498257115,0.08571758857869487,0.09490019614630206,0.1023936170212766,0.07863299561469832,0.03962962962962963,0.05264258820248222,0.05663703249540159,0.06292906178489703,0.05545472877596289,0.041479023465276134,0.007941550190597205,0.01400990944814625,-0.017954585460306285,0.0012126724268606943,0.024100015062509413,-0.0033514203638684965,0.03768888888888889,0.03043560966330607,0.04270734032411821,0.05338596639365026,0.04169118858730196,-0.05054411607809666,-0.019262956981353694,-0.047691952163614305,-0.0017374957274695227,-0.019153499894263012,0.00502276505022765,-0.04657724530103746,0.02348227181661464
eps,14.379217273954117,12.07,14.54,13.2,5.99,8.25,7.86,9.04,7.93,8.69,9.58,5.29,2.17,3.87,3.72,3.755,3.1075,2.075,0.32,0.5325,-0.665,0.05,1.04,-0.1375,1.3875,1.0025,1.38,1.5275,1.1975,-1.5025,-0.62,-1.81,-0.19,-0.84,0.07,-1.3075,0.66
epsdiluted,14.379217273954117,12.01,14.48,13.15,5.97,8.23,7.84,9.02,7.91,8.67,9.55,5.28,2.16,3.84,3.7,3.5525,2.7525,1.8475,0.3175,0.5325,-0.665,0.05,1.0325,-0.1375,1.37,1.0025,1.38,1.5275,1.1575,-1.5025,-0.62,-1.81,-0.19,-0.84,0.07,-1.3075,0.6525
weightedAverageShsOut,143500000,148200000,155400000,162200000,166600000,169000000,178000000,182700000,187000000,189300000,193000000,196700000,197400000,194958370,198655914,190412783,176991150,168674699,157200000,153990610,153383459,160000000,153846154,152727273,152792793,159600998,162318841,165564648,141210856,131447587,118709677,98784530,83684211,85000000,82857143,82065010,76363636
weightedAverageShsOutDil,144700000,149000000,156100000,162800000,167300000,169300000,178400000,183100000,187400000,189700000,193600000,197100000,197700000,196530548,199729730,201266714,199818347,189445196,158000000,153990610,153383459,160000000,154963680,152727273,154744526,160000000,162318841,165564648,146090713,131447587,118709677,98784530,83684211,85000000,82857143,82065010,77241379
link,https://www.sec.gov/Archives/edgar/data/26172/000002617222000008/0000026172-22-000008-index.htm,https://www.sec.gov/Archives/edgar/data/26172/000002617221000012/0000026172-21-000012-index.htm,https://www.sec.gov/Archives/edgar/data/26172/000002617220000009/0000026172-20-000009-index.htm,https://www.sec.gov/Archives/edgar/data/26172/000002617219000009/0000026172-19-000009-index.htm,https://www.sec.gov/Archives/edgar/data/26172/000002617218000011/0000026172-18-000011-index.htm,https://www.sec.gov/Archives/edgar/data/26172/000002617217000007/0000026172-17-000007-index.htm,https://www.sec.gov/Archives/edgar/data/26172/000002617216000033/0000026172-16-000033-index.htm,https://www.sec.gov/Archives/edgar/data/26172/000002617215000007/0000026172-15-000007-index.htm,https://www.sec.gov/Archives/edgar/data/26172/000002617214000008/0000026172-14-000008-index.htm,https://www.sec.gov/Archives/edgar/data/26172/000104746913001297/0001047469-13-001297-index.htm,https://www.sec.gov/Archives/edgar/data/26172/000104746912001182/0001047469-12-001182-index.htm,https://www.sec.gov/Archives/edgar/data/26172/000104746911001252/0001047469-11-001252-index.htm,https://www.sec.gov/Archives/edgar/data/26172/000104746910001435/0001047469-10-001435-index.htm,https://www.sec.gov/Archives/edgar/data/26172/000104746909001963/0001047469-09-001963-index.htm,,,https://www.sec.gov/Archives/edgar/data/26172/000110465906012743/0001104659-06-012743-index.htm,,https://www.sec.gov/Archives/edgar/data/26172/000104746904005705/0001047469-04-005705-index.htm,https://www.sec.gov/Archives/edgar/data/26172/000104746903026015/0001047469-03-026015-index.htm,https://www.sec.gov/Archives/edgar/data/26172/000002617202000002/0000026172-02-000002-index.htm,https://www.sec.gov/Archives/edgar/data/26172/000002617201000002/0000026172-01-000002-index.html,,https://www.sec.gov/Archives/edgar/data/26172/000002617299000002/0000026172-99-000002-index.html,https://www.sec.gov/Archives/edgar/data/26172/000002617298000004/0000026172-98-000004-index.html,https://www.sec.gov/Archives/edgar/data/26172/000002617297000003/0000026172-97-000003-index.html,https://www.sec.gov/Archives/edgar/data/26172/000002617296000002/0000026172-96-000002-index.html,https://www.sec.gov/Archives/edgar/data/26172/000002617295000002/0000026172-95-000002-index.html,,,,,,,,,
finalLink,https://www.sec.gov/Archives/edgar/data/26172/000002617222000008/cmi-20211231.htm,https://www.sec.gov/Archives/edgar/data/26172/000002617221000012/cmi-20201231.htm,https://www.sec.gov/Archives/edgar/data/26172/000002617220000009/cmi201910-kdocument.htm,https://www.sec.gov/Archives/edgar/data/26172/000002617219000009/cmi201810-kdocument.htm,https://www.sec.gov/Archives/edgar/data/26172/000002617218000011/cmi2017final10-kdocume.htm,https://www.sec.gov/Archives/edgar/data/26172/000002617217000007/cmi2016final10-kdocument.htm,https://www.sec.gov/Archives/edgar/data/26172/000002617216000033/cmi2015final10-kdocument.htm,https://www.sec.gov/Archives/edgar/data/26172/000002617215000007/cmi2014currentq410-kdocume.htm,https://www.sec.gov/Archives/edgar/data/26172/000002617214000008/cmi1231201310k.htm,https://www.sec.gov/Archives/edgar/data/26172/000104746913001297/a2212392z10-k.htm,https://www.sec.gov/Archives/edgar/data/26172/000104746912001182/a2206691z10-k.htm,https://www.sec.gov/Archives/edgar/data/26172/000104746911001252/a2201977z10-k.htm,https://www.sec.gov/Archives/edgar/data/26172/000104746910001435/a2196405z10-k.htm,https://www.sec.gov/Archives/edgar/data/26172/000104746909001963/a2190162z10-k.htm,,,https://www.sec.gov/Archives/edgar/data/26172/000110465906012743/a06-2254_110k.htm,,https://www.sec.gov/Archives/edgar/data/26172/000104746904005705/a2129493z10-k.htm,https://www.sec.gov/Archives/edgar/data/26172/000104746903026015/a2115757z10-k.htm,https://www.sec.gov/Archives/edgar/data/26172/000002617202000002/final10k.htm,https://www.sec.gov/Archives/edgar/data/26172/000002617201000002/0000026172-01-000002-0001.txt,,https://www.sec.gov/Archives/edgar/data/26172/0000026172-99-000002.txt,https://www.sec.gov/Archives/edgar/data/26172/0000026172-98-000004.txt,https://www.sec.gov/Archives/edgar/data/26172/0000026172-97-000003.txt,https://www.sec.gov/Archives/edgar/data/26172/0000026172-96-000002.txt,https://www.sec.gov/Archives/edgar/data/26172/0000026172-95-000002.txt,,,,,,,,,
