,2021,2020,2019,2018,2017,2016,2015,2014,2013,2012,2011,2010,2009,2008,2007,2006,2005,2004,2003,2002,2001,2000,1999,1998,1997,1996,1995,1994,1993,1992,1990,1989,1988
reportedCurrency,USD,USD,USD,USD,USD,USD,USD,USD,USD,USD,USD,USD,USD,USD,USD,USD,USD,USD,USD,USD,USD,USD,USD,USD,USD,USD,USD,USD,USD,USD,USD,USD,USD
cik,0001590895,0001590895,0001590895,0001590895,0001590895,0001590895,0001590895,0001590895,0001590895,0001590895,0001590895,0001590895,0001590895,0001590895,0001590895,0001590895,0001590895,0001590895,0001590895,0001590895,0001590895,0001590895,0001590895,0001590895,0001590895,0001590895,0001590895,0001590895,0001590895,0001590895,0001590895,0001590895,0001590895
fillingDate,2022-02-24,2021-03-01,2020-02-25,2019-02-22,2018-03-08,2017-02-15,2016-02-29,2015-03-16,2014-03-17,2013-03-15,2012-03-15,2011-03-04,2010-03-09,2009-03-17,2008-02-29,2007-03-01,2006-03-14,2005-03-01,2004-03-05,2002-12-31,2001-12-31,2000-12-31,1999-12-31,1998-12-31,1997-12-31,1996-12-31,1995-12-31,1994-12-31,1993-12-31,1992-01-03,1990-12-28,1989-12-31,1988-12-31
acceptedDate,2022-02-23 20:49:16,2021-02-26 21:50:50,2020-02-25 17:14:44,2019-02-21 17:58:32,2018-03-07 18:40:34,2017-02-14 18:24:57,2016-02-26 18:25:21,2015-03-16 16:57:29,2014-03-17 17:12:56,2013-03-15 15:12:19,2012-03-14 21:52:43,2011-03-04 17:02:03,2010-03-09 17:16:21,2009-03-16 21:56:24,2008-02-29 17:23:38,2007-03-01 15:47:13,2006-03-13 19:21:59,2005-03-01 16:37:57,2004-03-04 19:31:41,2002-12-31,2001-12-31,2000-12-31,1999-12-31,1998-12-31,1997-12-31,1996-12-31,1995-12-31,1994-12-31,1993-12-31,1992-01-03,1990-12-28,1989-12-31,1988-12-31
calendarYear,2021,2020,2019,2018,2017,2016,2015,2014,2013,2012,2011,2010,2009,2008,2007,2006,2005,2004,2003,2002,2001,2000,1999,1998,1997,1996,1995,1994,1993,1991,1990,1989,1988
period,FY,FY,FY,FY,FY,FY,FY,FY,FY,FY,FY,FY,FY,FY,FY,FY,FY,FY,FY,FY,FY,FY,FY,FY,FY,FY,FY,FY,FY,FY,FY,FY,FY
netIncome,-1019000000,-1757000000,81001000,95235000,73940000,24802000,114183000,-14425000,18897000,-991000.0,-725000000,-831000000,828000000,-5197000000,619000000,536000000,236000000,368000000,293000000,235000000,209000000,-12000000,208000000,102000000,99000000,99000000,79000000,78000000,86000000,30000000,23000000,155000000,115000000
depreciationAndAmortization,1126000000,583000000,221525000,157429000,105891000,63449000,56921000,28643000,17031000,17651000,845900000,871700000,872000000,1132200000,905800000,711400000,523000000,347500000,319700000,304600000,327600000,282100000,218300000,159200000,122400000,102300000,95400000,86600000,70200000,88100000,82100000,75500000,65100000
deferredIncomeTax,-283000000,0.0,0.0,0.0,0.0,0.0,0.0,0.0,0.0,0.0,-501200000,-465700000,1541200000,-485700000,-35000000,73700000,-30100000,82400000,104300000,89900000,102500000,0.0,0.0,0.0,0.0,0.0,0.0,0.0,0.0,0.0,0.0,0.0,0.0
stockBasedCompensation,82000000,78000000,19719000,13084000,6322000.0,3341000.0,1488000.0,0.0,0.0,0.0,22200000,18000000,16000000,0.0,53000000,52000000,0.0,0.0,0.0,0.0,0.0,0.0,0.0,0.0,0.0,0.0,0.0,0.0,0.0,0.0,0.0,0.0,0.0
changeInWorkingCapital,298000000,4165803000,-254822000,139046000,32260000,-10756000,-15180000,11367000,-891718000,672000000,26000000,215000000,530000000,-411000000,484000000,-641000000,-2000000.0,-56000000,38000000,4000000.0,243000000,-311000000,69000000,45000000,4000000.0,10000000,110000000,-75000000,-28000000,-26000000,-36000000,-39000000,-7100000.0
accountsReceivables,-135000000,-70000000,4586000.0,6104000.0,-19110000,-4874000.0,2955000.0,358000.0,-454000.0,-213000.0,0.0,0.0,0.0,0.0,0.0,81000000,0.0,0.0,0.0,20000000,11000000,-1000000.0,-66000000,-11000000,-3000000.0,-3000000.0,-5000000.0,-1000000.0,21000000,1000000.0,-3000000.0,-9000000.0,0.0
inventory,0.0,0.0,0.0,596000.0,105000.0,687000.0,-71000.0,-12000.0,-264000.0,284000.0,0.0,0.0,0.0,0.0,0.0,0.0,0.0,0.0,0.0,6000000.0,-5000000.0,8000000.0,-16000000,-2000000.0,-2000000.0,1000000.0,-1000000.0,1000000.0,-1000000.0,0.0,-1000000.0,-1000000.0,0.0
accountsPayables,486000000,27000000,30904000,-18667000,-18165000,3183000.0,178000.0,1811000.0,400000.0,-1473000.0,0.0,0.0,0.0,0.0,0.0,0.0,0.0,0.0,0.0,12000000,-33000000,-8000000.0,-23000000,-13000000,18000000,-12000000,4000000.0,-40000000,36000000,3000000.0,25000000,-22000000,0.0
otherWorkingCapital,14000000,4082000000,-83803000,171019000,31973000,-287000.0,10469000,25649000,14282000,906000000,234000000,208000000,-7000000.0,-537000000,-126000000,-610000000,31000000,33000000,89000000,51000000,47000000,-196000000,115000000,46000000,1000000.0,-3000000.0,-13000000,-123000000,-48000000,-120000000,-94000000,-58000000,-19000000
otherNonCashItems,968000000,-3640803000,245103000,-81514000,-88172000,16734000,-100697000,8294000.0,879326000,-660294000,457700000,362800000,-3567000000,5496000000,-429100000,826800000,-135400000,124500000,-19100000,89700000,-157500000,588500000,-5200000.0,-8300000.0,29700000,74400000,-70700000,137700000,70000000,18700000,34100000,44900000,24000000
netCashProvidedByOperatingActivities,1172000000,-571000000,312526000,323280000,130241000,97570000,56715000,33879000,23536000,28366000,125600000,170800000,220200000,534500000,1597700000,1558900000,591500000,866400000,735900000,723200000,724600000,547600000,490100000,297900000,255100000,285700000,213700000,227300000,198200000,110800000,103200000,236400000,197000000
investmentsInPropertyPlantAndEquipment,-520000000,-163000000,-170766000,-147415000,-83522000,0.0,0.0,0.0,0.0,0.0,-283200000,-167800000,-464500000,-1307000000,-1376700000,-2511300000,-1149500000,-644400000,-383600000,-349100000,-506100000,-421400000,-340500000,-140400000,-229500000,-314500000,-186200000,-219100000,-219000000,-118300000,-174200000,-253600000,-154000000
acquisitionsNet,-899000000,-6029000000,-771000.0,-1113808000,-1344263000,-194000.0,-126026000,48110000,0.0,-7500000.0,-283000000,14000000,0.0,0.0,0.0,0.0,0.0,0.0,0.0,0.0,0.0,0.0,0.0,0.0,0.0,0.0,0.0,0.0,0.0,0.0,0.0,0.0,0.0
purchasesOfInvestments,0.0,0.0,0.0,-8008000.0,-604000.0,0.0,-1010000.0,0.0,0.0,-7500000.0,0.0,0.0,0.0,0.0,0.0,0.0,0.0,0.0,0.0,0.0,0.0,0.0,0.0,0.0,0.0,0.0,0.0,0.0,0.0,0.0,0.0,0.0,0.0
salesMaturitiesOfInvestments,239000000,25000000,4944000.0,0.0,0.0,0.0,0.0,0.0,0.0,0.0,0.0,0.0,0.0,0.0,0.0,0.0,0.0,0.0,0.0,0.0,0.0,0.0,0.0,0.0,0.0,0.0,0.0,0.0,0.0,0.0,0.0,0.0,0.0
otherInvestingActivites,-1743000000,-18000000,536133000,1002000.0,20614000,-40954000,-31718000,-9970000.0,-7560000.0,-6832000.0,-450800000,-134100000,-58800000,-17331300000,-547100000,262800000,-1162700000,-1487400000,-90800000,-141400000,-242400000,-298200000,156100000,-622800000,8500000.0,-69200000,-23000000,-112300000,-6800000.0,1200000.0,3500000.0,62500000,49500000
netCashUsedForInvestingActivites,-2923000000,-6185000000,369540000,-1268229000,-1407775000,-41148000,-158754000,38140000,-7560000.0,-21832000,-1017000000,-287900000,-523300000,-18638300000,-1923800000,-2248500000,-2312200000,-2131800000,-474400000,-490500000,-748500000,-719600000,-184400000,-763200000,-221000000,-383700000,-209200000,-331400000,-225800000,-117100000,-170700000,-191100000,-104500000
debtRepayment,-2349000000,-4645000000,-736000000,-70358000,-1149361000,-142024000,-768377000,-13750000,-5369000.0,-7352000.0,-43700000,0.0,0.0,0.0,0.0,0.0,0.0,0.0,0.0,0.0,0.0,0.0,0.0,0.0,0.0,0.0,0.0,0.0,0.0,0.0,0.0,0.0,0.0
commonStockIssued,3000000.0,2718000000,0.0,0.0,0.0,0.0,0.0,0.0,0.0,0.0,0.0,0.0,0.0,0.0,0.0,0.0,0.0,0.0,0.0,0.0,0.0,0.0,0.0,0.0,0.0,0.0,0.0,0.0,0.0,0.0,0.0,0.0,0.0
commonStockRepurchased,0.0,0.0,0.0,-9131000.0,0.0,0.0,0.0,-148000.0,0.0,0.0,0.0,0.0,0.0,-1200000.0,126200000,66300000,106700000,36600000,16200000,-174700000,-130500000,-232500000,-123600000,2500000.0,-41000000,-13000000,0.0,0.0,0.0,126100000,0.0,0.0,0.0
dividendsPaid,0.0,0.0,0.0,0.0,0.0,0.0,0.0,-575000.0,-6097000.0,-4135000.0,0.0,0.0,0.0,0.0,-299200000,-282700000,-208200000,-141300000,-66200000,0.0,0.0,0.0,0.0,0.0,0.0,0.0,0.0,0.0,0.0,0.0,0.0,0.0,0.0
otherFinancingActivites,1796000000,12568000000,23821000,1123380000,2500462000,68353000,861090000,245000.0,0.0,106000.0,855200000,187400000,570700000,18045500000,409500000,981200000,2057600000,1461200000,-198000000,1400000.0,209900000,470100000,-107500000,505400000,17700000,120200000,6900000.0,130800000,44400000,-125400000,51800000,-57900000,-290500000
netCashUsedProvidedByFinancingActivities,-550000000,10641000000,-712179000,1043891000,1351101000,-73671000,92713000,-14228000,-11466000,-11381000,811500000,187400000,570700000,18044300000,236500000,764800000,1956100000,1356500000,-248000000,-173300000,79400000,237600000,-231100000,507900000,-23300000,107200000,6900000.0,130800000,44400000,700000.0,51800000,-57900000,-290500000
effectOfForexChangesOnCash,32000000,129000000,0.0,0.0,0.0,0.0,0.0,0.0,0.0,0.0,0.0,0.0,0.0,0.0,0.0,0.0,0.0,0.0,0.0,0.0,0.0,0.0,0.0,0.0,0.0,0.0,0.0,0.0,0.0,0.0,0.0,0.0,0.0
netChangeInCash,-2259000000,3999000000,-30113000,98942000,73567000,-17249000,-9326000.0,57791000,4510000.0,-4847000.0,-79900000,70300000,267600000,-59500000,-89600000,75200000,235400000,91100000,13500000,59400000,55500000,65600000,74600000,42600000,10800000,9200000.0,11400000,26700000,16800000,-5700000.0,-15800000,-12500000,-198000000
cashAtEndOfPeriod,2021000000,4216000000,216578000,246691000,134596000,61029000,78278000,87604000,29813000,25303000,907100000,988300000,918600000,650500000,710400000,799200000,724400000,489100000,409500000,416400000,354500000,299600000,233600000,158600000,116800000,105200000,96400000,84700000,60800000,34300000,40200000,45500000,-198000000
cashAtBeginningOfPeriod,4280000000,217000000,246691000,147749000,61029000,78278000,87604000,29813000,25303000,30150000,987000000,918000000,651000000,710000000,800000000,724000000,489000000,398000000,396000000,357000000,299000000,234000000,159000000,116000000,106000000,96000000,85000000,58000000,44000000,40000000,56000000,58000000,0.0
operatingCashFlow,1172000000,-571000000,312526000,323280000,130241000,97570000,56715000,33879000,23536000,28366000,125600000,170800000,220200000,534500000,1597700000,1558900000,591500000,866400000,735900000,723200000,724600000,547600000,490100000,297900000,255100000,285700000,213700000,227300000,198200000,110800000,103200000,236400000,197000000
capitalExpenditure,-832000000,-198000000,-170766000,-147415000,-83522000,-47380000,-36762000,-10564000,-7413000.0,-9181000.0,-283200000,-167800000,-464500000,-1307000000,-1376700000,-2511300000,-1149500000,-644400000,-383600000,-349100000,-506100000,-421400000,-340500000,-140400000,-229500000,-314500000,-186200000,-219100000,-219000000,-118300000,-174200000,-253600000,-154000000
freeCashFlow,340000000,-769000000,141760000,175865000,46719000,50190000,19953000,23315000,16123000,19185000,-169600000,3000000.0,-244300000,-772500000,221000000,-952400000,-558000000,222000000,352300000,374100000,218500000,126200000,149600000,157500000,25600000,-28800000,27500000,8200000.0,-20800000,-7500000.0,-71000000,-17200000,43000000
link,https://www.sec.gov/Archives/edgar/data/1590895/000159089522000061/0001590895-22-000061-index.htm,https://www.sec.gov/Archives/edgar/data/1590895/000159089521000085/0001590895-21-000085-index.htm,https://www.sec.gov/Archives/edgar/data/858339/000085833920000023/a2019q4cecform10-k.htm,https://www.sec.gov/Archives/edgar/data/858339/000085833919000015/a2018q4cecform10-k.htm,https://www.sec.gov/Archives/edgar/data/858339/000085833918000052/a2017q4cecform10-k.htm,https://www.sec.gov/Archives/edgar/data/1610979/000161097917000007/0001610979-17-000007-index.html,https://www.sec.gov/Archives/edgar/data/1610979/000161097916000033/0001610979-16-000033-index.html,https://www.sec.gov/Archives/edgar/data/858339/000085833915000055/a2014q4cecform10-k.htm,https://www.sec.gov/Archives/edgar/data/858339/000085833914000014/a201310-k.htm,https://www.sec.gov/Archives/edgar/data/858339/000085833913000013/a201210-k.htm,https://www.sec.gov/Archives/edgar/data/858339/000119312512115625/d268435d10k.htm,https://www.sec.gov/Archives/edgar/data/858339/000119312511056393/d10k.htm,https://www.sec.gov/Archives/edgar/data/858339/000119312510051491/d10k.htm,https://www.sec.gov/Archives/edgar/data/858339/000119312509055861/d10k.htm,https://www.sec.gov/Archives/edgar/data/858339/000119312508043934/d10k.htm,https://www.sec.gov/Archives/edgar/data/858339/000119312507044315/d10k.htm,https://www.sec.gov/Archives/edgar/data/858339/000110465906016242/a06-2584_110k.htm,https://www.sec.gov/Archives/edgar/data/858339/000104746905005121/a2152383z10-k.htm,https://www.sec.gov/Archives/edgar/data/858339/000104746904006606/a2129773z10-k.htm,,,,,,,,,,,,,,
finalLink,https://www.sec.gov/Archives/edgar/data/1590895/000159089522000061/czr-20211231.htm,https://www.sec.gov/Archives/edgar/data/1590895/000159089521000085/czr-20201231.htm,https://www.sec.gov/Archives/edgar/data/858339/000085833920000023/a2019q4cecform10-k.htm,https://www.sec.gov/Archives/edgar/data/858339/000085833919000015/a2018q4cecform10-k.htm,https://www.sec.gov/Archives/edgar/data/858339/000085833918000052/a2017q4cecform10-k.htm,https://www.sec.gov/Archives/edgar/data/1610979/000161097917000007/a2016q4cerpform10-k.htm,https://www.sec.gov/Archives/edgar/data/1610979/000161097916000033/a2015q4cerpform10-k.htm,https://www.sec.gov/Archives/edgar/data/858339/000085833915000055/a2014q4cecform10-k.htm,https://www.sec.gov/Archives/edgar/data/858339/000085833914000014/a201310-k.htm,https://www.sec.gov/Archives/edgar/data/858339/000085833913000013/a201210-k.htm,https://www.sec.gov/Archives/edgar/data/858339/000119312512115625/d268435d10k.htm,https://www.sec.gov/Archives/edgar/data/858339/000119312511056393/d10k.htm,https://www.sec.gov/Archives/edgar/data/858339/000119312510051491/d10k.htm,https://www.sec.gov/Archives/edgar/data/858339/000119312509055861/d10k.htm,https://www.sec.gov/Archives/edgar/data/858339/000119312508043934/d10k.htm,https://www.sec.gov/Archives/edgar/data/858339/000119312507044315/d10k.htm,https://www.sec.gov/Archives/edgar/data/858339/000110465906016242/a06-2584_110k.htm,https://www.sec.gov/Archives/edgar/data/858339/000104746905005121/a2152383z10-k.htm,https://www.sec.gov/Archives/edgar/data/858339/000104746904006606/a2129773z10-k.htm,,,,,,,,,,,,,,
