,2021,2020,2019,2018,2017,2016,2015,2014,2013,2012,2011,2010,2009,2008,2007,2006,2005,2004,2003,2002,2001,2000,1999,1998,1997,1996,1995,1994,1993,1992,1990,1989,1988,1987
reportedCurrency,USD,USD,USD,USD,USD,USD,USD,USD,USD,USD,USD,USD,USD,USD,USD,USD,USD,USD,USD,USD,USD,USD,USD,USD,USD,USD,USD,USD,USD,USD,USD,USD,USD,USD
cik,0001590895,0001590895,0001590895,0001590895,0001590895,0001590895,0001590895,0001590895,0001590895,0001590895,0001590895,0001590895,0001590895,0001590895,0001590895,0001590895,0001590895,0001590895,0001590895,0001590895,0001590895,0001590895,0001590895,0001590895,0001590895,0001590895,0001590895,0001590895,0001590895,0001590895,0001590895,0001590895,0001590895,0001590895
fillingDate,2022-02-24,2021-03-01,2020-02-25,2019-02-22,2018-03-08,2017-02-15,2016-02-29,2015-03-16,2014-03-17,2013-03-15,2012-03-15,2011-03-04,2010-03-09,2009-03-17,2008-02-29,2007-03-01,2006-03-14,2005-03-01,2004-03-05,2002-12-31,2001-12-31,2000-12-31,1999-12-31,1998-12-31,1997-12-31,1996-12-31,1995-12-31,1994-12-31,1993-12-31,1992-01-03,1990-12-28,1989-12-31,1988-12-31,1987-12-31
acceptedDate,2022-02-23 20:49:16,2021-02-26 21:50:50,2020-02-25 17:14:44,2019-02-21 17:58:32,2018-03-07 18:40:34,2017-02-14 18:24:57,2016-02-26 18:25:21,2015-03-16 16:57:29,2014-03-17 17:12:56,2013-03-15 15:12:19,2012-03-14 21:52:43,2011-03-04 17:02:03,2010-03-09 17:16:21,2009-03-16 21:56:24,2008-02-29 17:23:38,2007-03-01 15:47:13,2006-03-13 19:21:59,2005-03-01 16:37:57,2004-03-04 19:31:41,2002-12-31,2001-12-31,2000-12-31,1999-12-31,1998-12-31,1997-12-31,1996-12-31,1995-12-31,1994-12-31,1993-12-31,1992-01-03,1990-12-28,1989-12-31,1988-12-31,1987-12-31
calendarYear,2021,2020,2019,2018,2017,2016,2015,2014,2013,2012,2011,2010,2009,2008,2007,2006,2005,2004,2003,2002,2001,2000,1999,1998,1997,1996,1995,1994,1993,1991,1990,1989,1988,1987
period,FY,FY,FY,FY,FY,FY,FY,FY,FY,FY,FY,FY,FY,FY,FY,FY,FY,FY,FY,FY,FY,FY,FY,FY,FY,FY,FY,FY,FY,FY,FY,FY,FY,FY
revenue,9570000000,3474000000,2528249000,2056007000,1473504000,892896000,719784000,361823000,247186000,254740000,8567000000,8553000000,8907000000,10127000000,10825000000,9674000000,7010000000,4397000000,3949000000,3748000000,3648000000,3330000000,2894000000,2004000000,1619000000,1586000000,1579000000,1339000000,1021000000,1031000000,1004000000,945000000,866000000,798000000
costOfRevenue,4647000000,1768000000,1186149000,1055592000,806906000,539657000,446783000,225498000,146076000,148438000,4558000000,4691000000,4735000000,5390000000,5578000000,4857000000,3618000000,2314000000,2069000000,1910000000,1805000000,1650000000,1410000000,1027000000,829000000,781000000,745000000,614000000,479000000,497000000,474000000,440000000,408000000,366000000
grossProfit,4923000000,1706000000,1342100000,1000415000,666598000,353239000,273001000,136325000,101110000,106302000,4009000000,3862000000,4172000000,4737000000,5247000000,4817000000,3392000000,2083000000,1880000000,1838000000,1843000000,1680000000,1484000000,977000000,790000000,805000000,834000000,725000000,542000000,534000000,530000000,505000000,458000000,432000000
grossProfitRatio,0.5144200626959248,0.491076568796776,0.5308417011140912,0.48658151455710025,0.45238967793775925,0.3956104630326488,0.3792818401075878,0.37677262086710905,0.40904420153244925,0.41729606657768703,0.46795844519668495,0.4515374722319654,0.46839564387560345,0.46775945492248444,0.48471131639722864,0.49793260285300806,0.4838801711840228,0.4737320900614055,0.47606989111167386,0.49039487726787623,0.5052083333333334,0.5045045045045045,0.5127850725639254,0.4875249500998004,0.48795552810376774,0.5075662042875158,0.5281823939202026,0.5414488424197162,0.5308521057786484,0.5179437439379243,0.5278884462151394,0.5343915343915344,0.5288683602771362,0.5413533834586466
researchAndDevelopmentExpenses,0.0,0.0,0.0,0.0,0.0,0.0,0.0,0.0,0.0,0.0,0.0,0.0,0.0,0.0,0.0,0.0,0.0,0.0,0.0,0.0,0.0,0.0,0.0,9000000.0,11000000,12000000,0.0,0.0,0.0,0.0,0.0,0.0,0.0,0.0
generalAndAdministrativeExpenses,2091000000,1077000000,542747000,396230000,271834000,150052000,113339000,63355000,43713000,44936000,2273000000,2171000000,2173000000,2491000000,2585000000,2405000000,1579000000,974000000,60000000,58000000,66000000,59000000,45000000,46000000,45000000,40000000,30000000,29000000,27000000,27000000,34000000,35000000,32000000,39000000
sellingAndMarketingExpenses,0.0,0.0,129373000,106161000,82525000,40600000,31227000,21982000,17740000,18724000,0.0,0.0,0.0,0.0,0.0,0.0,0.0,0.0,0.0,0.0,0.0,0.0,0.0,0.0,0.0,0.0,0.0,0.0,0.0,0.0,0.0,0.0,0.0,0.0
sellingGeneralAndAdministrativeExpenses,2091000000,1077000000,672120000,502391000,354359000,190652000,144566000,85337000,61453000,63660000,2273000000,2171000000,2173000000,2491000000,2585000000,2405000000,1579000000,974000000,60000000,58000000,66000000,59000000,45000000,46000000,45000000,40000000,30000000,29000000,27000000,27000000,34000000,35000000,32000000,39000000
otherExpenses,1126000000,583000000,221525000,157429000,105891000,63449000,56921000,28643000,17031000,17651000,880000000,1052000000,-2358000000,5778000000,1012000000,917000000,787000000,336000000,1160000000,1071000000,1204000000,1338000000,958000000,634000000,521000000,516000000,594000000,427000000,305000000,331000000,337000000,315000000,290000000,242000000
operatingExpenses,3217000000,1660000000,893645000,659820000,460250000,254101000,201487000,113980000,78484000,81311000,3153000000,3223000000,-185000000,8269000000,3597000000,3322000000,2366000000,1310000000,1220000000,1129000000,1270000000,1397000000,1003000000,689000000,577000000,568000000,624000000,456000000,332000000,358000000,371000000,350000000,322000000,281000000
costAndExpenses,7864000000,3428000000,2079794000,1715412000,1267156000,793758000,648270000,339478000,224560000,229749000,7711000000,7914000000,4550000000,13659000000,9175000000,8179000000,5984000000,3624000000,3289000000,3039000000,3075000000,3047000000,2413000000,1716000000,1406000000,1349000000,1369000000,1070000000,811000000,855000000,845000000,790000000,730000000,647000000
interestIncome,0.0,0.0,0.0,0.0,0.0,0.0,0.0,18000.0,16000.0,14000.0,0,0,0,0,0,0,0,0,0,0,0,0,0,0,0,0,0,0,0,0,0,0,0,0
interestExpense,2295000000,1174000000,286248000,171732000,99769000,50917000,61558000,30752000,15681000,16069000,2122300000,1981000000,1892000000,2074000000,800000000,670000000,481000000,271802000000,234419000000,-240000000,-256000000,-265000000,-121000000,-85000000,-30000000,-65000000,-74000000,-78000000,-73000000,-134000000,-119000000,-26000000,-24000000,-20000000
depreciationAndAmortization,1126000000,583000000,221525000,157429000,105891000,63449000,56921000,28643000,17031000,17651000,845900000,871700000,872000000,1132200000,905800000,711400000,523000000,347500000,319700000,304600000,327600000,282100000,218300000,159200000,122400000,102300000,95400000,86600000,70200000,88100000,82100000,75500000,65100000,0.0
ebitda,2119000000,126000000,632751000,464783000,162330000,152412000,163082000,46738000,51609000,32729000,1736300000,2489700000,1941000000,-1630800000,1974800000,1622400000,1013000000,81876500000,62830700000,473600000,406600000,20100000,434300000,251200000,260400000,203300000,161400000,161600000,142200000,6100000.0,7100000.0,204500000,156100000,134000000
ebitdaratio,0.22142110762800418,0.03626943005181347,0.25027242174326975,0.2260610007650752,0.11016597172454232,0.17069401139662402,0.22657074900247853,0.12917365673271186,0.20878609629995226,0.12848001884274163,0.20267304774133302,0.29109084531743246,0.21791849107443584,-0.16103485731213588,0.1824295612009238,0.16770725656398594,0.14450784593437946,18.62099158517171,15.910534312484174,0.1263607257203842,0.11145833333333334,0.006036036036036036,0.15006910850034555,0.1253493013972056,0.16084002470660902,0.12818411097099622,0.10221659278024066,0.12068707991038088,0.13927522037218412,0.005916585838991271,0.0070717131474103585,0.2164021164021164,0.1802540415704388,0.16791979949874686
operatingIncome,1460000000,-437000000,409973000,310103000,94869000,89118000,72516000,17555000,22582000,15841000,856000000,640000000,4358000000,-3532000000,1650000000,1495000000,1026000000,773000000,660000000,709000000,573000000,283000000,481000000,288000000,214000000,237000000,209000000,269000000,210000000,176000000,159000000,155000000,136000000,151000000
operatingIncomeRatio,0.15256008359456635,-0.1257915947035118,0.162156891983345,0.15082779387424264,0.06438326601081504,0.09980781636383185,0.10074689073388683,0.048518198124497335,0.09135630658694263,0.06218497291355892,0.09991829111707716,0.07482754589033087,0.4892780958796452,-0.348770613212205,0.15242494226327943,0.1545379367376473,0.1463623395149786,0.1758016829656584,0.1671309192200557,0.1891675560298826,0.15707236842105263,0.08498498498498498,0.16620594333102973,0.1437125748502994,0.13218035824583077,0.1494325346784363,0.13236225459151363,0.20089619118745333,0.20568070519098922,0.17070805043646944,0.15836653386454183,0.164021164021164,0.15704387990762125,0.18922305764411027
totalOtherIncomeExpensesNet,-2729000000,-1195000000,-284995000,-174481000,-138199000,-51072000,-27913000,-30109000,-3685000.0,-16832000,-2122000000,-1982000000,-1860000000,-2129000000,-757000000,-660000000,-472000000,-260000000,-232000000,-238000000,-227000000,-265000000,-121000000,-85000000,-30000000,-65000000,-57000000,-130000000,-71000000,-124000000,-115000000,0.0,-7000000.0,4000000.0
incomeBeforeTax,-1269000000,-1632000000,124978000,135622000,-43330000,38046000,44603000,-12554000,18897000,-991000.0,-1266000000,-1342000000,2498000000,-5661000000,893000000,835000000,554000000,513000000,428000000,471000000,346000000,18000000,360000000,203000000,184000000,172000000,152000000,139000000,139000000,52000000,44000000,155000000,129000000,155000000
incomeBeforeTaxRatio,-0.13260188087774294,-0.4697754749568221,0.04943263104227471,0.0659637831972362,-0.029406095945447044,0.0426096656273519,0.06196720127149256,-0.034696522885499265,0.07644850436513395,-0.003890241030069875,-0.1477763511147426,-0.15690401028878756,0.2804535758392276,-0.5590006912214871,0.08249422632794458,0.08631383088691337,0.07902995720399429,0.11667045712986127,0.10838186882755128,0.12566702241195304,0.09484649122807018,0.005405405405405406,0.1243953006219765,0.10129740518962076,0.11365040148239654,0.10844892812105927,0.09626345788473717,0.10380881254667662,0.13614103819784526,0.0504364694471387,0.043824701195219126,0.164021164021164,0.1489607390300231,0.19423558897243107
incomeTaxExpense,-283000000,126000000,43977000,40387000,-117270000,13244000,-69580000,1768000.0,0.0,0.0,-506900000,468000000,-1651000000,360000000,-350000000,-295000000,-227000000,-190641000000,-172201000000,174000000,126000000,15000000,129000000,75000000,69000000,67000000,61000000,75000000,59000000,22000000,21000000,0.0,0.0,0.0
netIncome,-1019000000,-1757000000,81001000,95235000,73940000,24802000,114183000,-14425000,18897000,-991000.0,-725000000,-831000000,828000000,-5197000000,619000000,536000000,236000000,368000000,293000000,235000000,209000000,-12000000,208000000,102000000,99000000,99000000,79000000,78000000,86000000,30000000,23000000,155000000,115000000,154000000
netIncomeRatio,-0.106478578892372,-0.5057570523891768,0.032038379131169435,0.04632036758629713,0.05017970768996895,0.02777703114360463,0.15863509052715816,-0.03986755955259892,0.07644850436513395,-0.003890241030069875,-0.08462705731294502,-0.0971588916169765,0.09296059279218592,-0.5131825812185248,0.0571824480369515,0.05540624353938391,0.03366619115549215,0.08369342733682056,0.07419599898708534,0.06270010672358592,0.057291666666666664,-0.0036036036036036037,0.0718728403593642,0.05089820359281437,0.06114885731933292,0.06242118537200504,0.050031665611146296,0.05825242718446602,0.0842311459353575,0.029097963142580018,0.022908366533864542,0.164021164021164,0.13279445727482678,0.19298245614035087
eps,-4.747663551401869,-13.5,1.04,1.23,1.1,0.53,2.45,-0.48,0.406847,-0.021336,-5.8,-8.39394,6.624,-41.576,3.27513,2.85106,1.57333,3.25664,2.66364,2.0614,1.80172,-0.10256,1.6124,1.0,0.9802,0.95192,0.76699,0.75728,0.83495,0.33333,0.29487,2.01299,1.49351,2.0
epsdiluted,-4.747663551401869,-13.5,1.03,1.22,1.09,0.52,2.43,-0.48,0.406847,-0.021336,-5.8,-8.39394,6.624,-41.576,3.27513,2.85106,1.57333,3.25664,2.66364,2.0614,1.80172,-0.10256,1.6124,1.0,0.9802,0.95192,0.76699,0.75728,0.83495,0.33333,0.29487,2.01299,1.49351,2.0
weightedAverageShsOut,214000000,130000000,77677265,77458902,67133531,47033311,46550042,29901405,46447432,46447432,125000000,99000000,125000000,125000000,189000000,188000000,150000000,113000000,110000000,114000000,116000000,117000000,129000000,102000000,101000000,104000000,103000000,103000000,103000000,90000000,78000000,77000000,77000000,77000000
weightedAverageShsOutDil,214000000,130000000,78593819,78282101,68102814,47701562,47008980,29901405,46447432,46447432,125000000,99000000,125000000,125000000,189000000,188000000,150000000,113000000,110000000,114000000,116000000,117000000,129000000,102000000,101000000,104000000,103000000,103000000,103000000,90000000,78000000,77000000,77000000,77000000
link,https://www.sec.gov/Archives/edgar/data/1590895/000159089522000061/0001590895-22-000061-index.htm,https://www.sec.gov/Archives/edgar/data/1590895/000159089521000085/0001590895-21-000085-index.htm,https://www.sec.gov/Archives/edgar/data/858339/000085833920000023/a2019q4cecform10-k.htm,https://www.sec.gov/Archives/edgar/data/858339/000085833919000015/a2018q4cecform10-k.htm,https://www.sec.gov/Archives/edgar/data/858339/000085833918000052/a2017q4cecform10-k.htm,https://www.sec.gov/Archives/edgar/data/1610979/000161097917000007/0001610979-17-000007-index.html,https://www.sec.gov/Archives/edgar/data/1610979/000161097916000033/0001610979-16-000033-index.html,https://www.sec.gov/Archives/edgar/data/858339/000085833915000055/a2014q4cecform10-k.htm,https://www.sec.gov/Archives/edgar/data/858339/000085833914000014/a201310-k.htm,https://www.sec.gov/Archives/edgar/data/858339/000085833913000013/a201210-k.htm,https://www.sec.gov/Archives/edgar/data/858339/000119312512115625/d268435d10k.htm,https://www.sec.gov/Archives/edgar/data/858339/000119312511056393/d10k.htm,https://www.sec.gov/Archives/edgar/data/858339/000119312510051491/d10k.htm,https://www.sec.gov/Archives/edgar/data/858339/000119312509055861/d10k.htm,https://www.sec.gov/Archives/edgar/data/858339/000119312508043934/d10k.htm,https://www.sec.gov/Archives/edgar/data/858339/000119312507044315/d10k.htm,https://www.sec.gov/Archives/edgar/data/858339/000110465906016242/a06-2584_110k.htm,https://www.sec.gov/Archives/edgar/data/858339/000104746905005121/a2152383z10-k.htm,https://www.sec.gov/Archives/edgar/data/858339/000104746904006606/a2129773z10-k.htm,,,,,,,,,,,,,,,
finalLink,https://www.sec.gov/Archives/edgar/data/1590895/000159089522000061/czr-20211231.htm,https://www.sec.gov/Archives/edgar/data/1590895/000159089521000085/czr-20201231.htm,https://www.sec.gov/Archives/edgar/data/858339/000085833920000023/a2019q4cecform10-k.htm,https://www.sec.gov/Archives/edgar/data/858339/000085833919000015/a2018q4cecform10-k.htm,https://www.sec.gov/Archives/edgar/data/858339/000085833918000052/a2017q4cecform10-k.htm,https://www.sec.gov/Archives/edgar/data/1610979/000161097917000007/a2016q4cerpform10-k.htm,https://www.sec.gov/Archives/edgar/data/1610979/000161097916000033/a2015q4cerpform10-k.htm,https://www.sec.gov/Archives/edgar/data/858339/000085833915000055/a2014q4cecform10-k.htm,https://www.sec.gov/Archives/edgar/data/858339/000085833914000014/a201310-k.htm,https://www.sec.gov/Archives/edgar/data/858339/000085833913000013/a201210-k.htm,https://www.sec.gov/Archives/edgar/data/858339/000119312512115625/d268435d10k.htm,https://www.sec.gov/Archives/edgar/data/858339/000119312511056393/d10k.htm,https://www.sec.gov/Archives/edgar/data/858339/000119312510051491/d10k.htm,https://www.sec.gov/Archives/edgar/data/858339/000119312509055861/d10k.htm,https://www.sec.gov/Archives/edgar/data/858339/000119312508043934/d10k.htm,https://www.sec.gov/Archives/edgar/data/858339/000119312507044315/d10k.htm,https://www.sec.gov/Archives/edgar/data/858339/000110465906016242/a06-2584_110k.htm,https://www.sec.gov/Archives/edgar/data/858339/000104746905005121/a2152383z10-k.htm,https://www.sec.gov/Archives/edgar/data/858339/000104746904006606/a2129773z10-k.htm,,,,,,,,,,,,,,,
