,2021,2020,2019,2018,2017,2016,2015,2014,2013,2012,2011,2010,2009,2008,2007
period,FY,FY,FY,FY,FY,FY,FY,FY,FY,FY,FY,FY,FY,FY,FY
currentRatio,0.9792701863354037,0.9900842466264073,1.2986543732868179,1.2748906611782866,1.3283221476510068,1.860441622167701,1.6926704657103557,1.8179190751445087,1.718849840255591,1.894711186936388,0.9600102210297687,2.0402960526315788,1.4102907017667348,1.363052314147109,1.3719725605487891
quickRatio,0.85,0.885633340788787,1.0706454024420633,1.05068175971186,1.1551677852348994,1.7045749747438304,1.5103163686382393,1.5945499587118084,1.508839190628328,1.6846210090177918,0.8280311741407946,1.576685855263158,1.3512353065390301,1.3224727940212404,1.3292034159316815
cashRatio,0.21312111801242237,0.35532692164318197,0.24333416396710691,0.25958322613841006,0.36389261744966445,1.0502236975032473,0.6368638239339752,0.717588769611891,0.5665601703940362,0.7811357543261028,0.3085473361441165,0.8482730263157895,0.19771943408179066,0.1299986888684935,0.062018759624807504
daysOfSalesOutstanding,59.95744638244188,57.32490616030029,55.55912154417496,51.84299868357237,51.94020663351519,57.124956851915776,60.21917452304951,60.614542611415175,66.42915912456805,58.7390926850445,68.489085790761,58.53680065181966,236.44419113199646,295.19116647791617,297.73305580242294
daysOfInventoryOutstanding,0.0,0.0,0.0,0.0,0.0,0.0,0.0,0.0,0.0,0.0,0.0,0.0,0.0,0.0,0.0
operatingCycle,59.95744638244188,57.32490616030029,55.55912154417496,51.84299868357237,51.94020663351519,57.124956851915776,60.21917452304951,60.614542611415175,66.42915912456805,58.7390926850445,68.489085790761,58.53680065181966,236.44419113199646,295.19116647791617,297.73305580242294
daysOfPayablesOutstanding,25.44205780217318,16.96946494747481,15.581755483891566,22.08701413427562,19.625675328016467,24.605496229566274,23.139426758560333,24.099863744748497,29.54604593279783,21.74975220103784,26.85981077237029,20.616493442217273,17.460453592529063,20.426730577689245,21.02984698696556
cashConversionCycle,34.5153885802687,40.35544121282548,39.97736606028339,29.75598454929675,32.31453130549872,32.5194606223495,37.07974776448918,36.51467886666668,36.883113191770214,36.98934048400666,41.6292750183907,37.920307209602385,218.9837375394674,274.76443590022694,276.7032088154574
grossProfitMargin,0.2849390231691932,0.27906822698167366,0.2820365870432351,0.2679738562091503,0.2493603051223869,0.31794960303762515,0.3214312226263826,0.3114151681000782,0.27274971202896164,0.2554373779031908,0.2537265217591952,0.26833242802824553,0.2676220164704788,0.27229898074745185,0.25716824921652087
operatingProfitMargin,0.1359112481726976,0.1379774784720689,0.14962633533538122,0.1373934732903762,0.1283252063921209,0.17269589230238178,0.0,0.0,0.0,0.0,0.0,0.0,0.0,0.0,0.0
pretaxProfitMargin,0.13941566373630776,0.12795319054979024,0.13921874283618357,0.12956419316843346,0.11782455462752861,0.1618570935450466,0.16290550070521861,0.1546129788897576,0.13296034227414844,0.0872151074451921,0.12446351931330472,0.15485243527068623,0.16112222584097147,0.1476330690826727,0.15005379110341924
netProfitMargin,0.1096381440615175,0.10211967321704571,0.11051762871945349,0.09882445322062865,0.07888765509583354,0.1061442871936486,0.10656224482221067,0.10281469898358092,0.08725522461740991,0.0536574777512481,0.07826849416216715,0.08600398334238639,0.10389429116456521,0.08706681766704416,0.09219327377332896
effectiveTaxRate,0.21358804941108878,0.20189818809318377,0.2061584060596081,0.2372549019607843,0.3306699446834665,0.34420985284708894,0.3458646616541353,0.3350189633375474,0.34375,0.37779990044798406,0.36299592139414166,0.34200526161940953,0.3551833670228126,0.41024854249769865,0.38559850374064836
returnOnAssets,0.0674294300211833,0.09459044892115759,0.12423976909596948,0.12948617079222902,0.10375591326158047,0.10677824848947844,0.12123643427220135,0.11997627845445007,0.10509364780497472,0.06218555041255786,0.08907563025210084,0.10588497547926884,0.08047716870292283,0.06782891022021457,0.07359420506310209
returnOnEquity,0.3026199425160292,0.3434575969107381,0.4275452288045406,0.3909904970760234,0.32553043131786036,0.29411764705882354,0.30944169001940075,0.2734740563585318,0.2599264705882353,0.14532627865961198,0.21271792299009157,0.2354107297732623,0.24565456545654565,0.2577098417806382,0.37111655055545095
returnOnCapitalEmployed,0.09934715147256865,0.17611746801194972,0.212067060887647,0.2353988603988604,0.22106707697425873,0.22877132013352233,0.0,0.0,0.0,0.0,0.0,0.0,0.0,0.0,0.0
netIncomePerEBT,0.7864119505889112,0.7981018119068162,0.7938415939403919,0.7627450980392156,0.6695349313665232,0.6557901471529111,0.6541353383458647,0.6649810366624526,0.65625,0.6152314584370333,0.628846866889136,0.5553931598947676,0.6448166329771874,0.5897514575023013,0.6144014962593516
ebtPerEbit,1.0257845881832917,0.9273483757401184,0.9304427761605638,0.9430156328794755,0.9181715575620768,0.9372376574055566,,,,,,,,,
ebitPerRevenue,0.1359112481726976,0.1379774784720689,0.14962633533538122,0.1373934732903762,0.1283252063921209,0.17269589230238178,0.0,0.0,0.0,0.0,0.0,0.0,0.0,0.0,0.0
debtRatio,0.7772057736834327,0.7246548726863687,0.7094887125038656,0.6688555347091932,0.6813029812363082,0.6369539551357734,0.608209112790845,0.5612882623967884,0.5956793182043405,0.5720970014087342,0.58125,0.5502117699509586,0.6723970158936101,0.7368012422360248,0.8016951683966843
debtEquityRatio,3.488061021445943,2.6312193672954107,2.4415572898190847,2.0196454678362574,2.137563502340871,1.754471544715447,1.5523819788747575,1.2794010606218156,1.4732843137254903,1.3369782480893593,1.3880597014925373,1.2232684921323256,2.0524752475247525,2.799410029498525,4.04274147994728
longTermDebtToCapitalization,0.6964378596956324,0.5544747725392887,0.5659738260200154,0.49045534966011733,0.5233143399810066,0.46194225721784776,0.4262923571605244,0.3527392650424014,0.39127191346512497,0.38140955705869517,0.13487413194444445,0.286509900990099,0.2628335090422512,0.37521990449861775,0.5376915041782729
totalDebtToCapitalization,0.6984716921384644,0.6105503658501316,,,,0.4944390715667311,,,,,0.3967161016949153,,,,0.5778219395866455
interestCoverage,11.803478260869566,9.9984,14.22004357298475,14.03066037735849,11.89261744966443,17.616197183098592,0.0,0.0,0.0,0.0,0.0,0.0,0.0,0.0,0.0
cashFlowToDebtRatio,0.15273568923143,0.2833593861020321,0.4195457018498368,0.6584393392823239,0.4681063424371654,0.42806845965770174,0.6257615317667538,0.739744323602366,0.5164918970448046,0.541952707856598,0.40873545679954226,1.5229867324899722,1.1070657204566492,1.0761330654163876,0.22080066033842344
companyEquityMultiplier,4.48795047534822,3.6309965839893064,3.4412912380276692,3.0195540935672516,3.1374638908257793,2.754471544715447,2.5523819788747577,2.2794010606218156,2.47328431372549,2.336978248089359,2.388059701492537,2.2232684921323256,3.0524752475247525,3.799410029498525,5.04274147994728
receivablesTurnover,6.087650859441668,6.367214958526642,6.569578313253012,7.040487804878048,7.027311280746395,6.389501543890605,6.06119235095613,6.02165725047081,5.494575045207957,6.213919611545724,5.3293162813576,6.235393734123624,1.5437046613517202,1.236486864952669,1.2259303859166237
payablesTurnover,14.346323824829248,21.509222661396574,23.42483171278983,16.525547445255473,18.598086124401913,14.834084084084084,15.773943054357204,15.145313843508168,12.35359888190077,16.78180039138943,13.5890756302521,17.704271631982476,20.904382470119522,17.86874304783092,17.356284153005465
inventoryTurnover,,,,,,,,,,,,,,,
fixedAssetTurnover,11.369990892531876,9.971378247468076,23.0926416093171,21.225,20.91166077738516,25.796972395369547,27.6896197327852,28.969422423556058,30.046971569839307,29.158227848101266,26.075812274368232,25.276887871853546,28.5053050397878,26.725181598062953,27.621447028423773
assetTurnover,0.615017981181339,0.9262705798138869,1.1241624574786104,1.3102644798160141,1.3152363717179414,1.0059726369886797,1.1377053333896372,1.166917567629214,1.2044395996432464,1.158935399476756,1.138077731092437,1.2311636201515828,0.7746062637402241,0.7790443252399775,0.7982600253901875
operatingCashFlowPerShare,5.5324114088159035,5.215344376634699,5.322691975841242,5.938356164383562,4.372033898305085,3.6999154691462386,3.597998331943286,3.241638795986622,2.2223133716160786,2.290088638195004,1.717147435897436,3.6320824135393672,2.5628571428571427,3.4527220630372493,1.1563400576368876
freeCashFlowPerShare,4.662057044079516,4.354838709677419,4.6962899050905955,4.757705479452055,2.645762711864407,3.061707523245985,3.0475396163469557,2.7951505016722407,1.804757998359311,1.9137792103142628,1.3381410256410255,3.241353936718175,2.349285714285714,3.1196275071633237,0.8832853025936599
cashPerShare,2.372515125324114,4.155187445510026,1.6850733390854185,1.7277397260273972,2.297457627118644,6.151310228233305,2.7030859049207674,2.9063545150501673,2.182116488925349,2.5825946817083,1.9350961538461537,3.036055923473142,3.7671428571428573,1.66189111747851,1.11671469740634
payoutRatio,0.47799086757990866,0.5210810810810811,0.43808338518979467,0.3874737088104697,0.46572827417380663,0.44943089430894306,0.42598397770811564,0.36768060836501903,0.4045261669024045,0.6318770226537217,0.4410377358490566,0.3505263157894737,0.16972682489923868,0.17481789802289283,0.0
operatingCashFlowSalesRatio,0.1281815087009632,0.1320821373371605,0.14141946724130025,0.160188457008245,0.12453531598513011,0.15108733172247152,0.16012174300348897,0.15156372165754495,0.111444791838078,0.12337746906880834,0.09889704185703078,0.2234292956726417,0.16693807286093146,0.21834654586636468,0.07507367042424809
freeCashFlowOperatingCashFlowRatio,0.8426808311201375,0.8350050150451354,0.882314799805479,0.8011822376009228,0.6051560379918589,0.8275074251770619,0.847009735744089,0.8622646376063967,0.8121077888519749,0.8356790992258972,0.7792813812412506,0.8924230145867099,0.9166666666666666,0.9035269709543569,0.7638629283489097
cashFlowCoverageRatios,0.15273568923143,0.2833593861020321,,,,0.42806845965770174,,,,,0.40873545679954226,,,,0.22080066033842344
shortTermCoverageRatios,15.922885572139304,1.3745404411764706,,,,3.5044035228182544,,,,,0.53575,,,,1.4697802197802199
capitalExpenditureCoverageRatio,-6.356504468718967,-6.060790273556231,-8.497245179063361,-5.029731689630167,-2.5326460481099655,-5.797350993377483,-6.536363636363636,-7.260299625468165,-5.322200392927308,-6.085653104925053,-4.530655391120507,-9.295668549905837,-12.0,-10.365591397849462,-4.2348284960422165
dividendPaidAndCapexCoverageRatio,3.975776397515528,4.203794799718904,4.450937950937951,24.86021505376344,-10.01747572815534,6.980861244019139,7.662522202486678,8.953810623556581,7.762177650429799,9.050955414012739,7.792727272727273,36.56296296296296,44.85,-37.36434108527132,
dividendPayoutRatio,0.4779908675799087,0.5210810810810811,0.4380833851897946,0.3874737088104698,0.4657282741738066,0.4494308943089431,0.42598397770811564,0.367680608365019,0.40452616690240456,0.6318770226537217,0.4410377358490566,0.3505263157894737,0.1697268248992387,0.1748178980228928,
priceBookValueRatio,11.094845002487286,11.404413252116441,13.489461315626107,12.070613821637426,8.869688098416177,7.658100430416069,7.018505194977366,5.134952812311531,4.260524509803921,3.129859052439741,3.6095420484133953,3.418126457811919,2.6860287568756873,3.983223571466881,4.670224324609301
priceToBookRatio,11.094845002487286,11.404413252116441,13.489461315626107,12.070613821637426,8.869688098416177,7.658100430416069,7.018505194977366,5.134952812311531,4.260524509803921,3.129859052439741,3.6095420484133953,3.418126457811919,2.6860287568756873,3.983223571466881,4.670224324609301
priceToSalesRatio,4.019623441235957,3.3908551303378225,3.4869369995644397,3.0508971954086697,2.1494423506976292,2.7637362789092164,2.41695832525425,1.9305254572322124,1.4302237946355107,1.1556089099630997,1.3281129148553232,1.2487641970396524,1.1359978318522308,1.3457250915515289,1.1601834224238738
priceEarningsRatio,36.66263667305936,33.204719751999995,31.55095743517942,30.87188540874036,27.246878463892287,26.037541463414637,22.681188157088123,18.776745701901138,16.39126826968411,21.536772848705503,16.968678509433964,14.51984139,10.934169905956113,15.45623381685744,12.584252353120242
priceToFreeCashFlowsRatio,37.21318794679273,30.74511088148148,27.945464963255557,23.771962869174015,28.521075855221014,22.105311982330207,17.82093355199781,14.772013519593179,15.802672727272727,11.208189996210526,17.232861528143715,6.26281467446084,7.423533414411676,6.82132753065442,20.231289876019574
priceToOperatingCashFlowsRatio,31.35884014763318,25.672321774155797,24.656697324525854,19.04567440369089,17.259701263810815,18.292309801233724,15.094504218590634,12.737384884188804,12.833473606496863,9.366450119985926,13.429248134391042,5.589079951580227,6.804905629877369,6.163253401659751,15.45393232897196
priceCashFlowRatio,31.35884014763318,25.672321774155797,24.656697324525854,19.04567440369089,17.259701263810815,18.292309801233724,15.094504218590634,12.737384884188804,12.833473606496863,9.366450119985926,13.429248134391042,5.589079951580227,6.804905629877369,6.163253401659751,15.45393232897196
priceEarningsToGrowthRatio,2.1107203684632743,-10.625510320640007,2.309530084255134,0.9608440739574244,4.167169647418822,2.9633201951219523,2.6262428392417836,0.710250815680608,0.2215036252660015,-0.8136114187288744,-5.939037478301915,-1.161587311199999,0.6858706577372464,-5.4869630049843865,0.6901562317341166
priceSalesRatio,4.019623441235957,3.3908551303378225,3.4869369995644397,3.0508971954086697,2.1494423506976292,2.7637362789092164,2.41695832525425,1.9305254572322124,1.4302237946355107,1.1556089099630997,1.3281129148553232,1.2487641970396524,1.1359978318522308,1.3457250915515289,1.1601834224238738
dividendYield,0.013037547513082946,0.015692982352296322,0.013884947424807155,0.012551021866023424,0.01709290386386801,0.01726088059966947,0.0187813784162357,0.019581700375682857,0.024679369542781604,0.029339447794366345,0.025991283623168167,0.02414119454713091,0.015522607235761383,0.011310510703598866,
enterpriseValueMultiple,24.609349177780057,20.25954797341123,19.963449478687334,18.335740991524318,14.44189271918113,14.270833763108133,12.76130844293932,10.468244207122389,9.192931331528428,10.020437496853146,9.434889179701493,7.143579090690208,5.88118376331361,7.397859268550425,7.641892033325164
priceFairValue,11.094845002487286,11.404413252116441,13.489461315626107,12.070613821637426,8.869688098416177,7.658100430416069,7.018505194977366,5.134952812311531,4.260524509803921,3.129859052439741,3.6095420484133953,3.418126457811919,2.6860287568756873,3.983223571466881,4.670224324609301
