,2021,2020,2019,2018,2017,2016,2015,2014,2013,2012,2011,2010,2009,2008,2007
period,FY,FY,FY,FY,FY,FY,FY,FY,FY,FY,FY,FY,FY,FY,FY
revenuePerShare,43.16076058772688,39.48561464690497,37.637618636755825,37.07106164383562,35.10677966101695,24.488588334742182,22.470391993327773,21.387959866220736,19.94093519278097,18.561643835616437,17.36298076923077,16.2560706401766,15.352142857142857,15.813037249283667,15.402737752161384
netIncomePerShare,4.7320656871218665,4.032258064516129,4.1596203623813635,3.6635273972602738,2.769491525423729,2.599323753169907,2.3944954128440368,2.198996655518395,1.7399507793273175,0.9959709911361805,1.358974358974359,1.3980868285504047,1.595,1.3767908309455588,1.4200288184438041
operatingCashFlowPerShare,5.5324114088159035,5.215344376634699,5.322691975841242,5.938356164383562,4.372033898305085,3.6999154691462386,3.597998331943286,3.241638795986622,2.2223133716160786,2.290088638195004,1.717147435897436,3.6320824135393672,2.5628571428571427,3.4527220630372493,1.1563400576368876
freeCashFlowPerShare,4.662057044079516,4.354838709677419,4.6962899050905955,4.757705479452055,2.645762711864407,3.061707523245985,3.0475396163469557,2.7951505016722407,1.804757998359311,1.9137792103142628,1.3381410256410255,3.241353936718175,2.349285714285714,3.1196275071633237,0.8832853025936599
cashPerShare,2.372515125324114,4.155187445510026,1.6850733390854185,1.7277397260273972,2.297457627118644,6.151310228233305,2.7030859049207674,2.9063545150501673,2.182116488925349,2.5825946817083,1.9350961538461537,3.036055923473142,3.7671428571428573,1.66189111747851,1.11671469740634
bookValuePerShare,15.636992221261885,11.740191804707933,9.729076790336498,9.36986301369863,8.507627118644068,8.837700760777684,7.738115095913261,8.040969899665551,6.694011484823626,6.8533440773569705,6.388621794871795,5.938925680647535,6.492857142857143,5.342406876790831,3.8263688760806915
tangibleBookValuePerShare,-28.833189282627483,-7.949433304272014,-8.014667817083692,-5.605308219178082,-5.438135593220339,-1.386306001690617,-1.988323603002502,-0.2040133779264214,-0.6808859721082855,-0.5866236905721193,-0.6850961538461539,1.8506254598969831,2.547142857142857,1.657593123209169,0.14048991354466858
shareholdersEquityPerShare,15.636992221261885,11.740191804707933,9.729076790336498,9.36986301369863,8.507627118644068,8.837700760777684,7.738115095913261,8.040969899665551,6.694011484823626,6.8533440773569705,6.388621794871795,5.938925680647535,6.492857142857143,5.342406876790831,3.8263688760806915
interestDebtPerShare,36.71910112359551,18.95030514385353,13.082830025884384,9.381849315068493,9.71864406779661,8.88334742180896,5.96163469557965,4.580267558528428,4.415094339622642,4.332796132151491,4.282051282051282,2.456953642384106,2.4571428571428573,3.6232091690544412,5.415706051873199
marketCap,20072793578.5,15357182885.3,15210716579.5,13210079766.4,8904279882,8006544000.000001,6511769119.9,4938284119.599999,3476588000,2661945124.1,2877887875.2000003,2758769864.1,2441600140,2970688139.6,2480356138.7999997
enterpriseValue,23989193578.5,16991682885.3,16485816579.5,14061679766.4,9735279882,8301344000.000001,6877069119.9,5114784119.599999,3735088000,2865845124.1,3160687875.2000003,2670269864.1,2484800140,3220288139.6,3118656138.7999997
peRatio,36.66263667305936,33.204719751999995,31.55095743517942,30.87188540874036,27.246878463892287,26.037541463414637,22.681188157088123,18.776745701901138,16.39126826968411,21.536772848705503,16.968678509433964,14.51984139,10.934169905956113,15.45623381685744,12.584252353120242
priceToSalesRatio,4.019623441235957,3.3908551303378225,3.4869369995644397,3.0508971954086697,2.1494423506976292,2.7637362789092164,2.41695832525425,1.9305254572322124,1.4302237946355107,1.1556089099630997,1.3281129148553232,1.2487641970396524,1.1359978318522308,1.3457250915515289,1.1601834224238738
pocfratio,31.35884014763318,25.672321774155797,24.656697324525854,19.04567440369089,17.259701263810815,18.292309801233724,15.094504218590634,12.737384884188804,12.833473606496863,9.366450119985926,13.429248134391042,5.589079951580227,6.804905629877369,6.163253401659751,15.45393232897196
pfcfRatio,37.21318794679273,30.74511088148148,27.945464963255557,23.771962869174015,28.521075855221014,22.105311982330207,17.82093355199781,14.772013519593179,15.802672727272727,11.208189996210526,17.232861528143715,6.26281467446084,7.423533414411676,6.82132753065442,20.231289876019574
pbRatio,11.094845002487286,11.404413252116441,13.489461315626107,12.070613821637426,8.869688098416177,7.658100430416069,7.018505194977366,5.134952812311531,4.260524509803921,3.129859052439741,3.6095420484133953,3.418126457811919,2.6860287568756873,3.983223571466881,4.670224324609301
ptbRatio,11.094845002487286,11.404413252116441,13.489461315626107,12.070613821637426,8.869688098416177,7.658100430416069,7.018505194977366,5.134952812311531,4.260524509803921,3.129859052439741,3.6095420484133953,3.418126457811919,2.6860287568756873,3.983223571466881,4.670224324609301
evToSales,4.803891619140116,3.751751575469198,3.7792436338315527,3.2475761025427836,2.350041008545358,2.865496720745599,2.5525458837131616,1.9995246753713836,1.5365673852229718,1.2441263833731278,1.4586219369606352,1.2087044469038566,1.1560973991532126,1.4587941742242354,1.4587474338369426
enterpriseValueOverEBITDA,24.609349177780057,20.25954797341123,19.963449478687334,18.335740991524318,14.44189271918113,14.270833763108133,12.76130844293932,10.468244207122389,9.192931331528428,10.020437496853146,9.434889179701493,7.143579090690208,5.88118376331361,7.397859268550425,7.641892033325164
evToOperatingCashFlow,37.4772591446649,28.404685532096288,26.723644965958826,20.27347140484429,18.87047854622989,18.965830477496002,15.941282150904032,13.192633787980396,13.787700258397933,10.0839026182266,14.748893491367243,5.40978497589141,6.925306967670011,6.681095725311203,19.430879369470404
evToFreeCashFlow,44.47384793937709,34.017383153753755,30.28810688866434,25.304444423969766,31.182831140294685,22.919226946438435,18.820659879310345,15.299982409811545,16.977672727272726,12.066716311999999,18.92627470179641,6.061906615437003,7.554880328367285,7.394461859012629,25.437652029363782
earningsYield,0.02727572511812347,0.0301162005723529,0.031694759249524286,0.03239193158306045,0.03670145192320674,0.03840608382343243,0.04408940100818699,0.05325736503417365,0.0610080918417713,0.04643221187431089,0.05893210832204975,0.06887127573505815,0.09145641677428804,0.06469881420332446,0.07946439501843365
freeCashFlowYield,0.02687219384240329,0.03252549661814113,0.03578398145512563,0.042066362189078506,0.03506179097437315,0.045237995319828375,0.056113783101328904,0.0676955784445789,0.06328043472508103,0.08922047184586437,0.058028667982207,0.15967261558575324,0.13470674194833557,0.14659903010170552,0.049428385739522906
debtToEquity,2.2942184390891,1.2445418090004456,1.3040085136573254,0.9625365497076024,1.097818507819504,0.8585365853658536,0.7430480707048933,0.5449724446293023,0.6427696078431373,0.61657848324515,0.15590116643672394,0.401561144839549,0.35654565456545656,0.6005631536604988,1.1630578045565807
debtToAssets,0.7772057736834327,0.7246548726863687,0.7094887125038656,0.6688555347091932,0.6813029812363082,0.6369539551357734,0.608209112790845,0.5612882623967884,0.5956793182043405,0.5720970014087342,0.58125,0.5502117699509586,0.6723970158936101,0.7368012422360248,0.8016951683966843
netDebtToEBITDA,4.0176446450553955,1.9488494098008824,1.5440784693630418,1.1104446472812621,1.2327547841566533,0.5067904418084923,0.6778623121172759,0.36123618501842,0.6362293871523504,0.7129370629370629,0.8441791044776119,-0.23675762439807382,0.10224852071005917,0.5733976567884218,1.5640774320019604
currentRatio,0.9792701863354037,0.9900842466264073,1.2986543732868179,1.2748906611782866,1.3283221476510068,1.860441622167701,1.6926704657103557,1.8179190751445087,1.718849840255591,1.894711186936388,0.9600102210297687,2.0402960526315788,1.4102907017667348,1.363052314147109,1.3719725605487891
interestCoverage,11.803478260869566,9.9984,14.22004357298475,14.03066037735849,11.89261744966443,17.616197183098592,0,0,0,0,0,0,0,0,0
incomeQuality,1.1691324200913242,1.2934054054054054,1.2796100394109107,1.6209394718392147,1.578641370869033,1.4234146341463414,1.502612330198537,1.4741444866920153,1.2772277227722773,2.2993527508090614,1.263561320754717,2.5978947368421053,1.6068069861173309,2.5078043704474506,0.8143074581430746
dividendYield,0.013037547513082946,0.015692982352296322,0.013884947424807155,0.012551021866023424,0.01709290386386801,0.01726088059966947,0.0187813784162357,0.019581700375682857,0.024679369542781604,0.029339447794366345,0.025991283623168167,0.02414119454713091,0.015522607235761383,0.011310510703598866,
payoutRatio,0.47799086757990866,0.5210810810810811,0.43808338518979467,0.3874737088104697,0.46572827417380663,0.44943089430894306,0.42598397770811564,0.36768060836501903,0.4045261669024045,0.6318770226537217,0.4410377358490566,0.3505263157894737,0.16972682489923868,0.17481789802289283,0
salesGeneralAndAdministrativeToRevenue,0,0,0.13238732749530055,0.1305803829187741,0.12103509873026602,0.1452882292026234,0.14727934080617622,0.14698983580922595,0.13312489715320058,0.13019318428478402,0.12460196594212931,0.10936085460800289,0.10463871958312009,0.11066817667044168,0.10136114879086955
researchAndDdevelopementToRevenue,0,0,0,0,0,0,0,0,0,0,0,0,0,0,0
intangiblesToTotalAssets,0.6336519040346815,0.4618263626137642,0.5298938253788269,0.529262240513224,0.5224307076864463,0.4199944440586152,0.49246231155778897,0.4498426166689476,0.4454464374194827,0.46453008653652644,0.46365546218487397,0.30962995987516717,0.19908458572097884,0.18153585544889891,0.19102382196997983
capexToOperatingCashFlow,-0.15731916887986253,-0.1649949849548646,-0.11768520019452099,-0.19881776239907728,-0.3948439620081411,-0.1724925748229381,-0.15299026425591097,-0.1377353623936033,-0.1878922111480251,-0.16432090077410275,-0.22071861875874943,-0.10757698541329011,-0.08333333333333333,-0.09647302904564316,-0.23613707165109035
capexToRevenue,-0.0201654084146024,-0.02179289026275116,-0.016642978313694923,-0.03184831058454006,-0.04917201757350456,-0.026061442871936485,-0.024497067775220843,-0.020875684128225176,-0.020939608359387855,-0.020273496852615584,-0.02182841847801006,-0.024035850081477458,-0.013911506071744288,-0.021064552661381655,-0.017727676692081015
capexToDepreciation,-0.4554500226142017,-0.501779359430605,-0.4206257242178447,-0.8434250764525993,-1.4426345609065157,-0.8945497630331753,-0.8847184986595175,-0.7694524495677233,-0.7334293948126801,-0.6379781420765027,-0.8240418118466899,-0.9315789473684211,-0.5310834813499112,-0.9029126213592233,-0.6064
stockBasedCompensationToRevenue,0.011734785830145984,0.013424597041289468,0.013387740131126495,0.012725467100856832,0.011128276927533433,0.014877459440800829,0.014327072971568554,0.013526192337763879,0.011148593055784105,0.012285652268287388,0.013844662882458812,0.012357414448669201,0.013818452519424929,0.015719139297848246,0.011366294026848777
grahamNumber,40.80310861503766,32.63645767203824,30.175461608660626,27.79121932973371,23.02478071876845,22.7347976457937,20.418124908461323,19.946089419256953,16.188364223926698,12.392698156566071,13.976566001323398,13.668229944718298,15.264744043523486,12.864524012600995,11.056896791853388
roic,0.09934715147256865,0.17611746801194972,0.212067060887647,0.2353988603988604,0.22106707697425873,0.22877132013352233,0,0,0,0,0,0,0,0,0
returnOnTangibleAssets,0.1840583607880051,0.17576195181272328,0.2642802324306545,0.27507071226536384,0.21725834330541152,0.18409866491049512,0.2388717863382977,0.21807628524046435,0.18951036454610437,0.11613266936014281,0.16607912260086174,0.15337423312883436,0.10048148314808981,0.08287340462228354,0.09097202990861257
grahamNetNet,-46.8528522039758,-22.08478639930253,-17.772217428817946,-13.247003424657533,-12.141313559322034,-6.479712595097211,-6.528982485404503,-4.717391304347826,-4.958162428219852,-4.3398468976631746,-4.4891826923076925,-2.2735467255334805,-2.1005357142857144,-3.7021848137535818,-4.92921469740634
workingCapital,-26700000,-13300000,239700000,213700000,244600000,596200000,352500000,396200000,337500000,367100000,-31300000,506000000,582900000,553800000,531400000
tangibleAssetValue,-3336000000,-911800000,-928900000,-654700000,-641700000,-164000000,-238400000,-24400000,-83000000,-72800000,-85500000,251500000,356600000,231400000,19500000
netCurrentAssetValue,-5049300000,-2215200000,-1710800000,-1219200000,-1156300000,-545200000,-578900000,-349800000,-395200000,-359700000,-355300000,5100000,137900000,-8600000,-187100000
investedCapital,2.316438204731373,1.5677261250556958,1.3040085136573254,0.9625365497076024,1.097818507819504,0.9780009564801531,0.7430480707048933,0.5449724446293023,0.6427696078431373,0.61657848324515,0.6575943810359964,0.401561144839549,0.35654565456545656,0.6005631536604988,1.3686688006025232
averageReceivables,765800000,711300000,687650000,663150000,650400000,582350000,577900000,568050000,576850000,541000000,558950000,532800000,1051800000,1248300000,1227600000
averagePayables,200350000,151800000,142750000,171800000,159500000,142500000,133850000,134050000,147450000,127000000,135400000,121550000,113550000,120850000,121650000
averageInventory,,,,,,,,,,,,,,,
daysSalesOutstanding,59.95744638244188,57.32490616030029,55.55912154417496,51.84299868357237,51.94020663351519,57.124956851915776,60.21917452304951,60.614542611415175,66.42915912456805,58.7390926850445,68.489085790761,58.53680065181966,236.44419113199646,295.19116647791617,297.73305580242294
daysPayablesOutstanding,25.44205780217318,16.96946494747481,15.581755483891566,22.08701413427562,19.625675328016467,24.605496229566274,23.139426758560333,24.099863744748497,29.54604593279783,21.74975220103784,26.85981077237029,20.616493442217273,17.460453592529063,20.426730577689245,21.02984698696556
daysOfInventoryOnHand,0,0,0,0,0,0,0,0,0,0,0,0,0,0,0
receivablesTurnover,6.087650859441668,6.367214958526642,6.569578313253012,7.040487804878048,7.027311280746395,6.389501543890605,6.06119235095613,6.02165725047081,5.494575045207957,6.213919611545724,5.3293162813576,6.235393734123624,1.5437046613517202,1.236486864952669,1.2259303859166237
payablesTurnover,14.346323824829248,21.509222661396574,23.42483171278983,16.525547445255473,18.598086124401913,14.834084084084084,15.773943054357204,15.145313843508168,12.35359888190077,16.78180039138943,13.5890756302521,17.704271631982476,20.904382470119522,17.86874304783092,17.356284153005465
inventoryTurnover,,,,,,,,,,,,,,,
roe,0.3026199425160292,0.3434575969107381,0.4275452288045406,0.3909904970760234,0.32553043131786036,0.29411764705882354,0.30944169001940075,0.2734740563585318,0.2599264705882353,0.14532627865961198,0.21271792299009157,0.2354107297732623,0.24565456545654565,0.2577098417806382,0.37111655055545095
capexPerShare,-0.8703543647363872,-0.8605056669572798,-0.6264020707506471,-1.1806506849315068,-1.726271186440678,-0.6382079459002535,-0.5504587155963303,-0.44648829431438125,-0.41755537325676784,-0.37630942788074134,-0.37900641025641024,-0.39072847682119205,-0.21357142857142858,-0.3330945558739255,-0.2730547550432277
