,2021,2020,2019,2018,2017,2016,2015,2014,2013,2012,2011,2010,2009,2008,2007,2006,2005,2004,2003,2002,2001,2000,1999,1998,1997,1996,1995,1994,1993,1992,1991,1990,1989,1988,1987,1986
period,FY,FY,FY,FY,FY,FY,FY,FY,FY,FY,FY,FY,FY,FY,FY,FY,FY,FY,FY,FY,FY,FY,FY,FY,FY,FY,FY,FY,FY,FY,FY,FY,FY,FY,FY,FY
currentRatio,1.0558948311921124,1.0976023680315738,1.0220266786234726,1.055253717375481,1.0525822934267044,0.9575861396014484,1.0343774602190041,1.0462568973563566,0.8754262055528494,1.028185704007787,1.060667438271605,1.094275026944779,1.0444926749864352,0.9157430323899709,1.0195322999731207,0.9895473285303794,1.0064954113062063,1.0070973283305455,1.0226070926114588,1.0137208191110674,0.960349911631374,1.0671985355766236,1.027329391081988,1.0005652911249294,1.0060085836909871,1.043175174274792,1.0489145369607036,1.0275095112671935,1.1901178010471205,0.9970877320713506,,,,1.0666666666666667,1.029940119760479,1.065359477124183
quickRatio,0.7646011353450851,0.7457030093734583,0.7282255352538953,0.7763725694083394,0.6412067666877023,0.5864214931587051,0.5972755683851421,0.5591182364729459,0.4831039941548953,0.5917305006559735,0.6357542438271605,0.6339314017625055,0.6102143244709712,0.5493920154955343,0.7020428277036108,0.6994128180568858,0.7366215480031848,0.7260521676235252,0.7334691699412992,0.7721130038568728,0.6118859318084862,0.6930597693862512,0.6808374620425124,0.6591294516676088,0.6111587982832618,0.6624690802788397,0.6793075020610058,0.6423763535264853,0.6521596858638743,0.9155442300691664,,,,0.9722222222222222,0.9880239520958084,1.0196078431372548
cashRatio,0.024057364804302362,0.06557474099654662,0.06779509023652057,0.07892274097951545,0.13867231235877286,0.11828609840189085,0.11460743850943532,0.08630960551239465,0.09075133950316609,0.12785136908036734,0.1404320987654321,0.15837190135040893,0.13965002712967986,0.10459485634348434,0.11464026520921064,0.08661974763669679,0.1331768847169258,0.10153248044844265,0.09392131179352836,0.08718315687435557,0.09126017879996812,0.13708934876247167,0.0976506312929519,0.11588468061051442,0.14420600858369098,0.12817629862828872,0.14701841165155263,0.11618378694761487,0.1531413612565445,0.40917364397524575,,,,0.4666666666666667,0.47305389221556887,0.45098039215686275
daysOfSalesOutstanding,552.2794701178194,358.94391816703285,302.0451002148967,282.4565186039804,146.2820637703747,140.8448023164367,136.9460722498331,135.8779855182103,147.94691156120265,158.7416180613419,175.61788541715464,146.86541143654114,146.41791476319898,187.23466981132074,293.1377441015216,338.42209908735333,343.57571264910035,334.2278592177261,371.52714037031177,392.3495943597204,222.71006974395715,211.51306681007358,219.85556289204357,201.5504692587627,174.55824175824176,189.89270856141889,171.60315533980582,189.18132026520612,184.25190334326382,186.18078474514118,0,0,0,212.91666666666669,233.03637713437269,267.2979797979798
daysOfInventoryOutstanding,0,0,0,0,0,0,0,0,0,0,0,0,0,0,0,0,0,0,0,0,0,0,0,0,0,0,0,0,0,0,,,,0,0,0
operatingCycle,552.2794701178194,358.94391816703285,302.0451002148967,282.4565186039804,146.2820637703747,140.8448023164367,136.9460722498331,135.8779855182103,147.94691156120265,158.7416180613419,175.61788541715464,146.86541143654114,146.41791476319898,187.23466981132074,293.1377441015216,338.42209908735333,343.57571264910035,334.2278592177261,371.52714037031177,392.3495943597204,222.71006974395715,211.51306681007358,219.85556289204357,201.5504692587627,174.55824175824176,189.89270856141889,171.60315533980582,189.18132026520612,184.25190334326382,186.18078474514118,,,,212.91666666666669,233.03637713437269,267.2979797979798
daysOfPayablesOutstanding,965.5968053193726,631.3754638579651,479.66269225196135,420.388250165533,289.117063944214,277.0301456618113,277.78581631573377,296.7625910429258,370.57225651415916,413.82585669781935,435.89831382077904,386.25433770630553,0,1274.1869087189978,1565.2402745995423,2217.624069478908,2171.427241700279,2418.7333333333336,2421.527777777778,127.87895866793939,148.59744211212904,167.38133493540485,112.42098184263618,202.32965009208104,224.03964456596037,180.2534395365677,169.97549019607843,155.9324452901998,136.54676258992805,134.40736478711162,,,,699.3438320209973,845.9481361426256,902.3234200743494
cashConversionCycle,-413.3173352015532,-272.43154569093224,-177.61759203706464,-137.93173156155262,-142.83500017383932,-136.18534334537458,-140.83974406590067,-160.8846055247155,-222.6253449529565,-255.08423863647744,-260.2804284036244,-239.3889262697644,146.41791476319898,-1086.952238907677,-1272.1025304980208,-1879.2019703915548,-1827.8515290511787,-2084.5054741156073,-2050.000637407466,264.470635691781,74.1126276318281,44.13173187466873,107.43458104940738,-0.7791808333183496,-49.48140280771861,9.639269024851188,1.6276651437273983,33.248874975006316,47.70514075333577,51.773419958029564,,,,-486.4271653543306,-612.9117590082528,-635.0254402763696
grossProfitMargin,0.3610036017337159,0.35796216509258993,0.32147421941935755,0.28123738102105567,0.2875836093252809,0.2944341173947237,0.29893924783027964,0.3026045606830217,0.3325261039124418,0.36317105106534936,0.3637981917833888,0.36621607123699174,0.8124674723876714,0.7572616683217478,0.730795293537855,0.7898305084745763,0.7828020756115641,0.8125379990542457,0.7920557050166166,0.7212614713472851,0.7034953293415805,0.6928927766399304,0.5090789039286894,0.6879908063589351,0.6784615384615384,0.6976133128968688,0.7029126213592233,0.6970308446238109,0.6779212181396889,0.6813348001466814,0,0,0,0.5115384615384615,0.5419450631031922,0.5471380471380471
operatingProfitMargin,0,0,0,0,0,0,0,0,0,0,0,0,0,0,0,0,0,0,0,0,0,0,0,0,0,0,0,0,0,0,0,0,0,0.1673076923076923,0.21232368225686712,0.234006734006734
pretaxProfitMargin,0.11905256089371834,0.12424743915313721,0.08793909855752349,0.06913758292471878,0.061383856094551596,0.06379137770787159,0.05442845486239893,0.05779747109045715,0.08633161403950182,0.0973296829742491,0.09734388907106385,0.10889389550477417,0.1220725148904181,0.10153922542204569,0.12326741822214009,0.09980443285528032,-0.0018869196037468831,0.15908937377558602,0.15295141636334864,0.16830575487957924,0.1558750520579797,0.17934540087188347,0.17216903268405415,0.16184638958054012,0.17758241758241758,0.1519597109700022,0.15266990291262136,0.15335831651772847,0.16981132075471697,0.13237990465713237,0.11437203280103582,0.13723511604439959,0.1535796766743649,0.15384615384615385,0.19747587230883445,0.21632996632996632
netProfitMargin,0.11071363164641963,0.11681456330071048,0.09393654227003947,0.09136140755696567,0.07518345347100461,0.07406877815114034,0.06616719827905941,0.06557873122230629,0.0844760347213486,0.07737174145935008,0.06750363048671945,0.0933912670314344,0.07436535014167582,0.04797666335650447,0.0855048358282511,0.08376792698826598,0.020756115641215715,0.1273390528946835,0.11568286121221712,0.11781366518286049,0.1376374522962102,0.12554206666132706,0.11191812479366127,0.10821681670178127,0.11714285714285715,0.10028465075541931,0.10072815533980582,0.0994522917267224,0.1069182389937107,0.08617528419508617,0.08113940440224428,0.08930373360242179,0.09988452655889145,0.10833333333333334,0.12026726057906459,0.12962962962962962
effectiveTaxRate,0.02061327043380166,0.014697439430474222,-0.14326784858648778,-0.40988735919899877,-0.3202856387199154,-0.24684785654244887,-0.32572402044293014,-0.13462976813762154,0.021493624772313296,0.2050550346514472,0.30654475457170355,0.19556650246305418,0.3694931312174325,0.31907090464547677,0.2273863068465767,0.16067929457870672,11.214285714285714,0.19957537154989385,0.24366270046559751,0.30000215817245957,0.11700140286070791,0.29999840502735375,0.34995206136145734,0.33136094674556216,0.34034653465346537,0.3400576368876081,0.34022257551669316,0.35150375939849626,0.37037037037037035,0.3490304709141274,0.29056603773584905,0.3492647058823529,0.34962406015037595,0.29583333333333334,0.39097744360902253,0.40077821011673154
returnOnAssets,0.027194481931324038,0.03666586062674082,0.03406197160144234,0.038784131259948576,0.03590646176748802,0.03606740008355382,0.03269255438069234,0.03030969030969031,0.03915166533051527,0.03643293537357772,0.03214006914241106,0.048414905450500555,0.03956557856197889,0.023629749640815576,0.0390238416554206,0.03757200081868951,0.00908688597138221,0.05821674542141511,0.05038599393438103,0.052662919806752306,0.08510262443242156,0.08262841500219335,0.07668815744825246,0.07573726541554959,0.08304767840448737,0.07757452574525746,0.08373688458434221,0.0764797162491687,0.06968716289104639,0.05858888057840937,0.049960138187616264,0.055364404128870816,0.058863559033684926,0.06101083032490975,0.06377952755905512,0.06724890829694323
returnOnEquity,0.10657702975882657,0.13235912191652388,0.12972553583551547,0.14081219853742025,0.11280814576634512,0.11521992993382639,0.09806777890773163,0.09394934043475568,0.128794054183649,0.1175690341251658,0.1158732711482792,0.1573145387187133,0.1440250867958338,0.1046716316858497,0.19399021663172605,0.1487096400879528,0.04004680795735275,0.24770039421813403,0.23614924890970765,0.24564569113233806,0.33706032889053933,0.279210616721591,0.2795876288659794,0.27901234567901234,0.32519829164124464,0.3405204460966543,0.35139712108382726,0.35677352637021714,0.2660626029654036,0.2576754385964912,0.2191142191142191,0.21611721611721613,0.23315363881401618,0.2485294117647059,0.2571428571428571,0.2851851851851852
returnOnCapitalEmployed,0,0,0,0,0,0,0,0,0,0,0,0,0,0,0,0,0,0,0,0,0,0,0,0,0,0,0,0,0,0,,,,0.24742268041237114,0.3057471264367816,0.3381578947368421
netIncomePerEBT,0.9299559019587734,0.9401768285681479,1.068199968056221,1.3214434710054235,1.224808251785242,1.161109554497058,1.2156729131175468,1.1346297681376216,0.9785063752276867,0.7949449653485527,0.6934552454282964,0.8576354679802956,0.6091899573661772,0.4724938875305624,0.6936531734132934,0.8393207054212932,-11,0.8004246284501062,0.7563372995344024,0.6999978418275404,0.8829985971392921,0.7000015949726462,0.6500479386385427,0.6686390532544378,0.6596534653465347,0.659942363112392,0.6597774244833068,0.6484962406015038,0.6296296296296297,0.6509695290858726,0.7094339622641509,0.6507352941176471,0.650375939849624,0.7041666666666667,0.6090225563909775,0.5992217898832685
ebtPerEbit,,,,,,,,,,,,,,,,,,,,,,,,,,,,,,,,,,1,1,1
ebitPerRevenue,0,0,0,0,0,0,0,0,0,0,0,0,0,0,0,0,0,0,0,0,0,0,0,0,0,0,0,0,0,0,0,0,0,0.15384615384615385,0.19747587230883445,0.21632996632996632
debtRatio,0.743286849602639,0.7208997196772258,0.7343746816876159,0.7202338680053876,0.6770744491137749,0.6818165993594207,0.662060877054738,0.6773826173826174,0.6960134101013046,0.6901145302019692,0.7226274116203859,0.6922413793103448,0.7252868965941606,0.7742487696022988,0.798836032388664,0.7473465688137774,0.773093376604219,0.7649711232589024,0.7866349600220568,0.7856143148125447,0.747515156374102,0.7040642079717744,0.725709761339215,0.7285522788203753,0.744624493611717,0.7721883468834688,0.7617029862792575,0.7856351141653736,0.7380798274002157,0.7726252804786836,0.7719904331650279,0.7438223334375977,0.7475331745491663,0.7545126353790613,0.7519685039370079,0.7641921397379913
debtEquityRatio,2.9129918668609847,2.6023568588147814,2.796877121520706,2.614928093533975,2.127180161746078,2.1781126619585165,1.9859824643377402,2.09964699324952,2.2896187964516903,2.2269986735801277,2.605258925699582,2.249299719887955,2.6401612722589314,3.4296547054840896,3.971069182389937,2.957990973266983,3.407099206865167,3.254796320630749,3.686803424325634,3.6644905378156034,2.9606337776127316,2.379111371241714,2.6457731958762887,2.6839506172839505,2.9158023184868824,3.3895910780669145,3.1964436917866217,3.6649431230610134,2.8179571663920924,3.398026315789474,3.385780885780886,2.9035409035409034,2.9609164420485174,3.073529411764706,3.0317460317460316,3.240740740740741
longTermDebtToCapitalization,0.41834439666664386,0.4257734542517938,0.4253533371973784,0.40728297959237447,0.39603654499713115,0.3735456002229499,0.3631876498696025,0.39686986403705365,0.28345645078165266,0.3041617721094143,0.35181903471281145,0.3319852719261182,0.38117679672881005,0.3513394817742644,0.35858359480053786,0.029101123595505617,0.12273297593247405,0.15538290788013318,0.16473286562331355,0.195503759306874,,,,,,,,0.03396603396603397,0.16792323509252913,0.17985611510791366,0.1890359168241966,0.19627085377821393,0.21231422505307856,0.22727272727272727,0.24096385542168675,0.2702702702702703
totalDebtToCapitalization,0.4365783078278029,0.4402490114642996,0.47189158181557433,0.44521721973536554,0.4328424193860352,0.44193768619662366,0.4030974685413351,0.4256087366380307,0.4110420785088958,0.3398869696728488,0.35517992326039616,,,0.418732782369146,,0.038713983757926354,0.1280045351473923,0.19248726655348047,0.198160859992229,0.2500844827243478,,,,,,,,,,,,,,,,
interestCoverage,0,0,0,0,0,0,0,0,0,0,0,0,0,,,,,,,,,,,,,,,,,,,,,-11.428571428571429,-13.3,-12.238095238095237
cashFlowToDebtRatio,0.2584750261645103,0.3601890864248279,0.2429504851629149,0.2119155772213605,0.2726460261729971,0.21841865037567587,0.2656084656084656,0.1681223619875465,0.24039848849192716,0.4016393442622951,0.4132846715328467,0.42145454545454547,0.3845454545454545,0.3018796992481203,0.63075,3.0086206896551726,1.6722763507528786,1.528114663726571,1.4967320261437909,0.8498390402598066,,,,,,,,22.88235294117647,1.2653061224489797,1.28,2.205,2.215,0.86,,,
companyEquityMultiplier,3.919068214940529,3.609873589602664,3.8085151779652797,3.6306652737335794,3.1417226931696387,3.194572651949063,2.99969766099552,3.09964699324952,3.2896187964516903,3.2269986735801277,3.605258925699582,3.249299719887955,3.6401612722589314,4.429654705484089,4.971069182389937,3.957990973266983,4.407099206865167,4.254796320630749,4.686803424325634,4.664490537815603,3.9606337776127316,3.379111371241714,3.6457731958762887,3.6839506172839505,3.9158023184868824,4.389591078066914,4.196443691786621,4.664943123061014,3.8179571663920924,4.3980263157894735,4.3857808857808855,3.9035409035409034,3.9609164420485174,4.073529411764706,4.031746031746032,4.2407407407407405
receivablesTurnover,0.6608972807229888,1.0168719444081762,1.208428806626271,1.2922342943401852,2.495179453941505,2.591504933067766,2.6652827204428626,2.6862335249375833,2.4671011793916824,2.2993340023720465,2.0783760101255964,2.48526863084922,2.492864350583826,1.9494252873563218,1.2451484237171129,1.0785347676298953,1.062356815578465,1.0920693471043896,0.982431592039801,0.9302927930781922,1.6389020955344729,1.725661707358008,1.660180871471636,1.8109608047173085,2.0909926470588234,1.9221380471380471,2.127000516262261,1.9293659621802002,1.9809836065573772,1.9604601006470166,,,,1.7142857142857142,1.5662790697674418,1.3655172413793104
payablesTurnover,0.3780045646270295,0.5781029211520181,0.7609514058439001,0.8682450088847079,1.2624643977099457,1.317546143319649,1.313961975600431,1.2299393893187969,0.9849631039123776,0.8820135187118756,0.8373512547012762,0.9449732064304567,,0.2864571888962133,0.23319103521878334,0.16459056565244026,0.16809220819860227,0.15090543259557343,0.15073128763980498,2.8542615908203306,2.4563006927439397,2.180649354606112,3.2467248908296944,1.803986710963455,1.6291759465478841,2.0249266862170088,2.1473684210526316,2.34075723830735,2.673076923076923,2.715625,,,,0.5219178082191781,0.4314685314685315,0.4045112781954887
inventoryTurnover,,,,,,,,,,,,,,,,,,,,,,,,,,,,,,,,,,,,
fixedAssetTurnover,9.530486385850594,8.500363812757701,8.270066209780463,15.870908674753949,14.943231441048034,14.816737288135593,26.602861371484952,23.677072671443195,19.82294264339152,23.91176470588235,23.381161007667032,24.593667546174142,21.428748451053284,18.144144144144143,18.467576791808874,14.878758486905916,8.016747703943814,5.715444015444016,4.74755822689707,4.3874260443435125,17.758322600788354,17.463682685582974,16.734806629834253,16.574603174603176,16.366906474820144,17.565384615384616,18.23008849557522,17.345,16.5989010989011,16.427710843373493,,,,19.5,19.242857142857144,19.8
assetTurnover,0.24562902983955615,0.3138809031229569,0.3626061890113472,0.4245132851720338,0.4775846294602013,0.48694471522072136,0.49409005112792975,0.4621878121878122,0.46346476204358283,0.47088167703604056,0.47612356417977025,0.5184093437152392,0.5320431960126758,0.49252590713172134,0.45639338731443996,0.4485248969328382,0.4377931848355215,0.4571790357948053,0.43555279845602424,0.4470017949531859,0.6183100821226465,0.6581731303268951,0.6852166044565094,0.6998659517426273,0.7089435961358679,0.7735433604336044,0.831315577078289,0.7690090888938151,0.6517799352750809,0.6798803290949887,0.6157321286207813,0.6199562089458868,0.589316093909493,0.5631768953068592,0.5303149606299212,0.5187772925764192
operatingCashFlowPerShare,8.922223094845414,9.175632869970418,6.0173984107014205,4.186822808361606,4.743605406666148,3.503604415408876,3.7889212083209958,2.6319232731887947,2.7146337300417396,2.8342891140160966,2.535216312787126,2.1383763837638377,2.1044776119402986,1.7121535181236673,2.635698845363329,1.0755175080536692,2.0228571500816326,3.0293474923199155,2.5531463615568315,1.7190487897107758,1.5397052515281613,1.7382482588138082,0.8690634253538708,0.8110619415195004,0.9969230789805167,0.47257383966244726,0.6359178669935642,1.2231165891082882,0.42229102114886563,0.3921702114309099,0.7506382978723404,0.8759886931413388,0.33803468169013334,0.6007827788649707,0.63,0.5901639344262295
freeCashFlowPerShare,8.248907039451295,8.655723971831723,5.27113777863802,3.506074203786801,4.02612259404467,2.276976796575805,3.2141384936048167,2.0987347403404555,1.9884556302077676,2.4128642020195343,2.177008426840517,1.9040590405904059,1.8706467661691542,1.371002132196162,2.2105187303958798,0.7365291817330285,1.7785714349234694,2.7124244141190585,2.271073859603173,1.1973035914146397,1.2523567797271855,1.552364191292212,0.6425884981815905,0.6097345092274258,0.8251969998268606,0.33052039381153303,0.49187863928899783,1.1067790215067288,0.3269349841152508,0.3033191479035944,0.6195744680851064,0.7336158129919564,0.2456647396003876,0.5362035225048923,0.582,0.5450819672131147
cashPerShare,2.1079085839943454,3.479672242728867,3.2517177973483014,3.3227536390500165,3.782889256638937,3.072200946159045,2.7891476378752778,2.05686472058304,2.3127531149626823,2.4963228610619907,2.6077534096913144,2.304428044280443,2.0497512437810945,2.074626865671642,2.7516570585362703,2.6420544705960243,3.8678571566709183,2.7386525309356813,2.5141244739347837,1.919707651798165,1.1500792036792704,1.2747502664523318,0.8335914488088149,0.8844026489973276,1.021238276028822,0.8016877637130801,0.8197977321483297,0.6241353288894479,0.6375232190247391,1.721872334563839,0,0,0,1.643835616438356,1.58,1.4139344262295082
payoutRatio,0.4322893692104102,0.4242794333170493,0.48011363636363635,0.4764009471191792,0.6104513064133017,0.6568532818532818,0.7216928251121076,0.7353328938694792,0.6798212956068503,1.0482051282051281,1.011797362942401,0.7668006892590465,0.994556765163297,1.5329883570504528,0.8559077809798271,0.890272373540856,3.3214285714285716,0.45039787798408487,0.42339261285909713,0.38815622133668365,0.33226352430222905,0.3846039919795844,0.41297935103244837,0.41061946902654867,0.37523452157598497,0.38209606986899564,0.3542168674698795,0.3681159420289855,0.3188854489164087,0.3702127659574468,0.425531914893617,0.3785310734463277,0.3352601156069364,0.30177514792899407,0.22839506172839505,0.11038961038961038
operatingCashFlowSalesRatio,0.2080581161101276,0.25002139983450794,0.15719763473180048,0.11034035188924142,0.13867783622313137,0.1111925359262172,0.1210221793635487,0.08695558197341403,0.11004528871556171,0.13609490933619015,0.1326181664870942,0.1243428816650574,0.12230382235586654,0.0996772591857001,0.15542413601922012,0.0682529335071708,0.1272322932812184,0.18725933932311017,0.18119955689191328,0.1359244548329038,0.14318993717879264,0.1948422142636475,0.10515021459227468,0.10802528251292856,0.14417582417582417,0.0735712721699146,0.10072815533980582,0.22427212453156528,0.10261502813637868,0.09387605427209388,0.1903323262839879,0.22351160443995963,0.09930715935334873,0.1967948717948718,0.23385300668151449,0.24242424242424243
freeCashFlowOperatingCashFlowRatio,0.9245349451323279,0.9433380884450785,0.8759828448892065,0.8374068749183113,0.8487473659564505,0.6498955151904838,0.8482991112473184,0.7974148645289585,0.7324949985710203,0.8513119533527697,0.8587071706110915,0.8904227782571182,0.8888888888888888,0.800747198007472,0.8386841062227507,0.6848137535816619,0.8792372881355932,0.8953823953823954,0.8895196506550218,0.696491919590067,0.8133743640116953,0.8930624169596781,0.7394034536891679,0.75177304964539,0.8277439024390244,0.6994047619047619,0.7734939759036145,0.9048843187660668,0.7741935483870968,0.7734375,0.8253968253968254,0.837471783295711,0.7267441860465116,0.8925081433224755,0.9238095238095239,0.9236111111111112
cashFlowCoverageRatios,0.2584750261645103,0.3601890864248279,0.2429504851629149,0.2119155772213605,0.2726460261729971,0.21841865037567587,0.2656084656084656,0.1681223619875465,0.24039848849192716,0.4016393442622951,0.4132846715328467,,,0.3018796992481203,,3.0086206896551726,1.6722763507528786,1.528114663726571,1.4967320261437909,0.8498390402598066,,,,,,,,,,,,,,,,
shortTermCoverageRatios,3.5997042670046473,6.290380473797559,1.4156336959271438,1.4741811175337187,1.9365223305372932,0.8841671404206936,1.7083769633507853,1.501679731243001,0.5549563838223632,2.6589147286821704,28.31,,,1.2166666666666666,,11.764044943820224,35.62264150943396,6.695652173913044,7.411003236245954,3.1326231635343853,,,,,,,,,,,,,,,,
capitalExpenditureCoverageRatio,-13.251166407465007,-17.648539778449145,-8.063400576368876,-6.15032154340836,-6.6114551083591335,-2.856290174471993,-6.5919191919191915,-4.936196319018405,-3.7382478632478633,-6.7254901960784315,-7.0775,-9.125984251968504,-9,-5.01875,-6.199017199017199,-3.172727272727273,-8.280701754385966,-9.558620689655172,-9.051383399209486,-3.294805194805195,-5.35832065463218,-9.351249313563976,-3.8373493975903616,-4.0285714285714285,-5.8053097345132745,-3.3267326732673266,-4.414893617021277,-10.513513513513514,-4.428571428571429,-4.413793103448276,-5.7272727272727275,-6.152777777777778,-3.6595744680851063,-9.303030303030303,-13.125,-13.090909090909092
dividendPaidAndCapexCoverageRatio,6.469627942293091,7.063683998387747,6.139330773450356,4.312852311161217,5.564820846905538,11.435661764705882,4.117350157728707,2.8411016949152543,3.9314606741573033,2.2359843546284224,2.675803402646503,2.1443108233117485,2.0258620689655173,1.8566473988439307,3.230473751600512,1.2862407862407863,2.3748427672955974,4.958855098389982,6.256830601092896,30.367823087847434,7.532747557662293,7.098587879735293,5.587719298245614,6.130434782608695,7.540229885057471,4.54054054054054,7.830188679245283,14.679245283018869,9.393939393939394,8.827586206896552,147,-88.6,15.636363636363637,17.055555555555557,24.23076923076923,-57.6
dividendPayoutRatio,0.4322893692104102,0.42427943331704926,0.48011363636363635,0.4764009471191792,0.6104513064133017,0.6568532818532818,0.7216928251121076,0.7353328938694792,0.6798212956068502,1.0482051282051283,1.011797362942401,0.7668006892590465,0.994556765163297,1.5329883570504528,0.8559077809798271,0.8902723735408561,3.3214285714285716,0.45039787798408487,0.42339261285909713,0.38815622133668365,0.332263524302229,0.38460399197958434,0.41297935103244837,0.41061946902654867,0.375234521575985,0.38209606986899564,0.3542168674698795,0.3681159420289855,0.3188854489164087,0.37021276595744684,0.425531914893617,0.3785310734463277,0.33526011560693636,0.30177514792899407,0.22839506172839505,0.11038961038961037
priceBookValueRatio,3.4690853701089517,3.563210648537066,3.6148963712574917,2.9607055985374204,3.0411504385043355,2.659499811610966,1.7818969814916308,2.102961299312566,2.877015378137617,2.649320933931026,2.997301842768575,2.909081149724406,2.5381060583491992,2.9937251184834124,3.388808407463312,3.2862577334220577,3.531400325445326,3.5351415342969776,4.531747718063725,4.133112383258703,7.490482313179486,6.706040741859962,4.08519084439433,4.292497654320988,3.7136841870042705,3.981203531598513,5.249534292972058,5.508965873836608,4.629640469264827,5.01035576754386,4.04419798951049,3.434720070970696,3.8358916724225067,0.4361535294117648,0.3649206349206349,0.6746148148148149
priceToBookRatio,3.4690853701089517,3.563210648537066,3.6148963712574917,2.9607055985374204,3.0411504385043355,2.659499811610966,1.7818969814916308,2.102961299312566,2.877015378137617,2.649320933931026,2.997301842768575,2.909081149724406,2.5381060583491992,2.9937251184834124,3.388808407463312,3.2862577334220577,3.531400325445326,3.5351415342969776,4.531747718063725,4.133112383258703,7.490482313179486,6.706040741859962,4.08519084439433,4.292497654320988,3.7136841870042705,3.981203531598513,5.249534292972058,5.508965873836608,4.629640469264827,5.01035576754386,4.04419798951049,3.434720070970696,3.8358916724225067,0.4361535294117648,0.3649206349206349,0.6746148148148149
priceToSalesRatio,3.6037318799871803,3.144739023879362,2.6176100456505185,1.9209573719728874,2.02684115529385,1.7096512873453922,1.2022616622952675,1.4679138052523506,1.8870347122612907,1.7435081938729518,1.7461210341813838,1.727003598540929,1.3105157575319493,1.3721859483614698,1.4936810297172425,1.8511442682203392,1.8303120090976481,1.8173631747618726,2.219975480497905,1.9822742106314621,3.058713273820653,3.015251438979599,1.6352901613826758,1.6648741141543766,1.3377425016483517,1.1724805671118896,1.5047815533980582,1.5356500432401268,1.8604381097939424,1.6756305317198386,1.4975925226586104,1.4192914924949547,1.6433207973080255,0.19011820512820515,0.17067557535263547,0.30664309764309766
priceEarningsRatio,32.55002863148986,26.920778839741082,27.86572703651017,21.02591699646409,26.95860673752537,23.081942621718145,18.17005545897141,22.383992155570205,22.338107115063288,22.534172825733332,25.86706850566967,18.492131581849513,17.622666403576982,28.60111254851229,17.468965529827088,22.09848488287938,88.18181786688312,14.271844602652518,19.190184762334145,16.825503285673545,22.22297218374823,24.017857274197954,14.611486427221609,15.384615486725663,11.419753062851782,11.691525655021833,14.939036144578314,15.441072463768116,17.400568203366873,19.4444445106383,18.45703125,15.892857277542372,16.45220590137283,1.7549372781065091,1.4191358024691356,2.3655324675324674
priceToFreeCashFlowsRatio,18.734602324998416,13.333373889414469,19.00917813343329,20.789633864928984,17.22004245537655,23.658563003809054,11.710758287140536,21.16989781795511,23.410127081958642,15.048505825404108,15.33296820924311,15.598256339147287,12.05465372074468,17.19180404354588,11.458848844706994,39.604676533472805,16.361445724698797,10.839011714746173,13.773220482342916,20.938716111574728,26.262483289438325,17.328407954069093,21.033095111796708,20.500725825471697,11.209444534990793,22.786037234042553,19.313707165109033,7.567002840909091,23.41826470703125,23.078002323232322,9.532752403846153,7.582306571765499,22.7698529675,1.0824248175182483,0.7900343642611684,1.3695187969924811
priceToOperatingCashFlowsRatio,17.320794532618393,12.577879437363766,16.65171394033059,17.409382325526078,14.615465675659095,15.375593992027005,9.934225847013485,16.881191200596568,17.1478010034467,12.810972889265306,13.166529748028964,13.889042745470233,10.715247751773049,13.766288916562889,9.610354401664685,27.121827196275074,14.385593168961865,9.705060272727273,12.251550271848261,14.583646578302146,21.361230642914673,15.475349889524256,15.551943167435244,15.411893173758864,9.278549363567073,15.936662946428571,14.939036144578314,6.847262210796916,18.13026945060484,17.849392421875,7.868303571428572,6.349967806151241,16.547858261264533,0.9660729641693812,0.7298412698412698,1.264902777777778
priceCashFlowRatio,17.320794532618393,12.577879437363766,16.65171394033059,17.409382325526078,14.615465675659095,15.375593992027005,9.934225847013485,16.881191200596568,17.1478010034467,12.810972889265306,13.166529748028964,13.889042745470233,10.715247751773049,13.766288916562889,9.610354401664685,27.121827196275074,14.385593168961865,9.705060272727273,12.251550271848261,14.583646578302146,21.361230642914673,15.475349889524256,15.551943167435244,15.411893173758864,9.278549363567073,15.936662946428571,14.939036144578314,6.847262210796916,18.13026945060484,17.849392421875,7.868303571428572,6.349967806151241,16.547858261264533,0.9660729641693812,0.7298412698412698,1.264902777777778
priceEarningsToGrowthRatio,-0.3255002863148986,1.4004777196390035,7.4803038081296185,0.6041970056982171,2.6451298215702446,1.8227870424404657,3.52521265059815,-4.095924828563177,0.7616957387932343,0.8705415797778856,-1.27403298452884,0.7247629631929535,0.325328026008979,-0.6688969870216583,1.7737718845670596,0.07366161627626461,-1.0500262705536372,0.5410024814493858,2.042383949705564,24.90174486279682,0.6913813568277231,1.1393086142888769,1.0552740197437824,49.846154176992215,0.4923598451688553,3.299608351528389,0.8761542819928358,0.6628362813715094,0.7830255691515091,1.5555555608510647,-2.1533203125000018,5.4035714743644325,1.233915442602961,0.14155847657654716,0.11200756136299413,0.18222254840660523
priceSalesRatio,3.6037318799871803,3.144739023879362,2.6176100456505185,1.9209573719728874,2.02684115529385,1.7096512873453922,1.2022616622952675,1.4679138052523506,1.8870347122612907,1.7435081938729518,1.7461210341813838,1.727003598540929,1.3105157575319493,1.3721859483614698,1.4936810297172425,1.8511442682203392,1.8303120090976481,1.8173631747618726,2.219975480497905,1.9822742106314621,3.058713273820653,3.015251438979599,1.6352901613826758,1.6648741141543766,1.3377425016483517,1.1724805671118896,1.5047815533980582,1.5356500432401268,1.8604381097939424,1.6756305317198386,1.4975925226586104,1.4192914924949547,1.6433207973080255,0.19011820512820515,0.17067557535263547,0.30664309764309766
dividendYield,0.013280767710053588,0.0157602956379077,0.017229539201851184,0.022657796432816468,0.022644022829398536,0.028457452330517396,0.0397188014500954,0.03285083772183566,0.030433254353428422,0.04651624607263641,0.03911526977711565,0.041466322357974164,0.05643622493820945,0.053598906491845275,0.04899590531095971,0.040286579747853546,0.03766568496515359,0.03155849089755191,0.02206297740760256,0.023069516242476266,0.014951354011288148,0.016013251623106236,0.028264020439635513,0.026690265309577885,0.032858374389601736,0.03268145502506551,0.02371082471732503,0.023840050157963796,0.01832615149054195,0.019039513612996186,0.023055274119103908,0.02381768531837358,0.020377821528416506,0.17195779683624626,0.16093953892996954,0.04666586145180239
enterpriseValueMultiple,20.76814166406968,16.501278743699697,18.35603522420984,16.415042656134354,17.532962530987202,15.081785515872411,12.112937840436713,14.41541235169836,14.223798829701908,11.537354096146489,11.328324825912588,10.306530332064423,8.139616150608045,12.129776297001428,10.291636280208333,12.225838181797341,41.921535731218704,8.858911337349397,11.430363837342918,10.132243680454788,16.59240003611951,14.171811728882929,7.772230600047032,8.396369802494803,5.891978653427639,6.041311553030303,7.989703808180536,8.191699669966997,9.35421755578423,8.618072009456265,13.84876179245283,11.077337272518383,11.451998574953008,-1.3959983739837398,-1.348689138576779,-0.4872403100775194
priceFairValue,3.4690853701089517,3.563210648537066,3.6148963712574917,2.9607055985374204,3.0411504385043355,2.659499811610966,1.7818969814916308,2.102961299312566,2.877015378137617,2.649320933931026,2.997301842768575,2.909081149724406,2.5381060583491992,2.9937251184834124,3.388808407463312,3.2862577334220577,3.531400325445326,3.5351415342969776,4.531747718063725,4.133112383258703,7.490482313179486,6.706040741859962,4.08519084439433,4.292497654320988,3.7136841870042705,3.981203531598513,5.249534292972058,5.508965873836608,4.629640469264827,5.01035576754386,4.04419798951049,3.434720070970696,3.8358916724225067,0.4361535294117648,0.3649206349206349,0.6746148148148149
