,2021,2020,2019,2018,2017,2016,2015,2014,2013,2012,2011,2010,2009,2008,2007,2006,2005,2004,2003,2002,2001,2000,1999,1998,1997,1996,1995,1994,1993,1992,1991,1990,1989,1988,1987,1986,1985
period,FY,FY,FY,FY,FY,FY,FY,FY,FY,FY,FY,FY,FY,FY,FY,FY,FY,FY,FY,FY,FY,FY,FY,FY,FY,FY,FY,FY,FY,FY,FY,FY,FY,FY,FY,FY,FY
revenueGrowth,0.16850229691557053,-0.015492225796030731,0.02678107874242861,0.12572244950970843,0.10095088296275112,0.03753430754395075,0.16554630930509023,0.4550572399043905,0.2615958417648693,0.18063428116362956,0.14510245681793799,0.07800844272248887,0.07329940417080437,-0.007453951826526212,0.058213820078226855,0.03376238290989959,0.0024319394717287036,0.17130875138471277,0.14763417367252016,0.21007688647679285,0.30159359016899895,0.1541366787718719,0.16031411606971843,0.14747252747252748,-0.0037223560324063936,0.10849514563106796,0.1876621504756414,0.14829526646805694,0.1078107810781078,0.17695295640914976,0.16902119071644803,0.14434180138568128,0.11025641025641025,0.2693246541903987,0.14007421150278293,0.32107843137254904,0.0
grossProfitGrowth,0.17843051293292417,0.09625131073051381,0.1736834008512384,0.10088065936547363,0.07533539731682147,0.021898263027295285,0.15142857142857144,0.3241274945616192,0.1551403911285917,0.17859902137522535,0.13754211220155266,-0.5140925266903914,0.1515449553315302,0.02849194975975723,-0.020881479035985473,0.043044077134986224,-0.034253408713002996,0.2015984015984016,0.260278318806349,0.2406362902230671,0.3215104014003394,0.5708625162127108,-0.14142538975501115,0.16358924522189827,-0.031073446327683617,0.10013812154696132,0.19768403639371382,0.1806640625,0.10226049515608181,0.0,0.0,0.0,-1.0,0.022304832713754646,0.11310344827586206,0.24570446735395188,0.0
ebitgrowth,0.0,0.0,0.0,0.0,0.0,0.0,0.0,0.0,0.0,0.0,0.0,0.0,0.0,0.0,0.0,0.0,0.0,0.0,0.0,0.0,0.0,0.0,0.0,0.0,0.0,0.0,0.0,0.0,0.0,0.0,0.0,0.0,0.0,0.0,0.0,0.0,0.0
operatingIncomeGrowth,0.0,0.0,0.0,0.0,0.0,0.0,0.0,0.0,0.0,0.0,0.0,0.0,0.0,0.0,0.0,0.0,0.0,0.0,0.0,0.0,0.0,0.0,0.0,0.0,0.0,0.0,0.0,0.0,0.0,0.0,0.0,0.0,0.0,0.0,0.0,0.0,0.0
netIncomeGrowth,0.1074743527112848,0.2242822966507177,0.05572217837411208,0.36795508529475274,0.11751930501930502,0.16143497757847533,0.17600527356624918,0.12956068503350707,0.37743589743589745,0.3532269257460097,-0.1723147616312464,0.3538102643856921,0.6636481241914618,-0.4430835734870317,0.08015564202334631,3.1720779220779223,-0.8366047745358091,0.2893296853625171,0.12687780852326594,0.03579070064507888,0.4269959897921983,0.29463126843657816,0.2,0.0600375234521576,0.16375545851528384,0.10361445783132531,0.2028985507246377,0.06811145510835913,0.37446808510638296,0.25,0.062146892655367235,0.023121387283236993,0.023668639053254437,0.043209876543209874,0.05194805194805195,0.5555555555555556,0.0
epsgrowth,-1.0,0.192225684580547,0.03725213273587311,0.3479977027056977,0.10191789649674649,0.12662994680286152,0.05154314720812192,-0.054649421296685166,0.29326811189010826,0.25885234375000005,-0.20303295770035162,0.2551473036147179,0.541689156626506,-0.42758620689655175,0.0984848484848484,3.0,-0.8398058252427184,0.26380368098159523,0.0939597315436241,0.006756756756756763,0.3214285714285713,0.21081081081081088,0.13846153846153852,0.0030864197530863537,0.23193916349809898,0.035433070866141676,0.17050691244239638,0.23295454545454541,0.22222222222222227,0.12499999999999993,-0.08571428571428563,0.029411764705882214,0.13333333333333347,-0.1891891891891892,0.0571428571428572,0.2499999999999998,0.0
epsdilutedGrowth,-1.0,0.19318181818181823,0.03529411764705886,0.3385826771653543,0.09482758620689664,0.1262135922330096,0.0456852791878173,-0.04368932038834955,0.29559748427672955,0.24218750000000003,-0.20303295770035162,0.2551473036147179,0.560490243902439,-0.42657342657342656,0.0916030534351144,3.09375,-0.8391959798994975,0.2675159235668789,0.11347517730496465,0.014388489208633108,0.32380952380952366,0.19318181818181823,0.13548387096774192,-0.009584664536741151,0.19011406844106465,0.035433070866141676,0.17050691244239638,0.23295454545454541,0.22222222222222227,0.12499999999999993,-0.08571428571428563,0.029411764705882214,0.13333333333333347,-0.1891891891891892,0.0571428571428572,0.2499999999999998,0.0
weightedAverageSharesGrowth,-1.0,0.026887964127875093,0.01780671992995513,0.014805024600997368,0.014158594277990539,0.030893119444492828,0.12682036453085951,0.185889180256645,0.06508122758597895,0.08374004853716854,0.030138376383763838,0.07860696517412935,0.07142857142857142,-0.020100865259293325,-0.0166858991179986,0.043019485867926734,0.019982317003642232,0.020197751331393357,0.030090767126685222,0.0288390861791612,0.07988884571697678,0.06922672741942994,0.05405404278282715,0.056775878728805754,-0.07450817158931083,0.0894882010419859,0.025971575902402212,-0.133513313766547,0.12456479446956666,0.11111111489361702,0.16172315399669643,-0.0061106450796408725,-0.09676295915244354,0.28662550043641727,-0.004914,0.2444444394163861,0.0
weightedAverageSharesDilutedGrowth,-1.0,0.02578558468537169,0.021384370769858833,0.02223320429399006,0.020898383850841147,0.029858845942903327,0.12288424014158007,0.18236029034161896,0.06522804095429383,0.08903214333348153,0.0375,0.07726708074534161,0.06820594479830148,-0.029495676604139848,-0.010486789577697084,0.019133537662337663,0.016114059325732257,0.017209852482391756,0.012036758746477078,0.021098634447288676,0.07794661455264887,0.08502428858392751,0.05681818524738535,0.07029595353835048,-0.04198289732770746,0.0894882010419859,0.025971575902402212,-0.133513313766547,0.12456479446956666,0.11111111489361702,0.16172315399669643,-0.0061106450796408725,-0.09676295915244354,0.28662550043641727,-0.004914,0.2444444394163861,0.0
dividendsperShareGrowth,0.0,0.05357739704502282,0.045335636606361224,0.051988078031926774,0.024075113474657128,0.025409287056255555,0.02429010168339234,0.030278626666218195,-0.1612410804830997,0.29359475166557447,0.06018264778615944,-0.03228493778291964,0.007369901547116803,0.017936144763196892,0.056083236811179236,0.07215597123952121,0.18134106481978204,0.3444129256595572,0.19326817220730502,0.1761113380059879,0.14159636420057492,0.12761731493419254,0.14500443311026873,0.09767834727204641,0.23486465009607543,0.09269305471837123,0.12817970999104733,0.42299902390613375,0.05276997092500637,-0.021250003331914853,0.02780929056843445,0.16227466173603203,0.0,0.0,0.0,0.0,0.0
operatingCashFlowGrowth,-0.02761768901569187,0.5658506075768406,0.4628153182590511,-0.10430812456099274,0.37309114290307027,-0.04673613239350291,0.6221725080785483,0.14975707344955702,0.02011661807580175,0.2115860120098905,0.22131147540983606,0.09598108747044917,0.31693648816936487,-0.3634562029330162,1.4097421203438396,-0.4454449152542373,-0.3189033189033189,0.21048034934497817,0.529899855026957,0.1486773745481893,-0.043456239126764495,1.1386028257456828,0.12943262411347517,-0.1402439024390244,0.9523809523809523,-0.19036144578313252,-0.4665809768637532,1.5096774193548388,0.2109375,-0.41950113378684806,-0.004514672686230248,1.5755813953488371,0.0,0.0,0.0,0.0,0.0
freeCashFlowGrowth,-0.04699975804500363,0.6862505099959201,0.5302013422818792,-0.11627586206896552,0.793222854316102,-0.2696893063583815,0.7256857855361596,0.2516582130316036,-0.12226027397260274,0.2011517893870835,0.17781007751937986,0.09787234042553192,0.4618973561430793,-0.39224952741020797,1.9511854951185494,-0.5680722891566266,-0.3311845286059629,0.2184585174275896,0.9539006071767719,-0.016388338522502124,-0.12880873903716064,1.583036093418259,0.11084905660377359,-0.21915285451197053,1.3106382978723403,-0.26791277258566976,-0.5440340909090909,1.9333333333333333,0.21212121212121213,-0.45604395604395603,-0.018867924528301886,1.968,0.0,0.0,0.0,0.0,0.0
tenYRevenueGrowthPerShare,0.0,1.134005943538516,1.2246335373212,1.2090401120144108,1.0170848809939237,0.9996006413683034,0.9691678878196995,0.8709843362235138,0.7507381935965309,0.646689305659328,0.7778164029409312,0.9276779285538101,1.0819148841809443,1.2877997208746534,1.4524949232602287,1.4532101427330355,1.5183594230024626,1.9662861728097756,2.4238734290732395,2.0274071212114424,1.7265089626202486,1.2763043176414697,1.4280666760760334,1.7112493514094806,1.4633754965602035,1.6217744481758944,1.7355027319079637,1.3630862090005633,0.7831500297121797,0.8101175588128663,0.7088548254276177,0.6981866824001569,0.4749174278710009,0.19990305008644327,0.21625768253696875,0.06158088664215684,0.0
fiveYRevenueGrowthPerShare,0.0,0.1722176100581373,0.26469849425818553,0.5381915806623908,0.6424767494010588,0.6482664868483191,0.8204861667559129,0.7590228401640255,0.43612807389254643,0.2280751503663407,0.21315373292080747,0.08167143688256408,0.06364982506369736,0.21906828884087687,0.34087014558360923,0.4654502184654152,0.7821289005370086,0.9573311019500872,0.8766788881449419,0.8290323871688474,0.6740317151830508,0.41311855850808865,0.5154749085908191,0.8244322194393454,0.655196016456305,0.6287080692029255,0.6108374657853877,0.6021820370050189,0.4860784207388408,0.4882681398872454,0.6097264437689968,0.6981866824001569,0.4749174278710009,0.19990305008644327,0.21625768253696875,0.06158088664215684,0.0
threeYRevenueGrowthPerShare,0.0,0.07289531161318948,0.21485187966377584,0.21199160619873544,0.1301230691978654,0.27731979616280417,0.5033092735901392,0.5833019876480561,0.43442077114928085,0.21031380909362737,0.11292368876327046,0.014111942141912614,0.09196348836326852,0.08038552050430116,0.04826652581529011,0.11834958757010366,0.2571215076334999,0.5044595456802511,0.5793916365777535,0.5302038611788096,0.4321762923862487,0.29020743189527326,0.2867076966024971,0.18926452836406168,0.26787561166963486,0.5608477115745337,0.5112293224214647,0.3828478427997727,0.050031806392415376,0.22726704872266426,0.4241607480741953,0.3962392236305892,0.38935944159304897,0.19990305008644327,0.21625768253696875,0.06158088664215684,0.0
tenYOperatingCFGrowthPerShare,0.0,3.2909344396237845,1.859331159695001,1.4453547909359818,0.7997524318876597,2.2575986807962245,0.8730542629607303,-0.13119136056153397,0.06325033727656645,0.6487543174926154,0.6465595023923687,0.23019043621713706,1.4215466334731366,1.11100216947179,1.6438337128865286,1.2758718697207108,2.1810037979355985,1.4767446695563649,5.045940438446591,3.383425205699559,1.051194637806791,0.9843272777646981,1.5709297667584188,0.0,0.0,0.0,0.0,0.0,0.0,0.0,0.0,0.0,0.0,0.0,0.0,0.0,0.0
fiveYOperatingCFGrowthPerShare,0.0,1.4217006280889284,1.286312246257407,0.542315916150217,0.673649093597446,0.3819745469991626,0.7718682440983431,0.25063020782729956,0.5855083678575043,0.07534634277437409,1.3572059904213263,0.057106965599396514,-0.3053033310719131,-0.32939468574780495,0.5332309711853942,-0.30147831412134535,0.16373316632115792,2.485761112414098,2.1479055185028013,0.7243544922931531,2.258126291180127,1.733447743859979,-0.28946804164641365,0.9206232216658606,1.5420673215924467,-0.3704373451208894,-0.274056991862382,2.618316863207202,0.0,0.0,0.0,0.0,0.0,0.0,0.0,0.0,0.0
threeYOperatingCFGrowthPerShare,0.0,0.9343162180134078,0.7174879630351136,0.10501712180415987,0.8023342302524171,0.2906361460980614,0.33681535506877636,0.03814544735843563,0.2694835907529101,0.34678986268849976,0.48071787135387567,-0.1886871341444686,0.9567116259675834,-0.153596427679249,-0.1299450287411976,-0.5787481970293896,0.17673050479385843,0.9674853283206514,0.46880421056720345,0.9780475619610876,0.8983818284502036,0.7436132189771278,0.8390002840077445,0.27541933261596613,-0.18493209244482384,0.11907148387096769,0.6215353651499771,0.6294353653086607,-0.5179264019555901,0.16014785663442974,0.0,0.0,0.0,0.0,0.0,0.0,0.0
tenYNetIncomeGrowthPerShare,0.0,1.6692321487796784,1.810104193899397,3.206649647220031,0.7736003563808654,0.7680749855148434,5.277394302978125,-0.036456011591165294,0.2784557615578116,0.0814298920553862,-0.12807844423710127,0.43400765148968573,0.3833534971455408,0.014269319508651356,0.7901234518059705,1.0491703024874854,-0.4810650583876248,2.7980429138637892,2.7045454398755715,3.1388889202056176,3.6250000236316025,2.200000009619556,1.7205882494741407,1.7083332993320286,1.1891892045180263,0.8404661442636129,1.2711352484390335,0.9370878853622376,0.5714285758317362,0.2857142865321912,0.1428571474747475,0.24999999445728477,0.21428571778812078,0.07142858209738993,0.3214285702421036,0.25000000505050496,0.0
fiveYNetIncomeGrowthPerShare,0.0,1.069485965460322,0.811584355940232,0.6635646827546363,0.5960229398569192,0.8085706482460445,0.2898044216433974,0.5511859465362418,1.5286961732407016,0.11126244622766245,-0.02239097641580876,3.866935015604782,-0.3788339879171781,-0.4944209687637638,-0.02684564233547806,-0.1081081140534202,-0.7053571401936027,1.2270270269730956,1.00615384904032,0.8395061766995494,1.2975545968922755,0.7612337253085139,0.7054318909752831,0.8465908991215747,1.2500000123031016,1.0130098452883265,0.8169082068077105,0.5952488421676699,0.46666665617186015,-0.02702702553447065,-0.08571428571428563,0.24999999445728477,0.21428571778812078,0.07142858209738993,0.3214285702421036,0.25000000505050496,0.0
threeYNetIncomeGrowthPerShare,0.0,0.6669864379375623,0.5407164502296602,0.6734766163521795,0.29564194984982695,0.11995688389162797,0.2856084263354395,0.5381533517985035,0.29748939831648813,0.2592435447889234,0.5658944201255557,0.10764728416740219,-0.030604551483825945,1.497253980872539,-0.2961165081994284,-0.190184046130455,-0.7785234900637286,0.39189189039184247,0.45535714325024457,0.610810810981807,0.8215384829355346,0.38271603896774636,0.43597162154489255,0.27768071441138453,0.49340522047337876,0.4640071620227039,0.766438525439975,0.6949518928436674,0.2571428662397769,0.058823527031332444,0.06666666035502952,-0.05405405739920708,-0.028571429694467246,0.07142858209738993,0.3214285702421036,0.25000000505050496,0.0
tenYShareholdersEquityGrowthPerShare,0.0,2.172497808524771,2.1198599244551657,2.126979672774672,2.0499669595232093,1.2819819010081992,1.5634271207515416,1.540414064334269,1.3441017504245463,1.2595115731094761,1.536306806909006,1.5451567542135078,1.6854246906211214,1.7036328509305327,2.0008992126617526,3.6922606034037693,3.5534776381325055,4.470484485750555,3.173805367103977,3.3415783639436385,2.0065931280521214,1.476893972637268,1.2687522071429342,1.4303097040023693,0.7255715771879302,0.5328707265206322,0.7973389881700509,0.5098781511918505,0.642464559909843,0.3875755618266611,0.45046276327994245,0.6084436226526868,0.44831785830486076,0.190050777851507,0.4336097722102221,0.2256721558350357,0.0
fiveYShareholdersEquityGrowthPerShare,0.0,0.5333275801074945,0.31197881963892365,0.5215815257068622,0.6633805493908442,0.818825937799053,1.0690280731155712,1.3779804046789401,1.0550851991463355,0.8335954214687401,0.25464556755200424,0.23895231488642749,0.06830740040402462,0.1406348269153346,0.23228469413365474,1.0215325128495922,1.05428144701987,1.5137190752451186,1.3702878319453717,1.4352320749804526,1.3211403099272765,1.2165792543851282,1.1762513319898786,0.7608854548598855,0.782819144240488,0.2953086529035897,0.11743984237746108,0.042504683991842214,0.3801634270388986,-0.03211069795694073,0.18340190431409417,0.6084436226526868,0.44831785830486076,0.190050777851507,0.4336097722102221,0.2256721558350357,0.0
threeYShareholdersEquityGrowthPerShare,0.0,0.42075322318910463,0.368437141538902,0.16548236959791315,0.07904181742438557,0.2518996294315727,0.5412579200926059,0.8970953875334245,0.5848087668513843,0.5426056885203008,0.4145171045750999,0.3658797105293695,0.0009259599065199696,-0.04456394744196056,-0.10123190009302803,0.2859786974690149,0.3585290096232158,0.894028226464577,0.7207387590398103,0.8333835741961473,0.5078360794974532,0.6104577217621552,0.7489246542628493,0.609152181477325,0.6384078899029599,0.14388889346512918,0.29530890973891216,0.040963056354202214,0.02115146392327254,-0.04193989332513904,0.2188242638676123,0.12195358446316965,0.18165192169037997,0.190050777851507,0.4336097722102221,0.2256721558350357,0.0
tenYDividendperShareGrowthPerShare,0.0,0.476916126106013,0.35655338171896434,0.30728447278626486,0.2649688186831832,0.30450622900837615,0.36397647320483995,0.5731104074878538,1.0527553523649056,1.9203714801817715,1.655145287663519,1.8590396316619795,2.3314585239161336,2.7866277052238804,3.0832612758549995,3.7745052955149445,3.8659606587778486,3.646988281648627,3.9186225918239557,3.339492398768168,2.6112891982118627,2.251338831523686,2.3512688130537938,0.0,0.0,0.0,0.0,0.0,0.0,0.0,0.0,0.0,0.0,0.0,0.0,0.0,0.0
fiveYDividendperShareGrowthPerShare,0.0,0.21663996388864945,0.18281986289644142,0.16578253076180868,-0.0705118087243412,0.17411411540865968,0.21393030801442983,0.14688079247933095,0.12137936389558719,0.3609304890114852,0.11105574142112454,0.12360360738981283,0.3716424739201519,0.8305628036829469,1.1458638069773786,1.3897498466345055,1.5445269246720121,1.4288096841991416,1.0685592964117299,0.9028520181840434,0.9979100750812474,0.912324295568249,0.9132780603931476,1.3778011103458083,1.28052016515162,0.8075334036568215,0.700202648190247,0.751584823151718,0.0,0.0,0.0,0.0,0.0,0.0,0.0,0.0,0.0
threeYDividendperShareGrowthPerShare,0.0,0.15859865284079636,0.12615556313877596,0.10468861165154797,0.07560307382372164,0.08211872660109402,-0.11485419005850755,0.11786687415731165,0.1503131598016638,0.32716963731097926,0.03351590221967596,-0.007667975651347443,0.08294812924016279,0.15259479315821378,0.33761588804965,0.7028090464644525,0.8951606790415104,0.8867709151411557,0.6021348617634238,0.5139891040940947,0.4739456885157217,0.41724195878258136,0.5520354045252173,0.4811281582508953,0.5222845018194907,0.754207928802589,0.690115464930728,0.466256209910703,0.05905325975774563,0.16921151176438645,0.0,0.0,0.0,0.0,0.0,0.0,0.0
receivablesGrowth,0.7978848413631022,0.169967920973573,0.09798915373003597,1.1736611844770315,0.1434526842373431,0.0670719652036378,0.17470823898275561,0.3363594040968343,0.17580512726940972,0.06717943725051115,0.3692840954539395,0.08130315698428715,-0.16067755595886268,-0.36603513078162153,-0.0833860648245799,0.01825601374570447,0.030468461822205826,0.053715796019900494,0.08672787958811796,1.1317993214185378,0.3704968852119142,0.11034255960537133,0.26569545612209505,0.3249080882352941,-0.08417508417508418,0.22663913267940114,0.07730812013348165,0.17901639344262296,0.09633357296908698,0.0,0.0,0.0,-1.0,0.055944055944055944,-0.013793103448275862,0.40096618357487923,0.0
inventoryGrowth,0.0,0.0,0.0,0.0,0.0,0.0,0.0,0.0,0.0,0.0,0.0,0.0,0.0,0.0,0.0,0.0,0.0,0.0,0.0,0.0,0.0,0.0,0.0,0.0,0.0,0.0,0.0,0.0,0.0,0.0,0.0,0.0,0.0,0.0,0.0,0.0,0.0
assetGrowth,0.49318896262661543,0.13733778800904517,0.20208154769193093,0.26645680524756926,0.12252819941512325,0.052758892411442396,0.09028971028971029,0.4590773267254573,0.2817854006688713,0.1937771830043493,0.24680200222469412,0.10635941297726363,-0.00641946626723321,-0.08026878092667566,0.039969591532411336,0.009027880218321287,0.046820470057753485,0.11590157154673283,0.17780103215896903,0.6738249096528591,0.3855085861029579,0.20155864721185388,0.1851206434316354,0.16235587410408228,0.08705962059620596,0.19128329297820823,0.09864774994457992,-0.0267529665587918,0.15557217651458488,0.06590486314111081,0.17704097591492024,0.08778496087104458,0.06254519161243673,0.08940527766837338,0.1068003487358326,0.5563093622795116,0.0
bookValueperShareGrowth,0.0,0.16850372667101607,0.12589823249667567,0.07991459532752065,0.1254761724305526,-0.041085264274070124,-0.00017963548659665746,0.30577256640807093,0.1805538530290674,0.23065359610050848,0.09082538725064386,0.1491159863440902,0.12846761453396488,0.05331795519259119,-0.15791997435146116,0.07718121645142814,-0.009155479687287579,0.2048680573556947,0.13795192257121328,0.38141142089452,0.09463160941953282,0.21244573129227964,0.1361190371566771,0.16913101619253615,0.3166916478208415,0.045321433717878536,0.1903867783975078,-0.08072406063073419,0.18369377862754696,-0.04335664661329682,-0.09821970577507567,0.11055982181648748,0.09584392936896434,0.05613021464293649,0.13866666666666713,0.0,0.0
debtGrowth,0.35503031548658925,0.05617904356697853,0.2759528030135165,0.15237791254388766,0.09999297802120638,0.1592185592185592,0.02678757992394166,0.6440398488491927,0.7043325526932084,0.24671532846715327,0.24545454545454545,0.0,0.03383458646616541,0.33,10.494252873563218,-0.691762621789194,-0.3776185226019846,0.18562091503267975,-0.13132838625795573,0.0,0.0,0.0,0.0,0.0,0.0,0.0,-1.0,-0.8612244897959184,0.225,0.0,0.0,0.0,0.0,0.0,0.0,0.0,0.0
rdexpenseGrowth,0.0,0.0,0.0,0.0,0.0,0.0,0.0,0.0,0.0,0.0,0.0,0.0,0.0,0.0,0.0,0.0,0.0,0.0,0.0,0.0,0.0,0.0,0.0,0.0,0.0,0.0,0.0,0.0,0.0,0.0,0.0,0.0,0.0,0.0,0.0,0.0,0.0
sgaexpensesGrowth,0.0,0.0,0.0,0.0,0.0,0.0,0.0,0.0,0.0,-1.0,0.18666666666666668,0.03885841777447244,0.0,0.0,0.0,0.0,0.0,0.0,0.0,-1.0,0.24238346123009966,1.033689782953944,-0.3289520426287744,0.12645058023209282,0.043423799582463465,0.09510745313214448,0.15775542615140287,0.1740211311373524,0.1403260099220411,0.0,0.0,0.0,-1.0,-0.12965964343598055,0.14684014869888476,0.37595907928388744,0.0
