,2021,2020,2019,2018,2017,2016,2015,2014,2013,2012,2011,2010,2009,2008,2007,2006,2005,2004,2003,2002,2001,2000,1999,1998,1997,1996,1995,1994,1993,1992,1991,1990,1989,1988,1987,1986
period,FY,FY,FY,FY,FY,FY,FY,FY,FY,FY,FY,FY,FY,FY,FY,FY,FY,FY,FY,FY,FY,FY,FY,FY,FY,FY,FY,FY,FY,FY,FY,FY,FY,FY,FY,FY
revenuePerShare,42.883321552920236,36.69939003638839,38.279191801886085,37.9446207726825,34.20593755900352,31.509348952466773,31.307659705409343,30.267444751200493,24.668332117864292,20.82582756284189,19.116659353255663,17.19741697416974,17.206965174129355,17.176972281449892,16.95810517510223,15.75782098714736,15.89892862821046,16.17728388485271,14.090246164783945,12.647089825183087,10.752887261942325,8.921312382858298,8.264970534998037,7.50807517140658,6.914634160611815,6.423347398030942,6.313208703646951,5.453716513646082,4.115294112550719,4.177531900672232,3.9438297872340424,3.9192090063343867,3.4039306319029703,3.0528375733855184,2.694,2.4344262295081966
netIncomePerShare,4.747768266184979,4.287023220503155,3.59581491876082,3.4666739630075516,2.57172051489943,2.333858977247128,2.071540127381139,1.984900624124982,2.083882880506463,1.6113305458692095,1.2904439091226594,1.6060885608856088,1.2796019900497513,0.82409381663113,1.4499999989553314,1.3199999979455252,0.3300000011785714,2.0600000083055705,1.6299999915266759,1.4900000062016818,1.480000007562113,1.1199999938753191,0.9250000037518437,0.8124999946073009,0.8100000016716697,0.6441631504922645,0.6359178669935642,0.5423846057099736,0.43999999945510837,0.3599999987744681,0.32,0.34999999703389834,0.33999999960693644,0.33072407045009783,0.324,0.3155737704918033
operatingCashFlowPerShare,8.922223094845414,9.175632869970418,6.0173984107014205,4.186822808361606,4.743605406666148,3.503604415408876,3.7889212083209958,2.6319232731887947,2.7146337300417396,2.8342891140160966,2.535216312787126,2.1383763837638377,2.1044776119402986,1.7121535181236673,2.635698845363329,1.0755175080536692,2.0228571500816326,3.0293474923199155,2.5531463615568315,1.7190487897107758,1.5397052515281613,1.7382482588138082,0.8690634253538708,0.8110619415195004,0.9969230789805167,0.47257383966244726,0.6359178669935642,1.2231165891082882,0.42229102114886563,0.3921702114309099,0.7506382978723404,0.8759886931413388,0.33803468169013334,0.6007827788649707,0.63,0.5901639344262295
freeCashFlowPerShare,8.248907039451295,8.655723971831723,5.27113777863802,3.506074203786801,4.02612259404467,2.276976796575805,3.2141384936048167,2.0987347403404555,1.9884556302077676,2.4128642020195343,2.177008426840517,1.9040590405904059,1.8706467661691542,1.371002132196162,2.2105187303958798,0.7365291817330285,1.7785714349234694,2.7124244141190585,2.271073859603173,1.1973035914146397,1.2523567797271855,1.552364191292212,0.6425884981815905,0.6097345092274258,0.8251969998268606,0.33052039381153303,0.49187863928899783,1.1067790215067288,0.3269349841152508,0.3033191479035944,0.6195744680851064,0.7336158129919564,0.2456647396003876,0.5362035225048923,0.582,0.5450819672131147
cashPerShare,2.1079085839943454,3.479672242728867,3.2517177973483014,3.3227536390500165,3.782889256638937,3.072200946159045,2.7891476378752778,2.05686472058304,2.3127531149626823,2.4963228610619907,2.6077534096913144,2.304428044280443,2.0497512437810945,2.074626865671642,2.7516570585362703,2.6420544705960243,3.8678571566709183,2.7386525309356813,2.5141244739347837,1.919707651798165,1.1500792036792704,1.2747502664523318,0.8335914488088149,0.8844026489973276,1.021238276028822,0.8016877637130801,0.8197977321483297,0.6241353288894479,0.6375232190247391,1.721872334563839,0,0,0,1.643835616438356,1.58,1.4139344262295082
bookValuePerShare,44.54776303044582,32.389329563601144,27.718636085035,24.61913100580059,22.797294445616803,20.25568821806713,21.12355506011995,21.127350281968415,16.17996182909988,13.705399196813698,11.136683174080078,10.209409594095941,8.884577114427861,7.873134328358209,7.474603741012533,8.876357962838354,8.24035717228699,8.316498707270764,6.90241446480277,6.06564682381897,4.390905368287183,4.011308764065027,3.3084439662215646,2.9120575027960784,2.4907879976357727,1.8917018284106892,1.8096843395648177,1.520249025279839,1.6537461279829768,1.3971063782226165,1.4604255319148935,1.6194915116992246,1.4582658942679008,1.3307240704500978,1.26,1.1065573770491803
tangibleBookValuePerShare,-21.257624545145163,-12.011832770491374,-14.633267739819564,-10.008208383495678,-9.316170018992192,-9.795562063527822,-9.716150233106323,-13.059520849961402,-8.832839387403602,-5.153778776710903,-4.237599290748386,-2.4031365313653135,-2.863681592039801,1.5149253731343284,-0.4251801149674495,3.435081706715826,3.7596428705701532,4.2270981602790165,4.417277678815793,4.514514312873058,3.618849095580758,3.8080331545313535,3.159734526090369,2.732300866821012,2.332739216821788,1.7355836849507735,1.6932270916334662,1.3960508112187147,1.5488544872460006,1.2745531871504572,1.327659574468085,1.492937840455329,1.328554911758896,5.283757338551859,4.94,4.631147540983607
shareholdersEquityPerShare,44.54776303044582,32.389329563601144,27.718636085035,24.61913100580059,22.797294445616803,20.25568821806713,21.12355506011995,21.127350281968415,16.17996182909988,13.705399196813698,11.136683174080078,10.209409594095941,8.884577114427861,7.873134328358209,7.474603741012533,8.876357962838354,8.24035717228699,8.316498707270764,6.90241446480277,6.06564682381897,4.390905368287183,4.011308764065027,3.3084439662215646,2.9120575027960784,2.4907879976357727,1.8917018284106892,1.8096843395648177,1.520249025279839,1.6537461279829768,1.3971063782226165,1.4604255319148935,1.6194915116992246,1.4582658942679008,1.3307240704500978,1.26,1.1065573770491803
interestDebtPerShare,35.702505301185894,26.50278803110029,25.734701119390948,20.514392032395754,18.087564001466063,16.659157467898176,14.863068178519383,16.237062818114016,11.680916101602868,7.412120510998363,6.4996820905012225,5.392988929889299,5.756218905472637,5.6716417910447765,4.178674348574442,0.35747859866540294,1.2096428614630101,1.982408496056395,1.7058139446209397,2.0227933858925105,0,0,0,0,0,0,0,0.05345239592504088,0.3337461296176519,0.30638297768039835,0.3404255319148936,0.39548022263717325,0.39306358336062014,0.350293542074364,0.36,0.3668032786885246
marketCap,29516365963.035004,22042733713.98,18636598242.017998,13319918417.26,12484530780.147999,9565157022.44,6483075787.761001,6791303220,6000015571.106,4394163701.018,3727444571.667,3219480108.4,2266274899.5,2210866000,2424692415.54,2839655307.4500003,2715999990.3,2690242707.6,2805605012.253252,2182923970.78,2783560603.847568,2108191440.1,990658779.765625,869230775,608672838.25,535471875,619970000,532717000,562038352.96875,456944446,346992187.5,281303573.8125,284623162.09375,29658440,22990000,36429200
enterpriseValue,35706665963.035,26243633713.98,22638498242.017998,16323118417.26,14936330780.147999,11867857022.44,8459675787.761001,8869803220,7157415571.106,4946063701.018,4121244571.667,3519680108.4,2610374899.5,2548466000,2568792415.54,2666455307.4500003,2511099990.3,2647042707.6,2765005012.253252,2206518970.78,2686226603.847568,2008287440.1,929558779.765625,807730775,541472838.25,478471875,566470000,496417000,539738352.96875,364544446,366992187.5,301303573.8125,304623162.09375,-34341560,-36010000,-12570800
peRatio,32.55002863148986,26.920778839741082,27.86572703651017,21.02591699646409,26.95860673752537,23.081942621718145,18.17005545897141,22.383992155570205,22.338107115063288,22.534172825733332,25.86706850566967,18.492131581849513,17.622666403576982,28.60111254851229,17.468965529827088,22.09848488287938,88.18181786688312,14.271844602652518,19.190184762334145,16.825503285673545,22.22297218374823,24.017857274197954,14.611486427221609,15.384615486725663,11.419753062851782,11.691525655021833,14.939036144578314,15.441072463768116,17.400568203366873,19.4444445106383,18.45703125,15.892857277542372,16.45220590137283,1.7549372781065091,1.4191358024691356,2.3655324675324674
priceToSalesRatio,3.6037318799871803,3.144739023879362,2.6176100456505185,1.9209573719728874,2.02684115529385,1.7096512873453922,1.2022616622952675,1.4679138052523506,1.8870347122612907,1.7435081938729518,1.7461210341813838,1.727003598540929,1.3105157575319493,1.3721859483614698,1.4936810297172425,1.8511442682203392,1.8303120090976481,1.8173631747618726,2.219975480497905,1.9822742106314621,3.058713273820653,3.015251438979599,1.6352901613826758,1.6648741141543766,1.3377425016483517,1.1724805671118896,1.5047815533980582,1.5356500432401268,1.8604381097939424,1.6756305317198386,1.4975925226586104,1.4192914924949547,1.6433207973080255,0.19011820512820515,0.17067557535263547,0.30664309764309766
pocfratio,17.320794532618393,12.577879437363766,16.65171394033059,17.409382325526078,14.615465675659095,15.375593992027005,9.934225847013485,16.881191200596568,17.1478010034467,12.810972889265306,13.166529748028964,13.889042745470233,10.715247751773049,13.766288916562889,9.610354401664685,27.121827196275074,14.385593168961865,9.705060272727273,12.251550271848261,14.583646578302146,21.361230642914673,15.475349889524256,15.551943167435244,15.411893173758864,9.278549363567073,15.936662946428571,14.939036144578314,6.847262210796916,18.13026945060484,17.849392421875,7.868303571428572,6.349967806151241,16.547858261264533,0.9660729641693812,0.7298412698412698,1.264902777777778
pfcfRatio,18.734602324998416,13.333373889414469,19.00917813343329,20.789633864928984,17.22004245537655,23.658563003809054,11.710758287140536,21.16989781795511,23.410127081958642,15.048505825404108,15.33296820924311,15.598256339147287,12.05465372074468,17.19180404354588,11.458848844706994,39.604676533472805,16.361445724698797,10.839011714746173,13.773220482342916,20.938716111574728,26.262483289438325,17.328407954069093,21.033095111796708,20.500725825471697,11.209444534990793,22.786037234042553,19.313707165109033,7.567002840909091,23.41826470703125,23.078002323232322,9.532752403846153,7.582306571765499,22.7698529675,1.0824248175182483,0.7900343642611684,1.3695187969924811
pbRatio,3.4690853701089517,3.563210648537066,3.6148963712574917,2.9607055985374204,3.0411504385043355,2.659499811610966,1.7818969814916308,2.102961299312566,2.877015378137617,2.649320933931026,2.997301842768575,2.909081149724406,2.5381060583491992,2.9937251184834124,3.388808407463312,3.2862577334220577,3.531400325445326,3.5351415342969776,4.531747718063725,4.133112383258703,7.490482313179486,6.706040741859962,4.08519084439433,4.292497654320988,3.7136841870042705,3.981203531598513,5.249534292972058,5.508965873836608,4.629640469264827,5.01035576754386,4.04419798951049,3.434720070970696,3.8358916724225067,0.4361535294117648,0.3649206349206349,0.6746148148148149
ptbRatio,3.4690853701089517,3.563210648537066,3.6148963712574917,2.9607055985374204,3.0411504385043355,2.659499811610966,1.7818969814916308,2.102961299312566,2.877015378137617,2.649320933931026,2.997301842768575,2.909081149724406,2.5381060583491992,2.9937251184834124,3.388808407463312,3.2862577334220577,3.531400325445326,3.5351415342969776,4.531747718063725,4.133112383258703,7.490482313179486,6.706040741859962,4.08519084439433,4.292497654320988,3.7136841870042705,3.981203531598513,5.249534292972058,5.508965873836608,4.629640469264827,5.01035576754386,4.04419798951049,3.434720070970696,3.8358916724225067,0.4361535294117648,0.3649206349206349,0.6746148148148149
evToSales,4.3595221247829805,3.7440627891089107,3.179698335887467,2.3540695727228154,2.4248864829125267,2.121229896053478,1.5688145886360434,1.917173504809251,2.2510427635885017,1.9624900611109788,1.930596604519136,1.8880378223366592,1.509498004683976,1.5817192154915591,1.5824508196513276,1.7382368366688399,1.6922299280948851,1.7881799011011281,2.1878501442105174,2.00370040807394,2.9517578881960174,2.8723632391558063,1.5344317922839634,1.5470805880099598,1.190050193956044,1.0476721589664988,1.3749271844660194,1.4310089362928797,1.7866214927797086,1.3367966483315,1.5839110379801467,1.5201996660570132,1.7587942384165705,-0.22013820512820512,-0.26733481811432813,-0.10581481481481482
enterpriseValueOverEBITDA,20.76814166406968,16.501278743699697,18.35603522420984,16.415042656134354,17.532962530987202,15.081785515872411,12.112937840436713,14.41541235169836,14.223798829701908,11.537354096146489,11.328324825912588,10.306530332064423,8.139616150608045,12.129776297001428,10.291636280208333,12.225838181797341,41.921535731218704,8.858911337349397,11.430363837342918,10.132243680454788,16.59240003611951,14.171811728882929,7.772230600047032,8.396369802494803,5.891978653427639,6.041311553030303,7.989703808180536,8.191699669966997,9.35421755578423,8.618072009456265,13.84876179245283,11.077337272518383,11.451998574953008,-1.3959983739837398,-1.348689138576779,-0.4872403100775194
evToOperatingCashFlow,20.953386516656888,14.974969308975748,20.227392996799498,21.334620856437066,17.48575366442051,19.07708892853239,12.963033692554399,22.04773358190405,20.455603232655044,14.42001079013994,14.55755765336277,15.184124712683348,12.342198106382979,15.86840597758406,10.181499863416567,25.467576957497617,13.300317745233052,9.549216116883116,12.074257695429049,14.741279709653067,20.614283003073986,14.741996491936371,14.592759493965856,14.321467641843972,8.254159119664633,14.240234375,13.64987951807229,6.380681233933162,17.410914611895162,14.240017421875,8.321818310657596,6.8014350747742665,17.710648958938954,-1.1186175895765473,-1.143174603174603,-0.43648611111111113
evToFreeCashFlow,22.663704197419868,15.874445750048391,23.091083478190534,25.477007050507257,20.601835558824828,29.354086130200347,15.281206264019149,27.64901253117207,27.925928876730392,16.938574318554792,16.952877711505554,17.052713703488372,13.884972869680851,19.81699844479005,12.139850735066162,37.18905589191074,15.127108375301207,10.66495853182917,13.573907767566284,21.16504053389351,25.344151371332842,16.50724094081094,19.735855196722397,19.05025412735849,9.971875474217311,20.360505319148935,17.64704049844237,7.051377840909091,22.489098040364585,18.411335656565658,10.082202953296703,8.121390129716982,24.3698529675,-1.253341605839416,-1.2374570446735396,-0.47258646616541355
earningsYield,0.030721939182338245,0.037146027830509,0.03588637750918117,0.047560351359142584,0.03709390510185519,0.04332390979341076,0.05503560527143316,0.0446747833474,0.044766550489216184,0.044377044932309685,0.038659193243363275,0.054077054101298136,0.0567451018534303,0.034963674867676285,0.05724437421852868,0.04525197113285997,0.011340206226067746,0.07006802749338675,0.05210997248774627,0.059433586206688545,0.04499848137916066,0.04163568750465871,0.06843930663597456,0.06499999956858407,0.08756756774828862,0.08553203657988574,0.06693872284142781,0.06476234098029536,0.05746938768393252,0.05142857125349544,0.05417989417989418,0.06292134778137498,0.06078212283475959,0.5698209346142278,0.7046541974771641,0.42273780373985703
freeCashFlowYield,0.05337716716119751,0.07499977187273751,0.05260616703050421,0.048100895210422503,0.05807186611713455,0.04226799403831073,0.08539156692338956,0.047236883644844824,0.04271655580933026,0.0664517801037663,0.06521894432658995,0.06410972984783421,0.08295551437359949,0.058167252108449814,0.08726880104207975,0.02524954342588373,0.06111929329633915,0.09225933381357343,0.0726046607096711,0.047758420080360575,0.038077130368024195,0.05770870599599301,0.047544120096672596,0.048778760738194066,0.08921048646776872,0.04388652531937368,0.05177669887252609,0.13215271898587805,0.042701712210971535,0.04333130684337063,0.10490149724192277,0.13188598885248654,0.04391771881124247,0.9238516928064996,1.2657677250978687,0.7301834791870258
debtToEquity,0.719230407597198,0.7414729559341761,0.7401997866356318,0.6871457467380915,0.6557293189125987,0.5962853806372685,0.5703213039056703,0.6580169690964266,0.3955885878686166,0.43711563969612927,0.542779028626568,0.4969729827414837,0.6159704334191959,0.5416384563303994,0.5590496156533893,0.02997338271033445,0.13990378364321934,0.18396846254927726,0.19722177354223874,0.2430138879684941,0,0,0,0,0,0,0,0.03516028955532575,0.20181219110378912,0.21929824561403508,0.2331002331002331,0.2442002442002442,0.2695417789757412,3.073529411764706,3.0317460317460316,3.240740740740741
debtToAssets,0.743286849602639,0.7208997196772258,0.7343746816876159,0.7202338680053876,0.6770744491137749,0.6818165993594207,0.662060877054738,0.6773826173826174,0.6960134101013046,0.6901145302019692,0.7226274116203859,0.6922413793103448,0.7252868965941606,0.7742487696022988,0.798836032388664,0.7473465688137774,0.773093376604219,0.7649711232589024,0.7866349600220568,0.7856143148125447,0.747515156374102,0.7040642079717744,0.725709761339215,0.7285522788203753,0.744624493611717,0.7721883468834688,0.7617029862792575,0.7856351141653736,0.7380798274002157,0.7726252804786836,0.7719904331650279,0.7438223334375977,0.7475331745491663,0.7545126353790613,0.7519685039370079,0.7641921397379913
netDebtToEBITDA,3.6004769382888386,2.6414109657947686,3.2448714830130543,3.0201126307320996,2.878037328324921,2.926293048672004,2.830183276059565,3.3780269787095727,2.300079491255962,1.2873804525309074,1.0824628916987356,0.8790629575402635,1.0729653882132835,1.606853879105188,0.577323717948718,-0.7941311325080238,-3.4207011686143574,-0.14457831325301204,-0.16783794956593634,0.10834726227430523,-0.6012168380740603,-0.7049890621692189,-0.5108695652173914,-0.6392931392931392,-0.7312295973884657,-0.7196969696969697,-0.7545839210155149,-0.599009900990099,-0.38648180242634317,-2.1843971631205674,0.7547169811320755,0.7352941176470589,0.7518796992481203,-2.6016260162601625,-2.209737827715356,-1.8992248062015504
currentRatio,1.0558948311921124,1.0976023680315738,1.0220266786234726,1.055253717375481,1.0525822934267044,0.9575861396014484,1.0343774602190041,1.0462568973563566,0.8754262055528494,1.028185704007787,1.060667438271605,1.094275026944779,1.0444926749864352,0.9157430323899709,1.0195322999731207,0.9895473285303794,1.0064954113062063,1.0070973283305455,1.0226070926114588,1.0137208191110674,0.960349911631374,1.0671985355766236,1.027329391081988,1.0005652911249294,1.0060085836909871,1.043175174274792,1.0489145369607036,1.0275095112671935,1.1901178010471205,0.9970877320713506,,,,1.0666666666666667,1.029940119760479,1.065359477124183
interestCoverage,0,0,0,0,0,0,0,0,0,0,0,0,0,,,,,,,,,,,,,,,,,,,,,-11.428571428571429,-13.3,-12.238095238095237
incomeQuality,1.879245699161888,2.1403273082559844,1.673444976076555,1.2077348066298343,1.8445260202979918,1.5012065637065637,1.829035874439462,1.325972313777192,1.302680565897245,1.758974358974359,1.9646079111727968,1.3314187248707638,1.6446345256609642,2.0776196636481243,1.8177233429394812,0.8147859922178988,6.12987012987013,1.4705570291777188,1.5663474692202461,1.153724015138085,1.040341380852015,1.5520073824279985,0.93952802359882,0.9982300884955753,1.2307692307692308,0.7336244541484717,1,2.255072463768116,0.9597523219814241,1.0893617021276596,2.345744680851064,2.5028248587570623,0.9942196531791907,1.816568047337278,1.9444444444444444,1.87012987012987
dividendYield,0.013280767710053588,0.0157602956379077,0.017229539201851184,0.022657796432816468,0.022644022829398536,0.028457452330517396,0.0397188014500954,0.03285083772183566,0.030433254353428422,0.04651624607263641,0.03911526977711565,0.041466322357974164,0.05643622493820945,0.053598906491845275,0.04899590531095971,0.040286579747853546,0.03766568496515359,0.03155849089755191,0.02206297740760256,0.023069516242476266,0.014951354011288148,0.016013251623106236,0.028264020439635513,0.026690265309577885,0.032858374389601736,0.03268145502506551,0.02371082471732503,0.023840050157963796,0.01832615149054195,0.019039513612996186,0.023055274119103908,0.02381768531837358,0.020377821528416506,0.17195779683624626,0.16093953892996954,0.04666586145180239
payoutRatio,0.4322893692104102,0.4242794333170493,0.48011363636363635,0.4764009471191792,0.6104513064133017,0.6568532818532818,0.7216928251121076,0.7353328938694792,0.6798212956068503,1.0482051282051281,1.011797362942401,0.7668006892590465,0.994556765163297,1.5329883570504528,0.8559077809798271,0.890272373540856,3.3214285714285716,0.45039787798408487,0.42339261285909713,0.38815622133668365,0.33226352430222905,0.3846039919795844,0.41297935103244837,0.41061946902654867,0.37523452157598497,0.38209606986899564,0.3542168674698795,0.3681159420289855,0.3188854489164087,0.3702127659574468,0.425531914893617,0.3785310734463277,0.3352601156069364,0.30177514792899407,0.22839506172839505,0.11038961038961038
salesGeneralAndAdministrativeToRevenue,0,0,0,0,0,0,0,0,0,0,0.6212114114395465,0.5994528484068233,0.622043601457237,0,0,0,0,0,0,0,0.5244576355183217,0.5494524983695093,0.3118190822053483,0.5391687416203792,0.5492307692307692,0.5244142763301949,0.5308252427184466,0.5445373306428366,0.5326050976497848,0.5174184085075174,0,0,0,0,0,0
researchAndDdevelopementToRevenue,0,0,0,0,0,0,0,0,0,0,0,0,0,0,0,0,0,0,0,0,0,0,0,0,0,0,0,0,0,0,0,0,0,0,0,0
intangiblesToTotalAssets,0.37847353426300795,0.3818345468712217,0.40424144885611263,0.3917350312232154,0.4529982787228434,0.4695637794179084,0.49127709871905295,0.522037962037962,0.4699365935427447,0.42641481232367395,0.38291513326642135,0.38020022246941043,0.3632587761129742,0.18231284198942316,0.2126068376068376,0.15487851232420105,0.12338102965039091,0.11556873282065536,0.07681968569065344,0.05482360180778008,0.04439460451426564,0.014996733496627123,0.012328922067639407,0.01675603217158177,0.016204425054534122,0.018800813008130083,0.01533494753833737,0.017512746619374863,0.016612729234088457,0.01994515083520319,0.020728142439542917,0.020018767594619957,0.02245661789724396,0.02527075812274368,0.027559055118110236,0.013100436681222707
capexToOperatingCashFlow,-0.07546505486767209,-0.05666191155492154,-0.12401715511079342,-0.16259312508168866,-0.15125263404354952,-0.35010448480951617,-0.1517008887526816,-0.2025851354710415,-0.2675050014289797,-0.14868804664723032,-0.14129282938890853,-0.1095772217428818,-0.1111111111111111,-0.199252801992528,-0.1613158937772493,-0.3151862464183381,-0.12076271186440678,-0.10461760461760462,-0.11048034934497816,-0.303508080409933,-0.18662563598830473,-0.1069375830403218,-0.260596546310832,-0.24822695035460993,-0.1722560975609756,-0.3005952380952381,-0.22650602409638554,-0.09511568123393316,-0.22580645161290322,-0.2265625,-0.1746031746031746,-0.16252821670428894,-0.27325581395348836,-9.303030303030303,-13.125,-13.090909090909092
capexToRevenue,-0.015701117147915267,-0.014166690444260565,-0.01949520344958355,-0.017940582636284973,-0.020975388012208586,-0.03892900550511189,-0.01835917216823678,-0.017615908354047336,-0.02943766511510882,-0.02023568622783002,-0.018737995971330867,-0.013625147516360906,-0.013589313595096282,-0.019860973187686197,-0.025072383416497257,-0.02151238591916558,-0.015364916773367477,-0.019590623522259,-0.020018990346573826,-0.04125417036710127,-0.026722913093117577,-0.02083595546757898,-0.027401782766589635,-0.02681478643937943,-0.024835164835164836,-0.022115174074885044,-0.022815533980582524,-0.021331795906601326,-0.023171135385633895,-0.021268793546021268,-0.03323262839879154,-0.03632694248234107,-0.027136258660508082,-47.27272727272727,-56.125,-54
capexToDepreciation,-0.22708811583966096,-0.1765647226173542,-0.2925801011804384,-0.29689737470167066,-0.33488854328667705,-0.620866590649943,-0.296229802513465,-0.31479335650830437,-0.5240761478163494,-0.36324786324786323,-0.3472222222222222,-0.2728249194414608,-0.27453271028037385,-0.3970223325062035,-0.6232771822358346,-0.5076923076923077,-0.3768595041322314,-0.45813586097946285,-0.5205761316872428,-1.40086339808819,-1.2134018561021853,-0.8928658985045355,-1.0849673202614378,-1.1965811965811965,-1.018018018018018,-1.030612244897959,-1.175,-1,-1.09375,-0.9354838709677419,,,,-0.8181818181818182,-0.875,-1
stockBasedCompensationToRevenue,0.0016360417556925706,0.0019402516620538135,0.001966374987710156,0.001975771560426882,0.002808623936619261,0.0026274397654965326,0.002076997255396484,0.0022911488166000218,0.00242168826267455,0.002975836209975003,0.006698833559750784,0.00482780817508851,0.005724859769849072,0,0,0,0,0,0,0,0,0,0,0,0,0,0,0,0,0,0,0,0,0,0,0
grahamNumber,68.98409419585995,55.894639085988985,47.35609164776053,43.82118506062814,36.319912867804355,32.61384974564079,31.37772408333062,30.717308510312066,27.543343531885498,22.290993434704472,17.98203163774772,19.207742167044223,15.993631780129812,12.0824057887447,15.615983698596864,16.236620063485606,7.822061890751537,19.633382709969986,15.910564074874834,14.260112573711268,12.092028345611208,10.054102660190962,8.298011227172058,7.296303918399657,6.7375523263717145,5.2361917187563565,5.088539929667803,4.307272052417979,4.046243522918071,3.3640097540106404,3.242693915525675,3.5712036551491884,3.3400200715343975,3.1467929432307,3.0307424832868928,2.803036011929016
roic,0,0,0,0,0,0,0,0,0,0,0,0,0,0,0,0,0,0,0,0,0,0,0,0,0,0,0,0,0,0,,,,0.24742268041237114,0.3057471264367816,0.3381578947368421
returnOnTangibleAssets,0.0437543426233305,0.059313991814263466,0.05717412118725208,0.06376190188618476,0.06564231952260131,0.06799573385839691,0.06426397219070262,0.063414430231586,0.07386223016636877,0.06351791530944625,0.05208370983482127,0.0781137832017229,0.06213761113258601,0.02889827657108677,0.04956080839820039,0.04445751453086078,0.010365833137010736,0.06582393407130635,0.05457871355508269,0.05571755696341698,0.08905624103259054,0.08388643755011387,0.07764544205222171,0.07702794819359236,0.08441558441558442,0.07906093561194545,0.08504098360655737,0.07784296028880866,0.07086441421676173,0.059781226151106585,0.05101763907734057,0.056495371848068944,0.06021580229725026,0.06259259259259259,0.06558704453441296,0.06814159292035399
grahamNetNet,-78.99447629519098,-53.74106652006597,-50.51628009505683,-39.03182116668491,-34.429456778879796,-31.927939851317863,-30.352010868618606,-33.85240163816452,-27.23400623768368,-21.23258523525426,-19.507777588723616,-15.469787822878228,-16.230099502487562,-18.31902985074627,-16.7160032300317,-12.65633461065162,-12.983571474941327,-13.219790504228333,-12.177058760228697,-10.111741788978954,-6.929010382213759,-4.391255900157186,-4.1860343090141505,-3.8219855941018657,-3.761257043409724,-3.1040787623066106,-2.7386607416487894,-2.827474531505471,-2.464613000043823,-1.4273616972685559,-4.94468085106383,-4.70225984715599,-4.317803463216412,-1.1105675146771037,-0.95,-0.8350409836065574
workingCapital,935400000,989200000,196500000,425100000,258300000,-195600000,144100000,168500000,-409200000,66600000,125800000,148700000,65600000,-156600000,43600000,-25100000,15500000,15700000,46600000,24006000,-42289000,48971000,17100000,300000,2800000,19200000,17800000,9400000,58100000,-800000,,,,12000000,5000000,10000000
tangibleAssetValue,-4060100000,-2294200000,-2721700000,-1828900000,-1677600000,-1739300000,-1673500000,-1996200000,-1138500000,-623700000,-473200000,-260500000,-287800000,142100000,-40700000,334400000,350900000,386800000,396200000,393093000,306272000,298441000,231600000,190000000,153500000,123400000,110500000,88800000,113700000,83200000,78000000,75500000,67600000,61000000,56000000,51000000
netCurrentAssetValue,-7114500000,-4974500000,-5301800000,-3645600000,-3561900000,-3417700000,-2889800000,-2969400000,-1899400000,-1264200000,-1040500000,-763300000,-817400000,-830800000,-565500000,-179800000,-218600000,-249100000,-174600000,-161809000,-75944000,29796000,1200000,-12500000,-9100000,8000000,4200000,-3300000,21600000,-36000000,,,,-17000000,-19000000,-12000000
investedCapital,0.7748695406892012,0.7865086806116841,0.8935505770536321,0.8025072795572251,0.7631784078729417,0.7919145859978869,0.6753153945524009,0.7409735554592184,0.6979141692639654,0.5148920776558543,0.5508201994210357,0.4969729827414837,0.6159704334191959,0.7203791469194313,0.5590496156533893,0.04027311653743779,0.1467949551423742,0.2383705650459921,0.247132934905508,0.33348354176330813,0,0,0,0,0,0,0,0.03516028955532575,0.20181219110378912,0.21929824561403508,0.2331002331002331,0.2442002442002442,0.2695417789757412,,,
averageReceivables,9643050000,6893100000,6392400000,6129500000,4680850000,4526000000,4458150000,4307700000,4090950000,3994600000,3960100000,3821600000,3793400000,3859800000,4098400000,4157700000,4144950000,4124300000,4089750000,4038418500,3724188000,3649132000,3629000000,3590700000,3555350000,3565350000,3543400000,3536450000,3522800000,3516100000,,,,2886550000,2884050000,2884550000
averagePayables,10815100000,7784600000,7066550000,6762400000,5630250000,5390350000,5330850000,5203950000,4969650000,4802150000,4703250000,4517450000,,4574950000,4829300000,4871700000,4851000000,4811750000,4764050000,3946071000,3947226500,3941533500,3938100000,3937450000,3937200000,3926400000,3920800000,3914750000,3910500000,3908300000,,,,2943100000,2941600000,2936600000
averageInventory,,,,,,,,,,,,,,,,,,,,,,,,,,,,,,,,,,,,
daysSalesOutstanding,552.2794701178194,358.94391816703285,302.0451002148967,282.4565186039804,146.2820637703747,140.8448023164367,136.9460722498331,135.8779855182103,147.94691156120265,158.7416180613419,175.61788541715464,146.86541143654114,146.41791476319898,187.23466981132074,293.1377441015216,338.42209908735333,343.57571264910035,334.2278592177261,371.52714037031177,392.3495943597204,222.71006974395715,211.51306681007358,219.85556289204357,201.5504692587627,174.55824175824176,189.89270856141889,171.60315533980582,189.18132026520612,184.25190334326382,186.18078474514118,0,0,0,212.91666666666669,233.03637713437269,267.2979797979798
daysPayablesOutstanding,965.5968053193726,631.3754638579651,479.66269225196135,420.388250165533,289.117063944214,277.0301456618113,277.78581631573377,296.7625910429258,370.57225651415916,413.82585669781935,435.89831382077904,386.25433770630553,0,1274.1869087189978,1565.2402745995423,2217.624069478908,2171.427241700279,2418.7333333333336,2421.527777777778,127.87895866793939,148.59744211212904,167.38133493540485,112.42098184263618,202.32965009208104,224.03964456596037,180.2534395365677,169.97549019607843,155.9324452901998,136.54676258992805,134.40736478711162,,,,699.3438320209973,845.9481361426256,902.3234200743494
daysOfInventoryOnHand,0,0,0,0,0,0,0,0,0,0,0,0,0,0,0,0,0,0,0,0,0,0,0,0,0,0,0,0,0,0,,,,0,0,0
receivablesTurnover,0.6608972807229888,1.0168719444081762,1.208428806626271,1.2922342943401852,2.495179453941505,2.591504933067766,2.6652827204428626,2.6862335249375833,2.4671011793916824,2.2993340023720465,2.0783760101255964,2.48526863084922,2.492864350583826,1.9494252873563218,1.2451484237171129,1.0785347676298953,1.062356815578465,1.0920693471043896,0.982431592039801,0.9302927930781922,1.6389020955344729,1.725661707358008,1.660180871471636,1.8109608047173085,2.0909926470588234,1.9221380471380471,2.127000516262261,1.9293659621802002,1.9809836065573772,1.9604601006470166,,,,1.7142857142857142,1.5662790697674418,1.3655172413793104
payablesTurnover,0.3780045646270295,0.5781029211520181,0.7609514058439001,0.8682450088847079,1.2624643977099457,1.317546143319649,1.313961975600431,1.2299393893187969,0.9849631039123776,0.8820135187118756,0.8373512547012762,0.9449732064304567,,0.2864571888962133,0.23319103521878334,0.16459056565244026,0.16809220819860227,0.15090543259557343,0.15073128763980498,2.8542615908203306,2.4563006927439397,2.180649354606112,3.2467248908296944,1.803986710963455,1.6291759465478841,2.0249266862170088,2.1473684210526316,2.34075723830735,2.673076923076923,2.715625,,,,0.5219178082191781,0.4314685314685315,0.4045112781954887
inventoryTurnover,,,,,,,,,,,,,,,,,,,,,,,,,,,,,,,,,,,,
roe,0.10657702975882657,0.13235912191652388,0.12972553583551547,0.14081219853742025,0.11280814576634512,0.11521992993382639,0.09806777890773163,0.09394934043475568,0.128794054183649,0.1175690341251658,0.1158732711482792,0.1573145387187133,0.1440250867958338,0.1046716316858497,0.19399021663172605,0.1487096400879528,0.04004680795735275,0.24770039421813403,0.23614924890970765,0.24564569113233806,0.33706032889053933,0.279210616721591,0.2795876288659794,0.27901234567901234,0.32519829164124464,0.3405204460966543,0.35139712108382726,0.35677352637021714,0.2660626029654036,0.2576754385964912,0.2191142191142191,0.21611721611721613,0.23315363881401618,0.2485294117647059,0.2571428571428571,0.2851851851851852
capexPerShare,-0.6733160553941203,-0.5199088981386947,-0.7462606320633999,-0.6807486045748057,-0.7174828126214778,-1.2266276188330705,-0.5747827147161793,-0.5331885328483389,-0.7261780998339721,-0.4214249119965625,-0.35820788594660913,-0.23431734317343172,-0.23383084577114427,-0.3411513859275053,-0.4251801149674495,-0.33898832632064074,-0.24428571515816327,-0.31692307820085697,-0.2820725019536587,-0.5217451982961362,-0.2873484718009758,-0.18588406752159642,-0.22647492717228032,-0.20132743229207456,-0.17172607915365606,-0.1420534458509142,-0.14403922770456634,-0.11633756760155956,-0.09535603703361481,-0.08885106352731553,-0.13106382978723405,-0.14237288014938237,-0.09236994208974574,-0.06457925636007827,-0.048,-0.045081967213114756
