,2021,2020,2019,2018,2017,2016,2015,2014,2013,2012,2011,2010,2009,2008,2007,2006,2005,2004,2003,2002,2001,2000,1999
period,FY,FY,FY,FY,FY,FY,FY,FY,FY,FY,FY,FY,FY,FY,FY,FY,FY,FY,FY,FY,FY,FY,FY
revenueGrowth,0.7839506172839507,-0.7037849698299506,-0.00995655322230268,0.025431594579543346,-0.007918968692449355,0.007982179320586598,0.006163615988046321,0.03639179248935347,-0.022701475595913734,0.057623049219687875,0.12643678160919541,0.0670995670995671,-0.21369137670196672,-0.025433099889421305,0.11006546644844517,0.2594692089667611,0.06620879120879121,0.05568445475638051,-0.06304347826086956,-0.019712306872669155,1.548540393754243,0.07049418604651163,-0.6083119840592086
grossProfitGrowth,2.0228136882129277,-0.8309225329476053,-0.0016046213093709885,0.030764141581210717,-0.00591910555738244,0.02081235313863713,0.014991482112436116,0.047840057122456266,0.03015814637734461,0.47531199131850244,0.16645569620253164,0.11033028812368235,-0.29589312221672437,-0.06130980027868091,-0.3086062941554271,0.27727645611156687,0.08451957295373666,0.061880018894662256,-0.07956521739130434,-0.029535864978902954,0.6089613034623218,0.07049418604651163,-0.3906111603188663
ebitgrowth,0.7376705141657922,-2.1927409261576973,0.5075471698113208,-0.21597633136094674,-0.011695906432748537,0.052307692307692305,-0.08450704225352113,0.38671875,0.3368146214099217,0.18209876543209877,0.452914798206278,1.2755102040816326,-0.8689839572192514,-0.21511017838405036,0.22651222651222652,0.49710982658959535,0.2751842751842752,0.2879746835443038,-0.3218884120171674,-0.1224105461393597,0.07489878542510121,-0.1901639344262295,-0.07715582450832073
operatingIncomeGrowth,0.7376705141657922,-2.1927409261576973,0.5075471698113208,-0.21597633136094674,-0.011695906432748537,0.052307692307692305,-0.08450704225352113,0.38671875,0.3368146214099217,0.18209876543209877,0.452914798206278,1.2755102040816326,-0.8689839572192514,-0.21511017838405036,0.22651222651222652,0.49710982658959535,0.2751842751842752,0.2879746835443038,-0.3218884120171674,-0.1224105461393597,0.07489878542510121,-0.1901639344262295,-0.07715582450832073
netIncomeGrowth,0.9849726775956285,-1.7956521739130435,-0.15363385464581417,0.9273049645390071,-0.25984251968503935,0.3655913978494624,-0.23770491803278687,1.3091482649842272,4.19672131147541,5.066666666666666,0.8846153846153846,0.48412698412698413,-1.5901639344262295,-0.4126547455295736,-0.014905149051490514,3.4457831325301207,0.0,-1.0,1.875,-1.3137254901960784,-0.6730769230769231,-0.26066350710900477,3.4893617021276597
epsgrowth,0.9851092171238589,-1.8253968253968254,-0.14285714285714285,0.9342105263157894,-0.2621359223300971,0.39189189189189194,-0.23711340206185566,1.255813953488372,4.375,5.0,0.9047619047619048,0.5333333333333333,-1.5748469948915265,-0.42029014485026217,-0.07382525478447485,2.9210543301114997,4.1666538923379575,-0.7142794574944887,0.631576116480833,-3.3749904192534683,-0.8749996008009531,-0.3263152232961666,3.318174428057136
epsdilutedGrowth,0.9851092171238589,-1.8253968253968254,-0.14285714285714285,0.9342105263157894,-0.2549019607843137,0.3783783783783784,-0.22916666666666666,1.2857142857142858,4.249999999999999,5.0,0.9047619047619048,0.5333333333333333,-1.6051022219353588,-0.4285718676475334,-0.10135118339027716,2.8947391068153334,4.1666538923379575,-0.7142794574944887,0.631576116480833,-3.3749904192534683,-0.8730155125399656,-0.3152170532302497,3.1818139588897925
weightedAverageSharesGrowth,0.006233177503895736,-0.033410927016294674,-0.012841308461746418,0.0016246953696181965,-0.0059219380888290716,-0.012493354598617756,-0.003971405877680699,0.01477700161203654,0.03648008911166806,0.03636363636363636,0.056241426611796985,0.11905168002728979,0.09800407373931673,0.0007661367554108408,0.08346657371279433,0.35640069691393944,0.039794607869460465,0.1388888888888889,0.11764705775133175,0.1301939069014088,0.07801418619266952,-0.031032988163952634,0.06427771516133407
weightedAverageSharesDilutedGrowth,0.006233177503895736,-0.0344686089454247,-0.012827437213070484,0.002029495332160736,-0.00618528976737932,-0.012219418249435517,-0.04308591764107778,0.052012301109774034,0.03932740411339633,0.03838383838383838,0.056241426611796985,0.11733651226158039,0.044705086977213794,-0.00847304849468181,0.14339275847046498,0.36556556538966173,0.039794607869460465,0.1388888888888889,0.11764705775133175,0.1301939069014088,0.0611702121031631,-0.04673721298122195,0.09898242296570497
dividendsperShareGrowth,-1.0,-0.46860183498087776,0.003345315980735746,-3.228622643752056e-05,0.05996834206561666,-0.06572717916237823,0.38289074109969623,0.47658308527906845,0.6148856201168369,1.5776942355889725,1.2090909090909092,-0.5035479008958662,-0.9073820237224537,0.1712880636268576,0.35308227595062025,0.7258241581820835,1.26693121824573,0.40487804878048794,-0.10526315703638467,-0.8909572632915735,0.26051372240317217,-0.01509763708565095,0.0
operatingCashFlowGrowth,-1.9511400651465798,-1.2456,-0.038461538461538464,0.056910569105691054,-0.056024558710667687,0.11272416737830913,0.018260869565217393,0.12855740922473013,0.3030690537084399,0.18305597579425115,0.27115384615384613,-0.057971014492753624,-0.4588235294117647,0.01898101898101898,0.1362088535754824,0.720703125,0.4222222222222222,-0.03485254691689008,-0.04113110539845758,0.6276150627615062,-0.505175983436853,0.5141065830721003,-0.06451612903225806
freeCashFlowGrowth,0.8325062034739454,-2.1647398843930636,-0.162227602905569,-0.13326337880377753,0.2656042496679947,0.5090180360721442,-0.3011204481792717,0.275,2.888888888888889,0.21008403361344538,-0.3865979381443299,-0.08490566037735849,-0.39080459770114945,-0.6523476523476524,2.0611620795107033,1.0061349693251533,0.4818181818181818,-0.36046511627906974,-0.39436619718309857,2.122529644268775,-3.4326923076923075,1.2488038277511961,0.5350389321468298
tenYRevenueGrowthPerShare,-0.43585205446390857,-0.6606464148741109,0.055946784209142175,-0.2460130325375178,-0.2827984425149483,-0.26371213555376644,-0.33021662186354517,-0.3201200068299453,-0.38293390728109394,-0.4513692281087683,-0.5337036554947451,0.033678373382056696,0.19758390587503818,0.6723102969163676,0.7172669368428112,0.6761185537679801,0.8051162809342426,0.7603964542112319,0.8991432077146934,1.2653898757339825,1.6118147277180215,0.10477877262104668,0.0
fiveYRevenueGrowthPerShare,-0.4432695027572454,-0.67946633894019,0.05658693540212092,0.07594805681961726,-0.009040479995131462,0.013323229695646815,0.05871434533225931,-0.0006058670342493937,-0.2992347886280089,-0.2762554443378998,-0.27339288899221353,-0.36736157294038096,-0.3197078402366864,-0.11943960301513114,-0.24195523462096363,-0.35825518710033927,0.6339165140290224,0.7603964542112319,0.8991432077146934,1.2653898757339825,1.6118147277180215,0.10477877262104668,0.0
threeYRevenueGrowthPerShare,-0.4551001540078066,-0.6853453454827542,0.02469733546268357,0.042896366263379795,0.02904954713968341,0.05308391288104379,-0.027215973583737434,-0.01726059764652485,0.026192051428216484,0.03780836571145671,-0.2717382280635401,-0.3349980133377019,-0.28550167099885465,-0.07357198282491857,-0.02449988879791594,-0.11743435304970325,-0.203176327275945,-0.3259872396273244,0.7190257948286303,1.2653898757339825,1.6118147277180215,0.10477877262104668,0.0
tenYOperatingCFGrowthPerShare,-0.5690044244159262,-1.5487340220340646,0.8179817902906689,-0.08009115142407328,-0.11234322562084549,-0.019725924399197663,0.1036159458067518,0.47655836311887756,0.12514861637131872,-0.2321825561833747,-0.03135735342063792,-0.6305506038410673,-0.31421450595279793,0.3914042961932264,0.3665321298709243,0.3030983519979557,0.02721003240895085,-0.24900100971608063,-0.11380960197438428,0.03293379995644888,-0.2827447265309819,0.562598689715035,0.0
fiveYOperatingCFGrowthPerShare,-0.7655849803067656,-1.2794390430589364,0.12431460567128454,0.28369309690627986,0.5294470841704391,0.8386005135169805,0.9636984725800516,0.6169689347806903,-0.2833888015812181,-0.4196224350837133,-0.46683683138667365,-0.43799113702179543,-0.08683566433566435,0.5700963351591259,0.3229619651603431,0.8167846235490148,-0.3426270998625507,-0.24900100971608063,-0.11380960197438428,0.03293379995644888,-0.2827447265309819,0.562598689715035,0.0
threeYOperatingCFGrowthPerShare,-0.7660559460249732,-1.2611556255809053,-0.02399260010368005,0.12907012743075244,0.09389326457810886,0.28111401540316744,0.42937688909555916,0.5960725739877122,0.7271677241350806,0.15649076394690437,-0.500674212184874,-0.5775429426540538,-0.4737269884535331,0.35454702767085444,0.819619130718537,0.47044964028180436,-0.005541272391066451,0.04704561689968369,-0.4328739657478999,0.03293379995644888,-0.2827447265309819,0.562598689715035,0.0
tenYNetIncomeGrowthPerShare,-0.2845276643671688,4.233528392559417,-3.9309329281943284,0.8373981927041488,-0.4395734120949295,-0.31565102735558975,0.6220235060817432,0.0,8.325578126199433,-2.4561652912663603,-1.103010408708938,-1.285968042219174,-1.4733234107379154,-0.11937852710079006,0.5004737718904587,0.6503113126728175,-0.49649289047519635,-1.0,-0.9497131454000178,-1.0642319486711305,-0.7686048495098563,-0.2369848675342793,0.0
fiveYNetIncomeGrowthPerShare,-1.0151002700053173,-2.3982424632932564,0.3000271615302942,2.450343387205852,7.990531488460669,-48.38142664872141,-4.742933382407066,-3.2545166862085053,-0.4674738173836936,-0.9376647989471616,-1.014443401582609,-1.4333562316940371,0.0,16.51196172248804,-24.3602405490285,6.132004751081042,-0.34010861895006483,-1.0,-0.9497131454000178,-1.0642319486711305,-0.7686048495098563,-0.2369848675342793,0.0
threeYNetIncomeGrowthPerShare,-1.0105398796859613,-2.3579947735349167,0.22834501910730962,0.9812067777690572,-0.21198279420969218,1.408314829045858,7.731743666169897,-45.768864177918985,-3.1492136155086183,-1.1976076655483507,-1.0270673720307797,-1.1454193653381335,-1.2868085597567216,0.7489752502806098,0.0,31.81794667414735,-8.838888900954503,-1.0,-0.9340945513918213,-1.0642319486711305,-0.7686048495098563,-0.2369848675342793,0.0
tenYShareholdersEquityGrowthPerShare,-0.05884025614162615,-0.06789392378469943,-0.05059862140289578,-0.01957964202220342,-0.07420468821734551,-0.11229683033165937,0.41027911003420975,0.41582339100024696,0.39367475653418177,0.6191146503032944,0.28560840925155095,0.13481001265946688,0.21847495700766112,0.1926226698855829,0.1770946989633498,0.2240102729130859,-0.231554892400523,-0.20824780099924672,-0.19579574832185148,-0.32252125921914665,-0.13492162400795255,-0.022829990436492743,0.0
fiveYShareholdersEquityGrowthPerShare,-0.036670920562590005,-0.04623648565071276,0.03197245242577457,0.04324805175511481,-0.006533774917202998,-0.02301325274223339,-0.02270734601203803,-0.08001286626845239,-0.060223159460129995,-0.06811596770137072,-0.091386682408978,0.4430468747303008,0.5389599909485087,0.4829847857642063,0.7374636694970613,0.4149125754177192,-0.2136014203477916,-0.20824780099924672,-0.19579574832185148,-0.32252125921914665,-0.13492162400795255,-0.022829990436492743,0.0
threeYShareholdersEquityGrowthPerShare,-0.10481638865928739,-0.05151111362758034,0.06466660592199482,0.0789404072050326,-0.027861775985159744,-0.030550848688478568,-0.012027972027971996,0.007938886148233553,0.01072849575737446,-0.09976339837043464,-0.06747367552241132,-0.05793279682610994,-0.004522278961148741,0.5519946162598154,0.4866958379767379,0.5220141778148026,0.13427191340908648,-0.0847624666461068,-0.17700682193738315,-0.32252125921914665,-0.13492162400795255,-0.022829990436492743,0.0
tenYDividendperShareGrowthPerShare,-1.0,8.914152146196345,8.26217282598222,-0.14501648693416908,0.0014643169554715567,0.2784000837503866,1.3615090786654422,2.8711508389594917,2.6831620864358645,1.0406775416716394,-0.9136743758002561,-0.9507423467947834,-0.9022786304640898,0.055101541444509156,-0.09919551457101036,-0.3342574199369205,-0.6142465749440273,-0.8298345260980221,-0.8788752703128282,-0.8646253022442071,0.2414829436808461,-0.01509763708565095,0.0
fiveYDividendperShareGrowthPerShare,-1.0,-0.4720131996700082,0.37401313302036987,1.0220800544487025,2.2655334344061826,6.941318977119785,17.777272727272727,5.740963825885721,-0.5771762294055501,-0.693322902039868,-0.8390191745938348,-0.8742357789139683,-0.4257273976023976,7.710868079289132,5.6541569463296755,-0.4637521333243342,-0.6083333337585674,-0.8298345260980221,-0.8788752703128282,-0.8646253022442071,0.2414829436808461,-0.01509763708565095,0.0
threeYDividendperShareGrowthPerShare,-1.0,-0.46684135444384595,0.06347993423682649,-0.00973236009732352,0.36947616564964436,0.9077412613573329,2.2975206611570247,5.146544876886418,8.19574153680817,1.8269774229813214,-0.8984251412429378,-0.9461437195105333,-0.8532144818998193,1.735170896516121,4.293697157085397,4.496339036483215,1.849523813909795,-0.8629336997595327,-0.8770185408746904,-0.8646253022442071,0.2414829436808461,-0.01509763708565095,0.0
receivablesGrowth,4.136363636363637,-0.6507936507936508,-0.11267605633802817,-0.10126582278481013,0.43636363636363634,-0.017857142857142856,-0.2,0.34615384615384615,-0.35,1.162162162162162,0.0,-1.0,-0.5538461538461539,-0.3867924528301887,1.0784313725490196,0.24390243902439024,-0.5,-0.29310344827586204,-0.14074074074074075,-0.3076923076923077,-0.29347826086956524,0.11740890688259109,0.0
inventoryGrowth,0.0,0.0,0.0,0.0,0.0,0.0,0.0,0.0,0.0,0.0,0.0,0.0,0.0,0.0,0.0,0.0,0.0,0.0,0.0,0.0,0.0,0.0,0.0
assetGrowth,-0.0417377812257564,0.047541649735879724,0.017783291976840365,0.0339519370563585,0.024982468443197757,-0.031907671418873046,-0.034652248709756694,-0.0473700639925082,-0.013852547329536708,-0.005662687480869299,0.05293691080493111,-0.011469534050179211,0.050539703790477786,0.011767693870640026,0.00033875338753387534,0.43214069132807764,-0.020900130625816412,-0.019902234636871508,0.03318903318903319,-0.002638522427440633,-0.006908051453072892,0.02365276761765423,0.0
bookValueperShareGrowth,0.012672172516663317,-0.10650492721149211,-0.0106474334609412,0.07297350957097462,0.002936755739959129,0.00261664550527488,-0.033238022189408745,0.0001624899139774191,0.021773240193444135,-0.013699817913811566,0.0029305772761263516,-0.08992605506930633,0.021676836919891498,0.013191777123718463,-0.038329395584304184,0.592840218264559,-0.029437356070108604,-0.01548369416278352,0.18705459414303194,-0.21685854185877643,-0.11471047256303922,-0.022829990436493957,0.0
debtGrowth,-0.015520664140046924,0.15847794271377796,-0.020880245649948823,-0.04645715401132149,0.05541821178409559,-0.08535895986433013,0.13035143769968052,-0.17703768624014024,-0.07596371882086168,0.07317921084651487,0.05039255066642322,-0.061675518245674146,-0.019321236559139785,0.058133333333333335,-0.04304185096971759,0.07262773722627737,-0.025084504536559332,0.006085555754429927,-0.024445608521040683,0.0033286615276804485,0.0231224233733644,0.05463137996219282,0.0
rdexpenseGrowth,0.0,0.0,0.0,0.0,0.0,0.0,0.0,0.0,0.0,0.0,0.0,0.0,0.0,0.0,0.0,0.0,0.0,0.0,0.0,0.0,0.0,0.0,0.0
sgaexpensesGrowth,0.53125,-0.630057803468208,-0.002881844380403458,0.03273809523809524,-0.02040816326530612,0.05864197530864197,-0.021148036253776436,-0.03498542274052478,0.09235668789808917,0.0,0.0,-1.0,0.0,0.0,0.0,0.0,0.0,-1.0,0.2360248447204969,-0.0903954802259887,4.53125,-0.13513513513513514,0.0
