,2021,2020,2019,2018,2017,2016,2015,2014,2013,2012,2011,2010,2009,2008,2007,2006,2005,2004,2003,2002,2001,2000
reportedCurrency,USD,USD,USD,USD,USD,USD,USD,USD,USD,USD,USD,USD,USD,USD,USD,USD,USD,USD,USD,USD,USD,USD
cik,0001267238,0001267238,0001267238,0001267238,0001267238,0001267238,0001267238,0001267238,0001267238,0001267238,0001267238,0001267238,0001267238,0001267238,0001267238,0001267238,0001267238,0001267238,0001267238,0001267238,0001267238,0001267238
fillingDate,2022-02-22,2021-02-19,2020-02-19,2019-02-22,2018-02-14,2017-02-14,2016-02-16,2015-02-19,2014-02-19,2013-02-20,2012-02-23,2011-02-23,2010-02-25,2009-02-27,2008-03-03,2007-03-01,2006-03-10,2005-03-31,2003-12-31,2002-12-31,2001-12-31,2000-12-31
acceptedDate,2022-02-22 16:24:39,2021-02-19 16:44:57,2020-02-19 17:13:43,2019-02-22 16:48:45,2018-02-14 17:31:25,2017-02-14 16:22:16,2016-02-16 15:59:05,2015-02-19 16:36:35,2014-02-18 18:00:08,2013-02-20 17:11:44,2012-02-23 16:25:39,2011-02-23 17:04:57,2010-02-25 17:27:16,2009-02-27 12:28:10,2008-03-03 06:20:58,2007-03-01 16:22:33,2006-03-10 17:39:10,2005-03-31 17:16:29,2003-12-31,2002-12-31,2001-12-31,2000-12-31
calendarYear,2021,2020,2019,2018,2017,2016,2015,2014,2013,2012,2011,2010,2009,2008,2007,2006,2005,2004,2003,2002,2001,2000
period,FY,FY,FY,FY,FY,FY,FY,FY,FY,FY,FY,FY,FY,FY,FY,FY,FY,FY,FY,FY,FY,FY
revenue,10187600000,10094000000,10072500000,8000700000,6311100000,7107689000,10312506000,10383159000,9031347000,8489857000,8272804000,8527722000,8700501000,8601228000,8453515000,8070584000,7497675000,7403464000,7066213000,6532200000,6186874000,6211979000
costOfRevenue,0.0,0.0,0.0,0.0,0.0,0.0,0.0,0.0,0.0,0.0,0.0,0.0,0.0,0.0,0.0,0.0,0.0,0.0,0.0,0.0,0.0,0.0
grossProfit,0.0,10094000000,0.0,0.0,0.0,0.0,0.0,0.0,0.0,0.0,0.0,0.0,0.0,0.0,0.0,0.0,0.0,0.0,0.0,0.0,0.0,0.0
grossProfitRatio,0.0,1.0,0.0,0.0,0.0,0.0,0.0,0.0,0.0,0.0,0.0,0.0,0.0,0.0,0.0,0.0,0.0,0.0,0.0,0.0,0.0,0.0
researchAndDevelopmentExpenses,0.0,0.0,0.0,0.0,0.0,0.0,0.0,0.0,0.0,0.0,0.0,0.0,0.0,0.0,0.0,0.0,0.0,0.0,0.0,0.0,0.0,0.0
generalAndAdministrativeExpenses,0.0,3110000000,6572600000,5281200000,4050400000,4794070000,5326662000,5173788000,4504691000,4034809000,2293705000,2392035000,2377364000,2286170000,2238851000,2189539000,2146392000,2106618000,1919989000,1876222000,1846550000,2081816000
sellingAndMarketingExpenses,0.0,0.0,0.0,0.0,0.0,0.0,0.0,0.0,0.0,0.0,0.0,0.0,0.0,0.0,0.0,0.0,0.0,0.0,0.0,0.0,0.0,0.0
sellingGeneralAndAdministrativeExpenses,7076400000,6639400000,6572600000,5281200000,4050400000,4794070000,5326662000,5173788000,4504691000,4034809000,2293705000,2392035000,2377364000,2286170000,2238851000,2189539000,2146392000,2106618000,1919989000,1876222000,1846550000,2081816000
otherExpenses,0.0,-3529400000,2796400000,2442800000,1920600000,1888930000,4797338000,4464212000,3753309000,3716191000,5273295000,5528965000,5613636000,5751830000,5203149000,4785461000,4695608000,0.0,0.0,0.0,0.0,0.0
operatingExpenses,0.0,3110000000,9369000000,7724000000,5971000000,6683000000,10124000000,9638000000,8258000000,7751000000,7567000000,7921000000,7991000000,8038000000,7442000000,6975000000,6842000000,0.0,0.0,0.0,0.0,0.0
costAndExpenses,9404600000,3110000000,9518000000,7667200000,5866600000,6259101000,10111325000,9639022000,8241648000,7732106000,7557849000,7921278000,7990895000,8037950000,7442475000,6974842000,6842067000,6867536000,6806856000,6161803000,1860551000,2592826000
interestIncome,0.0,0.0,0.0,0.0,0.0,0.0,0.0,0.0,0.0,0.0,0.0,0.0,0.0,0.0,0.0,0.0,0.0,0.0,0.0,0.0,0.0,0.0
interestExpense,111800000,-104000000,110600000,100300000,49500000,57619000,55116000,58395000,77735000,60306000,60360000,60646000,60669000,60953000,61178000,61243000,61258000,56418000,1175000.0,0.0,14001000,24726000
depreciationAndAmortization,171600000,144300000,125800000,126900000,115700000,125143000,137105000,132217000,124851000,124387000,108931000,116196000,91338000,62197000,94307000,93305000,7393000.0,45675000,48117000,46867000,0.0,0.0
ebitda,1825300000,554300000,786700000,559100000,609700000,1031350000,393402000,934749000,992285000,942444000,884246000,783286000,861613000,686428000,1166525000,1251837000,724259000,638021000,308649000,-843675000,112054000,218910000
ebitdaratio,0.17916879343515646,0.05491381018426788,0.07810374782824522,0.06988138537877936,0.09660756444993741,0.14510342250483949,0.03814805053204333,0.09002549224181196,0.10987120747325953,0.11100823017395935,0.10688588778363418,0.0918517278119526,0.09903027423363321,0.07980581377449825,0.13799289408015483,0.1551110799416746,0.09659781198838306,0.08617871309970576,0.04367954942767788,-0.12915633324148065,0.018111569752349895,0.03523997746933787
operatingIncome,0.0,0.0,0.0,0.0,0.0,0.0,0.0,0.0,0.0,0.0,0.0,0.0,0.0,0.0,0.0,0.0,0.0,0.0,0.0,0.0,0.0,0.0
operatingIncomeRatio,0.0,0.0,0.0,0.0,0.0,0.0,0.0,0.0,0.0,0.0,0.0,0.0,0.0,0.0,0.0,0.0,0.0,0.0,0.0,0.0,0.0,0.0
totalOtherIncomeExpensesNet,170000000,-6469000000,0.0,0.0,0.0,0.0,0.0,0.0,0.0,0.0,404863000,362684000,482464000,300800000,308932000,378258000,281387000,261536000,300260000,337148000,351923000,421849000
incomeBeforeTax,783000000,515000000,554500000,333500000,444500000,848588000,201181000,744137000,789699000,757751000,714955000,606444000,709606000,563278000,1011040000,1095742000,655608000,535928000,259357000,370397000,0.0,0.0
incomeBeforeTaxRatio,0.07685814126977894,0.05102040816326531,0.05505088111193845,0.041683852662892,0.07043146202722188,0.11939014214043411,0.01950844925569013,0.07166768803212972,0.08743978057758162,0.08925368236473241,0.0864223303247605,0.07111441953665938,0.08155921136035729,0.06548809077029466,0.11959995339216882,0.1357698525905932,0.08744150686712882,0.07238881691057052,0.0367038185800513,0.05670325464621414,0.0,0.0
incomeTaxExpense,169500000,72000000,167700000,80900000,-75100000,283238000,59626000,273230000,300792000,274046000,169116000,327267000,279032000,115482000,357294000,379871000,176253000,185368000,73705000,110657000,0.0,104500000
netIncome,1372400000,442000000,382600000,251000000,519600000,565350000,141555000,470907000,488907000,483705000,545839000,279177000,430574000,447796000,653746000,717418000,479355000,350560000,185652000,-1001199000,98053000,89684000
netIncomeRatio,0.13471278809533158,0.04378838914206459,0.037984611566145444,0.03137225492769383,0.08233113086466702,0.07954062143124158,0.013726537468196381,0.045352960500749336,0.054134449711654306,0.05697445787367208,0.06597992651584637,0.03273758220542368,0.049488414517738694,0.052061868375073886,0.07733422132686817,0.08889294752399579,0.06393381948404005,0.04735080767597438,0.02627319612358133,-0.15327133278221733,0.015848552920263125,0.014437267093143746
eps,22.83,7.038215,5.87,4.0,9.45,9.23,2.08,6.52,6.38,5.74,5.65,2.52,3.65,3.8,5.46,5.66,3.53,2.53,1.7,-9.17,0.9,0.85
epsdiluted,21.72,6.99,5.84,3.98,9.39,9.13,2.05,6.44,6.3,5.67,5.58,2.5,3.63,3.77,5.38,5.57,3.5,2.53,1.7,-9.17,0.9,0.85
weightedAverageShsOut,60114670,60114670,61942969,59239608,54986654,61261288,68163825,72181447,76648688,84276427,96626306,110632551,118036632,117764288,119737556,126846990,135773551,138358767,109222276,109222276,108947778,104915373
weightedAverageShsOutDil,63179938,63179938,62313468,59545524,55311032,61934774,69017209,73152010,77654764,85307065,97795309,111473214,118495640,118836331,121436693,128812813,136945310,138467564,109222276,109222276,109222276,104915373
link,https://www.sec.gov/Archives/edgar/data/1267238/000126723822000006/0001267238-22-000006-index.htm,https://www.sec.gov/Archives/edgar/data/1267238/000126723821000010/0001267238-21-000010-index.htm,https://www.sec.gov/Archives/edgar/data/1267238/000126723820000004/0001267238-20-000004-index.htm,https://www.sec.gov/Archives/edgar/data/1267238/000162828019001767/0001628280-19-001767-index.htm,https://www.sec.gov/Archives/edgar/data/1267238/000162828018001695/0001628280-18-001695-index.htm,https://www.sec.gov/Archives/edgar/data/1267238/000162828017001320/0001628280-17-001320-index.htm,https://www.sec.gov/Archives/edgar/data/1267238/000162828016011239/0001628280-16-011239-index.htm,https://www.sec.gov/Archives/edgar/data/1267238/000119312515054288/0001193125-15-054288-index.htm,https://www.sec.gov/Archives/edgar/data/1267238/000119312514057434/0001193125-14-057434-index.htm,https://www.sec.gov/Archives/edgar/data/1267238/000119312513067448/0001193125-13-067448-index.htm,https://www.sec.gov/Archives/edgar/data/1267238/000119312512075371/0001193125-12-075371-index.htm,https://www.sec.gov/Archives/edgar/data/1267238/000119312511043706/0001193125-11-043706-index.htm,https://www.sec.gov/Archives/edgar/data/1267238/000119312510040943/0001193125-10-040943-index.htm,https://www.sec.gov/Archives/edgar/data/1267238/000119312509040498/0001193125-09-040498-index.htm,https://www.sec.gov/Archives/edgar/data/1267238/000119312508044379/0001193125-08-044379-index.htm,https://www.sec.gov/Archives/edgar/data/1267238/000119312507044409/0001193125-07-044409-index.htm,https://www.sec.gov/Archives/edgar/data/1267238/000119312506051258/0001193125-06-051258-index.htm,https://www.sec.gov/Archives/edgar/data/1267238/000095012305003934/0000950123-05-003934-index.htm,,,,
finalLink,https://www.sec.gov/Archives/edgar/data/1267238/000126723822000006/aiz-20211231.htm,https://www.sec.gov/Archives/edgar/data/1267238/000126723821000010/aiz-20201231.htm,https://www.sec.gov/Archives/edgar/data/1267238/000126723820000004/aiz1231201910k.htm,https://www.sec.gov/Archives/edgar/data/1267238/000162828019001767/aiz1231201810k.htm,https://www.sec.gov/Archives/edgar/data/1267238/000162828018001695/aiz1231201710k.htm,https://www.sec.gov/Archives/edgar/data/1267238/000162828017001320/aiz1231201610k.htm,https://www.sec.gov/Archives/edgar/data/1267238/000162828016011239/aiz1231201510k.htm,https://www.sec.gov/Archives/edgar/data/1267238/000119312515054288/d871105d10k.htm,https://www.sec.gov/Archives/edgar/data/1267238/000119312514057434/d676053d10k.htm,https://www.sec.gov/Archives/edgar/data/1267238/000119312513067448/d475468d10k.htm,https://www.sec.gov/Archives/edgar/data/1267238/000119312512075371/d257568d10k.htm,https://www.sec.gov/Archives/edgar/data/1267238/000119312511043706/d10k.htm,https://www.sec.gov/Archives/edgar/data/1267238/000119312510040943/d10k.htm,https://www.sec.gov/Archives/edgar/data/1267238/000119312509040498/d10k.htm,https://www.sec.gov/Archives/edgar/data/1267238/000119312508044379/d10k.htm,https://www.sec.gov/Archives/edgar/data/1267238/000119312507044409/d10k.htm,https://www.sec.gov/Archives/edgar/data/1267238/000119312506051258/d10k.htm,https://www.sec.gov/Archives/edgar/data/1267238/000095012305003934/y06975e10vk.htm,,,,
