,2021,2020,2019,2018,2017,2016,2015,2014,2013,2012,2011,2010,2009,2008,2007,2006,2005,2004
period,FY,FY,FY,FY,FY,FY,FY,FY,FY,FY,FY,FY,FY,FY,FY,FY,FY,FY
revenuePerShare,169.46944897144076,167.91242470431925,162.60925432876812,135.05659929417493,114.77512343267877,116.022519800759,151.2900134345454,143.84803064421803,117.8278093944674,100.73821710547838,85.61647798064432,77.08149114269271,73.71017668481086,73.0376597699975,70.60036368205144,63.62456058279349,55.22191137211989,53.50917878590231
netIncomePerShare,22.829701967922304,7.352614594740352,6.176649362738813,4.2370300627242505,9.449565707344187,9.228503324970902,2.0766880379732213,6.523934051917801,6.378543622299184,5.73950530674491,5.648968925708492,2.5234616528005396,3.647799777953678,3.8024770293690393,5.459824150745152,5.655774725123552,3.5305477132287715,2.5337028335905885
operatingCashFlowPerShare,13.003481512915233,22.3240017786008,22.817763223458016,11.085488614306833,9.645977003801686,2.1959381591846387,3.7347082561754714,5.455917224823714,13.406113357087078,8.065102237900996,8.851668198927111,4.887729652008114,2.2867900873349214,8.484193442412694,10.051658311783147,7.276459614847778,7.513628335462774,6.028999954878175
freeCashFlowPerShare,9.886106003742514,20.307854971174258,21.037093007279,9.687775111543614,8.516612049171059,0.8046353840944382,2.0491220966546404,4.297683309119586,12.723440223790915,7.395199609019969,8.481717183724275,4.424836954179968,1.8133353720224752,8.008089854880284,9.561619914807682,6.687513830639576,7.107069034380635,5.606843836646795
cashPerShare,158.09618517410144,297.8973352095254,235.5715303217061,217.4946870006297,199.02102062802368,176.81404282587073,176.23105804288417,179.09139449642788,175.86102713199736,158.7865963990144,16.64242447600139,13.641717436308596,15.012466638322923,14.809973631394945,10.154224293671069,10.262647935122466,13.498961959093196,8.002203431026528
bookValuePerShare,91.3204713591541,99.0007929844745,91.25813778800303,86.29361625755524,77.66611876401863,66.8954266844667,66.36903078722474,71.78170035854227,63.06016614400497,61.52807118887468,52.02450769462303,43.21094430878666,41.11646459041631,31.499404980905588,34.148876397644194,30.214331455559176,27.248009444785016,26.275393159582002
tangibleBookValuePerShare,26.8736399950295,259.30442602446294,12.821471311780357,-178.63386266836878,-97.76190418860547,-87.486031961979,-124.57722259570967,-123.46723944173633,-126.13784074164452,-119.55625503677321,-98.50146811987203,-81.63121900714374,-160.00661557337557,-161.10652322714336,-175.2092802027795,-158.04488541667405,-147.77293406725437,20.50131741922794
shareholdersEquityPerShare,91.3204713591541,99.0007929844745,91.25813778800303,86.29361625755524,77.66611876401863,66.8954266844667,66.36903078722474,71.78170035854227,63.06016614400497,61.52807118887468,52.02450769462303,43.21094430878666,41.11646459041631,31.499404980905588,34.148876397644194,30.214331455559176,27.248009444785016,26.275393159582002
interestDebtPerShare,38.498090399564695,-1.730026963468318,34.18467074124264,35.555603271378835,20.326750560235944,18.35806978136013,17.993385787842744,17.033102702970197,22.385940904820185,12.253782424829188,10.686924117744914,9.335498374253342,8.749207618868692,8.77099515941539,13.151187084526763,8.14380380646005,7.6078734951846405,11.299320121868389
marketCap,9080321083.84401,8143734405.014669,8146119543.475155,5662121851.119216,5064820754.926654,5939894423.218712,5542400474.42235,4584243554.607106,5032753160.674752,3242114230.9664273,3796447659.366306,4312456837.98,3709891343.7599998,3108977203.2,7745822737.115113,7072987908.70602,6166834414.872898,4374904350.8987665
enterpriseValue,9242021083.84401,-9764265594.98533,8285919543.475155,6414121851.119216,5136220754.926654,5974943423.218712,5425477474.42235,4436666554.607106,4953687160.674752,3305109230.9664273,3602012659.366306,4134104837.9799995,3363397343.7599998,3040250203.2,8454371737.115113,7057089908.70602,6282955414.872898,5074764350.8987665
peRatio,6.61638085386477,18.424738472883867,21.291478158586393,22.558254386929146,9.747538019489324,10.50657897447371,39.15368919799618,9.734923359829235,10.293886486948953,6.702668425934045,6.955251748897212,15.447034812968116,8.61615272580323,6.942842730171774,11.848367312557341,9.858949606374555,12.864858851733889,12.479759102289956
priceToSalesRatio,0.8913111119246937,0.8067896180914078,0.808748527522974,0.7077033073505088,0.8025258282908929,0.8356998207460558,0.5374445817944105,0.4415075946161574,0.557253880365216,0.3818808998745712,0.4589069992914501,0.505698572019585,0.4263997376426944,0.3614573643670415,0.9162842601113398,0.8763910900011722,0.8224995635144092,0.5909266730950223
pocfratio,11.616120102141501,6.068356486598114,5.763491965101992,8.622082916277167,9.549058738549498,44.1542484220055,21.771445698750647,11.640572131673437,4.897765836456183,4.7699334571624865,4.43871145156144,7.975072840615303,13.744156131369826,3.111668796709153,6.435754180398927,7.663067061654611,6.04501526720812,5.244651059321318
pfcfRatio,15.279019155046289,6.6708178284851485,6.251338764081924,9.866042605191176,10.815333664161123,120.50178368568989,39.68040661546973,14.777728704493706,5.160554287607348,5.202023344045766,4.632316799644571,8.809364142373004,17.33270110147636,3.2966663059994676,6.765590200863068,8.33792638222735,6.390819869664914,5.63953659513915
pbRatio,1.654065082580835,1.3683728878943895,1.4410769076342973,1.1076138206414743,1.1859740446135563,1.449426422785855,1.2251195630786762,0.8847658620898369,1.041227894167897,0.6252430842811149,0.755221005273651,0.9020862798426201,0.7644139717043159,0.8381110695901474,1.8943522840026072,1.8454817735091948,1.666910681752311,1.2034073403947887
ptbRatio,1.654065082580835,1.3683728878943895,1.4410769076342973,1.1076138206414743,1.1859740446135563,1.449426422785855,1.2251195630786762,0.8847658620898369,1.041227894167897,0.6252430842811149,0.755221005273651,0.9020862798426201,0.7644139717043159,0.8381110695901474,1.8943522840026072,1.8454817735091948,1.666910681752311,1.2034073403947887
evToSales,0.9071833487616328,-0.9673336234382138,0.822627902057598,0.8016950830701334,0.8138392284905411,0.8406309594044861,0.5261066005122663,0.4272944827876667,0.5484992615912945,0.38930093062420573,0.4354040854063877,0.4847841941822212,0.38657513443880986,0.3534669936897382,1.000101346849815,0.8744212201627566,0.8379871646707677,0.6854580978443019
enterpriseValueOverEBITDA,5.063288820382408,-17.615489076286,10.5325022797447,11.472226526773772,8.42417706236945,5.793322754854038,13.79117918674117,4.746372079143285,4.992201999097792,3.506955565494,4.073541366730871,5.277899564118342,3.9036056138428736,4.429088270292004,7.247484397775541,5.6373872227023325,8.675011860222515,7.953914292631068
evToOperatingCashFlow,11.822976952595637,-7.275905808483853,5.862402393855352,9.767202453356504,9.683674123164883,44.41478541857122,21.312153239249994,11.26583621439227,4.820820526153438,4.8626143242534585,4.211382922757646,7.64524456761265,12.460488445901639,3.042882296386374,7.024464681985469,7.645842736981832,6.158842422377154,6.083645742627378
evToFreeCashFlow,15.551103960699999,-7.998251634162296,6.358621397801516,11.176375415785357,10.967800031874127,121.21281770674764,38.84330503753222,14.302000736935932,5.079480495136815,5.303099813661854,4.395072776349059,8.445031750757357,15.713872845075686,3.2237902537147414,7.384472446678149,8.319185171958702,6.511158497907562,6.541701708912037
earningsYield,0.15114002988746914,0.05427485450996898,0.04696714772697552,0.04432967120804466,0.10259000765122331,0.09517845936622692,0.025540377432714013,0.10272294532142484,0.09714503858847137,0.14919431134781902,0.1437762479494081,0.0647373435813376,0.1160610810675685,0.14403322080943332,0.08439981422083047,0.10143068378739095,0.07773112876906713,0.08012975184885632
freeCashFlowYield,0.06544922745709919,0.1499066569813804,0.15996573497914743,0.10135776217648138,0.0924613175193762,0.00829863234728827,0.025201354655729306,0.06766939764538468,0.19377763400366096,0.19223289359987197,0.21587470012343027,0.11351557091277498,0.05769441209107462,0.3033367369272835,0.14780676486619493,0.11993389652990259,0.1564744462203771,0.17731953381806648
debtToEquity,0.4012058946754832,0.0,0.3550275969431078,0.39241001564945227,0.2501287875240013,0.260369439496352,0.25892806026215487,0.22601999842896783,0.3389107514483874,0.18752755350345568,0.19341364202766853,0.2033587440072109,0.20029015614076262,0.2620179781399405,0.37015135844504016,0.25355496547119355,0.2626502239861562,0.41451536282768126
debtToAssets,0.8381168630110729,0.14092036373656655,0.8717104074850083,1.1423406364375763,1.1770069096282125,1.1993015952459176,1.4037459576343023,1.4079130308741017,1.5166239009278264,1.6217855718311105,1.6259940010095242,1.6268407855322766,6.930794903944553,7.340245238385046,9.078696259250021,10.37814065702019,9.08193904845355,0.8506526880460152
netDebtToEBITDA,0.0885881772859256,-32.307414757351616,0.17770433456209483,1.345018780182436,0.11710677382319173,0.03398361371018568,-0.2972099785969568,-0.1578787460591025,-0.0796807368850683,0.0668421678105012,-0.2198879044971648,-0.22769716297750758,-0.4021457429263486,-0.10012266399389302,0.6074014701785216,-0.012699736467287673,0.16033076565151416,1.0969231420282404
currentRatio,,3.7344009983361066,0.09715681858509753,0.08527786690529947,0.08425079798673418,0.09166962461876642,0.10469217746719321,0.10965037683458945,0.12035257927117841,0.07632765808065295,0.08598925036700289,0.08205063229807645,0.09128317257234245,0.07839092927050752,0.06393497323241647,0.04856049953291706,0.06339419448476052,62.527123590982285
interestCoverage,0.0,0.0,0.0,0.0,0.0,0.0,0.0,0.0,0.0,0.0,0.0,0.0,0.0,0.0,0.0,0.0,0.0,0.0
incomeQuality,0.5695861264937336,3.0361990950226243,3.6941975953998956,2.6163346613545815,1.0207852193995381,0.23795171132926507,1.7983963830313305,0.8362925163567329,2.101751457843721,1.4051911805749373,1.5669528927027934,1.9369145739083091,0.6268957252411896,2.231228059205531,1.8410223542476742,1.286554003384359,2.128176403709151,2.3795213372889092
dividendYield,0.01787381729141376,0.021280163544293268,0.020868831974871507,0.026138610911516372,0.02349540206023013,0.021102395273227343,0.01699047198674588,0.016904642843881736,0.01472911498605298,0.0214036258615462,0.017749487427741267,0.016143465921066427,0.018759579068820916,0.020480047243339017,0.0071055072996027,0.006808579432282694,0.0068187334329239775,0.006783234013768427
payoutRatio,0.11825998251238706,0.3920814479638009,0.4443282801881861,0.5896414342629482,0.22902232486528099,0.2217139824887238,0.6652396594963088,0.16456540251047447,0.15161983771964813,0.1434614072626911,0.12345215347382653,0.24936868008467747,0.16163539832874257,0.14218974711699078,0.08418866042775022,0.06712544151387337,0.08772204316216582,0.08465312642628936
salesGeneralAndAdministrativeToRevenue,0.0,0.3081038240538934,0.6525291635641598,0.6600922419288312,0.6417898623060956,0.6744906818517242,0.5165244994766548,0.498286504136169,0.4987839576975616,0.4752505254210996,0.2772584724598818,0.28050105291893895,0.27324449477104823,0.26579576776711417,0.2648426128066254,0.27129870651244076,0.2862743450469646,0.28454491032846246
researchAndDdevelopementToRevenue,0.0,0.0,0.0,0.0,0.0,0.0,0.0,0.0,0.0,0.0,0.0,0.0,0.0,0.0,0.0,0.0,0.0,0.0
intangiblesToTotalAssets,0.11424443035548412,0.0,0.11035826529875009,0.1938669174461163,0.05255673325760358,0.05167096605976918,0.06335926571551317,0.06770606074061297,0.07270334084781492,0.0659202974974753,0.0746390458208655,0.05283103584313498,0.30591324580136137,0.3534802082285928,0.3338933938786853,0.3849820199942339,0.33776063370405157,0.03358869952761798
capexToOperatingCashFlow,-0.2397339132659588,-0.09031296572280179,-0.07803877175604924,-0.12608497030607582,-0.1170814479638009,-0.6335801257749432,-0.4513300755778326,-0.21228949560200702,-0.05092252430755936,-0.08306188925081433,-0.04179449645973829,-0.09470505342658792,-0.20703899231267944,-0.056116540807798744,-0.04875199512114467,-0.08093850792581124,-0.05410958366988449,-0.07002091912271553
capexToRevenue,-0.018394911460991793,-0.012007132950267486,-0.0109506080913378,-0.010349094454235255,-0.009839806055996577,-0.011991661424690922,-0.011141423820747353,-0.008051788477861121,-0.005793820124506344,-0.006649935328710483,-0.004321025857738198,-0.006005237975628192,-0.006423193331050706,-0.006518604087695385,-0.006941018026229326,-0.009256579201703372,-0.0073622823075153295,-0.007889415008974178
capexToDepreciation,-1.092074592074592,-0.83991683991684,-0.8767885532591415,-0.6524822695035462,-0.5367329299913569,-0.6810848389442478,-0.8380146602968528,-0.6323165704863973,-0.4191075762308672,-0.4538818365263251,-0.32816186393221397,-0.4407294571241695,-0.611848299721912,-0.9014582696914643,-0.6221807501033858,-0.8006644874336852,-7.466522386040849,-1.2787958401751505
stockBasedCompensationToRevenue,0.006547174997055243,0.005736080840103032,0.005549764209481261,0.007136875523391703,0.0056250099031864495,0.005854786274413526,0.003759803873083807,0.004753274027682712,0.005536715619497291,0.004427518626049885,0.004458947655474492,0.004056300146744934,0.003481178842459762,0.002805297104087928,0.0,0.0,0.0,0.0
grahamNumber,216.58354220887293,127.97687367740156,112.61689113446745,90.700851935636,128.5029166250218,117.85692606128981,55.68774440910124,102.64857175653843,95.13264667308916,89.13846279694478,81.31671793179848,49.532071643045214,58.09177380723642,51.91295298160604,64.76923923997448,62.00744047381963,46.52428336143114,38.702917942942534
roic,,0.0,0.0,0.0,0.0,0.0,0.0,0.0,0.0,0.0,0.0,0.0,0.0,0.0,0.0,0.0,0.0,0.0
returnOnTangibleAssets,0.04568985894204872,0.024359327638467897,0.00970984663721059,0.009892327337505715,0.023420280448392897,0.027916421685067506,0.00831331620535509,0.026956545881116473,0.03213763836110251,0.035344427778752456,0.043421610739151975,0.02218258903106144,0.2048494104157895,0.24436530483725388,0.3935568850451683,0.5680840432885967,0.30375874956751187,0.01480352767861886
grahamNetNet,-213.37304188811152,255.94834006408087,-251.076922063584,-252.1412700772767,-150.08460052870285,-114.88402757708914,-101.81509033567292,-95.83588356160274,-81.89917419069195,-60.82241716298675,-206.9164426093242,-178.067554005873,-159.5739892849535,-158.30768874516525,-175.12982935779982,-130.97171442538763,-143.3632626283745,-140.29134308489466
workingCapital,,13147000000,-33072500000,-31074300000,-24271200000,-22294068000,-21798757000,-22445714000,-20445645000,-21049569000,-19301165000,-18945557000,-18182515000,-18268135000,-20282657000,-19351328000,-19359642000,1222667000000
tangibleAssetValue,1615500000,,794200000,-10582200000,-5375600000,-5359507000,-8491660000,-8912044000,-9668300000,-10075774000,-9517833000,-9031070000,-18886642000,-18972595000,-20979131000,-20047518000,-20063656000,2836537000
netCurrentAssetValue,-6854700000,15398000000,-35050100000,-33058400000,-25328500000,-23361088000,-22970139000,-23616873000,-22083855000,-22021810000,-20272674000,-19923038000,-19162062000,-19251216000,-21254910000,-20322719000,-20331376000,1221694695000
investedCapital,0.4012058946754832,0.0,0.3550275969431078,0.39241001564945227,0.2501287875240013,0.260369439496352,0.25892806026215487,0.22601999842896783,0.3389107514483874,0.18752755350345568,0.19341364202766853,0.2033587440072109,0.20029015614076262,0.2620179781399405,0.37015135844504016,0.25355496547119355,0.2626502239861562,0.41451536282768126
averageReceivables,4084200000,47000000,5666600000,5446400000,5600400000,5184319000,4401148000,4381173500,3439652500,3525752000,348061000,294963500,277466500,302168500,326695500,2286991500,252828500,241228500
averagePayables,3022750000,304000000,3324600000,2987300000,3321450000,3036231000,3388258500,3661266000,2946143500,3111084500,960085000,881098000,893846000,912710500,818412000,793451500,827598000,816241500
averageInventory,,,,,,,,,,,,,,,,,,
daysSalesOutstanding,290.97245671208134,1.6995244699821677,408.9811863986101,494.7963303210969,645.0756603444725,530.04540153628,309.8842357037174,306.37127438768874,276.126177523685,301.14099212742923,28.639567672581148,23.238134990798244,21.308605676845506,23.651042037253287,26.18232948069531,204.73720303264298,22.32822908434948,21.468572684354243
daysPayablesOutstanding,,,,,,,,,,,,,,,,,,
daysOfInventoryOnHand,,,,,,,,,,,,,,,,,,
receivablesTurnover,1.2544142635506192,214.7659574468085,0.8924615902606723,0.7376772575559203,0.5658250999659309,0.6886202558159858,1.177859206587647,1.1913649565530782,1.3218594603139058,1.2120568422831939,12.744605790590983,15.706940343729451,17.12922964249222,15.432723827773861,13.940699977407316,1.7827732067913664,16.34701966829243,17.001596024406542
payablesTurnover,0.0,0.0,0.0,0.0,0.0,0.0,0.0,0.0,0.0,0.0,0.0,0.0,0.0,0.0,0.0,0.0,0.0,0.0
inventoryTurnover,,,,,,,,,,,,,,,,,,
roe,0.24999544601708654,0.07426823940585409,0.0676832720067931,0.04910015649452269,0.121669086311057,0.1379541738854591,0.03129001604123107,0.09088575527371762,0.10115012395833312,0.0932827113843073,0.10858284251082569,0.058398669438182366,0.08871871193915663,0.12071583674910803,0.1598829808386259,0.18718847820420462,0.12957084884982237,0.09642873155892658
capexPerShare,-3.1173755091727195,-2.01614680742654,-1.7806702161790147,-1.3977135027632188,-1.1293649546306272,-1.3913027750902005,-1.6855861595208308,-1.1582339157041281,-0.6826731332961629,-0.6699026288810275,-0.3699510152028372,-0.46289269782814646,-0.4734547153124464,-0.4761035875324105,-0.49003839697546525,-0.5889457842082023,-0.40655930108213784,-0.42215611823138033
