,2021,2020,2019,2018,2017,2016,2015,2014,2013,2012,2011,2010,2009,2008,2007,2006,2005,2004,2003,2002,2001,2000,1999,1998,1997,1996,1995
period,FY,FY,FY,FY,FY,FY,FY,FY,FY,FY,FY,FY,FY,FY,FY,FY,FY,FY,FY,FY,FY,FY,FY,FY,FY,FY,FY
currentRatio,2.516972165648337,2.722563652326602,2.466500467435338,3.220186242114749,2.1395394998015087,2.446658851113716,1.7325284420710472,1.7488399071925753,2.089252042740415,3.0801675142087945,3.41734693877551,2.6178580919479137,2.4760159893404396,1.6570614312856238,1.525717239596795,2.2119792400424085,1.4772932800965393,2.092927940455472,1.741317416450611,1.1861164252528014,0.8724481920732241,0.8977933845707291,1.0959037080178606,1.0528447444551592,0.9735127180996427,1.1058705469141996,1.2401290812452543
quickRatio,1.664969450101833,1.4834650278021657,0.9931442817076971,1.663863021928507,1.1945216355696706,1.4862837045720985,0.5806826097051312,0.5852668213457076,0.952650324743348,1.595572838767574,2.0285714285714285,1.6377889981397822,1.4853431045969354,0.6599113362887904,0.7549754458516412,1.432705468358752,1.0603296765908583,1.4142284126715619,1.044809760328721,0.36875805255143873,0.2008156874227237,0.24775205391284594,0.3482818870122306,0.4520732883317261,0.29136010090393105,0.45810336176618166,0.5372057706909643
cashRatio,1.3693143245078072,1.0702370500438982,0.6294795886569025,1.2667467708020426,0.8826915442635966,0.9953106682297772,0.05200835848618528,0.0897138437741686,0.4158809972763461,1.1082859706850134,1.6401360544217687,0.9933563646027106,0.8847435043304464,0.27612412919569346,0.4202636340139571,0.933173873385648,0.5577876342790022,0.7905390488587395,0.7338797243352929,0.014568494793380593,0.012073001319166745,0.01256956801574982,0.013007183071248301,0.011378977820636451,0.018919487071683835,0.06205051011874895,0.05106302201974184
daysOfSalesOutstanding,27.83234843510615,36.299478799830965,29.576100541591448,25.903478634313938,34.95793452417241,51.53809844908968,52.34647603451534,43.637232950834964,44.69815018402562,33.014158800666294,19.963122605363985,46.62970182277948,43.75631648936171,24.858395144976402,27.904539819351793,30.620099300578534,60.08652663073884,66.95050647886517,32.41195842082304,36.397366186817635,23.543322351927767,29.12112479329555,33.399830445610135,47.46599510557168,23.64136138737568,45.37112860892388,50.9603118355776
daysOfInventoryOutstanding,116.99251603706344,121.91720291720291,113.44105303319343,129.19561175158051,118.19539178173348,75.61604095563139,61.26840555321834,100.32634331419197,125.13288242126119,144.47193149381542,129.32097069597071,131.48117067030316,130.14660206236798,77.69607087827427,106.17311958056061,104.19347667741906,125.25968835696519,116.76157249538197,134.45742849852704,150.11582201717547,141.454459186105,143.3866573966116,142.88684462405615,134.55357142857142,111.96842720717208,144.05977518646918,138.89103389103389
operatingCycle,144.8248644721696,158.21668171703388,143.01715357478488,155.09909038589444,153.1533263059059,127.15413940472106,113.61488158773368,143.96357626502694,169.8310326052868,177.4860902944817,149.2840933013347,178.11087249308264,173.90291855172967,102.55446602325067,134.0776593999124,134.8135759779976,185.34621498770403,183.71207897424713,166.86938691935006,186.5131882039931,164.99778153803277,172.50778218990718,176.28667506966627,182.0195665341431,135.60978859454775,189.43090379539308,189.8513457266115
daysOfPayablesOutstanding,52.941910192444766,46.12998712998713,46.06714994276993,45.092227593901086,41.89818665779404,31.973833902161545,29.96879820502033,45.64371410992617,53.46450775432124,49.504368134244444,45.2239010989011,48.70240218189448,40.359050813765684,32.73189522342064,43.978120588828396,74.83996764825518,127.15315211350584,96.71672532737473,105.64451764050938,101.68414803297456,117.82865102783981,112.10450189307208,123.16760608316496,129.15178571428572,93.15289417267589,137.38785586721295,137.59920634920636
cashConversionCycle,91.88295427972483,112.08669458704675,96.95000363201495,110.00686279199336,111.25513964811185,95.18030550255952,83.64608338271334,98.31986215510076,116.36652485096556,127.98172216023725,104.0601922024336,129.40847031118815,133.54386773796398,69.82257079983003,90.09953881108399,59.97360832974242,58.19306287419819,86.9953536468724,61.224869278840686,84.82904017101855,47.16913051019296,60.40328029683509,53.11906898650132,52.86778081985739,42.456894421871866,52.04304792818013,52.25213937740514
grossProfitMargin,0.3858612387831035,0.17910973376531905,0.09005693653659214,0.27823706248657937,0.2670852892763519,-0.18543492919757248,-0.7965610631731436,0.09021363933202724,0.30036805124038046,0.3580788450860633,0.47701149425287354,0.49778737751554103,0.46482712765957446,0.27062261182288155,0.4144872778794498,0.561849235817287,0.6060328997649743,0.38489147363299614,0.5127962877995086,0.5071485326585925,0.4819475698609904,0.4542622591123884,0.5017750225189425,0.5346878379147458,0.4871307911439852,0.5003149606299213,0.4916862018208581
operatingProfitMargin,0.3662070474939812,0.17164389350612763,0.07575336758783502,0.25520721494524373,0.22148387490093277,-0.1882670262980445,-0.8428544435346728,0.00452467580931057,0.25577171263323933,0.3228206551915602,0.43773946360153254,0.4777157306922348,0.43238031914893615,-0.7142054394245898,0.38697679910266247,0.495423020464554,0.5209917499338377,0.2966339582421604,0.3721729617817839,0.3350692136247672,0.2952504423922135,0.26454583888558875,0.3090128755364807,0.3268453702122816,0.331950622220001,0.33501312335958006,0.3230115030256774
pretaxProfitMargin,0.33525935653315825,0.12656712212987745,0.02124704902096931,0.20893278934936654,0.17691885630677315,-0.23412002697235335,-0.8831013415632676,-0.019777964362347234,0.2348358109077004,0.3046640755136035,0.4223180076628352,0.4484248235170161,0.38670212765957446,-0.7478646886940885,0.36206387626188086,0.4880184785424402,0.4874085871707858,0.24216545116798335,0.26389306403455437,0.21629375512310633,0.19510720193858605,0.12659677514302076,0.1760186509828856,0.18462238916396334,0.2380928582138038,0.24850393700787402,0.2658234748950553
netProfitMargin,0.18848763405559205,0.04218904070995915,-0.016594917372587142,0.13968219884045524,0.11077241967932695,-0.29096426163182737,-0.7680922088555773,-0.059147308517585595,0.12704937622484586,0.1688506385341477,0.21839080459770116,0.22842693077652512,0.18277925531914893,-0.6218813216453135,0.17574827321565617,0.2515342371125119,0.23811890451525897,0.0852775831349663,0.08211864847332817,0.086185435774174,0.061464511280321675,0.041200143422115906,0.07232554442854872,0.08753059017699619,0.12249487730521265,0.11874015748031497,0.13825437496592705
effectiveTaxRate,0.30016973495234367,0.525319977740679,1.6666666666666667,0.25462487153134633,0.30427291523087524,-0.10685483870967742,0.13800727480208258,-0.7641509433962265,0.3002238957866884,0.2751959176234737,0.35007938308006353,0.35044642857142855,0.3966643741403026,0.2136899842212037,0.39132561552258277,0.42506363524732726,0.4492370410881431,0.5757124153876153,0.5790809815425464,0.5941566377313835,0.5657541195620666,0.6745561379776801,0.5891029500301024,0.5258939580764488,0.48551637279596976,0.5221799746514575,0.47990155865463496
returnOnAssets,0.08966723585023531,0.014213173880030372,-0.005856551250949546,0.061635398900890655,0.04871052490483084,-0.11563094568159284,-0.26182450565729865,-0.02156645973297049,0.04187607329100562,0.08580699774266366,0.1421889616463985,0.14755325665282787,0.10574703800584705,-0.473900569519976,0.0732151201396916,0.2702342312389212,0.17929550722982174,0.03976158812815818,0.038500616526992604,0.03927634056924383,0.02683449792244836,0.019486724136054477,0.033432119326948985,0.03668368077088203,0.05902894850922403,0.05851765618936748,0.07080436664153894
returnOnEquity,0.30801144492131616,0.05887556516610969,-0.025704452570445256,0.2655644008981425,0.22777986711796414,-0.7131052718558916,-1.5578691875319366,-0.06933887461037896,0.12697047864717684,0.17334549392920254,0.2915228231683928,0.3467690339091491,0.30145849325583945,-1.9170275420058895,0.16326642535921904,0.5956845954420696,0.539951296640141,0.17382131553415162,0.23410276500546404,0.6170837924340207,0.5725712896215279,0.12483076089899811,0.1575666628188849,0.20509401253500467,0.2919942816297355,0.1765807962529274,0.17101625193876863
returnOnCapitalEmployed,0.19857583669594114,0.06292767319957653,0.029015957446808512,0.12225165222310798,0.11260228118026283,-0.0844729517124531,-0.3165838656257393,0.0018089252746023162,0.09115843270868824,0.18113842415178988,0.3137658771026433,0.35390079225695664,0.2828129077150561,-0.6293637038871007,0.17816373124592302,0.6494267041823463,0.5207288385134702,0.16028858396972911,0.2014660655452084,0.1751726723439655,0.15150710115412241,0.14903783101269313,0.16346207747071023,0.15631038893878774,0.1806609547123623,0.19531154364059247,0.19395070215064322
netIncomePerEBT,0.5622143883013448,0.3333333333333333,-0.7810457516339869,0.6685508735868448,0.6261199172984149,1.242799539170507,0.8697667784038229,2.990566037735849,0.5410136372888256,0.5542190632403864,0.5171240644136993,0.5093984962406015,0.4726616231086658,0.8315425651814562,0.4854068155878037,0.5154194936711548,0.48854064286689136,0.3521459511407003,0.31118153398141407,0.39846474404737414,0.31502943340691686,0.3254438620223199,0.4108970499698977,0.47410604192355116,0.5144836272040302,0.47782002534854245,0.5200984413453651
ebtPerEbit,0.9154912742051159,0.7373820270824785,0.2804766269477543,0.8186790071518721,0.7987888797137352,1.2435530085959885,1.0477507099088328,-4.371134020618556,0.9181461409082414,0.9437564499484005,0.9647702407002188,0.9386854874283194,0.8943564508688298,1.0471282454760031,0.9356216628527841,0.9850541020173615,0.9355399336605297,0.8163780458685345,0.7090602787778085,0.6455196309539989,0.6608193381786837,0.4785438156060793,0.5696159122085048,0.5648615706076964,0.7172538392050587,0.7417737386399248,0.8229535864978903
ebitPerRevenue,0.3662070474939812,0.17164389350612763,0.07575336758783502,0.25520721494524373,0.22148387490093277,-0.1882670262980445,-0.8428544435346728,0.00452467580931057,0.25577171263323933,0.3228206551915602,0.43773946360153254,0.4777157306922348,0.43238031914893615,-0.7142054394245898,0.38697679910266247,0.495423020464554,0.5209917499338377,0.2966339582421604,0.3721729617817839,0.3350692136247672,0.2952504423922135,0.26454583888558875,0.3090128755364807,0.3268453702122816,0.331950622220001,0.33501312335958006,0.3230115030256774
debtRatio,0.5206571987838907,0.5570425208807896,0.5724472542821436,0.576179647527004,0.6971744142405233,0.7519361149074149,0.7414174377911845,0.6177566119567991,0.6024923983426024,0.39867381489841985,0.4214842531961335,0.5045259647451167,0.5862055700877058,0.6959277180662014,0.5210890042055041,0.5068225140738009,0.627764266767756,0.7281111933469563,0.7957888387632498,0.9054163298302345,0.953133350538435,0.8438948541552078,0.7878223811506527,0.8211372418069933,0.7978421077982756,0.6686069072564998,0.5859787251863641
debtEquityRatio,1.788483547925608,2.3074503636721055,2.51247580124758,2.482547458665034,3.2601228532029585,4.637250041315485,4.411471640265713,1.9861650352709574,1.82678895576574,0.8053924642307473,0.8641478071857819,1.185700575815739,1.671126219980261,2.815174086263641,1.1620050455193593,1.1172025204684797,1.8905221612224457,3.183002778329204,4.838789201839213,14.225300383021144,20.337134433305135,5.405938731797169,3.7130324368001846,4.590878783837845,3.9466285441982367,2.0175644028103044,1.415334816912806
longTermDebtToCapitalization,0.40100261365097045,0.48748173895521635,0.5136774935927612,0.5316891310582162,0.5946646341463414,0.7097284850810707,0.7164487267721955,0.5027869164468854,0.49346689895470386,0.16731535978735523,0.1842503259452412,0.2714984852015847,0.4097352579454981,0.5578616833882208,0.2825214448729047,0.21280673513409099,0.3523337147419588,0.6168856246302276,0.72790802540606,0.8802452668277603,0.9153004467988427,0.7632021507704854,0.7012449563747974,0.756438987950242,0.7333121525019857,0.5268348539134932,0.42146535580524347
totalDebtToCapitalization,0.41134363552149567,0.4893339356522612,0.5149207011686143,0.5320693442857826,0.6218355930596378,0.7259262614367243,0.7229614949037373,0.5091660627533081,0.4972622478386167,0.16739439962031324,0.18442045987799155,0.2755084303841474,0.4103459424506951,0.5601188661993295,0.28339555904892905,0.21762175798408814,0.40528283523860725,0.6265034640698046,0.7417100875607543,0.8842511938143758,0.922161246909009,0.7802691078241215,0.7126223254271024,0.766145882059438,0.7399950439846363,0.549562220893843,0.44043620995434135
interestCoverage,13.897009966777409,4.075250836120401,1.7596774193548388,5.030687830687831,4.535580524344569,-3.6980132450331125,-20.747286821705426,0.15396825396825398,10.33011583011583,31.258064516129032,29.294871794871796,19.627705627705627,11.097269624573379,-21.763698630136986,,,,,,,,,,,,,
cashFlowToDebtRatio,0.7897430647968062,0.30946763770643143,0.15015197568389058,0.3467372767256081,0.3569413737897385,0.23266986959505834,0.1576267867632661,0.2968371112282551,0.2964841108857336,1.0700311879784519,1.8716426350014137,1.319242902208202,0.6928774030885597,0.4584410284315059,0.863264457079462,2.744277070789499,1.2361538853519414,0.17488290932042835,0.256726786427504,0.2515377332110146,0.21764431711280252,0.23562288101734,0.264779815659622,0.19488765874308042,0.21498534951862705,0.38422163926034936,0.3367888965044551
companyEquityMultiplier,3.435050071530758,4.142323569884018,4.389008388900839,4.308634415186773,4.6761940579165095,6.167079821517104,5.950051098620337,3.2151254989883524,3.03205311932741,2.0201789887704495,2.0502493287303416,2.350127959053103,2.850751178857331,4.045210462497835,2.229955029066579,2.2043269378238364,3.0115160440023137,4.3715888554022735,6.08049392770985,15.711336226604605,21.337134433305135,6.405938731797169,4.713032436800185,5.590878783837845,4.946628544198237,3.0175644028103044,2.415334816912806
receivablesTurnover,13.114236509758898,10.055240793201133,12.341045415595545,14.090771558245084,10.441120305537874,7.082139446036294,6.9727711901624945,8.364416699180648,8.165886026541765,11.05586249232658,18.28371278458844,7.827628865979381,8.34165280088741,14.683168316831683,13.08030888030888,11.920274863155122,6.074573127568248,5.451788480722288,11.261275707595194,10.02819814286989,15.503334429353096,12.533856524801287,10.928199189345687,7.689715536105033,15.439043209876543,8.044763513513514,7.16243654822335
payablesTurnover,6.894348894348894,7.912423625254583,7.923216444981862,8.094521372667067,8.711594202898551,11.415584415584416,12.17933390264731,7.996719967199672,6.826958955223881,7.373086734693878,8.070953436807095,7.494496855345912,9.0438202247191,11.151202749140893,8.299581589958159,4.877073193236604,2.870554083269405,3.7739077575726223,3.454982881762345,3.589546719530327,3.0977185668854017,3.255890654133994,2.9634415379766783,2.826132042862081,3.9182894234440626,2.65671225230254,2.6526315789473682
inventoryTurnover,3.119857682899711,2.993835088620601,3.217530076110975,2.8251733557470056,3.0881068584639095,4.8270181219110375,5.957393483709273,3.638127215071815,2.9168991630131527,2.5264423076923075,2.8224347376583094,2.776062900407688,2.804529616724739,4.697792254795512,3.437781629116118,3.5030983861881566,2.913946256674554,3.1260284715199096,2.714613867570719,2.4314558924923886,2.5803357638926507,2.5455646057108336,2.554468894322195,2.712674187126742,3.2598475222363406,2.5336704817673676,2.627959413754228
fixedAssetTurnover,0.7528423133959466,0.47615534241062446,0.4868171984856679,0.6650481970724741,0.718044125372089,0.6362076362076362,0.45637989019517666,0.4712269749857124,0.4413619965823506,0.8576598885661222,1.0370002483238143,1.1308906761989872,0.92868169188021,1.1121109861267342,0.6587205910946918,1.8688062812288002,1.3529334258356693,0.7413721535889816,0.6782251692907098,0.5753431423184215,0.5318827504998876,0.5751852273671704,0.5611453037195612,0.505713052237732,0.5681631030468239,0.6167843035679595,0.6446092212538657
assetTurnover,0.47571946191328973,0.33689255884586183,0.35291234776642405,0.4412545006632556,0.4397351348453166,0.3974060079856366,0.34087639822229854,0.364622842078408,0.329604713815323,0.5081828442437923,0.6510757717492984,0.6459538555774859,0.5785505462378827,0.7620434205455402,0.41659083642802686,1.0743437328495555,0.7529662862964005,0.46626072956627634,0.46884133193567434,0.4557189995785022,0.43658523208724553,0.47297709467666954,0.4622449729359034,0.4190955493011496,0.48188911902124176,0.4928211098176174,0.5121311109249798
operatingCashFlowPerShare,5.253754947528791,2.069272976680384,1.0213645761543764,2.665976535541753,3.2356599861783,2.829286798179059,2.975970425138632,5.4196342637151105,6.126746506986028,3.9768177028451,6.990496304118269,6.848253275109171,5.3103864734299515,4.4109947643979055,9.127565982404692,4.892843286320978,4.306165751372941,0.9363890229985955,1.8358589262218798,1.772331644186963,1.7678913804601535,1.67542224848536,1.7382481832128254,1.3652461035739336,1.307588903825003,1.5265758940828342,0.9615666859094155
freeCashFlowPerShare,3.8134838245186304,0.7242798353909465,-0.8063404548587181,1.3057280883367839,2.2612301313061507,0.6949924127465857,-2.8955637707948245,-1.5245428296438883,0.8512974051896207,0.2950474183350896,4.31467793030623,5.306768558951965,3.393719806763285,0.8664921465968587,6.55425219941349,4.236050962093011,3.9095773007155934,0.5496071804775281,1.3891916177272874,1.1224688729268781,1.187934172501945,1.1017876971629317,1.2468446883805078,0.5323547358756338,-0.20596561978084646,0.2753175176172705,-0.47405653454399577
cashPerShare,5.4941406243243405,2.5082304526748973,1.392143349414197,2.9102829537612145,3.073255010366275,3.2207890743550833,0.20702402957486138,0.4465832531280077,1.9810379241516967,3.904109589041096,5.091869060190074,4.080786026200873,3.207729468599034,1.1413612565445026,2.3841642228739004,2.378923084989252,2.117931436179065,1.5127117714185394,1.4879240075735696,0.027086257077477204,0.026352534178059352,0.02587063384351643,0.020475145618013238,0.01682320804320428,0.022913356959550286,0.09431468055032997,0.06580041681751025
payoutRatio,0.07686948444031584,0.12186978297161936,-1.217573221757322,0.08378170637970792,0.001100715465052284,-0.0013904982618771727,-0.04961049610496105,-1.029179810725552,0.8581640331075997,0.37125945412693195,0.39780701754385966,0.22601476014760147,0.08330301927973809,-0.08566007047980483,0.20020154517971112,0.6702842206948257,0.640769469625485,1.214726079884509,0.4240779478145987,0.2264992043922407,0.3839681486396815,1.3463441879797888,0.37875457875457874,0.5442132639791938,1.0310077519379846,1.2033598585322722,0.8955047318611987
operatingCashFlowSalesRatio,0.33771065878748086,0.21249471756585434,0.10290237467018469,0.20737599312862356,0.2854355910504176,0.25144976399190827,0.20280909491717578,0.2626644276518332,0.29343721619425456,0.20955024986118823,0.3170498084291188,0.3304709725002634,0.2923537234042553,0.1893683973926725,0.36749512958262,0.32232518780761593,0.3715006372157953,0.14391833265454287,0.2586027714930848,0.26838115597169687,0.2767917836318688,0.2761517919737131,0.30138292799237004,0.2724944510841728,0.25668449197860965,0.3152230971128609,0.21430518453906122
freeCashFlowOperatingCashFlowRatio,0.7258587167854829,0.3500165727543918,-0.7894736842105263,0.4897747864354129,0.6988466467321658,0.2456422633413784,-0.9729813664596273,-0.28129994672349495,0.13894771135364065,0.07419183889772125,0.6172205438066465,0.7749083373186673,0.6390720946099613,0.19643916913946588,0.7180722891566265,0.8657646922671376,0.9079021864100557,0.5869432116125441,0.7566984575368135,0.6333289125703097,0.6719497507775308,0.6576179217859773,0.7172995780590717,0.38993316624895574,-0.15751557632398755,0.1803497085761865,-0.4930043245993386
cashFlowCoverageRatios,0.7897430647968062,0.30946763770643143,0.15015197568389058,0.3467372767256081,0.3569413737897385,0.23266986959505834,0.1576267867632661,0.2968371112282551,0.2964841108857336,1.0700311879784519,1.8716426350014137,1.319242902208202,0.6928774030885597,0.4584410284315059,0.863264457079462,2.744277070789499,1.2361538853519414,0.17488290932042835,0.256726786427504,0.2515377332110146,0.21764431711280252,0.23562288101734,0.264779815659622,0.19488765874308042,0.21498534951862705,0.38422163926034936,0.3367888965044551
shortTermCoverageRatios,18.817073170731707,41.90277777777778,30.244897959183675,227.23529411764707,3.3111739745403113,3.0267857142857144,4.961479198767335,11.780334728033473,19.67628205128205,1887,1655,66.03157894736842,274.8125,50.298507462686565,200.80645161290323,97.63674408872149,6.128063943161634,4.364372107295369,3.7538518071340454,6.649185600165993,2.477767500730211,2.550841844048761,4.954703832752613,3.7464788732394365,6.348578491965389,4.3960468521229865,4.523590333716916
capitalExpenditureCoverageRatio,-3.647754137115839,-1.5385007649158593,-0.5588235294117647,-1.9599188229325215,-3.3205673758865246,-1.3256309989335229,-0.5068471588226034,-0.7804573804573804,-1.1613696556942867,-1.0801373783629078,-2.612470402525651,-4.442634560906516,-2.770636420919975,-1.244460856720827,-3.547008547008547,-7.449604853516405,-10.85802106499937,-2.4209746168412543,-4.110126018421393,-2.727239845960724,-3.0483134896868935,-2.920713622676538,-3.537313432835821,-1.639164669633687,-0.863919259882254,-1.2200325071109306,-0.6697904242630772
dividendPaidAndCapexCoverageRatio,-4.324551569506727,-1.5979872881355932,-0.627700127064803,-2.2036508841985167,-3.325284090909091,-1.3284645529034556,-0.5601948503827419,-0.9527918781725888,-2.042928452579035,-1.5957716701902749,-9.194444444444445,-14.520833333333334,-3.2378497790868925,-1.9147727272727273,-5.371009490940466,2.571770687647695,3.1386040136578384,3.260315186246418,-9.204994529188388,-3.4021100126069936,-4.1188518620421775,-7.066347141389935,-5.213565536205317,-2.2975047984644914,-1.502633118782914,-2.7295454545454545,-1.092551417454141
dividendPayoutRatio,0.07686948444031584,0.12186978297161938,-1.217573221757322,0.08378170637970792,0.001100715465052284,-0.0013904982618771727,-0.04961049610496105,-1.029179810725552,0.8581640331075996,0.3712594541269319,0.39780701754385966,0.22601476014760147,0.08330301927973809,-0.08566007047980483,0.20020154517971112,0.6702842206948257,0.640769469625485,1.214726079884509,0.4240779478145987,0.2264992043922407,0.38396814863968143,1.3463441879797888,0.37875457875457874,0.5442132639791938,1.0310077519379846,1.2033598585322725,0.8955047318611986
priceBookValueRatio,3.7856785061974247,3.856377039512483,1.7665433426543342,1.6666901408450703,3.4701151501817726,3.5394976037018675,0.6358201328564128,0.9550822420845411,1.5512955001433073,1.902003078150829,2.7909920794016108,3.8888243029430587,3.0277070762144978,1.6635163693053872,1.623088186903587,4.407280108265466,6.1916050730496135,5.632713232254744,7.400890095672076,10.262139259292573,10.975119428163264,2.8565544459415855,3.2933183510331294,2.2798929857314305,3.4363920657612583,4.510174668227947,4.083571211814688
priceToBookRatio,3.7856785061974247,3.856377039512483,1.7665433426543342,1.6666901408450703,3.4701151501817726,3.5394976037018675,0.6358201328564128,0.9550822420845411,1.5512955001433073,1.902003078150829,2.7909920794016108,3.8888243029430587,3.0277070762144978,1.6635163693053872,1.623088186903587,4.407280108265466,6.1916050730496135,5.632713232254744,7.400890095672076,10.262139259292573,10.975119428163264,2.8565544459415855,3.2933183510331294,2.2798929857314305,3.4363920657612583,4.510174668227947,4.083571211814688
priceToSalesRatio,2.3166463347183193,2.763401887589801,1.1404888209970838,0.8766496671677045,1.6875637720538927,1.4442009440323669,0.3134849152862631,0.8147023491463757,1.5522594522250368,1.8526840644086617,2.090838031896552,2.561682598461701,1.8357487252659577,0.5396426163182738,1.7471745675659722,1.8610215007339608,2.730502225589227,2.763436517914587,2.596086774720692,1.4332687957153818,1.1781595831343883,0.9428000920470295,1.5116842513113973,0.9730190370496841,1.441605027737518,3.0328261154855642,3.3012744643733303
priceEarningsRatio,12.290707272791455,65.50046744574291,-68.72518828451884,6.276029976940814,15.234512137039077,-4.963499420625724,-0.40813448134481345,-13.774123786277604,12.217765237020314,10.97232489312726,9.573837303947368,11.214450895756459,10.043528857038925,-0.8677582000542152,9.941346993617737,7.398680680998195,11.466969542580996,32.405192740288825,31.613851700979854,16.630058000412987,19.168127405441275,22.883417719874785,20.901111263736265,11.116331274382315,11.768696450428395,25.541705349248453,23.87826399842271
priceToFreeCashFlowsRatio,9.450675985114286,37.15414772727273,-14.038735042735043,8.63119978858351,8.459996501528119,23.38155021834061,-1.5886370890520267,-11.02625565719697,38.07130128956623,119.1672857142857,10.684458665198237,10.003262514708908,9.825502074021353,14.506767371601208,6.620892617449665,6.6689471521470605,8.095504338591006,32.71427419193835,13.266708325055557,8.432305098420832,6.334526082494422,5.191562779951907,6.992651194852941,9.157427691483663,-35.655222496909765,53.34749538319483,-31.246273219814242
priceToOperatingCashFlowsRatio,6.8598555433104345,13.004567451110375,11.083211875843455,4.2273440331348695,5.912240186458779,5.743496916063288,1.5457142857142856,3.1016851289291427,5.289920182440136,8.841240063593004,6.594667387613293,7.751611523035231,6.279204191039346,2.849697329376855,4.754279518072289,5.773738978924403,7.349926089098866,19.201421159789664,10.038897726160343,5.340422618443943,4.256483222425897,3.4140647261734043,5.015825751582279,3.5707847744360905,5.616252920560748,9.621205245628643,15.404547824980922
priceCashFlowRatio,6.8598555433104345,13.004567451110375,11.083211875843455,4.2273440331348695,5.912240186458779,5.743496916063288,1.5457142857142856,3.1016851289291427,5.289920182440136,8.841240063593004,6.594667387613293,7.751611523035231,6.279204191039346,2.849697329376855,4.754279518072289,5.773738978924403,7.349926089098866,19.201421159789664,10.038897726160343,5.340422618443943,4.256483222425897,3.4140647261734043,5.015825751582279,3.5707847744360905,5.616252920560748,9.621205245628643,15.404547824980922
priceEarningsToGrowthRatio,0.019891890137980518,0.18680921688551538,0.6215273414474606,0.2610195157592724,0.1090224483793053,-0.06887997355494103,0.000511690991536781,0.09335403589165127,-0.7108517956084544,-0.32780672506796354,3.1935585863881655,0.2111362668645506,0.08333156829458316,0.0018621026914482633,0.9096332499160242,0.1790895604092086,0.022827763441249208,-2.467780062529687,2.5291081360783885,1.3767269808424674,0.33595895920734464,-1.1815746139700858,-0.7130677956153353,-0.3740188033924465,0.2925621539850819,-2.781207915807055,0.15122900532334382
priceSalesRatio,2.3166463347183193,2.763401887589801,1.1404888209970838,0.8766496671677045,1.6875637720538927,1.4442009440323669,0.3134849152862631,0.8147023491463757,1.5522594522250368,1.8526840644086617,2.090838031896552,2.561682598461701,1.8357487252659577,0.5396426163182738,1.7471745675659722,1.8610215007339608,2.730502225589227,2.763436517914587,2.596086774720692,1.4332687957153818,1.1781595831343883,0.9428000920470295,1.5116842513113973,0.9730190370496841,1.441605027737518,3.0328261154855642,3.3012744643733303
dividendYield,0.006254276725838684,0.0018605940953409195,0.017716549814554602,0.013349475175793605,7.225144167079412e-05,0.00028014474144974906,0.12155428755123363,0.07471835063300845,0.07023903442728859,0.03383598806479727,0.041551470420313145,0.020153885575719566,0.00829419823106854,0.09871421609666495,0.020138271534857286,0.09059510061250463,0.05587958241679083,0.03748553787721376,0.013414308127517871,0.013619868576923535,0.02003159414156878,0.058834925991429046,0.018121265131568556,0.048956193419076866,0.08760594312893968,0.0471135283285883,0.03750292449737349
enterpriseValueMultiple,5.934251549879414,12.353987462523849,27.24502805836139,5.124334508594094,10.383064425307055,-10.41063029162747,-1.8673489061920652,-114.55920051273885,11.007486562029671,7.006299345577369,5.323746463877372,5.5722145116174655,4.617150144269067,-1.4072873643682184,5.29745369673242,3.649855391781188,5.487218705731749,10.637017179777926,9.792008342115423,6.98568889924075,7.497154659247566,7.582505979435357,7.9860916013751195,6.913578846792954,7.626405186150949,11.28102216558542,11.763654977930358
priceFairValue,3.7856785061974247,3.856377039512483,1.7665433426543342,1.6666901408450703,3.4701151501817726,3.5394976037018675,0.6358201328564128,0.9550822420845411,1.5512955001433073,1.902003078150829,2.7909920794016108,3.8888243029430587,3.0277070762144978,1.6635163693053872,1.623088186903587,4.407280108265466,6.1916050730496135,5.632713232254744,7.400890095672076,10.262139259292573,10.975119428163264,2.8565544459415855,3.2933183510331294,2.2798929857314305,3.4363920657612583,4.510174668227947,4.083571211814688
