,2021,2020,2019,2018,2017,2016,2015,2014,2013,2012,2011,2010,2009,2008,2007,2006,2005,2004,2003,2002
reportedCurrency,USD,USD,USD,USD,USD,USD,USD,USD,USD,USD,USD,USD,USD,USD,USD,USD,USD,USD,USD,USD
cik,0001324404,0001324404,0001324404,0001324404,0001324404,0001324404,0001324404,0001324404,0001324404,0001324404,0001324404,0001324404,0001324404,0001324404,0001324404,0001324404,0001324404,0001324404,0001324404,0001324404
fillingDate,2022-02-24,2021-02-24,2020-02-24,2019-02-22,2018-02-22,2017-02-23,2016-02-25,2015-02-26,2014-02-27,2013-02-27,2012-02-27,2011-02-25,2010-02-25,2009-02-26,2008-02-27,2007-02-28,2006-03-20,2004-12-31,2003-12-31,2002-12-31
acceptedDate,2022-02-24 17:00:33,2021-02-24 16:34:24,2020-02-24 15:15:28,2019-02-22 14:31:40,2018-02-22 12:38:53,2017-02-23 13:28:58,2016-02-25 14:33:55,2015-02-26 14:49:58,2014-02-27 16:15:29,2013-02-27 16:19:44,2012-02-27 16:49:08,2011-02-25 16:51:27,2010-02-25 16:45:36,2009-02-26 10:57:45,2008-02-27 15:25:05,2007-02-28 16:14:48,2006-03-20 14:22:33,2004-12-31,2003-12-31,2002-12-31
calendarYear,2021,2020,2019,2018,2017,2016,2015,2014,2013,2012,2011,2010,2009,2008,2007,2006,2005,2004,2003,2002
period,FY,FY,FY,FY,FY,FY,FY,FY,FY,FY,FY,FY,FY,FY,FY,FY,FY,FY,FY,FY
cashAndCashEquivalents,1628000000,683000000,287000000,682000000,835000000,1164000000,286000000,1996600000,1710800000,2274900000,1207000000,797700000,697100000,625000000,366500000,25400000,37400000,50003000,77200000,56500000
shortTermInvestments,0.0,80000000,0.0,0.0,0.0,0.0,0.0,0.0,0.0,0.0,0.0,3100000.0,185000000,0.0,494500000,300200000,179300000,369290000,91700000,38400000
cashAndShortTermInvestments,1628000000,763000000,287000000,682000000,835000000,1164000000,286000000,1996600000,1710800000,2274900000,1207000000,800800000,882100000,625000000,861000000,325600000,216700000,419293000,168900000,94900000
netReceivables,497000000,265000000,242000000,235000000,307000000,236000000,267200000,191500000,230900000,217400000,269400000,238900000,167400000,175100000,148700000,113900000,53900000,43274000,0.0,0.0
inventory,408000000,287000000,351000000,309000000,275000000,339000000,321200000,202900000,274300000,277900000,304200000,270300000,207800000,588600000,231700000,176100000,251100000,233547000,0.0,0.0
otherCurrentAssets,60000000,52000000,94000000,48000000,48000000,916000000,252700000,223500000,414100000,37400000,18000000,31400000,25800000,44500000,37700000,17500000,54400000,92683000,0.0,0.0
totalCurrentAssets,2593000000,1367000000,974000000,1274000000,1465000000,2655000000,1127100000,2614500000,2630100000,2807600000,1798600000,1341400000,1283100000,1433200000,1279100000,633100000,576100000,788797000,0.0,0.0
propertyPlantEquipmentNet,7324000000,7891000000,8450000000,8623000000,9175000000,9652000000,8539000000,5525800000,4101700000,3900500000,3736000000,3925600000,793800000,661900000,623600000,597000000,630100000,645595000,0.0,0.0
goodwill,2091000000,2374000000,2365000000,2353000000,2371000000,2345000000,2390100000,2092800000,2095800000,2064500000,2064500000,2085700000,900000.0,900000.0,900000.0,900000.0,0.0,0.0,0.0,0.0
intangibleAssets,45000000,104000000,110000000,115000000,129000000,128000000,155700000,41800000,45800000,49600000,0.0,0.0,0.0,0.0,0.0,0.0,900000.0,1327000.0,0.0,0.0
goodwillAndIntangibleAssets,2136000000,2478000000,2475000000,2468000000,2500000000,2473000000,2545800000,2134600000,2141600000,2114100000,2064500000,2085700000,900000.0,900000.0,900000.0,900000.0,900000.0,1327000.0,0.0,0.0
longTermInvestments,82000000,80000000,88000000,93000000,108000000,139000000,297800000,861500000,939100000,961600000,999500000,1079900000,376200000,223000000,42000000,0.0,0.0,0.0,0.0,0.0
taxAssets,0.0,0.0,0.0,0.0,0.0,0.0,0.0,0.0,0.0,0.0,0.0,0.0,0.0,0.0,0.0,1700000.0,0.0,74909000,0.0,0.0
otherNonCurrentAssets,240000000,207000000,185000000,203000000,215000000,212000000,229200000,201800000,865600000,383100000,375900000,325900000,40900000,68600000,66900000,57700000,21000000,36343000,0.0,0.0
totalNonCurrentAssets,9782000000,10656000000,11198000000,11387000000,11998000000,12476000000,11611800000,8723700000,8048000000,7359300000,7175900000,7417100000,1211800000,954400000,733400000,657300000,652000000,758174000,0.0,0.0
otherAssets,0.0,0.0,0.0,0.0,0.0,0.0,0.0,0.0,0.0,0.0,0.0,0.0,0.0,0.0,0.0,0.0,0.0,0.0,1415600000,1321700000
totalAssets,12375000000,12023000000,12172000000,12661000000,13463000000,15131000000,12738900000,11338200000,10678100000,10166900000,8974500000,8758500000,2494900000,2387600000,2012500000,1290400000,1228100000,1546971000,1415600000,1321700000
accountPayables,110000000,85000000,78000000,101000000,99000000,81000000,96600000,65800000,169000000,117300000,99500000,752700000,332000000,207900000,59800000,37400000,171600000,169237000,0.0,0.0
shortTermDebt,89000000,337000000,90000000,0.0,0.0,0.0,0.0,0.0,0.0,5000000.0,0.0,4900000.0,0.0,4100000.0,0.0,0.0,0.0,19917000,0.0,0.0
taxPayables,24000000,0.0,1000000.0,5000000.0,2000000.0,1000000.0,5500000.0,16000000,73300000,187100000,128500000,62200000,0.0,0.0,0.0,0.0,0.0,0.0,0.0,0.0
deferredRevenue,700000000,130000000,119000000,149000000,89000000,42000000,161500000,325400000,163600000,380700000,257200000,0.0,0.0,0.0,0.0,0.0,0.0,0.0,0.0,0.0
otherCurrentLiabilities,533000000,354000000,378000000,455000000,392000000,563000000,957100000,588500000,495700000,447200000,674500000,189000000,147800000,606100000,569500000,316000000,169500000,235649000,0.0,0.0
totalCurrentLiabilities,1432000000,906000000,665000000,705000000,580000000,686000000,1215200000,979700000,828300000,950200000,1031200000,946600000,479800000,818100000,629300000,353400000,341100000,424803000,0.0,0.0
longTermDebt,3627000000,3712000000,3957000000,4698000000,4692000000,5778000000,5592700000,4592500000,3098100000,1600000000,1617800000,1954100000,4700000.0,0.0,4900000.0,4200000.0,4200000.0,238904000,0.0,0.0
deferredRevenueNonCurrent,0.0,0.0,0.0,0.0,0.0,0.0,0.0,0.0,0.0,0.0,0.0,0.0,0.0,0.0,0.0,0.0,0.0,0.0,0.0,0.0
deferredTaxLiabilitiesNonCurrent,1029000000,1184000000,1246000000,1117000000,1047000000,1630000000,916200000,818600000,833200000,938800000,956800000,1081200000,68300000,6200000.0,32100000,0.0,8400000.0,0.0,0.0,0.0
otherNonCurrentLiabilities,251000000,618000000,667000000,410000000,460000000,545000000,627600000,374900000,480100000,395700000,435800000,343200000,197200000,212600000,141900000,152200000,104900000,83203000,0.0,0.0
totalNonCurrentLiabilities,4907000000,5514000000,5870000000,6225000000,6199000000,7953000000,7136500000,5786000000,4411400000,2934500000,3010400000,3378500000,270200000,218800000,178900000,156400000,117500000,322107000,0.0,0.0
otherLiabilities,0.0,0.0,0.0,0.0,0.0,0.0,0.0,0.0,0.0,0.0,0.0,0.0,0.0,0.0,0.0,0.0,0.0,0.0,682100000,580800000
capitalLeaseObligations,251000000,262000000,283000000,0.0,0.0,0.0,0.0,0.0,0.0,0.0,0.0,0.0,0.0,0.0,0.0,0.0,0.0,0.0,0.0,0.0
totalLiabilities,6339000000,6420000000,6535000000,6930000000,6779000000,8639000000,8351700000,6765700000,5239700000,3884700000,4041600000,4325100000,750000000,1036900000,808200000,509800000,458600000,746910000,682100000,580800000
preferredStock,0.0,0.0,0.0,0.0,0.0,0.0,0.0,0.0,0.0,0.0,0.0,0.0,0.0,0.0,0.0,0.0,0.0,734302000,0.0,0.0
commonStock,2000000.0,2000000.0,2000000.0,2000000.0,2000000.0,2000000.0,2400000.0,500000.0,600000.0,600000.0,700000.0,700000.0,500000.0,500000.0,600000.0,600000.0,600000.0,8000.0,0.0,0.0
retainedEarnings,2088000000,1927000000,1958000000,2463000000,2443000000,2365000000,3057900000,3175300000,3725600000,3461100000,2841000000,1370800000,1048100000,703400000,416800000,48600000,19700000,59780000,0.0,0.0
accumulatedOtherComprehensiveIncomeLoss,-257000000,-320000000,-366000000,-371000000,-263000000,-398000000,-249800000,-159800000,-42600000,-49600000,-99300000,-53300000,-43200000,-75200000,-21200000,-33400000,-7400000.0,-12356000,0.0,0.0
othertotalStockholdersEquity,1373000000,1313000000,1303000000,864000000,1397000000,1379000000,1224700000,1193700000,1392500000,2490100000,1804600000,2732200000,723500000,709400000,790800000,751200000,743000000,5555000.0,733500000,740900000
totalStockholdersEquity,3206000000,2922000000,2897000000,2958000000,3579000000,3348000000,4035200000,4209700000,5076100000,5902200000,4547000000,4050400000,1728900000,1338100000,1187000000,767000000,755900000,787289000,733500000,740900000
totalLiabilitiesAndStockholdersEquity,9545000000,9342000000,9432000000,9888000000,10358000000,11987000000,12386900000,10975400000,10315800000,9786900000,8588600000,8375500000,2478900000,2375000000,1995200000,1276800000,1214500000,1534199000,1415600000,1321700000
minorityInterest,2830000000,2681000000,2740000000,2773000000,3105000000,3144000000,352000000,362800000,362300000,380000000,385900000,383000000,16000000,12600000,17300000,13600000,13600000,12772000,0,0
totalEquity,6036000000,5603000000,5637000000,5731000000,6684000000,6492000000,4387200000,4572500000,5438400000,6282200000,4932900000,4433400000,1744900000,1350700000,1204300000,780600000,769500000,800061000,733500000,740900000
totalLiabilitiesAndTotalEquity,12375000000,12023000000,12172000000,12661000000,13463000000,15131000000,12738900000,11338200000,10678100000,10166900000,8974500000,8758500000,2494900000,2387600000,2012500000,1290400000,1228100000,1546971000,1415600000,1321700000
totalInvestments,0.0,160000000,0.0,0.0,0.0,0.0,0.0,0.0,0.0,0.0,0.0,1083000000,561200000,0.0,536500000,0.0,0.0,0.0,0.0,0.0
totalDebt,3716000000,4049000000,4047000000,4698000000,4692000000,5778000000,5592700000,4592500000,3098100000,1605000000,1617800000,1959000000,189700000,4100000.0,499400000,304400000,183500000,258821000,0.0,0.0
netDebt,2088000000,3366000000,3760000000,4016000000,3857000000,4614000000,5306700000,2595900000,1387300000,-669900000,410800000,1161300000,-507400000,-620900000,132900000,279000000,146100000,208818000,-77200000,-56500000
link,https://www.sec.gov/Archives/edgar/data/1324404/000132440422000008/0001324404-22-000008-index.htm,https://www.sec.gov/Archives/edgar/data/1324404/000132440421000008/0001324404-21-000008-index.htm,https://www.sec.gov/Archives/edgar/data/1324404/000132440420000006/0001324404-20-000006-index.htm,https://www.sec.gov/Archives/edgar/data/1324404/000132440419000006/0001324404-19-000006-index.htm,https://www.sec.gov/Archives/edgar/data/1324404/000132440418000006/0001324404-18-000006-index.htm,https://www.sec.gov/Archives/edgar/data/1324404/000132440417000007/0001324404-17-000007-index.htm,https://www.sec.gov/Archives/edgar/data/1324404/000132440416000019/0001324404-16-000019-index.htm,https://www.sec.gov/Archives/edgar/data/1324404/000162828015001077/0001628280-15-001077-index.htm,https://www.sec.gov/Archives/edgar/data/1324404/000104746914001484/0001047469-14-001484-index.htm,https://www.sec.gov/Archives/edgar/data/1324404/000104746913001819/0001047469-13-001819-index.htm,https://www.sec.gov/Archives/edgar/data/1324404/000104746912001620/0001047469-12-001620-index.htm,https://www.sec.gov/Archives/edgar/data/1324404/000104746911001417/0001047469-11-001417-index.htm,https://www.sec.gov/Archives/edgar/data/1324404/000104746910001364/0001047469-10-001364-index.htm,https://www.sec.gov/Archives/edgar/data/1324404/000104746909001858/0001047469-09-001858-index.htm,https://www.sec.gov/Archives/edgar/data/1324404/000104746908001816/0001047469-08-001816-index.htm,https://www.sec.gov/Archives/edgar/data/1324404/000110465907014916/0001104659-07-014916-index.htm,https://www.sec.gov/Archives/edgar/data/1324404/000104746906003695/0001047469-06-003695-index.htm,,,
finalLink,https://www.sec.gov/Archives/edgar/data/1324404/000132440422000008/cf-20211231.htm,https://www.sec.gov/Archives/edgar/data/1324404/000132440421000008/cf-20201231.htm,https://www.sec.gov/Archives/edgar/data/1324404/000132440420000006/cf-12312019x10k.htm,https://www.sec.gov/Archives/edgar/data/1324404/000132440419000006/cf-12312018x10k.htm,https://www.sec.gov/Archives/edgar/data/1324404/000132440418000006/cf-12312017x10k.htm,https://www.sec.gov/Archives/edgar/data/1324404/000132440417000007/cf-12312016x10k.htm,https://www.sec.gov/Archives/edgar/data/1324404/000132440416000019/cf-12312015x10k.htm,https://www.sec.gov/Archives/edgar/data/1324404/000162828015001077/cf-12312014x10k.htm,https://www.sec.gov/Archives/edgar/data/1324404/000104746914001484/a2218347z10-k.htm,https://www.sec.gov/Archives/edgar/data/1324404/000104746913001819/a2212938z10-k.htm,https://www.sec.gov/Archives/edgar/data/1324404/000104746912001620/a2207426z10-k.htm,https://www.sec.gov/Archives/edgar/data/1324404/000104746911001417/a2202123z10-k.htm,https://www.sec.gov/Archives/edgar/data/1324404/000104746910001364/a2196589z10-k.htm,https://www.sec.gov/Archives/edgar/data/1324404/000104746909001858/a2190830z10-k.htm,https://www.sec.gov/Archives/edgar/data/1324404/000104746908001816/a2182862z10-k.htm,https://www.sec.gov/Archives/edgar/data/1324404/000110465907014916/a07-1577_110k.htm,https://www.sec.gov/Archives/edgar/data/1324404/000104746906003695/a2168347z10-k.htm,,,
