,2021,2020,2019,2018,2017,2016,2015,2014,2013,2012,2011,2010,2009,2008,2007,2006,2005,2004,2003,2002,2001,2000,1999,1998,1997,1996,1995,1994,1993,1992,1991,1990,1989,1988,1987,1986,1985
period,FY,FY,FY,FY,FY,FY,FY,FY,FY,FY,FY,FY,FY,FY,FY,FY,FY,FY,FY,FY,FY,FY,FY,FY,FY,FY,FY,FY,FY,FY,FY,FY,FY,FY,FY,FY,FY
revenueGrowth,0.2778662420382166,-0.048965169106511865,0.46550767523580544,-0.05669923237962317,0.051936135070655164,0.05970439517697394,0.03983822042467138,0.09137055837563451,0.10216492337630746,0.08098869313699711,0.008218451749734889,-0.033563925185754545,0.02065899581589958,-0.10213665179619628,-0.06395604395604396,0.2078577117069286,0.04233536247924737,0.1361207167557372,0.11888849806542384,0.11011323701679032,0.09867292665703987,0.09527713966064646,0.03599006760976669,0.05761219202794092,0.07388255639671397,0.09246997102650256,0.09464094687888841,0.04874913326861739,0.10581199202576291,0.12324519851864611,0.10696920583468396,0.07645730706075533,0.06375545851528384,0.03725512399501755,0.13830884248517658,0.27619674288534296,0.0
grossProfitGrowth,0.0,0.0,0.0,0.0,0.0,0.0,0.0,0.0,0.0,0.0,0.0,0.0,0.0,0.0,0.0,0.0,0.0,0.0,0.0,0.0,0.0,0.0,0.0,0.0,0.0,0.0,0.0,0.0,0.0,0.0,0.0,0.0,0.0,0.0,0.0,0.0,0.0
ebitgrowth,0.0,0.0,0.0,0.0,0.0,0.0,0.0,0.0,0.0,0.0,0.0,0.0,0.0,0.0,0.0,0.0,0.0,0.0,0.0,0.0,0.0,0.0,0.0,0.0,0.0,0.0,0.0,0.0,0.0,0.0,0.0,0.0,0.0,0.0,0.0,0.0,0.0
operatingIncomeGrowth,0.0,0.0,0.0,0.0,0.0,0.0,0.0,0.0,0.0,0.0,0.0,0.0,0.0,0.0,0.0,0.0,0.0,0.0,0.0,0.0,0.0,0.0,0.0,0.0,0.0,0.0,0.0,0.0,0.0,0.0,0.0,0.0,0.0,0.0,0.0,0.0,0.0
netIncomeGrowth,1.4226973684210527,-0.3910866299449174,5.958188153310105,-0.7253588516746412,0.7681895093062606,-0.06782334384858044,0.20761904761904762,0.015473887814313346,0.22802850356294538,1.536144578313253,-0.5596816976127321,-0.12731481481481483,0.006993006993006993,-0.4982456140350877,-0.08064516129032258,0.5448504983388704,0.030821917808219176,0.5614973262032086,0.5714285714285714,0.23316062176165803,0.6305495712414988,-0.5353169337552312,0.054456941552447145,-0.19309561586638832,0.3379290311047551,-0.015790631185396965,0.12980171942553298,-0.06837962962962962,0.2609457092819615,0.17088174982911825,0.13410852713178295,0.12663755458515283,-0.11033411033411034,0.4189636163175303,0.08622754491017964,0.5904761904761905,0.0
epsgrowth,1.4220898541073113,-0.3831699346405229,5.954545454545455,-0.7232704402515724,0.7715877437325906,-0.07235142118863055,0.20560747663551407,0.015822784810126524,0.2200772200772202,1.5392156862745097,-0.5603448275862069,-0.13000010874998644,0.013941825095057037,-0.4750499001996008,-0.06529850746268666,0.558139534883721,0.04092216020397225,0.5637337174259799,0.5850346462586615,0.2250001148437895,0.6216206149564514,-0.5225806176274774,0.06896554346016134,-0.19889469782661265,0.38520399768812474,-0.01766110536903248,0.12519118568700005,-0.11044447246686526,0.2788460314294324,0.1555547927235635,0.13924131958993277,0.11267553102213586,-0.1234562856045312,0.35000055169167066,0.09090872615438934,0.5714299225109235,0.0
epsdilutedGrowth,1.4145146260083978,-0.38099173553719007,5.914285714285714,-0.7217806041335453,0.771830985915493,-0.07310704960835515,0.2044025157232704,0.019230769230769246,0.21400778210116744,1.5196078431372546,-0.5584415584415584,-0.12830188679245277,0.011450381679389238,-0.4728370221327967,-0.06226415094339624,0.5588235294117647,0.03779084851611163,0.5636362074380094,0.5821917549610616,0.22689081080079498,0.6301356829151888,-0.5197365605631452,0.07801396812290438,-0.203389471559857,0.35459189915498435,-0.01766110536903248,0.12519118568700005,-0.11044447246686526,0.2912619591148514,0.15730259071597097,0.1265831447805805,0.1285708205853284,-0.12499948278929662,0.3333339463240784,0.09090872615438934,0.5714299225109235,0.0
weightedAverageSharesGrowth,0.00025082018859813035,-0.012834482746150951,0.0005237870377435127,-0.007546757746248732,-0.001918183778296421,0.004881241999469321,-0.007726898849182314,-0.0018137847642079807,0.010625622475727266,0.0024609819591079516,0.004672135384615385,-0.001810666309685495,-0.0034747406302021414,-0.051142320442774516,-0.018716807641840708,0.0025790914285714287,-0.018930976961763556,0.007098333795864505,-0.007428450078767895,0.005310713933606569,0.00242200381426648,-0.02445379842374532,-0.013091876957561453,0.007756574080222069,-0.033331786702684094,0.0019040940609358391,0.004096993478647522,0.04728791752597478,-0.01399724820968696,0.013263723427928026,-0.0045054512191699085,0.012548158558825963,0.014970360741115317,0.05108372634822593,-0.004291084502232974,0.0121203445971311,0.0
weightedAverageSharesDilutedGrowth,0.003078817733990148,-0.01635372501514234,0.00364741641337386,-0.009036144578313253,-0.003003003003003003,0.005434782608695652,0.0030284675953967293,-0.003651836290787573,0.011549116026831289,0.003393425456848006,0.0003416532895506022,0.0006780246853446369,-0.003954893053981808,-0.048946498900384494,-0.018830649259460635,-0.008963834527670871,-0.007388985817262563,0.000474507452923626,-0.009049764400090407,0.00736533131771227,-0.011719057056753105,-0.027838567224892214,-0.020124597296079332,0.007523730228562423,-0.002638901468504615,-0.004287317121073831,0.010340538891036248,0.04728791752597478,-0.02347800287777418,0.011733455389805296,0.006679826971056442,-0.001713020371029101,0.016760419646776964,0.06422221889411385,-0.004291084502232974,0.0121203445971311,0.0
dividendsperShareGrowth,0.05306920231740119,0.07007184682422152,0.05599450281511599,-0.1536125187193171,0.3097017912139727,-0.16799564085112725,0.32679880273185324,0.05895493686278401,0.016542354708282934,0.0014570010151303903,0.007198991855564638,0.013883998368859934,-0.0005270908738730105,0.09781128309226464,0.07270927204790809,0.11477196001663877,0.17478214663438257,0.1266182720597842,0.1068134578136518,0.07007471505831553,0.10339250181122829,0.11514392827350502,0.1169114078628804,0.11708604528564925,0.15466967102239096,0.13675874505638205,0.10926788077150816,0.08197538322923632,0.12439028132102306,0.12498674385021931,0.13171386870963267,0.1443234822328927,0.0,0.0,0.0,0.0,0.0
operatingCashFlowGrowth,0.3286384976525822,0.23427152317880795,0.02286198137171888,0.12262357414448669,-0.04623753399818677,0.03665413533834586,0.21878579610538373,0.09673366834170855,0.2476489028213166,1.582995951417004,-0.5348399246704332,0.011428571428571429,0.08471074380165289,-0.31347517730496455,0.14634146341463414,-0.2360248447204969,-0.02187120291616039,0.00857843137254902,0.22338830584707647,0.2351851851851852,0.5143102316894654,-0.4815404992417887,1.514111200868494,-0.3592399234583342,0.3846999568656576,-0.19990710443485504,0.18279725001534589,-0.10291850220264318,0.10361592221209359,0.001216915120170368,0.41437177280550774,-0.059490084985835696,0.0,0.0,0.0,0.0,0.0
freeCashFlowGrowth,0.33650577838205303,0.24239864864864866,0.019810508182601206,0.12065637065637065,-0.04954128440366973,0.03415559772296015,0.2199074074074074,0.09505703422053231,0.24841772151898733,1.6333333333333333,-0.5330739299610895,0.06418219461697723,0.078125,-0.29448818897637796,0.12788632326820604,-0.26018396846254926,-0.03670886075949367,0.015424164524421594,0.215625,0.21904761904761905,0.6779917794383682,-0.46577718889052044,1.5934099996900282,-0.44983579878773705,0.4164757198465064,-0.22636175057999375,0.191147476340694,-0.11568053993250843,0.12176656151419558,0.010197578075207138,0.3745072273324573,-0.06049382716049383,0.0,0.0,0.0,0.0,0.0
tenYRevenueGrowthPerShare,1.566150621165002,1.0157466503205317,1.0257680087191403,0.41651567787667676,0.4102315262762431,0.2763479113526167,0.45812987793868926,0.47832376976674257,0.5253218653796516,0.5766315093580179,0.6145202576281293,0.7633196456605735,1.0447820270799217,1.0957213177504492,1.3243160073173952,1.7069026665038909,1.4499592661393355,1.5138940951490127,1.231515449574516,1.2201283354942314,1.228759389945575,1.2612157805320656,1.1411492869247062,1.1377480647513734,1.010175567360176,1.0686277858322277,1.392128327739071,1.194261843343648,1.1912045917595815,0.9537984510844238,0.7624941517527958,0.5850064401791755,0.49090478719442954,0.4225301102580843,0.4414951679137737,0.26091403033038124,0.0
fiveYRevenueGrowthPerShare,0.8059551888460902,0.4907351266885575,0.6215434733037988,0.2103990752401138,0.38881606295492227,0.4209381478643646,0.3521829694844636,0.24928381019089046,0.17028813624603473,0.015419942130965947,-0.10175688275317508,0.07835249433338096,0.1833370109397758,0.30337291999940147,0.5526891327831224,0.7974201267210838,0.6351978178996355,0.7279794413393768,0.6079214824805564,0.4969615992295688,0.505993299096921,0.49826475997028774,0.45481713208373853,0.3878261307460953,0.4830897042628549,0.47992649853227487,0.5092230965753397,0.471765240939892,0.5403572662247828,0.3553971560737793,0.39779089561799225,0.5850064401791755,0.49090478719442954,0.4225301102580843,0.4414951679137737,0.26091403033038124,0.0
threeYRevenueGrowthPerShare,0.8027836328450703,0.34124235132284764,0.4673173150543989,0.05641208233771851,0.1647367657991319,0.20827341427442866,0.24954385825092387,0.2857917054389623,0.18015822691479633,0.04771742166563858,-0.004863058823423225,-0.06165675735510324,-0.07550747059859203,0.08744720918377408,0.2209754315652777,0.4439682485918566,0.3510937873574193,0.4042504071005887,0.36429971518755533,0.3588170352835013,0.29173337519378745,0.23687513185993977,0.22385235191710992,0.2712574634860831,0.3205617988564794,0.19037802699772546,0.22434754025491188,0.24497538965531335,0.3824578476235585,0.31047835372576893,0.23898548019699434,0.09955723436319296,0.1824000299241549,0.4225301102580843,0.4414951679137737,0.26091403033038124,0.0
tenYOperatingCFGrowthPerShare,7.127738166049704,1.8330214543895484,1.2958918357590472,1.4444853318198962,0.563574217178628,0.9114549086532799,0.4119050919615893,0.1460559512442475,0.0446095978258294,0.042928245368275844,-0.5026868477093849,0.6226174259055769,-0.14893870886560473,0.991787336843455,0.7503609017808215,1.1462791342929222,1.2492611091938066,1.6575291176915816,1.2730345602426674,1.0641600459776215,0.6600351662092181,0.5612689287347583,1.7287164677854665,0.0,0.0,0.0,0.0,0.0,0.0,0.0,0.0,0.0,0.0,0.0,0.0,0.0,0.0
fiveYOperatingCFGrowthPerShare,0.8352974189516432,0.4253702269153115,0.4002420518390692,0.5048842803594448,0.6424081333572738,3.428567316730834,0.9875688441455516,0.6396392557584148,0.6243676432290368,-0.047998980629437145,-0.5683807489090366,-0.28963210702341124,-0.30103164630921236,-0.35691307187744886,0.0955116897436009,0.15220336218461847,1.284193080723952,0.2175963141113698,2.097228772256876,0.5977564805269078,0.8627606937576547,-0.015292915395345687,1.1826027944500705,-0.2661069855080928,0.2919115466813211,-0.10883068782146595,0.5855160921905881,0.25021212046647046,0.0,0.0,0.0,0.0,0.0,0.0,0.0,0.0,0.0
threeYOperatingCFGrowthPerShare,0.6978849818063892,0.44588733600312946,0.10506495250614697,0.1151090283335768,0.21084734778772485,0.3922105445112817,0.6660493363251065,2.4950061134829338,0.4727750109874595,0.20880602320534233,-0.48934687014404143,-0.2019996332831423,-0.07997328317070536,-0.3559265442495536,-0.1124829293460396,-0.23915730870394894,0.23065631034482745,0.5166035355290803,1.2876971475662995,-0.01357737753387168,1.0452152388927858,-0.13917561884410146,1.3202020417245293,-0.2726686485619537,0.3474949396502108,-0.19422329342370756,0.1293804777758897,-0.052648121363806887,0.5713401535210647,0.3040014311703388,0.0,0.0,0.0,0.0,0.0,0.0,0.0
tenYNetIncomeGrowthPerShare,16.984850688115593,2.2543103377355447,3.6125183918661063,-0.32979524587547177,0.2806842051352195,-0.3227200904925332,0.12500000278588333,-0.02873471038722899,0.48030103812504454,0.9287001909665803,-0.06485806944828644,2.470711905039496,0.890962389889704,0.9993870480703505,2.0274237181271726,3.4723938587622425,1.8512386663734328,2.0533462467172106,0.7517800299154136,0.4150279232470803,0.3330186186762766,-0.06638347620526723,1.1808613751613464,0.7891613750614062,2.0165951365499692,1.3776602812153471,2.8035004921740883,2.380312972818307,2.8000037853203152,1.9714318083314144,1.5714330746563274,1.2571451912535088,1.0285744938133168,1.314287880081763,0.7142866109221914,0.5714299183554804,0.0
fiveYNetIncomeGrowthPerShare,4.093810125501391,0.9509043836821941,2.849188566031612,-0.43693617084057235,1.4724084575712093,2.530726557332232,0.6681034524066547,0.19830928330473102,0.1902820238427433,-0.48200945470259793,-0.8081754849859543,-0.32558139534883723,-0.18947027854596246,0.24365571223699983,2.723427403214908,3.8749865494680944,4.146227997127529,1.3329957432004351,0.6076692515438976,-0.18692554190442587,-0.08258334389656483,-0.44595562653560833,0.3087663171337762,0.08963956873164157,0.7403423624466489,0.4530133171312119,0.6850934122061546,0.6663489475626752,0.6419754076515591,0.7333343149270405,0.6363650994677267,1.2571451912535088,1.0285744938133168,1.314287880081763,0.7142866109221914,0.5714299183554804,0.0
threeYNetIncomeGrowthPerShare,9.390215010738455,0.18710691492492776,2.4094707383667786,-0.5452196398761574,1.0000685726534937,0.14852224672593184,0.504437224628112,2.1273887147621373,0.34730851019472136,-0.030621040581966366,-0.6128090459391756,-0.5328321770292398,-0.4993697939022898,-0.23660955363616484,0.5168432418190012,1.510274777491184,1.5792074268907563,2.0110746791685337,2.1588977955569355,-0.04958833809661724,-0.17216354717140564,-0.5925000442837329,0.18406133894226853,0.08863782043268228,0.5298313187991814,-0.016757163237311436,0.2800228097140536,0.3145638539591728,0.6835442398855954,0.4647881147049786,0.11111201712964054,0.31666733956423393,0.2909099350330834,1.314287880081763,0.7142866109221914,0.5714299183554804,0.0
tenYShareholdersEquityGrowthPerShare,1.6272297149849484,1.163252935514264,1.0677113119577122,0.8764067981373941,0.4567858925522708,0.10522020223150572,0.12807015345213163,0.13643478840709014,0.047726683705250905,0.06209212385790209,-0.08369205942622439,-0.08535550475380513,-0.02102772141862806,-0.1623693195130709,0.3324208550412787,1.316195126618856,1.4655496300857198,2.388864536478894,2.223299385339208,2.3267347259320403,3.204798379763955,5.058113724686875,4.208844153698966,5.569342097755368,5.800654081920137,3.836821401364883,3.9639006546919457,2.6379838013208454,2.824260489616538,2.318584406926295,1.8281324303404252,0.9667105671679268,1.0178909158974188,0.6371948725089429,0.3374612943774845,0.21890705583688122,0.0
fiveYShareholdersEquityGrowthPerShare,0.896836137421903,0.7075151305523525,0.5185876264610901,0.3088977202426951,0.5056909084827966,0.38505886889932656,0.26690118102466703,0.3616015802632987,0.4335778641202552,-0.03248011637382119,-0.2020409911458868,-0.10958315427589163,-0.16536907353813962,-0.2691525797601443,0.09774707665673485,0.1483145505050618,0.027209334188173406,0.17294033511482568,0.14610882831334115,0.21377763910723335,1.017038907675712,1.400240679310317,1.889204535836121,1.8123850944266282,1.740810687844723,1.0846392024283047,1.5239609414617565,0.8028644525132426,1.3358615115597052,1.4812564078506028,1.3202199189819905,0.9667105671679268,1.0178909158974188,0.6371948725089429,0.3374612943774845,0.21890705583688122,0.0
threeYShareholdersEquityGrowthPerShare,0.6934898098282721,0.33526800729004447,0.40975857863854515,0.22441569813484907,0.26011321555427097,0.16858009377192354,0.17744250870221995,0.2857991124954395,0.185129800474064,0.1395248094698619,0.209515777632097,-0.10079881836189775,-0.24646460443006066,-0.26389799597014574,-0.0169890422411452,0.10779059577411589,0.10857681232072676,0.03674047009218954,0.034594675323521444,0.0503450446224816,0.10566271339223397,0.3099235971128563,0.7828237317230976,1.166701943971458,1.5001792497580886,0.5416407302677353,0.49578857910971713,0.2863555335288657,0.9444958264110478,0.6445806761811094,0.7274256582580257,0.47048036114071146,0.6554920297117884,0.6371948725089429,0.3374612943774845,0.21890705583688122,0.0
tenYDividendperShareGrowthPerShare,0.5697811051472109,0.5014036523514602,0.4225672254900142,0.34642500457875963,0.7463875524571179,0.43037608459965937,0.9165081695260349,0.6969261479603186,0.8053535028524479,0.9656726980564687,1.1003564308188474,1.3009529950252858,1.5307567392060657,1.828121749709593,1.8777763442825746,2.097652972072359,2.1587483641951213,1.982593933589696,1.8644069551728881,1.9098953571695658,2.0592197504906573,2.137742383945451,2.219846514974301,0.0,0.0,0.0,0.0,0.0,0.0,0.0,0.0,0.0,0.0,0.0,0.0,0.0,0.0
fiveYDividendperShareGrowthPerShare,0.3190861484362005,0.04217787698725929,0.292212633688197,0.2958352948548973,0.5563456349244607,0.19005199698913805,0.44064049477977457,0.10087704484807795,0.03904023136638455,0.12210778458724637,0.2019441908576662,0.3303167420814479,0.5414311306622767,0.7375203080234217,0.751768167956804,0.747465853069355,0.7296279316346538,0.6418227768104857,0.6276769466521078,0.6427837866463254,0.7726543649659612,0.8262588770810497,0.8166357390801229,0.7598129414221613,0.7713197444625359,0.7257846825370273,0.7181257396325841,0.7724227514122958,0.0,0.0,0.0,0.0,0.0,0.0,0.0,0.0,0.0
threeYDividendperShareGrowthPerShare,0.1899576551461677,-0.04359062029974092,0.1705859577978764,-0.07771052117227913,0.4457829343472986,0.16898288314924034,0.42826248394400174,0.07804096663935114,0.025352200533579054,0.02267080559729824,0.020644684806840542,0.11246661292307683,0.17701162307146232,0.3127915144402987,0.40483529106519445,0.4754352827834866,0.46490195814889335,0.3343363703180298,0.3068283929135465,0.3166642828247231,0.3742940909807298,0.3913496318246208,0.4406653535237924,0.4662657465836977,0.4560037735901044,0.3643384601229546,0.3494938232638387,0.3686168042868691,0.43153221632247396,0.4569104321909398,0.0,0.0,0.0,0.0,0.0,0.0,0.0
receivablesGrowth,0.09059763989341454,0.011551790527531768,0.11411411411411411,0.05189530685920578,-0.0207688908528502,0.045748613678373386,0.0074487895716946,0.023344449737970462,0.0396235760277365,0.7360275150472915,0.06893382352941177,0.016822429906542057,-0.05309734513274336,-0.057547956630525435,-0.029935275080906147,-0.38781575037147104,0.6630971993410214,0.10464058234758872,0.11122345803842265,0.30303030303030304,0.11117943132208392,2.4235750516249324,0.01525043380029412,0.032929662451249384,0.007119830182786421,0.041400448734557525,0.147071284486629,0.17664434523809525,0.0,0.0,0.0,0.0,0.0,0.0,0.0,0.0,0.0
inventoryGrowth,0.0,0.0,0.0,0.0,0.0,0.0,0.0,0.0,0.0,0.0,0.0,0.0,0.0,0.0,0.0,0.0,0.0,0.0,0.0,0.0,0.0,0.0,0.0,0.0,0.0,0.0,0.0,0.0,0.0,0.0,0.0,0.0,0.0,0.0,0.0,0.0,0.0
assetGrowth,0.13960496695955268,6.089317889317889,0.09159876369766788,0.111145800811739,-0.044736057262153295,0.1051417270929466,0.024307900067521943,0.07630813953488372,-0.017142857142857144,0.007194244604316547,0.08087091757387248,-0.8218836565096953,0.08011070386715535,-0.19642964476768648,-0.03396818023458367,0.07617321752171467,33.63852813852814,1.0352422907488987,-0.05416666666666667,-0.9828067913174297,0.050568555600319136,0.16756073304069677,0.02649266409795767,0.16780856224176205,0.34744250029167495,0.15324444805278772,0.290438945402246,0.028676748582230623,0.142463509085493,0.17240977881257277,0.32684584491813407,0.014733542319749215,0.20525172381222254,0.18125523012552303,0.15444065176788818,0.23721115537848605,0.0
bookValueperShareGrowth,0.21435849714220873,0.10799589893544648,0.2586283760321171,-0.042513252099675554,0.16980764542595295,0.09315478911288472,-0.014597977970062924,0.08483421260341359,0.10144518476123776,0.07608569931267921,-0.00010091667045982506,0.059060462241756366,0.14218016192948824,-0.25663604073938523,-0.11250167299156297,0.11575529311868044,-0.0072912265477907065,0.00015395826990564167,0.11654716233725756,-0.07161926082599201,-0.001916111524252632,0.13354515253183893,-0.022724987001615578,0.18247058671384914,0.5427702832192985,0.1877022011659024,0.3644647490980306,-0.0487092050349238,0.1523770441501568,0.17341902780939944,0.4380013396749834,-0.0253632881372742,0.24446634688579502,0.2797987912512666,0.10117292290822236,0.0,0.0
debtGrowth,-0.002224694104560623,0.08706166868198308,0.00853658536585366,0.011097410604192354,0.004956629491945477,-0.01705237515225335,-0.02261904761904762,-0.06040268456375839,0.0,-0.03351351351351351,0.10250297973778308,0.0,-0.0011904761904761906,-0.023255813953488372,0.023809523809523808,0.061946902654867256,0.0,0.3117744610281924,0.0,-0.009852216748768473,-0.01652687029458977,0.07810429807807819,0.21813072616219883,0.39096369193009783,-0.008647589524631153,0.13601102971711435,0.4394164004667266,0.3226818469323213,0.07551020408163266,0.3789868667917448,0.46629986244841815,0.08832335329341318,73.22222222222223,-0.7692307692307693,-0.5411764705882353,-0.03409090909090909,0.0
rdexpenseGrowth,0.0,0.0,0.0,0.0,0.0,0.0,0.0,0.0,0.0,0.0,0.0,0.0,0.0,0.0,0.0,0.0,0.0,0.0,0.0,0.0,0.0,0.0,0.0,0.0,0.0,0.0,0.0,0.0,0.0,0.0,0.0,0.0,0.0,0.0,0.0,0.0,0.0
sgaexpensesGrowth,0.0,0.0,0.0,0.0,0.0,0.0,0.0,0.0,0.0,0.0,0.0,0.0,-1.0,0.13535911602209943,0.022598870056497175,0.0,-1.0,0.27450980392156865,0.009900990099009901,0.09782608695652174,0.07145560738139743,0.1359992061917047,0.043638547729014356,0.041854276055527585,0.18794538339286018,0.19533444320746815,0.14640828991276858,0.0,0.0,0.0,0.0,0.0,0.0,0.0,0.0,0.0,0.0
