,2021,2020,2019,2018,2017,2016,2015,2014,2013,2012,2011,2010,2009,2008,2007,2006,2005,2004,2003,2002,2001,2000,1999,1998,1997,1996
period,FY,FY,FY,FY,FY,FY,FY,FY,FY,FY,FY,FY,FY,FY,FY,FY,FY,FY,FY,FY,FY,FY,FY,FY,FY,FY
revenuePerShare,148.27765119717841,119.68713644722901,133.51039489686676,91.40722645062603,98.15351760068961,90.68442029504754,85.53362807730679,78.96899272783209,73.88198685720211,65.59021034440481,58.0596220476595,55.506639459173435,48.3474908802975,46.39071975433683,50.997889960523814,42.60760231528688,35.357131545187634,32.247843417017386,27.727334456550246,18.414829413908368,16.370780441217523,14.873062695486318,10.540661351309627,7.369035161139768,5.638486797189888,5.808058779433287
netIncomePerShare,37.54438830025896,17.77855041945889,33.2189846719766,1.6307799982162163,18.21703862265986,9.763406442563525,9.770878446576855,8.061065599685007,7.899673763551294,5.9848044055905465,4.1433060831572615,5.285123867291566,3.4618957538762087,2.149400241711893,5.698635206971974,4.762812079510498,3.6923161997154175,3.1683369590971346,3.5391331395001653,1.8635269961516603,0.347032782731193,1.4568387288255966,0.6830285385379178,1.507690103096121,1.0280102103102866,1.3765259162593142
operatingCashFlowPerShare,16.482402485489263,16.62957799283033,15.784699264339865,15.168160142573113,18.555922563214903,13.194833787854295,12.776428732348618,12.984838458429804,11.23703850613191,8.458017559169047,8.273682012748983,7.293691031478566,6.8103290025974434,4.842821689976416,5.412689915045658,4.4082495824429895,4.089777066429624,3.2103906926812096,3.5851579355726737,4.87099695237682,2.8696773756916514,1.2900552084882912,0.9651013389745787,0.3500185151004069,1.2626318085826176,0.6969471407565442
freeCashFlowPerShare,10.93154443020514,11.189101568052008,9.265100702939739,9.272450410151045,13.80992594118327,7.941233760564774,6.251690652464509,6.825051767044094,6.7400328059628185,4.511615571537666,4.963966767270036,4.856346948313335,4.688494199756122,2.201047824612459,3.0953685673532023,2.431779857936182,3.139421290353716,2.6897047748000302,3.5851579355726737,4.87099695237682,2.8696773756916514,1.2900552084882912,0.9651013389745787,0.3500185151004069,1.2626318085826176,0.6969471407565442
cashPerShare,61.34500926583545,57.82074122214836,52.22411021112285,45.36942702324135,47.0035268458367,44.53109388578384,39.64583731439593,36.77861179856284,31.220260282106526,31.66851338228063,15.071306182531956,29.358176306085564,13.133284971688292,10.991896830812983,19.118655876020636,18.914179645395162,32.6952694443609,18.827499879955017,15.612392380935768,29.434248030443058,27.966913615122106,2.303888891168604,1.6823471068034135,7.235846989488167,0.5419002076225449,0.741087126337792
bookValuePerShare,211.6479961379006,185.29229129345688,173.3191559231317,141.4220039089752,141.18650832483175,114.77335659433082,103.68093622151375,97.42482513467935,90.0009556066131,75.75759527090187,66.61049422746972,64.12008302264013,56.34530814707371,47.028137006634644,52.07093956280537,46.87964801166125,39.60927007677829,37.24139912239242,33.69188750983374,27.84290206546054,25.296289005374383,27.57531311445637,25.962980748123396,31.45744788604829,17.25155312808097,13.143206182835357
tangibleBookValuePerShare,172.5001474096502,-152.65528631610167,128.53756385197377,97.06284124175389,96.27952183850543,70.07517275862855,75.51282806269059,69.9226046471872,64.20452144723238,55.3364284843678,46.76998171574865,-73.24463519485084,-50.674761582623965,-48.04042963148574,-44.358179901390116,-39.68462368092547,-24.10656441929585,-22.474035479704057,-26.826811559810785,-37.72968236538882,15.951721986598724,19.312743701420573,17.943427303671452,21.630291828906575,15.593794761486265,11.422797697204341
shareholdersEquityPerShare,211.6479961379006,185.29229129345688,173.3191559231317,141.4220039089752,141.18650832483175,114.77335659433082,103.68093622151375,97.42482513467935,90.0009556066131,75.75759527090187,66.61049422746972,64.12008302264013,56.34530814707371,47.028137006634644,52.07093956280537,46.87964801166125,39.60927007677829,37.24139912239242,33.69188750983374,27.84290206546054,25.296289005374383,27.57531311445637,25.962980748123396,31.45744788604829,17.25155312808097,13.143206182835357
interestDebtPerShare,49.518704648954504,50.58238217928313,43.79135077267127,41.10125276280179,43.77156314004082,42.640787437798934,35.623560649555046,33.85631325890248,30.43094188285253,26.435846767273947,25.47563506250234,24.91634088495936,17.148740220411497,16.718752981437422,15.412580621838378,14.84362922174452,6.569794326276003,4.143810160789602,4.164375652183301,4.353592116767749,5.549468889134159,1.2287699254247144,1.1401356272704228,1.3286852003963694,1.2858777273054522,1.1306584527146444
marketCap,748363650921.6,544997192053.96844,558515142567,507833773351.32,528932588857.47,406353584001.60004,319853626988.36005,354764451998.97,278592264171,239965924142.56,194744786845.47,200106666665.88,177834254341.91,138895173735.64,214055491481.12,168180223495.68,135253768363.20001,138394370820,137311200467.76,103037305280,112480727880.5,103985813256.16,75681171552,80712873123,62041858495.5,41906764935.28
enterpriseValue,774441650921.6,613902192053.9685,597708142567,574962773351.3201,599936588857.47,421627584001.60004,332412626988.36005,371704451998.97,302630264171,255709924142.56,217829786845.47,220453666665.88,185185254341.91,150238173735.64,203552491481.12,157042223495.68,105044768363.20001,103804370820,110473200467.76,99577305280,118486727880.5,101385813256.16,74311171552,69515873123,63306158495.5,42511364935.28
peRatio,8.334134984371067,12.817130172243562,6.859932723718634,126.29539252706292,11.769750530873832,16.87935465654233,13.281303283991198,17.852478462105978,14.30438817883549,16.187663528235294,18.99207985619953,15.431994036082363,22.077498987201743,27.812409638694433,16.20037020215848,15.268290830293237,15.859963457223266,18.937379696223317,16.84593307174089,24.040435202986465,141.48519230251574,31.245737156298077,48.60704659730251,28.520449866784453,32.62613509439419,16.83949406705778
priceToSalesRatio,2.1102303514634726,1.903880414922197,1.7068333905837914,2.2532135368011645,2.1844352117085366,1.8172912112556125,1.5171810540143535,1.8223608409947452,1.52946617716717,1.4770496921918221,1.3553309033842074,1.469373768519881,1.5808472913151042,1.288619799748019,1.8102709753572666,1.7067376723498309,1.6562429541310018,1.8605895353714608,2.150224721147528,2.432821884636271,2.999246137122364,3.060566672243937,3.149707489262527,5.835227958574321,5.948404457861936,3.9910064412712014
pocfratio,18.98388297916339,13.702692581750647,14.436765388037324,13.57844313773583,11.55480139936801,12.489736714356848,10.15698539228224,11.082925710683224,10.056030326703725,11.454220722795226,9.510880389014945,11.182266927403186,11.222658989139846,12.344043168826875,17.05621446064701,16.496343648423736,14.318628876053356,18.68931408777853,16.629671850279763,9.197295838614655,17.109937310693642,35.28531159014591,34.40053252363637,122.85064402283105,26.563563322272646,33.259337250222224
pfcfRatio,28.62358580690763,20.36535226837444,24.59552327668663,22.212035749959323,15.5257892702087,20.75244287838211,20.757584982046858,21.085554353579194,16.765497031413613,21.473460773383444,15.852241501462759,16.79451671555854,16.301609161418096,27.159791500907318,29.825204330656263,29.904022669928874,18.65311934398014,22.30728091876209,16.629671850279763,9.197295838614657,17.109937310693642,35.28531159014591,34.400532523636365,122.85064402283105,26.56356332227265,33.259337250222224
pbRatio,1.4783981219275424,1.2297866975972067,1.3147998487891692,1.4563504568395453,1.5186295244776569,1.4358733149409366,1.251628358397026,1.4771389099345047,1.2555422243949703,1.2788156706078966,1.181345385777798,1.2719883717430935,1.3564572191264055,1.271153904981742,1.7729658956633232,1.5512061861452329,1.478441786139653,1.6111102540162983,1.7695654475457496,1.6090276758748847,1.9409961670491804,1.6507518812591877,1.2787437745336578,1.3669258916287026,1.9441727797484936,1.7636488142651525
ptbRatio,1.4783981219275424,1.2297866975972067,1.3147998487891692,1.4563504568395453,1.5186295244776569,1.4358733149409366,1.251628358397026,1.4771389099345047,1.2555422243949703,1.2788156706078966,1.181345385777798,1.2719883717430935,1.3564572191264055,1.271153904981742,1.7729658956633232,1.5512061861452329,1.478441786139653,1.6111102540162983,1.7695654475457496,1.6090276758748847,1.9409961670491804,1.6507518812591877,1.2787437745336578,1.3669258916287026,1.9441727797484936,1.7636488142651525
evToSales,2.1837649052030814,2.144591526654353,1.8266079785559084,2.551058972550248,2.4776741632111987,1.8855994704996335,1.5767529182973234,1.9093785578840927,1.6614343352786165,1.5739579112940176,1.515991501346459,1.6187808250973308,1.646193579528593,1.393856101308519,1.7214469236003214,1.593706283762571,1.2863202229063346,1.3955576728240704,1.7299550645603594,2.3511275536561755,3.1593933253473057,2.984042066639981,3.0926906755451973,5.0257282477588205,6.06962209928092,4.0485857485290895
enterpriseValueOverEBITDA,6.167704524557994,8.81536749072327,5.137332977214515,33.17348103804062,15.784897225707631,9.223564578263915,7.240685420905706,9.672246994508717,8.019669921851813,8.62777259405358,9.825873374778745,8.675521099755224,11.080975008491503,12.791670816146446,8.437758724967667,7.732261127310684,7.29883048660367,8.298374835718283,8.532066764578312,12.516001166415284,43.88397328907407,15.629075575174966,22.999434092231507,14.914368831366659,20.1708327212044,10.79873115433739
evToOperatingCashFlow,19.64540856197458,15.43514927347619,15.449844717010881,15.373336185864172,13.105919889406456,12.959200368882742,10.555797751368964,11.61213533267635,10.923702864965348,12.205724302747495,10.63829785336345,12.31928844179268,11.686561551300644,13.352130619946678,16.219322030368126,15.4038473266974,11.120555617531231,14.018145958136394,13.37933879953494,8.888449993751674,18.023536337161545,34.40305845136071,33.77780525090909,105.80802606240488,27.10488032860935,33.73917852006349
evToFreeCashFlow,29.621023175429336,22.94018131063744,26.321478887044215,25.14817711373486,17.609973842241104,21.532484755712172,21.57262813864365,22.09238942044398,18.212087872118914,22.88231983378613,17.73136238058364,18.50219611127822,16.97545644347878,29.37782044107157,28.361779501340393,27.9235817026458,14.486935369355953,16.731845715667312,13.37933879953494,8.888449993751674,18.023536337161545,34.40305845136071,33.77780525090909,105.80802606240488,27.10488032860935,33.73917852006349
earningsYield,0.11998845733543931,0.078020585463474,0.14577402436359752,0.007917945223423074,0.08496356803628496,0.05924397113206022,0.07529381557044659,0.05601463136463767,0.06990861737656012,0.06177543771253661,0.05265352755314858,0.06480043976571317,0.04529498565846145,0.035955172996184226,0.061726984477599375,0.06549521561483083,0.06305184767273596,0.052805615984952245,0.05936150854579278,0.04159658473552814,0.007067877448700468,0.03200436574748674,0.0205731487511421,0.03506256053711909,0.03065027460674677,0.05938420691368914
freeCashFlowYield,0.03493622381017942,0.04910300528181435,0.0406578054368077,0.04502063706618297,0.06440896385981656,0.04818709806167945,0.04817516107316412,0.04742583397292818,0.05964630801737008,0.046569112010091514,0.06308256153602791,0.05954324360364559,0.0613436373119995,0.036819133901178636,0.03352868898779465,0.03344031707833033,0.05361033624237903,0.04482841291333384,0.06013347761779057,0.10872761054412544,0.058445567733027524,0.02834040440440007,0.029069317438993336,0.008139965467451323,0.03764555183609474,0.03006674464005799
debtToEquity,0.22108103729956005,0.25621891669900987,0.23230718164932873,0.2670381384731419,0.2763942164136252,0.3517655414645178,0.32205047935824693,0.33047424740808595,0.32121772049213576,0.32678380149962427,0.3662966333030027,0.3616369391932265,0.28915653460664215,0.3375401539348568,0.2801719496740742,0.30073142161429267,0.1428665121769927,0.10287543655413271,0.09555904943553792,0.10742227149928947,0.18510785159620363,0.042274538440779136,0.04164977020816437,0.0353616610496723,0.0,0.0
debtToAssets,0.4629343001134771,2.6121208373272315,0.4759107234792945,0.5019737381215439,0.4987088641850462,0.5387659578580472,0.5316908613200014,0.5381348040426769,0.5370784709577239,0.5517906104077183,0.5696872763576444,2.4478947368421053,2.084472466988811,2.0244268379353003,1.8773614471424453,1.7612478424854567,1.4282219578381703,1.392778307671345,1.6056357795589933,2.5715225815886322,0.6439367872591427,0.5361066925886651,0.5496438789797286,0.5169465873671638,0.4312744939040365,0.45262212188576234
netDebtToEBITDA,0.20768691663215572,0.9894457208500862,0.3368658999879669,3.8731248557581353,1.8681821769674007,0.3341354567728386,0.27356291794637216,0.4408014571948998,0.637004451982192,0.5312099331938728,1.0413189589065812,0.8007162252567785,0.4398635710866443,0.9657726692209451,-0.43537555960868846,-0.5483998030526834,-2.0990133407448583,-2.7652090494843713,-2.072752548656163,-0.4348919054801408,2.2244444444444444,-0.40080160320641284,-0.42401733209532655,-2.402274190087964,0.4028357495618926,0.15358040998806108
currentRatio,94.46108039132284,0.8338703575668236,2.663466321759029,2.163469387755102,1.7660900891693707,4.285805341321946,8.1711369393533,8.397625373630023,5.431915474997723,8.46090926383869,8.680384998340525,0.6476202261442559,0.8888656942306187,1.2058544723770523,1.3517730055629797,1.333847530311912,1.7204889900119549,1.890847954476872,1.5837982491949019,1.35131845841785,14.614125200642055,,,344.44444444444446,22.935500948515465,20.193890146060482
interestCoverage,0.0,0.0,0.0,0.0,0.0,0.0,0.0,0.0,0.0,0.0,0.0,0.0,0.0,0.0,0.0,0.0,0.0,0.0,0.0,0.0,0.0,0.0,0.0,0.0,0.0,0.0
incomeQuality,0.4390110807951445,0.9353731097575315,0.47517103307663017,9.301168863466799,1.0186025812194037,1.3514580044861677,1.3076028733961715,1.6108091787439613,1.4224686794002874,1.4132487857528333,1.9968792666276576,1.3800416441736716,1.9672253258845438,2.253103724469363,0.9498221448573375,0.9255560599182933,1.1076454033771106,1.0132731253420908,1.0130045393203289,2.613859076061596,8.269182389937107,0.8855168269230769,1.4129736673089275,0.23215547703180212,1.2282288599074465,0.5063087679819979
dividendYield,,,,,,,,,,,,,,,,,,,,,,,,,,
payoutRatio,0.0,0.0,0.0,0.0,0.0,0.0,0.0,0.0,0.0,0.0,0.0,0.0,0.0,0.0,0.0,0.0,0.0,0.0,0.0,0.0,0.0,0.0,0.0,0.0,0.0,0.0
salesGeneralAndAdministrativeToRevenue,0.011845949085823211,0.012296685484321727,0.01223324766290878,0.018018297823251192,0.0,0.0,0.0,0.0,0.0,0.0,0.0,0.0,0.0,0.07470357931456775,0.0600279081567931,0.06019951491287714,0.0,0.06707267887392111,0.0,0.0,0.0,0.050123616670591,0.0484434826036291,0.07634470792365529,0.0,0.0
researchAndDdevelopementToRevenue,0.0,0.0,0.0,0.0,0.0,0.0,0.0,0.0,0.0,0.0,0.0,0.0,0.0,0.0,0.0,0.0,0.0,0.0,0.0,0.0,0.0,0.0,0.0,0.0,0.0,0.0
intangiblesToTotalAssets,0.10676127261197517,0.645731424507591,0.1388332809524916,0.15989539329239863,0.16299788490161587,0.18292867566287727,0.13128851241360454,0.13427761285933112,0.1365018940839006,0.12755350308338714,0.13552376562153792,0.6539181286549708,0.43892607044109666,0.44459214024374194,0.4119542189517494,0.4121715783417503,0.3160666782520352,0.3135577054094563,0.3578579671272183,0.5434692534548734,0.1315314097522611,0.13899935195004123,0.1391078711876788,0.15090357256804404,0.05465070066600251,0.0716502148147295
capexToOperatingCashFlow,-0.3367748154536922,-0.32715661378321975,-0.4130328017163388,-0.3886898395721925,-0.255767214260748,-0.3981558321807284,-0.510685592709028,-0.4743830053108404,-0.40019491770141497,-0.4665871121718377,-0.4000293025981637,-0.33417155630064266,-0.31156127729395433,-0.5455030216850337,-0.42812749003984063,-0.44835703776360963,-0.23237349142494176,-0.16218771100607698,,,,,,,,
capexToRevenue,-0.03743556773705997,-0.045455815773293835,-0.04883214199490867,-0.06449938326929391,-0.04835279201443811,-0.05793277401119837,-0.07628272325811945,-0.07800259923050448,-0.060867416964040626,-0.06016754584120692,-0.05700545626635488,-0.043910856555420937,-0.04388717520201257,-0.05694617111684263,-0.04543955346949131,-0.04638772465724231,-0.026878757821779755,-0.016146379500416766,,,,,,,,
capexToDepreciation,-1.2386639298376563,-1.228010570026425,-1.5877384737678855,-1.4865528172614786,-1.2742707879843274,-1.4553420963936636,-2.0673608432960533,-2.0603799185888736,-1.7035955746773201,-1.8995336183443452,-1.7490924620969464,-1.397522785697593,-1.5788295490885833,-2.184341637010676,-2.232239302035729,-2.2124878993223622,-2.235234215885947,-1.3183315038419319,,,,,,,,
stockBasedCompensationToRevenue,0.0,0.0,0.0,0.0,0.0,0.0,0.0,0.0,0.0,0.0,0.0,0.0,0.0,0.0,0.0,0.0,0.0,0.0,0.0,0.0,0.0,0.0,0.0,0.0,0.0,0.0
grahamNumber,422.8349292269899,272.2501381445016,359.92144092750954,72.03564356521206,240.56184587527346,158.78610111459355,150.97586251971939,132.929785582807,126.47928377110772,101.00185034701285,78.80179238781758,87.32043332463842,66.2486650285651,47.6901614969976,81.70984648551259,70.87860369142201,57.36395963648527,51.52522952961179,51.796734466693906,34.16774783519295,14.054160780420863,30.064724218828776,19.97505389030962,32.6669843120739,19.97579503013575,20.175955702315115
roic,0.0,0.0,0.0,0.0,0.0,0.0,0.0,0.0,0.0,0.0,0.0,0.0,0.0,0.0,0.0,0.0,0.0,0.0,0.0,0.0,0.0,,,0.0,0.0,0.0
returnOnTangibleAssets,0.1048488889252157,0.7422451865170109,0.11561613800605225,0.006762290601912815,0.07647344104959543,0.04745683860259185,0.05019885274058263,0.04362381484465382,0.04651129467899899,0.03975019373660938,0.030209112817219254,0.4382223724231159,0.18548795652374153,0.11833842799933651,0.2816730264981134,0.23957630989407747,0.1666829544788226,0.14506332129103974,0.19794550488124726,0.22881853611659816,0.0056245357104955955,0.028464637306807393,0.013762319352985372,0.027266333304429093,0.03584921311203445,0.061753086909913844
grahamNetNet,-111.82882148530138,-107.54432086711742,-95.5938842134351,-88.00959913526756,-86.24251728095382,-82.88401659542735,-72.3939813517971,-71.4364883437464,-68.18406931191932,-56.96878550088858,-69.55129602903189,-49.552774403846186,-51.437195234688076,-50.39394542478591,-41.21504596287426,-36.47334682105215,-9.537437186489347,-21.81624138402944,-25.083730957611863,-12.143252355056156,-13.876727857400327,-25.701734460798452,-27.188878789834515,-23.542341221136954,-11.8463229071919,-9.495019780565684
workingCapital,219727000000,-12735000000,33439000000,22804000000,29984000000,51551000000,96251000000,89097000000,48658000000,78444000000,69423000000,-22781000000,-4259000000,5429000000,11319000000,10821000000,18683000000,20665000000,12871000000,3464000000,127224000000,,,102003000000,49721200000,37320600000
tangibleAssetValue,412569000000,-365106000000,315035000000,239327000000,237514000000,172787000000,186122000000,172372000000,158291000000,137065000000,115748000000,-179705000000,-117908000000,-111619000000,-102850000000,-91779000000,-55678000000,-51838000000,-61785000000,-86776000000,36543000000,44118000000,40903000000,40601000000,28845200000,20651100000
netCurrentAssetValue,-221776000000,-358471000000,-335625000000,-312890000000,-281018000000,-267255000000,-183957000000,-182018000000,-200809000000,-146906000000,-145224000000,-167427000000,-127270000000,-122018000000,-106263000000,-94522000000,-62227000000,-58354000000,-68045000000,-92183000000,31767000000,41419000000,39000000000,39110000000,27788700000,19616900000
investedCapital,0.22572545579900394,0.26377368197777795,0.24333848880979117,0.27957889665417274,0.2945397018627834,0.35916480860491656,0.3298336920367834,0.3339676062788858,0.32549461444860067,0.33432988536987,0.3662966333030027,0.3723286591489849,0.28915653460664215,0.3375401539348568,0.2801719496740742,0.30073142161429267,0.15796204800839492,0.10287543655413271,0.11751894427547811,0.14504114808626262,0.21577221742881794,0.042274538440779136,0.04164977020816437,0.04039155249208258,0.07103037443946891,0.08183019519051908
averageReceivables,37708500000,35852000000,35843500000,35541000000,32215000000,31474500000,29577500000,28852000000,28174500000,28802500000,27432000000,28384500000,25322000000,25388500000,24504500000,24366500000,24124500000,23571500000,24083000000,24513500000,23889000000,23808000000,22205000000,21538000000,18781750000,18687600000
averagePayables,,,,,,,,,,,,,,,,,,,,,,,,,,
averageInventory,,,,,,,,,,,,,,,,,,,,,,,,,,
daysSalesOutstanding,40.72126067291533,45.71425577105808,39.97205269800717,57.05402383508888,43.07879423632076,44.23178923453963,40.34510319180727,40.971167033949236,41.072769695306064,48.87171232834553,48.29477757363176,56.06127693945735,47.99480856586632,50.541118512608314,40.61317603281323,47.712733029561896,55.409487772920414,55.40607942781856,70.38334455597489,113.54272424621632,116.07044769751752,126.37920885330821,130.00124854336607,190.6275303643725,59.894295302013425,52.94782053846081
daysPayablesOutstanding,,,,,,,,,,,,,,,,,,,,,,,,,,
daysOfInventoryOnHand,,,,,,,,,,,,,,,,,,,,,,,,,,
receivablesTurnover,8.96337672185012,7.984380229833761,9.13137993581694,6.397445359068976,8.472846245363566,8.251983614422262,9.046946745054285,8.908704008786382,8.886666341415816,7.468533075897577,7.5577529981064595,6.510732896686905,7.604989183342347,7.221842546063652,8.987231131716957,7.649949538079341,6.587319512785351,6.587724736515809,5.18588598343349,3.2146489563567364,3.144641958745598,2.8881332879972796,2.8076653423697127,1.9147286821705427,6.0940695296523515,6.893579306722689
payablesTurnover,,,,,,,,,,,,,,,,,,,,0.0,0.0,,,,,
inventoryTurnover,,,,,,,,,,,,,,,,,,,,,,,,,,
roe,0.17739070997769651,0.0959486781417263,0.1916636651906467,0.01153130314336269,0.1290281829248685,0.08506683721965647,0.09423987477988652,0.08274139151434401,0.0877732209653432,0.07899939780545386,0.06220200181983621,0.0824254058658259,0.061440710286647035,0.04570455855839366,0.10943983832092302,0.10159658362464144,0.09321848629268506,0.0850756693830035,0.10504407443682665,0.06693005606133953,0.01371872303710095,0.052831266966170846,0.026307785888077858,0.047927921824986876,0.05958942958225353,0.10473288610940433
capexPerShare,-5.550858055284125,-5.440476424778324,-6.519598561400127,-5.895709732422068,-4.745996622031635,-5.25360002728952,-6.524738079884109,-6.15978669138571,-4.49700570016909,-3.946401987631381,-3.309715245478947,-2.437344083165232,-2.121834802841321,-2.6417738653639566,-2.317321347692456,-1.9764697245068077,-0.9503557760759078,-0.5206859178811793,0.0,0.0,0.0,0.0,0.0,0.0,0.0,0.0
