,2021,2020,2019,2018,2017,2016,2015,2014,2013
reportedCurrency,USD,USD,USD,USD,USD,USD,USD,USD,USD
cik,0001370637,0001370637,0001370637,0001370637,0001370637,0001370637,0001370637,0001370637,0001370637
fillingDate,2022-02-25,2021-02-26,2020-02-27,2019-02-28,2018-03-01,2017-02-28,2016-03-01,2014-12-31,2013-12-31
acceptedDate,2022-02-24 18:57:10,2021-02-25 18:16:46,2020-02-26 21:47:38,2019-02-28 10:33:48,2018-02-28 17:34:39,2017-02-28 16:42:03,2016-03-01 12:29:05,2014-12-31,2013-12-31
calendarYear,2021,2020,2019,2018,2017,2016,2015,2014,2013
period,FY,FY,FY,FY,FY,FY,FY,FY,FY
cashAndCashEquivalents,780196000,1244099000,443293000,366985000,315442000,181592000,271244000,69659000,36795000
shortTermInvestments,204416000,425119000,373959000,257302000,25108000,100494000,21620000,19184000,18075000
cashAndShortTermInvestments,984612000,1669218000,817252000,624287000,340550000,282086000,292864000,88843000,54870000
netReceivables,247472000,169411000,65172000,33316000,78335000,56243000,39537000,25977000,16392000
inventory,0.0,0.0,0.0,0.0,0.0,0.0,0.0,0.0,0.0
otherCurrentAssets,109417000,56152000,38614000,22686000,20379000,32703000,26653000,15173000,5523000.0
totalCurrentAssets,1341501000,1894781000,921038000,680289000,439264000,371032000,359054000,129993000,76785000
propertyPlantEquipmentNet,275062000,112495000,144864000,120179000,117617000,126407000,105021000,75538000,23107000
goodwill,1371064000,140810000,138731000,37482000,38541000,35657000,27752000,30831000,5346000.0
intangibleAssets,607170000,187449000,199236000,34589000,4100000.0,7507000.0,2871000.0,5410000.0,493000.0
goodwillAndIntangibleAssets,1978234000,328259000,337967000,72071000,42641000,43164000,30623000,36241000,5839000.0
longTermInvestments,85034000,39094000,89343000,0.0,0.0,0.0,0.0,0.0,0.0
taxAssets,95863000,115000.0,14257000,23464000,0.0,34264000,51396000,0.0,0.0
otherNonCurrentAssets,56115000,29745000,34883000,5848000.0,6061000.0,6326000.0,6967000.0,7363000.0,428000.0
totalNonCurrentAssets,2490308000,509708000,621314000,221562000,166319000,210161000,194007000,119142000,29374000
otherAssets,0.0,0.0,0.0,0.0,0.0,0.0,0.0,0.0,0.0
totalAssets,3831809000,2404489000,1542352000,901851000,605583000,581193000,553061000,249135000,106159000
accountPayables,363806000,261126000,101870000,65434000,58280000,40795000,33644000,18804000,10636000
shortTermDebt,2418000.0,8537000.0,8275000.0,3884000.0,5798000.0,6829000.0,5610000.0,1755000.0,780000.0
taxPayables,146048000,109662000,39250000,12232000,0.0,0.0,0.0,0.0,0.0
deferredRevenue,12339000,11264000,7617000.0,7478000.0,6262000.0,5648000.0,4712000.0,3452000.0,2760000.0
otherCurrentLiabilities,237025000,173737000,70766000,35266000,32137000,30736000,36156000,17442000,5043000.0
totalCurrentLiabilities,615588000,454664000,188528000,112062000,102477000,84008000,80122000,41453000,19219000
longTermDebt,2385701000,1107278000,785126000,276486000,0.0,0.0,0.0,0.0,0.0
deferredRevenueNonCurrent,0.0,0.0,0.0,0.0,0.0,0.0,0.0,0.0,0.0
deferredTaxLiabilitiesNonCurrent,79484000,58481000,64497000,30455000,23786000,65068000,61420000,3081000.0,1259000.0
otherNonCurrentLiabilities,122417000,41642000,97567000,81950000,82426000,87360000,81021000,55381000,81678000
totalNonCurrentLiabilities,2587602000,1207401000,947190000,388891000,106212000,152428000,142441000,58462000,82937000
otherLiabilities,0.0,0.0,0.0,0.0,0.0,0.0,0.0,0.0,0.0
capitalLeaseObligations,112701000,53516000,61886000,65970000,69962000,69485000,64985000,55223000,818000.0
totalLiabilities,3203190000,1662065000,1135718000,500953000,208689000,236436000,222563000,99915000,102156000
preferredStock,0.0,0.0,0.0,0.0,0.0,0.0,0.0,0.0,0.0
commonStock,127000.0,126000.0,119000.0,120000.0,122000.0,116000.0,113000.0,97000.0,33000.0
retainedEarnings,71744000,-146819000,-227414000,-153442000,-96290000,-116341000,-86440000,-32377000,-17134000
accumulatedOtherComprehensiveIncomeLoss,-75014000,5951000.0,-8699000.0,-7813000.0,-6379000.0,18472000,10805000,-3934000.0,160000.0
othertotalStockholdersEquity,631762000,883166000,642628000,562033000,499441000,442510000,406020000,185434000,20944000
totalStockholdersEquity,628619000,742424000,406634000,400898000,396894000,344757000,330498000,149220000,4003000.0
totalLiabilitiesAndStockholdersEquity,3831809000,2404489000,1542352000,901851000,605583000,581193000,553061000,249135000,106159000
minorityInterest,0,0,0,0,0,0,0,0,0
totalEquity,628619000,742424000,406634000,400898000,396894000,344757000,330498000,149220000,4003000
totalLiabilitiesAndTotalEquity,3831809000,2404489000,1542352000,901851000,605583000,581193000,553061000,249135000,106159000
totalInvestments,289450000,464213000,463302000,0.0,0.0,0.0,0.0,0.0,0.0
totalDebt,2388119000,1115815000,793401000,280370000,69962000,69485000,64985000,55223000,818000.0
netDebt,1607923000,-128284000,350108000,-86615000,-245480000,-112107000,-206259000,-14436000,-35977000
link,https://www.sec.gov/Archives/edgar/data/1370637/000137063722000024/0001370637-22-000024-index.htm,https://www.sec.gov/Archives/edgar/data/1370637/000137063721000012/0001370637-21-000012-index.htm,https://www.sec.gov/Archives/edgar/data/1370637/000137063720000046/0001370637-20-000046-index.htm,https://www.sec.gov/Archives/edgar/data/1370637/000137063719000028/0001370637-19-000028-index.htm,https://www.sec.gov/Archives/edgar/data/1370637/000137063718000020/0001370637-18-000020-index.htm,https://www.sec.gov/Archives/edgar/data/1370637/000137063717000018/0001370637-17-000018-index.htm,https://www.sec.gov/Archives/edgar/data/1370637/000137063716000032/0001370637-16-000032-index.htm,,
finalLink,https://www.sec.gov/Archives/edgar/data/1370637/000137063722000024/etsy-20211231.htm,https://www.sec.gov/Archives/edgar/data/1370637/000137063721000012/etsy-20201231.htm,https://www.sec.gov/Archives/edgar/data/1370637/000137063720000046/etsy1231201910k.htm,https://www.sec.gov/Archives/edgar/data/1370637/000137063719000028/etsy1231201810k.htm,https://www.sec.gov/Archives/edgar/data/1370637/000137063718000020/etsy1231201710k.htm,https://www.sec.gov/Archives/edgar/data/1370637/000137063717000018/etsy1231201610k.htm,https://www.sec.gov/Archives/edgar/data/1370637/000137063716000032/etsy1231201510k.htm,,
