,2021,2020,2019,2018,2017,2016,2015,2014,2013
period,FY,FY,FY,FY,FY,FY,FY,FY,FY
revenueGrowth,0.3497219847881202,1.1085890522606274,0.3556211518106057,0.3682016902710825,0.20896135815018893,0.3344363233503596,0.39832098613944406,0.5644526563324855,0.6758531942843355
grossProfitGrowth,0.32812162933823996,1.3036377554842211,0.3255071670569659,0.42269806542748367,0.201151304218276,0.36890437344210286,0.44738352547598353,0.5788874072731509,0.5414995310223712
ebitgrowth,0.09840121318179566,3.776974121517333,0.18686652582034072,5.286650975117687,-0.3232064629914092,10.329617834394904,0.6986082226843705,-9.527967257844475,1.540959409594096
operatingIncomeGrowth,0.09840121318179566,3.776974121517333,0.18686652582034072,5.286650975117687,-0.3232064629914092,10.329617834394904,0.6986082226843705,-9.527967257844475,1.540959409594096
netIncomeGrowth,0.41306414389857005,2.6420005422654183,0.2374856434940832,-0.052677261613691934,3.7356944583793186,0.44692303423783364,-2.5467427671718164,-18.149497487437184,0.6662473794549266
epsgrowth,0.3472222222222222,2.6,0.25000000000000006,-0.07246376811594193,3.6538461538461537,0.559322033898305,-2.6874999999999996,-17.832391713747647,0.6662345315262227
epsdilutedGrowth,0.26394052044609667,2.539473684210526,0.24590163934426235,-0.10294117647058831,3.6153846153846154,0.559322033898305,-2.6874999999999996,-17.832391713747647,0.6662345315262227
weightedAverageSharesGrowth,0.04926439396406091,0.013256480277381784,-0.00400202833091278,0.013560037154789812,0.04381674031142151,0.24626737051639758,-0.027457362516591883,0.0,0.0
weightedAverageSharesDilutedGrowth,0.07527590596759619,0.0850661214617653,-0.01073859471060993,0.03939808358011361,0.07665309196754308,0.24626737051639758,-0.027457362516591883,0.0,0.0
dividendsperShareGrowth,0.0,0.0,0.0,0.0,0.0,0.0,0.0,0.0,0.0
operatingCashFlowGrowth,-0.04036344034075846,2.2812487918035957,0.04019102676888275,1.9505339661821417,0.44186145982591585,0.6007326007326007,1.416728716803177,-0.2693144722524483,0.70817843866171
freeCashFlowGrowth,-0.07092013604266088,2.537376304177057,0.3275870516185477,1.6329610791685094,55.75681130171544,-1.1183142311365808,2.346384338793448,5.722641509433962,0.8756452369779446
tenYRevenueGrowthPerShare,12.719804179655675,9.665679436296537,4.1252607964564625,2.7656164856440015,1.7895583028725996,1.408503493501574,1.2493687133677316,0.5644526563324856,0.0
fiveYRevenueGrowthPerShare,4.696402025852701,3.7416323401813445,2.2760728013793052,2.7656164856440015,1.7895583028725996,1.408503493501574,1.2493687133677316,0.5644526563324856,0.0
threeYRevenueGrowthPerShare,2.6434417131858536,2.8234294745922157,1.1279856185739479,0.6740770258185725,0.7830889874367335,1.408503493501574,1.2493687133677316,0.5644526563324856,0.0
tenYOperatingCFGrowthPerShare,28.007079700075884,30.716273828682525,8.794051602377882,8.377946241943643,2.22148860184762,1.3321545273406314,0.8157236812047935,-0.26931447225244837,0.0
fiveYOperatingCFGrowthPerShare,11.43788923933476,16.46756632465008,12.403921701541734,8.377946241943643,2.22148860184762,1.3321545273406314,0.8157236812047935,-0.26931447225244837,0.0
threeYOperatingCFGrowthPerShare,2.0931164406060803,8.845223047038656,3.199572321455942,4.164853187199201,3.408857818463087,1.3321545273406314,0.8157236812047935,-0.26931447225244837,0.0
tenYNetIncomeGrowthPerShare,-457.5873326632518,-340.03686040522905,-95.32488871756486,-76.9179699049625,-82.22619386151763,29.992225993929697,68.83584995747954,18.149497487437188,0.0
fiveYNetIncomeGrowthPerShare,-15.73231812237951,-5.854768154345597,-5.925710911184256,-76.9179699049625,-82.22619386151763,29.992225993929697,68.83584995747954,18.149497487437188,0.0
threeYNetIncomeGrowthPerShare,5.0142194691827005,3.173984330513532,-4.043501577977646,-2.0870916578116563,-5.241688008513287,29.992225993929697,68.83584995747954,18.149497487437188,0.0
tenYShareholdersEquityGrowthPerShare,114.64996944261057,142.31609203524064,78.53641889942455,77.10065715986359,77.36909125378658,70.0571243515076,83.89353050894769,36.27704221833625,0.0
fiveYShareholdersEquityGrowthPerShare,0.6275633231442027,0.6881862631468163,1.1336569149872435,77.10065715986359,77.36909125378658,70.0571243515076,83.89353050894769,36.27704221833625,0.0
threeYShareholdersEquityGrowthPerShare,0.4807810029803921,0.8287323451427159,0.11933067409217578,-0.08001638415035803,1.102341993626241,70.0571243515076,83.89353050894769,36.27704221833625,0.0
tenYDividendperShareGrowthPerShare,0.0,0.0,0.0,0.0,0.0,0.0,0.0,0.0,0.0
fiveYDividendperShareGrowthPerShare,0.0,0.0,0.0,0.0,0.0,0.0,0.0,0.0,0.0
threeYDividendperShareGrowthPerShare,0.0,0.0,0.0,0.0,0.0,0.0,0.0,0.0,0.0
receivablesGrowth,0.460778816015489,1.5994445467378628,0.9561772121503181,-0.5746984106721134,0.39279554789040416,0.4225409110453499,0.5220002309735535,0.5847364568081991,0.0
inventoryGrowth,0.0,0.0,0.0,0.0,0.0,0.0,0.0,0.0,0.0
assetGrowth,0.5936063754086627,0.558975512723425,0.7102071184707895,0.48922773591728963,0.041965405639778866,0.050865998506493856,1.2199249402934151,1.3468099737186672,0.0
bookValueperShareGrowth,-0.19304268069092406,0.8018926929117443,0.018383478344134754,-0.0034252546460416494,0.10290265710877998,-0.1629854015316499,0.0,0.0,0.0
debtGrowth,1.1402463670052831,0.4063695407492554,1.8298355744195172,3.007461193219176,0.006864790962078146,0.06924674924982688,0.1767741701827137,66.50977995110024,0.0
rdexpenseGrowth,0.5078576188360728,0.47754311688737916,0.25325710290080106,0.3033263643186448,0.35461031534230164,0.2901812901110226,0.16542010154501283,0.32982430666473067,0.47686699190478743
sgaexpensesGrowth,0.8106899093152178,0.28811894265854343,0.46150597830676976,-0.09403624598299193,0.06156880946855419,0.2500906598587157,0.32779275808936825,0.6688094625867832,0.4200556848783605
