,2022,2021,2020,2019,2018,2017,2016,2015,2014,2013,2012,2011,2010,2009,2008,2007,2006,2005,2004,2003,2002,2000,1999,1998,1997,1996,1995
reportedCurrency,USD,USD,USD,USD,USD,USD,USD,USD,USD,USD,USD,USD,USD,USD,USD,USD,USD,USD,USD,USD,USD,USD,USD,USD,USD,USD,USD
cik,0000354950,0000354950,0000354950,0000354950,0000354950,0000354950,0000354950,0000354950,0000354950,0000354950,0000354950,0000354950,0000354950,0000354950,0000354950,0000354950,0000354950,0000354950,0000354950,0000354950,0000354950,0000354950,0000354950,0000354950,0000354950,0000354950,0000354950
fillingDate,2022-03-23,2021-03-24,2020-03-25,2019-03-28,2018-03-22,2017-03-23,2016-03-24,2015-03-26,2014-03-27,2013-03-28,2012-03-22,2011-03-24,2010-03-25,2009-04-02,2008-04-03,2007-03-29,2006-03-29,2005-04-11,2004-04-12,2003-02-02,2002-04-19,2000-04-21,1999-01-31,1998-04-23,1997-04-22,1996-04-08,1995-01-29
acceptedDate,2022-03-23 16:25:53,2021-03-24 16:46:14,2020-03-25 16:41:53,2019-03-28 16:42:29,2018-03-22 16:56:00,2017-03-23 16:29:46,2016-03-24 16:05:36,2015-03-26 16:03:43,2014-03-27 16:14:17,2013-03-28 16:22:36,2012-03-22 16:14:41,2011-03-24 16:21:02,2010-03-25 16:38:52,2009-04-02 16:12:35,2008-04-03 16:36:42,2007-03-29 17:08:40,2006-03-29 17:08:36,2005-04-11 15:11:28,2004-04-12 16:22:26,2003-02-02,2002-04-19 00:00:00,2000-04-21 00:00:00,1999-01-31,1998-04-23 00:00:00,1997-04-22 00:00:00,1996-04-08 00:00:00,1995-01-29
calendarYear,2022,2021,2020,2019,2018,2017,2016,2015,2014,2013,2012,2011,2010,2009,2008,2007,2006,2005,2004,2003,2002,2000,1999,1998,1997,1996,1995
period,FY,FY,FY,FY,FY,FY,FY,FY,FY,FY,FY,FY,FY,FY,FY,FY,FY,FY,FY,FY,FY,FY,FY,FY,FY,FY,FY
cashAndCashEquivalents,2343000000,7895000000,2133000000,1778000000,3595000000,2538000000,2216000000,1723000000,1929000000,2494000000,1987000000,545000000,1421000000,519000000,445000000,600000000,793000000,506000000,2826000000,2188000000,2477000000,168000000,62000000,172000000,146000000,53000000,1000000.0
shortTermInvestments,0.0,0.0,0.0,0.0,0.0,0.0,0.0,0.0,0.0,0.0,0.0,0.0,6000000.0,6000000.0,12000000,14000000,14000000,1659000000,26000000,65000000,69000000,2000000.0,0.0,2000000.0,412000000,55000000,57000000
cashAndShortTermInvestments,2343000000,7895000000,2133000000,1778000000,3595000000,2538000000,2216000000,1723000000,1929000000,2494000000,1987000000,545000000,1427000000,525000000,457000000,614000000,807000000,2165000000,2852000000,2253000000,2546000000,170000000,62000000,174000000,558000000,108000000,58000000
netReceivables,3426000000,2992000000,2106000000,1936000000,1952000000,2029000000,1890000000,1484000000,1398000000,1395000000,1245000000,1085000000,964000000,972000000,1259000000,3223000000,2396000000,1499000000,1097000000,1072000000,920000000,587000000,469000000,556000000,388000000,325000000,272000000
inventory,22068000000,16627000000,14531000000,13925000000,12748000000,12549000000,11809000000,11079000000,11057000000,10710000000,10325000000,10625000000,10188000000,10673000000,11731000000,12822000000,11401000000,10076000000,9076000000,8338000000,6725000000,5489000000,4293000000,3602000000,2708000000,2180000000,1749000000
otherCurrentAssets,1218000000,963000000,1040000000,890000000,638000000,608000000,1078000000,1016000000,895000000,773000000,963000000,1224000000,1321000000,1192000000,1227000000,1341000000,742000000,450000000,303000000,254000000,170000000,144000000,109000000,128000000,55000000,59000000,54000000
totalCurrentAssets,29055000000,28477000000,19810000000,18529000000,18933000000,17724000000,16993000000,15302000000,15279000000,15372000000,14520000000,13479000000,13900000000,13362000000,14674000000,18000000000,15346000000,14190000000,13328000000,11917000000,10361000000,6390000000,4933000000,4460000000,3709000000,2672000000,2133000000
propertyPlantEquipmentNet,31167000000,30667000000,22770000000,22375000000,22075000000,40426000000,39266000000,38513000000,39064000000,38491000000,24448000000,25060000000,25550000000,26234000000,27476000000,26605000000,24901000000,22726000000,20063000000,17168000000,15375000000,10227000000,8160000000,6509000000,5437000000,4461000000,3397000000
goodwill,7449000000,7126000000,2254000000,2252000000,2275000000,2093000000,2102000000,1353000000,1289000000,1170000000,1120000000,1187000000,1171000000,1134000000,1109000000,6314000000,3286000000,1394000000,833000000,575000000,419000000,311000000,0.0,140000000,87000000,87000000,89000000
intangibleAssets,3503000000,0.0,0.0,0.0,0.0,0.0,0.0,0.0,0.0,0.0,0.0,0.0,0.0,0.0,100000000,778000000,0.0,0.0,0.0,0.0,0.0,0.0,268000000,0.0,0.0,0.0,0.0
goodwillAndIntangibleAssets,10952000000,7126000000,2254000000,2252000000,2275000000,2093000000,2102000000,1353000000,1289000000,1170000000,1120000000,1187000000,1171000000,1134000000,1209000000,7092000000,3286000000,1394000000,833000000,575000000,419000000,311000000,268000000,140000000,87000000,87000000,89000000
longTermInvestments,0.0,0.0,0.0,0.0,0.0,0.0,0.0,0.0,0.0,0.0,0.0,0.0,0.0,0.0,0.0,0.0,0.0,0.0,0.0,0.0,0.0,15000000,0.0,15000000,8000000.0,25000000,98000000
taxAssets,344000000,0.0,706000000,491000000,440000000,296000000,0.0,642000000,514000000,319000000,340000000,272000000,0.0,369000000,688000000,1416000000,1023000000,1309000000,967000000,362000000,189000000,87000000,0.0,78000000,66000000,37000000,19000000
otherNonCurrentAssets,358000000,4311000000,5696000000,356000000,806000000,-17573000000,-15812000000,-15864000000,-15628000000,-14268000000,90000000,127000000,256000000,65000000,277000000,-850000000,-74000000,-712000000,-754000000,-11000000,50000000,51000000,104000000,27000000,35000000,72000000,42000000
totalNonCurrentAssets,42821000000,42104000000,31426000000,25474000000,25596000000,25242000000,25556000000,24644000000,25239000000,25712000000,25998000000,26646000000,26977000000,27802000000,29650000000,34263000000,29136000000,24717000000,21109000000,18094000000,16033000000,10691000000,8532000000,6769000000,5633000000,4682000000,3645000000
otherAssets,0.0,0.0,0.0,0.0,0.0,0.0,0.0,0.0,0.0,0.0,0.0,0.0,0.0,0.0,0.0,0.0,0.0,0.0,0.0,0.0,0.0,0.0,0.0,0.0,0.0,0.0,0.0
totalAssets,71876000000,70581000000,51236000000,44003000000,44529000000,42966000000,42549000000,39946000000,40518000000,41084000000,40518000000,40125000000,40877000000,41164000000,44324000000,52263000000,44482000000,38907000000,34437000000,30011000000,26394000000,17081000000,13465000000,11229000000,9342000000,7354000000,5778000000
accountPayables,13462000000,11606000000,7787000000,7755000000,7244000000,7000000000,6565000000,5807000000,5797000000,5376000000,4856000000,4717000000,4863000000,4822000000,5732000000,7356000000,6032000000,5766000000,5159000000,4560000000,3436000000,1993000000,1586000000,1358000000,1090000000,825000000,681000000
shortTermDebt,4312000000,2244000000,3641000000,2395000000,2761000000,1252000000,427000000,328000000,33000000,1321000000,30000000,1042000000,1020000000,1767000000,2047000000,18000000,1413000000,11000000,509000000,0.0,0.0,0.0,14000000,0.0,0.0,0.0,0.0
taxPayables,1006000000,967000000,660000000,667000000,574000000,533000000,510000000,469000000,408000000,494000000,414000000,381000000,470000000,626000000,0.0,0.0,0.0,0.0,0.0,0.0,0.0,0.0,0.0,0.0,0.0,0.0,0.0
deferredRevenue,3596000000,2823000000,2116000000,1782000000,1805000000,1669000000,1566000000,1468000000,1337000000,1270000000,1147000000,1177000000,1158000000,1165000000,1474000000,1634000000,1757000000,1546000000,1281000000,0.0,0.0,0.0,0.0,0.0,0.0,0.0,0.0
otherCurrentLiabilities,7323000000,6493000000,4831000000,4784000000,4384000000,4212000000,3968000000,3666000000,3582000000,3495000000,3343000000,3186000000,3322000000,3399000000,3453000000,3923000000,3699000000,3206000000,2605000000,3475000000,3065000000,1663000000,1257000000,1098000000,752000000,591000000,533000000
totalCurrentLiabilities,28693000000,23166000000,18375000000,16716000000,16194000000,14133000000,12526000000,11269000000,10749000000,11462000000,9376000000,10122000000,10363000000,11153000000,12706000000,12931000000,12901000000,10529000000,9554000000,8035000000,6501000000,3656000000,2857000000,2456000000,1842000000,1416000000,1214000000
longTermDebt,41957000000,35822000000,28670000000,26807000000,24267000000,22349000000,20888000000,16869000000,14691000000,9475000000,10758000000,8707000000,8662000000,9667000000,11383000000,11643000000,2672000000,2148000000,856000000,1321000000,1250000000,750000000,1566000000,1303000000,1247000000,720000000,983000000
deferredRevenueNonCurrent,0.0,0.0,0.0,0.0,0.0,0.0,0.0,0.0,0.0,0.0,0.0,0.0,0.0,0.0,0.0,0.0,0.0,0.0,0.0,0.0,0.0,0.0,0.0,0.0,0.0,0.0,0.0
deferredTaxLiabilitiesNonCurrent,909000000,1131000000,706000000,491000000,440000000,296000000,854000000,642000000,514000000,319000000,340000000,272000000,319000000,0.0,0.0,0.0,0.0,0.0,0.0,0.0,0.0,0.0,85000000,0.0,0.0,0.0,0.0
otherNonCurrentLiabilities,2013000000,7163000000,6601000000,1867000000,2174000000,1855000000,1965000000,1844000000,2042000000,2051000000,2146000000,2135000000,2140000000,2567000000,2521000000,2659000000,2000000000,2072000000,1620000000,853000000,561000000,334000000,208000000,372000000,298000000,230000000,139000000
totalNonCurrentLiabilities,44879000000,44116000000,35977000000,29165000000,26881000000,24500000000,23707000000,19355000000,17247000000,11845000000,13244000000,11114000000,11121000000,12234000000,13904000000,14302000000,4672000000,4220000000,2476000000,2174000000,1811000000,1084000000,1859000000,1675000000,1545000000,950000000,1122000000
otherLiabilities,0.0,0.0,0.0,0.0,0.0,0.0,0.0,0.0,0.0,0.0,0.0,0.0,0.0,0.0,0.0,0.0,0.0,0.0,0.0,0.0,0.0,0.0,0.0,0.0,0.0,0.0,0.0
capitalLeaseObligations,9419000000,6184000000,5894000000,0.0,0.0,0.0,0.0,0.0,0.0,0.0,0.0,0.0,0.0,0.0,0.0,0.0,0.0,0.0,0.0,0.0,0,0,0,0,0,0,0
totalLiabilities,73572000000,67282000000,54352000000,45881000000,43075000000,38633000000,36233000000,30624000000,27996000000,23307000000,22620000000,21236000000,21484000000,23387000000,26610000000,27233000000,17573000000,14749000000,12030000000,10209000000,8312000000,4740000000,4716000000,4131000000,3387000000,2366000000,2336000000
preferredStock,0,0.0,0.0,0.0,0.0,0.0,0.0,0.0,0.0,0.0,0.0,0.0,0.0,0.0,0.0,0.0,0.0,0.0,0.0,0.0,0,0,0,0,0,0,0
commonStock,90000000,89000000,89000000,89000000,89000000,88000000,88000000,88000000,88000000,88000000,87000000,86000000,86000000,85000000,85000000,121000000,120000000,119000000,119000000,118000000,117000000,115000000,0.0,73000000,24000000,24000000,23000000
retainedEarnings,67580000000,58134000000,51729000000,46423000000,39935000000,35519000000,30973000000,26995000000,23180000000,20038000000,17246000000,14995000000,13226000000,12093000000,11388000000,33052000000,28943000000,23962000000,19680000000,15971000000,12799000000,7941000000,5876000000,4430000000,3407000000,2579000000,1937000000
accumulatedOtherComprehensiveIncomeLoss,-704000000,-671000000,-739000000,-772000000,-566000000,-867000000,-898000000,-452000000,46000000,397000000,293000000,445000000,362000000,-77000000,755000000,310000000,271000000,119000000,14000000,-145000000,-440000000,-54000000,-1262000000,-978000000,-713000000,-508000000,-12000000
othertotalStockholdersEquity,0.0,-54253000000,-54195000000,-47618000000,-38004000000,-30407000000,-23847000000,-17309000000,-10792000000,-2746000000,272000000,3363000000,5719000000,5676000000,5486000000,-8453000000,-2425000000,-42000000,2594000000,3858000000,5606000000,4339000000,4135000000,3573000000,3237000000,2893000000,1494000000
totalStockholdersEquity,-1696000000,3299000000,-3116000000,-1878000000,1454000000,4333000000,6316000000,9322000000,12522000000,17777000000,17898000000,18889000000,19393000000,17777000000,17714000000,25030000000,26909000000,24158000000,22407000000,19802000000,18082000000,12341000000,8749000000,7098000000,5955000000,4988000000,3442000000
totalLiabilitiesAndStockholdersEquity,71876000000,70581000000,51236000000,44003000000,44529000000,42966000000,42549000000,39946000000,40518000000,41084000000,40518000000,40125000000,40877000000,41164000000,44324000000,52263000000,44482000000,38907000000,34437000000,30011000000,26394000000,17081000000,13465000000,11229000000,9342000000,7354000000,5778000000
minorityInterest,0,0,0,0,0,0,0,0,0,0,0,0,0,0,0,0,0,0,0,0,0,0,0,0,0,0,0
totalEquity,-1696000000,3299000000,-3116000000,-1878000000,1454000000,4333000000,6316000000,9322000000,12522000000,17777000000,17898000000,18889000000,19393000000,17777000000,17714000000,25030000000,26909000000,24158000000,22407000000,19802000000,18082000000,12341000000,8749000000,7098000000,5955000000,4988000000,3442000000
totalLiabilitiesAndTotalEquity,71876000000,70581000000,51236000000,44003000000,44529000000,42966000000,42549000000,39946000000,40518000000,41084000000,40518000000,40125000000,40877000000,41164000000,44324000000,52263000000,44482000000,38907000000,34437000000,30011000000,26394000000,17081000000,13465000000,11229000000,9342000000,7354000000,5778000000
totalInvestments,0.0,0.0,0.0,0.0,0.0,0.0,0.0,0.0,0.0,140000000,135000000,139000000,0.0,6000000.0,12000000,14000000,14000000,1659000000,26000000,65000000,69000000,17000000,0.0,17000000,420000000,80000000,155000000
totalDebt,46269000000,38066000000,32311000000,29202000000,27028000000,23601000000,21315000000,17197000000,14724000000,10796000000,10788000000,9749000000,9682000000,11434000000,13430000000,11661000000,4085000000,2159000000,1365000000,1328000000,1255000000,779000000,1580000000,1311000000,1249000000,722000000,1006000000
netDebt,43926000000,30171000000,30178000000,27424000000,23433000000,21063000000,19099000000,15474000000,12795000000,8302000000,8801000000,9204000000,8261000000,10915000000,12985000000,11061000000,3292000000,1653000000,-1461000000,-860000000,-1222000000,611000000,1518000000,1139000000,1103000000,669000000,1005000000
link,https://www.sec.gov/Archives/edgar/data/354950/000035495022000070/0000354950-22-000070-index.htm,https://www.sec.gov/Archives/edgar/data/354950/000035495021000089/0000354950-21-000089-index.htm,https://www.sec.gov/Archives/edgar/data/354950/000035495020000015/0000354950-20-000015-index.htm,https://www.sec.gov/Archives/edgar/data/354950/000035495019000010/0000354950-19-000010-index.html,https://www.sec.gov/Archives/edgar/data/354950/000035495018000019/0000354950-18-000019-index.html,https://www.sec.gov/Archives/edgar/data/354950/000035495017000005/0000354950-17-000005-index.html,https://www.sec.gov/Archives/edgar/data/354950/000035495016000060/0000354950-16-000060-index.html,https://www.sec.gov/Archives/edgar/data/354950/000035495015000008/hd-212015x10xk.htm,https://www.sec.gov/Archives/edgar/data/354950/000035495014000008/hd-222014x10xk.htm,https://www.sec.gov/Archives/edgar/data/354950/000035495013000008/0000354950-13-000008-index.html,https://www.sec.gov/Archives/edgar/data/354950/000035495012000003/0000354950-12-000003-index.html,https://www.sec.gov/Archives/edgar/data/354950/000119312511076501/d10k.htm,https://www.sec.gov/Archives/edgar/data/354950/000119312510067178/0001193125-10-067178-index.html,https://www.sec.gov/Archives/edgar/data/354950/000095014409002875/0000950144-09-002875-index.html,https://www.sec.gov/Archives/edgar/data/354950/000104746908004077/0001047469-08-004077-index.html,https://www.sec.gov/Archives/edgar/data/354950/000104746907002295/a2176777z10-k.htm,https://www.sec.gov/Archives/edgar/data/354950/000104746906004211/a2168212z10-k.htm,https://www.sec.gov/Archives/edgar/data/354950/000104746905009783/a2153171z10-k.htm,https://www.sec.gov/Archives/edgar/data/354950/000104746904011651/a2132560z10-k.htm,,https://www.sec.gov/Archives/edgar/data/354950/000095014402004155/0000950144-02-004155-index.html,https://www.sec.gov/Archives/edgar/data/354950/000095014400005338/0000950144-00-005338-index.html,,https://www.sec.gov/Archives/edgar/data/354950/000095014498005045/0000950144-98-005045-index.html,https://www.sec.gov/Archives/edgar/data/354950/000095014497004508/0000950144-97-004508-index.html,https://www.sec.gov/Archives/edgar/data/354950/000035495096000002/0000354950-96-000002-index.html,
finalLink,https://www.sec.gov/Archives/edgar/data/354950/000035495022000070/hd-20220130.htm,https://www.sec.gov/Archives/edgar/data/354950/000035495021000089/hd-20210131.htm,https://www.sec.gov/Archives/edgar/data/354950/000035495020000015/hd10k02022020.htm,https://www.sec.gov/Archives/edgar/data/354950/000035495019000010/hd_10kx02032019.htm,https://www.sec.gov/Archives/edgar/data/354950/000035495018000019/hd_10k01282018.htm,https://www.sec.gov/Archives/edgar/data/354950/000035495017000005/hd-01292017x10xk.htm,https://www.sec.gov/Archives/edgar/data/354950/000035495016000060/hd-1312016x10xk.htm,https://www.sec.gov/Archives/edgar/data/354950/000035495015000008/hd-212015x10xk.htm,https://www.sec.gov/Archives/edgar/data/354950/000035495014000008/hd-222014x10xk.htm,https://www.sec.gov/Archives/edgar/data/354950/000035495013000008/hd-232013x10xk.htm,https://www.sec.gov/Archives/edgar/data/354950/000035495012000003/hd-1292012x10xk.htm,https://www.sec.gov/Archives/edgar/data/354950/000119312511076501/d10k.htm,https://www.sec.gov/Archives/edgar/data/354950/000119312510067178/d10k.htm,https://www.sec.gov/Archives/edgar/data/354950/000095014409002875/x17422e10vk.htm,https://www.sec.gov/Archives/edgar/data/354950/000104746908004077/a2183971z10-k.htm,https://www.sec.gov/Archives/edgar/data/354950/000104746907002295/a2176777z10-k.htm,https://www.sec.gov/Archives/edgar/data/354950/000104746906004211/a2168212z10-k.htm,https://www.sec.gov/Archives/edgar/data/354950/000104746905009783/a2153171z10-k.htm,https://www.sec.gov/Archives/edgar/data/354950/000104746904011651/a2132560z10-k.htm,,https://www.sec.gov/Archives/edgar/data/354950/000095014402004155/g75478e10-k.txt,https://www.sec.gov/Archives/edgar/data/354950/0000950144-00-005338.txt,,https://www.sec.gov/Archives/edgar/data/354950/0000950144-98-005045.txt,https://www.sec.gov/Archives/edgar/data/354950/0000950144-97-004508.txt,https://www.sec.gov/Archives/edgar/data/354950/0000354950-96-000002.txt,
