,2022,2021,2020,2019,2018,2017,2016,2015,2014,2013,2012,2011,2010,2009,2008,2007,2006,2005,2004,2003,2002,2000,1999,1998,1997,1996,1995,1993,1988,1987
period,FY,FY,FY,FY,FY,FY,FY,FY,FY,FY,FY,FY,FY,FY,FY,FY,FY,FY,FY,FY,FY,FY,FY,FY,FY,FY,FY,FY,FY,FY
currentRatio,1.012616317568745,1.2292583959250627,1.078095238095238,1.1084589614740368,1.1691367173027047,1.2540861812778603,1.3566182340731279,1.3578844617978525,1.4214345520513536,1.3411272029314256,1.5486348122866893,1.331653823355068,1.3413104313422755,1.1980633013538957,1.1548874547457895,1.3920037120098987,1.1895201922331602,1.3477063348846043,1.395017793594306,1.483136278780336,1.5937548069527765,1.7478118161925602,1.726636331816591,1.8159609120521172,2.01357220412595,1.887005649717514,1.757001647446458,2.0688741721854305,1.748299319727891,1.8504672897196262
quickRatio,0.20105949186212665,0.46995596995596994,0.23069387755102042,0.22218234027279254,0.342534271952575,0.32314441378334396,0.32779817978604503,0.2845860324784808,0.30951716438738486,0.33929506194381437,0.3447098976109215,0.16103536850424818,0.23072469362153816,0.13422397561194296,0.135054305052731,0.29672879127677676,0.24827532749399273,0.3479912622281318,0.41333472890935735,0.4138145612943373,0.5331487463467159,0.20705689277899345,0.18585929296464823,0.2972312703583062,0.5135722041259501,0.3057909604519774,0.27182866556836904,0.7841059602649006,0.2789115646258503,0.2523364485981308
cashRatio,0.08165754713693235,0.34080117413450745,0.11608163265306122,0.10636515912897822,0.22199580091391874,0.17957970706856294,0.17691202299217626,0.15289732895554176,0.17945855428411944,0.21758855348106787,0.2119240614334471,0.053843114009089116,0.13712245488758082,0.0465345646911145,0.03502282386274201,0.04640012373366329,0.06146810324781025,0.048057745274954884,0.29579233828762824,0.27230864965774737,0.3810183048761729,0.045951859956236324,0.021701085054252712,0.07003257328990228,0.07926167209554831,0.03742937853107345,0.0008237232289950577,0.16158940397350993,0.17687074829931973,0.1588785046728972
daysOfSalesOutstanding,8.272789219156241,8.266444629475437,6.973826264459061,6.530687688881084,7.060968841671292,7.829007875680532,7.7932421288085045,6.512215062037126,6.474521646449779,6.811341199133157,6.455359045386746,5.8241540067944175,5.3170333655706,4.976714173493435,5.941059354354937,12.95061483756619,10.729104047306498,7.485361315566257,6.177564181683534,6.717599189657837,6.270423692416858,5.574621428943123,5.664813527912903,8.401225368438483,7.249180999180999,7.668067226890756,7.957040955357858,9.089255735870173,3.7654745529573592,3.61028684470821
daysOfInventoryOutstanding,80.28726638425118,69.55149730107614,73.00200955225523,71.54293878355362,69.9197571677586,73.54267685687678,73.99122807017544,73.81011918885868,78.48401462409086,79.92210500490677,81.69043851472915,86.77253708634461,84.96983822319714,82.36384202291852,83.38165991587475,76.65394568742425,76.79070325330775,75.57414104882459,74.88787412966815,75.8207728144697,65.62115703363096,74.13999185878696,73.76983192881691,75.66791366906475,70.09573789092971,71.13991953509164,71.00266933600267,66.24831048464955,73.34761904761905,83.15825375170532
operatingCycle,88.56005560340742,77.81794193055157,79.9758358167143,78.07362647243471,76.9807260094299,81.37168473255731,81.78447019898394,80.3223342508958,84.95853627054063,86.73344620403992,88.1457975601159,92.59669109313903,90.28687158876774,87.34055619641195,89.32271927022968,89.60456052499045,87.51980730061425,83.05950236439084,81.06543831135168,82.53837200412754,71.89158072604782,79.71461328773007,79.43464545672981,84.06913903750323,77.3449188901107,78.80798676198239,78.95971029136052,75.33756622051972,77.1130936005764,86.76854059641353
daysOfPayablesOutstanding,48.9771243458759,48.5484259142533,39.12095852889764,39.84312317891981,39.73162228767205,41.02308853280242,41.134085213032584,38.68718856663077,41.147855003694914,40.11776251226693,38.420219799276005,38.52292305282706,40.55833561831643,37.21151000042285,40.74193799657267,43.976479837520884,40.62814858555849,43.247369718888706,42.5679310968442,41.46590597673086,33.527776292573385,26.919476001924288,27.253424979991525,28.527769784172662,28.214311041770085,26.922217255252573,27.64597931264598,29.600308939949798,32.67619047619048,33.860845839017735
cashConversionCycle,39.58293125753152,29.26951601629827,40.854877287816656,38.2305032935149,37.24910372175785,40.348596199754894,40.650384985951355,41.635145684265034,43.81068126684572,46.61568369177299,49.72557776083989,54.07376804031197,49.72853597045131,50.129046195989105,48.58078127365701,45.62808068746956,46.891658715055755,39.81213264550213,38.497507214507486,41.07246602739668,38.363804433474435,52.79513728580579,52.18122047673829,55.54136925333057,49.13060784834062,51.885769506729815,51.313730978714545,45.73725728056992,44.43690312438593,52.907694757395795
grossProfitMargin,0.3362861131141793,0.33951252743925514,0.3408664096166931,0.34342855558533497,0.3404820423372711,0.3415931074581109,0.3419039980117263,0.34131239780705974,0.3475359082373243,0.3456938759129946,0.34465516016762554,0.3427210023971646,0.33867263056092844,0.33652227583885086,0.3361000142212569,0.32787300329161023,0.33516948632699883,0.3342271595479793,0.3175141940261664,0.3108829639294728,0.3015143876160066,0.2968985793828381,0.29709785234455144,0.2807170061268422,0.2782043407043407,0.27698771816418877,0.27939408511661457,0.2754616675993285,0.27785419532324623,0.27497527200791294
operatingProfitMargin,0.15242430056166767,0.13835440163500112,0.1437332728509866,0.14352651959742335,0.1454947276619361,0.1419419631058724,0.13301099199042013,0.12586563431759162,0.11630208597675482,0.10388741739572464,0.09462319767028908,0.08587143550450756,0.0725791827852998,0.0611463359892268,0.0936275840670209,0.10648744454352302,0.11486793193556698,0.10843571291761293,0.10562206862503086,0.10009099181073704,0.09209568091423449,0.09874069834001145,0.08805718256725902,0.08345752608047691,0.07850634725634725,0.07627020038784744,0.07912158371403383,0.0768047006155568,0.06740027510316368,0.057368941641938676
pretaxProfitMargin,0.14380412418875738,0.12851411702369236,0.13349965978679973,0.134524920750811,0.13575279473559027,0.13204714836936413,0.12450434370022255,0.11993844378186015,0.1074328782418921,0.09659683762741793,0.08619930392783579,0.07754753886200862,0.06017287234042553,0.05035910672202895,0.08558610971053278,0.1024692581216905,0.1138742010280821,0.10824417872876023,0.10557578375709702,0.10081205899016259,0.09256250816947696,0.0989748660040589,0.08782554022303848,0.0785726113594966,0.07898239148239149,0.07724628312863607,0.07854452192033341,0.08058198097369894,0.06602475928473177,0.04648862512363996
netProfitMargin,0.1087147799969568,0.09738853985315267,0.10199138126559311,0.10277903570141309,0.08552683738999445,0.08411649664358581,0.07918074085789492,0.07628402423776089,0.06832715830076638,0.06066564999866228,0.05516016762554159,0.04909040104710502,0.04021095261121857,0.031702390304118505,0.056820385525346156,0.06342129308541673,0.07162223503576204,0.06841874846088598,0.06640335719575413,0.06290452727179083,0.056840886598323155,0.06036322006556694,0.05341010622456071,0.04802119556217917,0.048013923013923016,0.04731738849385908,0.04848922016510379,0.050783435926133186,0.037138927097661624,0.02373887240356083
effectiveTaxRate,0.244007912775452,0.24219578277771234,0.23601766904519197,0.23598516075845014,0.36998101912687986,0.3629813465695301,0.36403230196896835,0.3639735364875702,0.3640014172670367,0.3719706411854314,0.3600856954515491,0.3669637777356344,0.3420391762933199,0.35598885793871865,0.3640483383685801,0.3810700472711646,0.37104072398190047,0.3679221435793731,0.37103609527984804,0.3760217983651226,0.3859189025620335,0.3901156677181914,0.3918613413715147,0.38883034773445735,0.3869086195722618,0.3882845188284519,0.3826530612244898,0.3697916666666667,0.4375,0.48936170212765956
returnOnAssets,0.2286298625410429,0.182287017752653,0.21941603559996878,0.2527327682203486,0.19380628354555457,0.18519294325745939,0.16472772568097957,0.15883943323486707,0.13290389456537835,0.11038360432285074,0.0958339503430574,0.08319003115264798,0.0650977322210534,0.05490234185210378,0.09915621333814638,0.11023094732411075,0.1312440987365676,0.12853728120903693,0.12498185091616575,0.12208856752524075,0.115329241494279,0.13582342954159593,0.11986632008911995,0.10330394514204293,0.10040676514664953,0.09953766657601305,0.10470751124956733,0.09231943031536113,0.10227272727272728,0.060759493670886074
returnOnEquity,-9.689268867924529,3.899969687784177,-3.6078305519897302,-5.921725239616613,5.9353507565337,1.836372028617586,1.1097213426219126,0.680647929628835,0.43004312410158124,0.25510491083984926,0.21695161470555369,0.17671660754936735,0.13721445882534936,0.12713056196208583,0.2481088404651688,0.23016380343587695,0.21695343565349884,0.20701216988161272,0.19208283125808898,0.18503181496818502,0.1683442097113151,0.18799124868325096,0.18447822608298092,0.16342631727247112,0.15751469353484468,0.1467522052927025,0.1757699012202208,0.15755208333333334,0.16822429906542055,0.147239263803681
returnOnCapitalEmployed,0.5335432924993632,0.38548982389539177,0.4821216639785764,0.569135485762451,0.5181224633845068,0.46568168418132,0.3921660060620191,0.36506608083132824,0.30790419563975946,0.26217000877726016,0.2138912080148995,0.19461387194613872,0.15740315920561054,0.145246742860951,0.2290467455247011,0.24593206549374555,0.29647572907760994,0.2793008668687011,0.27512759715468393,0.26528940662540956,0.24792640627356358,0.28268156424581004,0.25084841628959276,0.22979596489228313,0.20449333333333333,0.19870326709329741,0.21630148992112183,0.1813031161473088,0.25196850393700787,0.16319444444444445
netIncomePerEBT,0.755992087224548,0.7578042172222876,0.763982330954808,0.7640148392415499,0.6300189808731201,0.6370186534304699,0.6359676980310317,0.6360264635124299,0.6359985827329633,0.6280293588145687,0.6399143045484509,0.6330362222643656,0.6682571572074335,0.6295264623955432,0.6638972809667674,0.6189299527288354,0.6289592760180995,0.6320778564206269,0.628963904720152,0.6239782016348774,0.6140810974379665,0.6098843322818086,0.6081386586284853,0.6111696522655427,0.6079066753078418,0.6125523012552301,0.6173469387755102,0.6302083333333334,0.5625,0.5106382978723404
ebtPerEbit,0.9434461805555555,0.9288762446657184,0.9288013633781481,0.9372826786864134,0.9330427082623799,0.9302897147538541,0.9360455240360116,0.9529085872576177,0.9237399083569714,0.9298223023435488,0.9109743281789521,0.9030655934235314,0.8290651676035811,0.8235833906859371,0.9141121237227285,0.9622661015196939,0.9913489266260814,0.9982336613676508,0.9995617879053462,1.007204116638079,1.0050689375506894,1.0023715415019763,0.997369409996242,0.941468253968254,1.006063767359979,1.0127976947198916,0.9927066450567261,1.0,1.0,1.0
ebitPerRevenue,0.15242430056166767,0.13835440163500112,0.1437332728509866,0.14352651959742335,0.1454947276619361,0.1419419631058724,0.13301099199042013,0.12586563431759162,0.11630208597675482,0.10388741739572464,0.09462319767028908,0.08587143550450756,0.0725791827852998,0.0611463359892268,0.0936275840670209,0.10648744454352302,0.11486793193556698,0.10843571291761293,0.10562206862503086,0.10009099181073704,0.09209568091423449,0.09874069834001145,0.08805718256725902,0.08345752608047691,0.07850634725634725,0.07627020038784744,0.07912158371403383,0.08058198097369894,0.06602475928473177,0.04648862512363996
debtRatio,1.0235961934442652,0.9532593757526813,1.0608166133187602,1.0426789082562553,0.9673471221002043,0.8991528185076573,0.8515593785987919,0.7666349571922095,0.6909521694061899,0.5673011391295881,0.5582703983414778,0.5292461059190031,0.5255767301905717,0.5681420658828102,0.6003519537947839,0.5210760958995848,0.3950586754192707,0.3790834554193333,0.3493335656416064,0.3401752690680084,0.31492005758884595,0.27750131725308824,0.35024136650575566,0.36788672188084426,0.36255619781631343,0.32172967092738647,0.4042921426098996,0.4140386571719227,0.3939393939393939,0.5873417721518988
debtEquityRatio,-43.37971698113208,20.394665050015156,-17.44287548138639,-24.430777422790204,29.625171939477305,8.915993537964459,5.736700443318556,3.285131945934349,2.2357450886439865,1.311076109579794,1.263828360710694,1.124252210281116,1.1078224101479917,1.3155763064634078,1.5022016484136842,1.0880143827407112,0.6530528819354119,0.6105223942379336,0.5368857946177534,0.5155539844460155,0.45968366331158056,0.3840855684304351,0.5390330323465539,0.5819949281487743,0.5687657430730478,0.4743384121892542,0.6786751888436955,0.7065972222222222,0.6479750778816199,1.4233128834355828
longTermDebtToCapitalization,1.0421251335038872,0.9156718897778686,1.1219378570869531,1.0753339484134943,0.9434703160841336,0.837605876620943,0.7678282605499192,0.6440762093849032,0.5398522764855033,0.3476809041538236,0.37541876046901174,0.31551674155674736,0.3087506683300659,0.35224457076227955,0.3912087156751555,0.31748152591825046,0.09032825124235151,0.08165437542765909,0.03679662984137901,0.0625384651801354,0.06465963169873784,0.05729126881063326,0.15181774115365973,0.15510058326389717,0.17314634823660094,0.12613875262789068,0.22214689265536725,0.2681067344345616,0.13941018766756033,0.41785714285714287
totalDebtToCapitalization,1.0380499405469679,0.9202465852774084,1.1067306045555745,1.0687307861220905,0.9489502141703532,0.8448843703014248,0.7714161630053201,0.648478449413628,0.5404096014093812,0.3778392188429636,0.3760719514745869,0.3404218171660032,0.33300085984522787,0.3914278867549896,0.43122270742358076,0.3178163582349895,0.13179970316835515,0.08203822624159289,0.05742049469964664,,,,0.15296737341465777,,,,,,,
interestCoverage,17.104677060133632,13.569413511507053,13.191507077435471,14.77640342530923,13.889309366130558,13.813786008230453,12.811751904243744,12.613253012048192,12.891701828410689,12.287974683544304,10.991749174917492,11.016981132075472,7.105029585798817,6.985576923076923,,,,,,,,,,,,,,21.333333333333332,-32.0,-4.2727272727272725
cashFlowToDebtRatio,0.35814476215176466,0.494903588504177,0.42471604097675714,0.4464762687487158,0.44513097528488976,0.4145163340536418,0.43973727422003284,0.4792696400534977,0.5180657430046183,0.6460726194886995,0.6165183537263627,0.47030464663042365,0.5293327824829581,0.48347035158299806,0.42643335815338795,0.6569762456050081,1.5872705018359854,3.1977767484946735,4.794871794871795,3.6351249053747163,4.7704,3.2613333333333334,1.2132911392405064,0.7897160399079048,0.8821972734562951,0.9902777777777778,0.5437436419125127,,,
companyEquityMultiplier,-42.37971698113208,21.394665050015156,-16.44287548138639,-23.430777422790204,30.625171939477305,9.915993537964459,6.736700443318556,4.285131945934348,3.2357450886439865,2.311076109579794,2.263828360710694,2.124252210281116,2.1078224101479917,2.3155763064634076,2.502201648413684,2.088014382740711,1.653052881935412,1.6105223942379336,1.5368857946177534,1.5155539844460155,1.4596836633115806,1.3840855684304352,1.539033032346554,1.5819949281487744,1.568765743073048,1.4743384121892542,1.6786751888436955,1.7065972222222223,1.644859813084112,2.423312883435583
receivablesTurnover,44.120548744892005,44.154411764705884,52.338556505223174,55.88997933884298,51.692622950819676,46.62148841793987,46.835449735449735,56.04851752021563,56.374821173104436,53.58709677419355,56.54216867469879,62.670046082949305,68.64730290456431,73.34156378600824,61.43685464654488,28.183990071362086,34.019616026711184,48.76184122748499,59.08477666362808,54.33488805970149,58.209782608695654,65.47529812606473,64.43283582089552,43.44604316546763,50.350515463917525,47.6,45.87132352941177,40.157303370786515,96.93333333333334,101.1
payablesTurnover,7.452458772842074,7.518266413923833,9.33003724155644,9.16092843326886,9.186637217007178,8.897428571428572,8.873419649657274,9.434647838815224,8.870450232879076,9.098214285714286,9.50020593080725,9.474878100487597,8.999383096853794,9.808793031936956,8.958827634333566,8.29989124524198,8.983919098143236,8.439819632327437,8.574529947664276,8.802412280701754,10.886495925494762,13.558956347215254,13.39281210592686,12.794550810014728,12.936697247706421,13.557575757575757,13.202643171806168,12.33095238095238,11.170212765957446,10.779411764705882
inventoryTurnover,4.546175457676274,5.24791002586155,4.999862363223453,5.101831238779174,5.2202698462503925,4.963104629850984,4.933017190278601,4.945121400848452,4.65062856109252,4.566946778711484,4.468087167070218,4.2064,4.295641931684335,4.431556263468566,4.377461426988321,4.761659647480892,4.75317954565389,4.829694323144105,4.873953283384751,4.813984168865435,5.562230483271375,4.923118965203134,4.94782203587235,4.823709050527484,5.207163958641064,5.1307339449541285,5.1406518010291595,5.509574468085106,4.976303317535545,4.389221556886228
fixedAssetTurnover,4.849905348605898,4.30788795773959,4.840799297321037,4.835888268156425,4.570962627406568,2.3399544847375453,2.254342178984363,2.1596863396775117,2.017509727626459,1.9421163388844145,2.8793766361256545,2.7133679169992018,2.590058708414873,2.7173896470229475,2.8151477653224632,3.414283029505732,3.273402674591382,3.2163161137023675,3.2306235358620348,3.3927656104380244,3.483121951219512,3.758091326879828,3.7033088235294116,3.7111691504071285,3.593157991539452,3.467832324590899,3.6729467176920814,4.445273631840796,5.9346938775510205,5.982248520710059
assetTurnover,2.103024653570037,1.8717501877275755,2.1513193848075574,2.4589914324023363,2.266028880055694,2.2016245403342176,2.080401419539825,2.08221098482952,1.9451108149464436,1.8195404537046052,1.7373759810454612,1.6946292834890966,1.618905496978741,1.7318044893596347,1.7450816713293025,1.7380747373859136,1.8324490805269547,1.878685069524764,1.8821616284809943,1.9408550198260637,2.0289838599681747,2.2501024530179734,2.2442629038247306,2.1512156024579214,2.0912010276172124,2.1036170791406037,2.159397715472482,1.8179043743641912,2.753787878787879,2.559493670886076
operatingCashFlowPerShare,15.429236499068901,17.54096834264432,12.555352241537054,11.467018469656992,10.213073005093378,7.96013018714402,7.339859044635865,6.159940209267564,5.352982456140351,4.653102068045364,4.258002560819462,2.7821601941747574,3.045157456922163,3.286563614744352,3.0973499188750675,3.7297955209347613,3.0327408793264734,3.1282283642954236,2.866841874726237,2.055650684931507,2.5537473233404713,1.090017825311943,0.8687967369136642,0.47014655178493275,0.5012109979388433,0.3411483253588517,0.2564185276621902,0.16883116883116883,0.038408779149519894,0.054500412881915775
freeCashFlowPerShare,13.04003724394786,15.247672253258845,10.105215004574566,9.319261213720317,8.602716468590831,6.641171684296176,6.162881754111198,5.082212257100149,4.378245614035087,3.777851901267512,3.4763124199743918,2.117111650485437,2.471182412358883,2.1884661117717004,1.1730665224445647,2.005355404089581,1.2174929840972872,1.3393747168101495,1.0683311432325886,0.8788527397260274,1.100642398286938,-0.06016042780748663,-0.18264219351914798,-0.20651724140601516,-0.04296354613729017,-0.2703827751196172,-0.27162613725412926,-0.047452547452547456,-0.02263374485596708,0.011560693641618497
cashPerShare,2.1815642458100557,7.351024208566108,1.9515096065873743,1.563764291996482,3.0517826825127337,2.065093572009764,1.7353171495693032,1.2877428998505231,1.3536842105263158,1.6637758505670448,1.2720870678617158,0.3307038834951456,0.8478906714200832,0.31212841854934603,0.24716062736614386,0.29892891918208375,0.3774555659494855,0.980969642048029,1.249233464739378,0.9644691780821918,1.0903640256959315,0.07575757575757576,0.028098799002945842,0.07950000001028017,0.2542275582673162,0.05167464114832536,0.027824648464746547,0.20679320679320679,0.01783264746227709,0.014037985136251032
payoutRatio,0.42505933183228867,0.5013990362194932,0.5299768724426258,0.4229835446452657,0.4880648899188876,0.4277994218926731,0.4324440005706948,0.3987391646966115,0.41652739090064994,0.38434399117971335,0.42029358743239764,0.4700419412822049,0.5730928222472754,0.6730088495575222,0.3888509670079636,0.24214546085749003,0.14679684823569716,0.14377124575084982,0.13824349442379183,0.13427947598253276,0.13009198423127463,0.10991379310344827,0.10408921933085502,0.11982758620689656,0.11748400852878464,0.12254098360655738,0.11206611570247933,0.09917355371900827,0.05555555555555555,0.0
operatingCashFlowSalesRatio,0.10962773804719596,0.14260086291726592,0.1244998865955999,0.12049573486871898,0.11923214144137001,0.10341984248638934,0.10588687174504909,0.09909108396652881,0.0967872912754403,0.09330604382374187,0.0944811421265715,0.06742944541670956,0.07744499516441006,0.07754460778812704,0.07404103479036575,0.08433787993879147,0.07954754573002416,0.09445371713136509,0.10097815354233522,0.08244201418098786,0.11134763692043396,0.06364156736223135,0.06343691055296337,0.04259811227024342,0.056311425061425065,0.04608920491273433,0.042838823435120625,0.04728595411303861,0.03851444291609354,0.06528189910979229
freeCashFlowOperatingCashFlowRatio,0.845151167702613,0.8692605764637189,0.8048531662172994,0.8127013345605154,0.8423239963427811,0.8343044056015537,0.8396457911021018,0.8250424654210143,0.81790770844258,0.811899641577061,0.8164185836716283,0.760959651035987,0.8115121951219513,0.6658827785817656,0.3787323205866946,0.5376582691554628,0.40144972239358423,0.4281575898030128,0.3726508785332315,0.4275301957517701,0.4309911118564481,-0.05519215044971382,-0.2102243088158581,-0.4392614188532556,-0.08571948004726843,-0.7925666199158485,-1.0593077642656687,-0.28106508875739644,-0.5892857142857143,0.21212121212121213
cashFlowCoverageRatios,0.35814476215176466,0.494903588504177,0.42471604097675714,0.4464762687487158,0.44513097528488976,0.4145163340536418,0.43973727422003284,0.4792696400534977,0.5180657430046183,0.6460726194886995,0.6165183537263627,0.47030464663042365,0.5293327824829581,0.48347035158299806,0.42643335815338795,0.6569762456050081,1.5872705018359854,3.1977767484946735,4.794871794871795,,,,1.2132911392405064,,,,,,,
shortTermCoverageRatios,3.842996289424861,8.395276292335115,3.769019500137325,5.44384133611691,4.357479174212242,7.813897763578275,21.950819672131146,25.128048780487806,231.15151515151516,5.28009084027252,221.7,4.400191938579654,5.0245098039215685,3.128466327108093,2.797752808988764,425.6111111111111,4.588818117480538,627.6363636363636,12.858546168958743,,,,136.92857142857142,,,,,,,
capitalExpenditureCoverageRatio,-6.457911145752143,-7.648802273650021,-5.124346527259148,-5.339066339066339,-6.342119135477069,-6.035163479333745,-6.236194278110446,-5.715672676837725,-5.491720662347012,-5.316310975609756,-5.447174447174447,-4.1833941605839415,-5.305383022774327,-2.9929615592853276,-1.609612141652614,-2.162902315076228,-1.6707034269518166,-1.7487335359675784,-1.594008767657087,-1.7468170243724992,-1.7574417919245506,-0.9476946919798528,-0.8262931034482759,-0.6948008102633356,-0.9210482250502344,-0.5578593224317346,-0.4856000726810212,-0.7806004618937644,-0.6292134831460674,-1.2692307692307692
dividendPaidAndCapexCoverageRatio,3.7499434261145055,4.723921765295888,4.183841463414634,5.76392572944297,5.196976241900648,5.48681996634885,6.1341623036649215,7.575367647058823,8.93208430913349,16.183294663573086,16.182481751824817,9.693446088794927,9.168157423971378,-16.957055214723926,-3.0973499188750675,-3.568234746157429,-2.144179894179894,-2.138123257974605,-1.8641412702933637,-2.1276030128489145,-1.9896563229896562,-1.0515907136715392,-0.8907992565055762,-0.7667660208643815,-1.0146651909241837,-0.5999663412992259,-0.5174750701907251,-0.8513853904282116,-0.6511627906976745,
dividendPayoutRatio,0.42505933183228867,0.5013990362194932,0.5299768724426258,0.4229835446452657,0.4880648899188876,0.4277994218926731,0.4324440005706949,0.39873916469661147,0.41652739090064994,0.38434399117971335,0.42029358743239764,0.4700419412822049,0.5730928222472754,0.673008849557522,0.38885096700796357,0.24214546085749003,0.14679684823569716,0.14377124575084985,0.1382434944237918,0.13427947598253276,0.13009198423127463,0.10991379310344826,0.10408921933085502,0.11982758620689653,0.11748400852878466,0.1225409836065574,0.11206611570247933,0.09917355371900828,0.055555555555555566,
priceBookValueRatio,-202.79982311320754,84.73824482146105,-79.95456424454429,-111.39936102236422,149.8668743383769,41.10186820124625,25.41464473860038,16.65969319888436,9.430582516770484,5.9422023681723575,4.121871717510336,3.2071828420774,2.7215429115144643,1.787308225122349,2.804709938410297,3.2676899720335597,3.3489428918205806,3.6588437698898915,3.7729052401927965,2.607090192909807,6.133862404601261,10.455392593793047,9.909368549777119,6.616709760597258,4.525323003820655,4.108583007217321,6.039199543265688,5.5253114583333325,1.8867700934579439,2.202088343558282
priceToBookRatio,-202.79982311320754,84.73824482146105,-79.95456424454429,-111.39936102236422,149.8668743383769,41.10186820124625,25.41464473860038,16.65969319888436,9.430582516770484,5.9422023681723575,4.121871717510336,3.2071828420774,2.7215429115144643,1.787308225122349,2.804709938410297,3.2676899720335597,3.3489428918205806,3.6588437698898915,3.7729052401927965,2.607090192909807,6.133862404601261,10.455392593793047,9.909368549777119,6.616709760597258,4.525323003820655,4.108583007217321,6.039199543265688,5.5253114583333325,1.8867700934579439,2.202088343558282
priceToSalesRatio,2.2754387821933486,2.1160507884792974,2.2602714646042186,1.933476890659224,2.15954209236502,1.8827041060944025,1.8133835240908731,1.8671450899297872,1.4983727639826423,1.4130953728094817,1.0479900561119397,0.89092866897069,0.7975532169215425,0.44569883175288966,0.6423177009269673,0.9004071028325462,1.105577213823901,1.2092695404958,1.3042996747253763,0.8863220423369444,2.0710791178832184,3.357183743560389,2.8689587822892886,1.944254259013054,1.3794174082592139,1.324732517129929,1.6660194620438005,1.7809621712367094,0.4165427785419532,0.3550350148367952
priceEarningsRatio,20.930353556867278,21.727923959738845,22.16139674310621,18.811977340167253,25.249876626651215,22.382103169033552,22.90182567684406,24.476226950354608,21.929387980501392,23.293171223594268,18.999036827195464,18.148734782504494,19.834228366403607,14.058839963716814,11.304353094197952,14.197236590869641,15.4362288927715,17.674534651669667,19.64207428368959,14.08995633187773,36.43643232588699,55.616379310344826,53.71565392936803,40.48741886268908,28.72952930463966,27.99673775956284,34.358553434579335,35.069745454545455,11.2158,14.95585
priceToFreeCashFlowsRatio,24.558978936094253,17.070802984000977,22.556670184336802,19.7440543601359,21.50250989619104,21.819945468757652,20.396301927445997,22.838479411764705,18.92767338916493,18.6534577960445,13.586235727440148,17.363277931785614,12.690281722289011,8.631615951643575,22.905777708160443,19.856829327506677,34.620324347291586,29.902012108592693,34.66153657933579,25.146419873356063,43.15661478599222,-955.7777777777778,-215.12919464516128,-103.9057652228304,-285.7719882052174,-36.26546105114139,-36.71304279039297,-134.00334315789473,-18.353127272727274,25.6386
priceToOperatingCashFlowsRatio,20.756049725423935,14.838976042571263,18.15480741718283,16.04601932811781,18.112080067159837,18.20447663457017,17.12566906742772,18.842715360349427,15.481089967881488,15.14473569878136,11.092055330025559,13.212753915812433,10.298318377170732,5.747644413531114,8.675158346254584,10.67618848714267,13.898319598396052,12.80277343467555,12.916652057601222,10.750853810912119,18.600117390575214,52.75143090760425,45.22538625039124,45.641793858813735,24.496226241025358,28.742793884992984,38.890411277681004,37.66366153846153,10.815235714285713,5.438490909090909
priceCashFlowRatio,20.756049725423935,14.838976042571263,18.15480741718283,16.04601932811781,18.112080067159837,18.20447663457017,17.12566906742772,18.842715360349427,15.481089967881488,15.14473569878136,11.092055330025559,13.212753915812433,10.298318377170732,5.747644413531114,8.675158346254584,10.67618848714267,13.898319598396052,12.80277343467555,12.916652057601222,10.750853810912119,18.600117390575214,52.75143090760425,45.22538625039124,45.641793858813735,24.496226241025358,28.742793884992984,38.890411277681004,37.66366153846153,10.815235714285713,5.438490909090909
priceEarningsToGrowthRatio,0.6945862482306648,1.3229605771935653,4.249773728383897,0.5628236485854123,1.8996128113306197,1.253854555081574,1.4473953827765447,0.9637514361702124,0.8859472744122562,1.0740740064212921,0.8384357556349294,0.6372222434746027,1.1074110837908682,-0.32173114532351943,-0.7536235396131968,5.536922270439174,0.7617443388389414,0.852003208849717,0.9947760201739573,0.678405304868187,2.128654730617609,7.160608836206891,1.3278005859426645,1.055329533190639,1.2524766261214602,1.208080065077115,1.6606634160046678,6.313247945328658,1.4704285945508497,1.6285886476036329
priceSalesRatio,2.2754387821933486,2.1160507884792974,2.2602714646042186,1.933476890659224,2.15954209236502,1.8827041060944025,1.8133835240908731,1.8671450899297872,1.4983727639826423,1.4130953728094817,1.0479900561119397,0.89092866897069,0.7975532169215425,0.44569883175288966,0.6423177009269673,0.9004071028325462,1.105577213823901,1.2092695404958,1.3042996747253763,0.8863220423369444,2.0710791178832184,3.357183743560389,2.8689587822892886,1.944254259013054,1.3794174082592139,1.324732517129929,1.6660194620438005,1.7809621712367094,0.4165427785419532,0.3550350148367952
dividendYield,0.02030827289550616,0.02307625142413835,0.023914416522843346,0.022484799816450612,0.019329397015894156,0.0191134594752717,0.018882512105047468,0.01629087544846591,0.0189940271598554,0.01650028617788209,0.022121836557039774,0.0258994330412128,0.028894132489571112,0.04787086639398625,0.034398338743288584,0.017055816412414777,0.00950989061223622,0.008134372337620112,0.007038131127453612,0.009530155581726894,0.0035703820579285474,0.001976284584980237,0.0019377818515944043,0.002959625226129761,0.004089311985693119,0.004376973655250283,0.003261665713484116,0.00282789488299962,0.004953329727309292,
enterpriseValueMultiple,14.949298543128036,14.859070699769719,15.33694389336701,13.324624134241793,14.350920811559732,12.902137530189167,13.012960672969644,13.562234752223635,11.96934195473251,11.946789503932054,9.882032072762087,9.278616766919292,9.383532925903152,7.039574260883905,7.194080111238664,8.29473646596391,8.600377891170242,9.754452149604592,10.49103267041293,7.492044280442804,19.17243488900542,30.375439418795406,29.14273717938553,22.05245569955036,15.871271706983533,15.364952105721754,19.61871379589086,19.98858484398217,6.073588461538462,10.198675555555555
priceFairValue,-202.79982311320754,84.73824482146105,-79.95456424454429,-111.39936102236422,149.8668743383769,41.10186820124625,25.41464473860038,16.65969319888436,9.430582516770484,5.9422023681723575,4.121871717510336,3.2071828420774,2.7215429115144643,1.787308225122349,2.804709938410297,3.2676899720335597,3.3489428918205806,3.6588437698898915,3.7729052401927965,2.607090192909807,6.133862404601261,10.455392593793047,9.909368549777119,6.616709760597258,4.525323003820655,4.108583007217321,6.039199543265688,5.5253114583333325,1.8867700934579439,2.202088343558282
