,2021,2020,2019,2018,2017,2016,2015,2014,2013,2012,2011,2010,2009,2008,2007,2006,2005,2004,2003,2002,2001,2000,1999,1998,1997,1996,1995,1994,1993
reportedCurrency,USD,USD,USD,USD,USD,USD,USD,USD,USD,USD,USD,USD,USD,USD,USD,USD,USD,USD,USD,USD,USD,USD,USD,USD,USD,USD,USD,USD,USD
cik,0000093410,0000093410,0000093410,0000093410,0000093410,0000093410,0000093410,0000093410,0000093410,0000093410,0000093410,0000093410,0000093410,0000093410,0000093410,0000093410,0000093410,0000093410,0000093410,0000093410,0000093410,0000093410,0000093410,0000093410,0000093410,0000093410,0000093410,0000093410,0000093410
fillingDate,2022-02-24,2021-02-25,2020-02-21,2019-02-22,2018-02-22,2017-02-23,2016-02-25,2015-02-20,2014-02-21,2013-02-22,2012-02-23,2011-02-24,2010-02-25,2009-02-26,2008-02-28,2007-02-28,2006-03-01,2005-03-03,2003-12-31,2003-03-17,2001-12-31,2000-12-31,1999-12-31,1998-12-31,1997-12-31,1996-12-31,1995-12-31,1995-03-30,1993-12-31
acceptedDate,2022-02-24 11:45:37,2021-02-25 14:32:29,2020-02-21 11:40:21,2019-02-22 11:25:08,2018-02-22 11:49:59,2017-02-23 12:18:42,2016-02-25 12:08:14,2015-02-20 11:36:43,2014-02-21 11:21:41,2013-02-22 11:55:46,2012-02-23 13:51:37,2011-02-24 12:52:15,2010-02-25 12:56:14,2009-02-26 00:00:00,2008-02-28 08:31:30,2007-02-28 17:24:00,2006-03-01 12:24:08,2005-03-03 08:36:36,2003-12-31,2003-03-17 17:23:02,2001-12-31,2000-12-31,1999-12-31,1998-12-31,1997-12-31,1996-12-31,1995-12-31,1995-03-30 00:00:00,1993-12-31
calendarYear,2021,2020,2019,2018,2017,2016,2015,2014,2013,2012,2011,2010,2009,2008,2007,2006,2005,2004,2003,2002,2001,2000,1999,1998,1997,1996,1995,1994,1993
period,FY,FY,FY,FY,FY,FY,FY,FY,FY,FY,FY,FY,FY,FY,FY,FY,FY,FY,FY,FY,FY,FY,FY,FY,FY,FY,FY,FY,FY
cashAndCashEquivalents,5640000000,5596000000,5686000000,9342000000,4813000000,6988000000,11022000000,12785000000,16245000000,20939000000,15864000000,14060000000,8716000000,9347000000,7362000000,10493000000,10043000000,9291000000,4266000000,2957000000,2117000000,2328000000,1997000000,569000000,1015000000,892000000,621000000,413000000,1644000000
shortTermInvestments,35000000,31000000,63000000,1003000000,9000000.0,13000000,310000000,430000000,271000000,974000000,249000000,155000000,106000000,213000000,732000000,953000000,1101000000,1451000000,1001000000,824000000,1033000000,913000000,971000000,844000000,655000000,745000000,773000000,893000000,372000000
cashAndShortTermInvestments,5675000000,5627000000,5749000000,10345000000,4822000000,7001000000,11332000000,13215000000,16516000000,21913000000,16113000000,14215000000,8822000000,9560000000,8094000000,11446000000,11144000000,10742000000,5267000000,3781000000,3150000000,3241000000,2968000000,1413000000,1670000000,1637000000,1394000000,1306000000,2016000000
netReceivables,18419000000,11471000000,13325000000,15050000000,15353000000,14092000000,12860000000,16736000000,21622000000,20997000000,21793000000,20759000000,17703000000,15856000000,22446000000,17628000000,17184000000,12429000000,9722000000,9385000000,8279000000,10763000000,9205000000,2813000000,3374000000,4035000000,4014000000,3923000000,3808000000
inventory,6305000000,5676000000,5848000000,5704000000,5585000000,5419000000,6334000000,6505000000,6380000000,6144000000,5543000000,5493000000,5529000000,6854000000,5310000000,4656000000,4121000000,2983000000,2648000000,2763000000,2948000000,2654000000,3207000000,1455000000,1378000000,1431000000,1598000000,1710000000,1801000000
otherCurrentAssets,3339000000,3304000000,3407000000,2922000000,2800000000,3107000000,4821000000,5776000000,5732000000,6666000000,9785000000,8374000000,5162000000,4200000000,3527000000,2574000000,1887000000,2349000000,1789000000,1847000000,3950000000,1255000000,1663000000,616000000,584000000,839000000,861000000,652000000,1057000000
totalCurrentAssets,33738000000,26078000000,28329000000,34021000000,28560000000,29619000000,35347000000,42232000000,50250000000,55720000000,53234000000,48841000000,37216000000,36470000000,39377000000,36304000000,34336000000,28503000000,19426000000,17776000000,18327000000,17913000000,17043000000,6297000000,7006000000,7942000000,7867000000,7591000000,8682000000
propertyPlantEquipmentNet,146961000000,156618000000,150494000000,169207000000,177712000000,182186000000,188396000000,183173000000,164829000000,141348000000,122608000000,104504000000,96468000000,91780000000,78610000000,68858000000,63690000000,44458000000,44538000000,44155000000,43233000000,44319000000,46487000000,23729000000,22671000000,21496000000,21696000000,22173000000,21865000000
goodwill,4385000000,4402000000,4463000000,4518000000,4531000000,4581000000,4588000000,4593000000,4639000000,4640000000,4642000000,4617000000,4618000000,4619000000,4637000000,4623000000,4636000000,0.0,0.0,0.0,0.0,0.0,0.0,0.0,0.0,0.0,0.0,0.0,0.0
intangibleAssets,0.0,0.0,0.0,0.0,0.0,0.0,0.0,0.0,0.0,0.0,0.0,0.0,0.0,0.0,0.0,0.0,0.0,0.0,0.0,0.0,0.0,0.0,0.0,0.0,0.0,0.0,0.0,0.0,0.0
goodwillAndIntangibleAssets,4385000000,4402000000,4463000000,4518000000,4531000000,4581000000,4588000000,4593000000,4639000000,4640000000,4642000000,4617000000,4618000000,4619000000,4637000000,4623000000,4636000000,0.0,0.0,0.0,0.0,0.0,0.0,0.0,0.0,0.0,0.0,0.0,0.0
longTermInvestments,40696000000,39052000000,38688000000,35546000000,32497000000,30250000000,27110000000,26912000000,25502000000,23718000000,22868000000,21520000000,21158000000,0.0,0.0,0.0,0.0,0.0,0.0,0.0,0.0,0.0,0.0,0.0,0.0,0.0,0.0,0.0,0.0
taxAssets,0.0,0.0,0.0,0.0,0.0,0.0,0.0,0.0,0.0,0.0,0.0,0.0,0.0,0.0,0.0,0.0,0.0,0.0,0.0,0.0,0.0,0.0,0.0,0.0,0.0,0.0,0.0,0.0,0.0
otherNonCurrentAssets,13755000000,13640000000,15454000000,10571000000,10506000000,13442000000,10662000000,9116000000,8533000000,7556000000,6122000000,5287000000,5161000000,28296000000,26162000000,22843000000,23171000000,20247000000,17506000000,15428000000,16012000000,15389000000,11850000000,6514000000,5796000000,5416000000,4767000000,4643000000,4189000000
totalNonCurrentAssets,205797000000,213712000000,209099000000,219842000000,225246000000,230459000000,230756000000,223794000000,203503000000,177262000000,156240000000,135928000000,127405000000,124695000000,109409000000,96324000000,91497000000,64705000000,62044000000,59583000000,59245000000,59708000000,58337000000,30243000000,28467000000,26912000000,26463000000,26816000000,26054000000
otherAssets,0.0,0.0,0.0,0.0,0.0,0.0,0.0,0.0,0.0,0.0,0.0,0.0,0.0,0.0,0.0,0.0,0.0,0.0,0.0,0.0,0.0,0.0,0.0,0.0,0.0,0.0,0.0,0.0,0.0
totalAssets,239535000000,239790000000,237428000000,253863000000,253806000000,260078000000,266103000000,266026000000,253753000000,232982000000,209474000000,184769000000,164621000000,161165000000,148786000000,132628000000,125833000000,93208000000,81470000000,77359000000,77572000000,77621000000,75380000000,36540000000,35473000000,34854000000,34330000000,34407000000,34736000000
accountPayables,16454000000,10950000000,14103000000,13953000000,14565000000,13986000000,13516000000,19000000000,22815000000,22776000000,22147000000,19259000000,16437000000,16580000000,21756000000,16675000000,16074000000,10747000000,8675000000,8455000000,6427000000,7563000000,6812000000,2170000000,2735000000,3502000000,3294000000,2990000000,3325000000
shortTermDebt,256000000,1548000000,3282000000,5726000000,5192000000,10840000000,4928000000,3790000000,374000000,127000000,340000000,187000000,384000000,2818000000,1162000000,2159000000,739000000,816000000,1703000000,5358000000,8429000000,3094000000,6063000000,3165000000,1637000000,2706000000,3806000000,4014000000,3456000000
taxPayables,3109000000,1873000000,2556000000,2565000000,2713000000,2077000000,3187000000,3808000000,4427000000,5571000000,5826000000,4242000000,4015000000,0.0,0.0,0.0,0.0,0.0,0.0,0.0,0.0,0.0,0.0,0.0,0.0,0.0,0.0,0.0,0.0
deferredRevenue,0.0,0.0,0.0,0.0,0.0,0.0,0.0,0.0,0.0,0.0,0.0,0.0,0.0,0.0,0.0,0.0,0.0,0.0,0.0,0.0,0.0,0.0,0.0,0.0,0.0,0.0,0.0,0.0,0.0
otherCurrentLiabilities,10081000000,9685000000,9145000000,7492000000,7980000000,6959000000,8020000000,9136000000,9829000000,11309000000,11113000000,9566000000,9390000000,12625000000,10880000000,9575000000,8198000000,7232000000,5733000000,6063000000,5798000000,6004000000,4808000000,1831000000,2574000000,2699000000,2345000000,2388000000,3825000000
totalCurrentLiabilities,26791000000,22183000000,26530000000,27171000000,27737000000,31785000000,26464000000,31926000000,33018000000,34212000000,33600000000,29012000000,26211000000,32023000000,33798000000,28409000000,25011000000,18795000000,16111000000,19876000000,20654000000,16661000000,17683000000,7166000000,6946000000,8907000000,9445000000,9392000000,10606000000
longTermDebt,31113000000,42767000000,23691000000,28733000000,33571000000,35286000000,33664000000,24028000000,20057000000,12065000000,9812000000,11289000000,10130000000,6083000000,6070000000,7679000000,12131000000,10456000000,10894000000,10911000000,8704000000,12494000000,12787000000,4128000000,4139000000,3650000000,4133000000,4128000000,4082000000
deferredRevenueNonCurrent,20778000000,20328000000,20445000000,19742000000,21106000000,21553000000,23465000000,23549000000,22982000000,21502000000,0.0,0.0,0.0,0.0,0.0,0.0,0.0,0.0,0.0,0.0,0.0,0.0,0.0,0.0,0.0,0.0,0.0,0.0,0.0
deferredTaxLiabilitiesNonCurrent,14665000000,12569000000,13688000000,15921000000,14652000000,17516000000,20689000000,21920000000,21301000000,17672000000,15544000000,12697000000,11521000000,11539000000,12170000000,11647000000,11262000000,7268000000,6417000000,5619000000,6132000000,6687000000,6712000000,3645000000,3215000000,2851000000,2433000000,2674000000,2916000000
otherNonCurrentLiabilities,6248000000,9217000000,7866000000,6654000000,7421000000,7216000000,7935000000,8412000000,5968000000,9699000000,28337000000,25960000000,24198000000,24403000000,19456000000,15749000000,14553000000,11287000000,11485000000,9046000000,7841000000,7664000000,7674000000,4567000000,3701000000,3823000000,3964000000,3617000000,3135000000
totalNonCurrentLiabilities,72804000000,84881000000,65690000000,71050000000,76750000000,81571000000,85753000000,77909000000,70308000000,60938000000,53693000000,49946000000,45849000000,42025000000,37696000000,35075000000,37946000000,29011000000,28796000000,25576000000,22677000000,26845000000,27173000000,12340000000,11055000000,10324000000,10530000000,10419000000,10133000000
otherLiabilities,0.0,0.0,0.0,0.0,0.0,0.0,0.0,0.0,0.0,0.0,0.0,0.0,0.0,0.0,0.0,0.0,0.0,0.0,0.0,0.0,0.0,0.0,0.0,0.0,0.0,0.0,0.0,0.0,0.0
capitalLeaseObligations,449000000,447000000,282000000,0.0,94000000,93000000,80000000,68000000,97000000,99000000,128000000,286000000,301000000,341000000,406000000,274000000,324000000,239000000,243000000,245000000,0,0,0,0,0,0,0,0,0
totalLiabilities,99595000000,107064000000,92220000000,98221000000,104487000000,113356000000,112217000000,109835000000,103326000000,95150000000,87293000000,78958000000,72060000000,74048000000,71494000000,63484000000,62957000000,47806000000,44907000000,45452000000,43331000000,43506000000,44856000000,19506000000,18001000000,19231000000,19975000000,19811000000,20739000000
preferredStock,0.0,0.0,0.0,0.0,0.0,0.0,0.0,0.0,0.0,0.0,0.0,0.0,0.0,0.0,0.0,0.0,0.0,0.0,0,0.0,0,0,0,0,0,0,0,0,0
commonStock,1832000000,1832000000,1832000000,1832000000,1832000000,1832000000,1832000000,1832000000,1832000000,1832000000,1832000000,1832000000,1832000000,1832000000,1832000000,1832000000,1832000000,1706000000,853000000,853000000,853000000,862000000,1724000000,1069000000,1069000000,1069000000,1069000000,1069000000,1069000000
retainedEarnings,165546000000,160377000000,174945000000,180987000000,174106000000,173046000000,181578000000,184987000000,173677000000,159730000000,140399000000,119641000000,106289000000,101102000000,82329000000,68464000000,55738000000,45414000000,35315000000,30942000000,32767000000,32206000000,27148000000,16942000000,17185000000,15408000000,14146000000,14457000000,13955000000
accumulatedOtherComprehensiveIncomeLoss,-4129000000,-5852000000,-5230000000,-3784000000,-3829000000,-4083000000,-4531000000,-5099000000,-3819000000,-6651000000,-6022000000,-4466000000,-4321000000,-4358000000,-2470000000,-3092000000,-918000000,-926000000,-1411000000,-1650000000,-56710000000,-51249000000,-54504000000,-27608000000,-26562000000,-25440000000,-26335000000,-24637000000,-22942000000
othertotalStockholdersEquity,-24182000000,-24669000000,-27334000000,-24481000000,-23985000000,-25239000000,-26163000000,-26692000000,-22577000000,-18387000000,-14827000000,-11926000000,-11886000000,-11928000000,-4603000000,1731000000,6024000000,-964000000,0.0,1459000000,57331000000,52296000000,56156000000,26631000000,25780000000,24586000000,25475000000,23707000000,21915000000
totalStockholdersEquity,139067000000,131688000000,144213000000,154554000000,148124000000,145556000000,152716000000,155028000000,149113000000,136524000000,121382000000,105081000000,91914000000,86648000000,77088000000,68935000000,62676000000,45230000000,36295000000,31604000000,34241000000,34115000000,30524000000,17034000000,17472000000,15623000000,14355000000,14596000000,13997000000
totalLiabilitiesAndStockholdersEquity,238662000000,238752000000,236433000000,252775000000,252611000000,258912000000,264933000000,264863000000,252439000000,231674000000,208675000000,184039000000,163974000000,160696000000,148582000000,132419000000,125633000000,93036000000,81202000000,77056000000,77572000000,77621000000,75380000000,36540000000,35473000000,34854000000,34330000000,34407000000,34736000000
minorityInterest,873000000,1038000000,995000000,1088000000,1195000000,1166000000,1170000000,1163000000,1314000000,1308000000,799000000,730000000,647000000,469000000,204000000,209000000,200000000,172000000,268000000,303000000,0,0,0,0,0,0,0,0,0
totalEquity,139940000000,132726000000,145208000000,155642000000,149319000000,146722000000,153886000000,156191000000,150427000000,137832000000,122181000000,105811000000,92561000000,87117000000,77292000000,69144000000,62876000000,45402000000,36563000000,31907000000,34241000000,34115000000,30524000000,17034000000,17472000000,15623000000,14355000000,14596000000,13997000000
totalLiabilitiesAndTotalEquity,239535000000,239790000000,237428000000,253863000000,253806000000,260078000000,266103000000,266026000000,253753000000,232982000000,209474000000,184769000000,164621000000,161165000000,148786000000,132628000000,125833000000,93208000000,81470000000,77359000000,77572000000,77621000000,75380000000,36540000000,35473000000,34854000000,34330000000,34407000000,34736000000
totalInvestments,40731000000,39083000000,38751000000,36549000000,32506000000,30263000000,27420000000,27342000000,25773000000,24692000000,23117000000,21675000000,21264000000,0.0,0.0,0.0,0.0,0.0,0.0,0.0,0.0,0.0,0.0,0.0,0.0,0.0,0.0,0.0,0.0
totalDebt,31369000000,44315000000,26973000000,34459000000,38763000000,46126000000,38592000000,27818000000,20431000000,12192000000,10152000000,11476000000,10514000000,8901000000,7232000000,9838000000,12870000000,11272000000,12597000000,16269000000,17133000000,15588000000,18850000000,7293000000,5776000000,6356000000,7939000000,8142000000,7538000000
netDebt,25729000000,38719000000,21287000000,25117000000,33950000000,39138000000,27570000000,15033000000,4186000000,-8747000000,-5712000000,-2584000000,1798000000,-446000000,-130000000,-655000000,2827000000,1981000000,8331000000,13312000000,15016000000,13260000000,16853000000,6724000000,4761000000,5464000000,7318000000,7729000000,5894000000
link,https://www.sec.gov/Archives/edgar/data/93410/000009341022000019/0000093410-22-000019-index.htm,https://www.sec.gov/Archives/edgar/data/93410/000009341021000009/0000093410-21-000009-index.htm,https://www.sec.gov/Archives/edgar/data/93410/000009341020000010/0000093410-20-000010-index.html,https://www.sec.gov/Archives/edgar/data/93410/000009341019000008/0000093410-19-000008-index.html,https://www.sec.gov/Archives/edgar/data/93410/000009341018000010/0000093410-18-000010-index.html,https://www.sec.gov/Archives/edgar/data/93410/000009341017000013/0000093410-17-000013-index.html,https://www.sec.gov/Archives/edgar/data/93410/000009341016000049/0000093410-16-000049-index.html,https://www.sec.gov/Archives/edgar/data/93410/000009341015000010/cvx-123114x10kdoc.htm,https://www.sec.gov/Archives/edgar/data/93410/000009341014000011/cvx-123113x10kdoc.htm,https://www.sec.gov/Archives/edgar/data/93410/000009341013000003/0000093410-13-000003-index.html,https://www.sec.gov/Archives/edgar/data/93410/000095012312002976/0000950123-12-002976-index.html,https://www.sec.gov/Archives/edgar/data/93410/000095012311017688/f56670e10vk.htm,https://www.sec.gov/Archives/edgar/data/93410/000095012310016846/0000950123-10-016846-index.html,https://www.sec.gov/Archives/edgar/data/93410/000089161809000054/0000891618-09-000054-index.html,https://www.sec.gov/Archives/edgar/data/93410/000095013408003672/f37829e10vk.htm,https://www.sec.gov/Archives/edgar/data/93410/000095014907000074/f27542e10vk.htm,https://www.sec.gov/Archives/edgar/data/93410/000095014906000076/f16935e10vk.htm,https://www.sec.gov/Archives/edgar/data/93410/000095013405004137/f04196e10vk.htm,,https://www.sec.gov/Archives/edgar/data/93410/000095014903000567/f87939e10vk.htm,,,,,,,,https://www.sec.gov/Archives/edgar/data/93410/000009341095000012/0000093410-95-000012-index.html,
finalLink,https://www.sec.gov/Archives/edgar/data/93410/000009341022000019/cvx-20211231.htm,https://www.sec.gov/Archives/edgar/data/93410/000009341021000009/cvx-20201231.htm,https://www.sec.gov/Archives/edgar/data/93410/000009341020000010/cvx12312019-10kdoc.htm,https://www.sec.gov/Archives/edgar/data/93410/000009341019000008/cvx12312018-10kdoc.htm,https://www.sec.gov/Archives/edgar/data/93410/000009341018000010/cvx12312017-10kdoc.htm,https://www.sec.gov/Archives/edgar/data/93410/000009341017000013/cvx-123116x10kdoc.htm,https://www.sec.gov/Archives/edgar/data/93410/000009341016000049/cvx-123115x10kdoc.htm,https://www.sec.gov/Archives/edgar/data/93410/000009341015000010/cvx-123114x10kdoc.htm,https://www.sec.gov/Archives/edgar/data/93410/000009341014000011/cvx-123113x10kdoc.htm,https://www.sec.gov/Archives/edgar/data/93410/000009341013000003/cvx-123112x10kdoc.htm,https://www.sec.gov/Archives/edgar/data/93410/000095012312002976/f60351e10vk.htm,https://www.sec.gov/Archives/edgar/data/93410/000095012311017688/f56670e10vk.htm,https://www.sec.gov/Archives/edgar/data/93410/000095012310016846/f54086e10vk.htm,https://www.sec.gov/Archives/edgar/data/93410/000089161809000054/f50714e10vk.htm,https://www.sec.gov/Archives/edgar/data/93410/000095013408003672/f37829e10vk.htm,https://www.sec.gov/Archives/edgar/data/93410/000095014907000074/f27542e10vk.htm,https://www.sec.gov/Archives/edgar/data/93410/000095014906000076/f16935e10vk.htm,https://www.sec.gov/Archives/edgar/data/93410/000095013405004137/f04196e10vk.htm,,https://www.sec.gov/Archives/edgar/data/93410/000095014903000567/f87939e10vk.htm,,,,,,,,https://www.sec.gov/Archives/edgar/data/93410/0000093410-95-000012.txt,
