,2021,2020,2019,2018,2017,2016,2015,2014,2013,2012,2011,2010,2009,2008,2007,2006,2005,2004,2003,2002,2001,2000,1999,1998,1997,1996,1995,1994,1993,1992,1991,1990,1989,1988,1987,1986,1985
reportedCurrency,USD,USD,USD,USD,USD,USD,USD,USD,USD,USD,USD,USD,USD,USD,USD,USD,USD,USD,USD,USD,USD,USD,USD,USD,USD,USD,USD,USD,USD,USD,USD,USD,USD,USD,USD,USD,USD
cik,0000315293,0000315293,0000315293,0000315293,0000315293,0000315293,0000315293,0000315293,0000315293,0000315293,0000315293,0000315293,0000315293,0000315293,0000315293,0000315293,0000315293,0000315293,0000315293,0000315293,0000315293,0000315293,0000315293,0000315293,0000315293,0000315293,0000315293,0000315293,0000315293,0000315293,0000315293,0000315293,0000315293,0000315293,0000315293,0000315293,0000315293
fillingDate,2022-02-18,2021-02-19,2020-02-14,2019-02-19,2018-02-20,2017-02-23,2016-02-22,2015-02-24,2014-02-18,2013-02-22,2012-02-24,2011-02-25,2010-02-26,2009-03-02,2008-02-28,2007-03-01,2006-03-09,2005-03-16,2004-03-11,2003-03-26,2002-03-15,2001-03-27,1999-12-31,1998-12-31,1998-03-31,1997-03-26,1995-12-31,1994-12-31,1993-12-31,1992-12-31,1991-12-31,1990-12-31,1989-12-31,1988-12-31,1987-12-31,1986-12-31,1985-12-31
acceptedDate,2022-02-18 16:07:56,2021-02-19 16:59:44,2020-02-14 16:40:54,2019-02-19 17:09:03,2018-02-20 17:30:16,2017-02-23 16:32:21,2016-02-22 16:42:34,2015-02-23 18:02:59,2014-02-18 17:15:50,2013-02-22 16:06:50,2012-02-24 16:47:56,2011-02-25 17:20:56,2010-02-26 16:16:58,2009-03-02 16:27:42,2008-02-28 16:42:26,2007-03-01 17:18:36,2006-03-09 16:53:35,2005-03-15 18:52:18,2004-03-11 16:58:14,2003-03-26 13:59:22,2002-03-15 00:00:00,2001-03-27 00:00:00,1999-12-31,1998-12-31,1998-03-31 00:00:00,1997-03-26 00:00:00,1995-12-31,1994-12-31,1993-12-31,1992-12-31,1991-12-31,1990-12-31,1989-12-31,1988-12-31,1987-12-31,1986-12-31,1985-12-31
calendarYear,2021,2020,2019,2018,2017,2016,2015,2014,2013,2012,2011,2010,2009,2008,2007,2006,2005,2004,2003,2002,2001,2000,1999,1998,1997,1996,1995,1994,1993,1992,1991,1990,1989,1988,1987,1986,1985
period,FY,FY,FY,FY,FY,FY,FY,FY,FY,FY,FY,FY,FY,FY,FY,FY,FY,FY,FY,FY,FY,FY,FY,FY,FY,FY,FY,FY,FY,FY,FY,FY,FY,FY,FY,FY,FY
cashAndCashEquivalents,544000000,884000000,790000000,656000000,756000000,431000000,384000000,374000000,477000000,291000000,272000000,346000000,217000000,582000000,584000000,281000000,476000000,570000000,540000000,506000000,439000000,1118000000,837000000,723000000,1084700000,410100000,115300000,508800000,0.0,0.0,0.0,0.0,0.0,0.0,0.0,0.0,0.0
shortTermInvestments,292000000,308000000,11972000000,10338000000,10154000000,9775000000,10288000000,12032000000,12394000000,12560000000,785000000,785000000,422000000,921000000,4331000000,4323000000,4806000000,5099000000,3815000000,3836000000,3615000000,2325000000,2362000000,2221000000,1697700000,1266300000,938300000,783200000,8887300000,8246700000,7508500000,6810000000,0.0,0.0,0.0,0.0,0.0
cashAndShortTermInvestments,836000000,1192000000,12762000000,10994000000,10910000000,10206000000,10672000000,12406000000,12871000000,12851000000,1057000000,1131000000,639000000,1503000000,4915000000,4604000000,5282000000,5669000000,4355000000,4342000000,4054000000,3443000000,3199000000,2944000000,2782400000,1676400000,1053600000,1292000000,8887300000,8246700000,7508500000,6810000000,0.0,0.0,0.0,0.0,0.0
netReceivables,3147000000,3165000000,3204000000,2885000000,2620000000,2689000000,2828000000,3126000000,3100000000,3101000000,3183000000,2701000000,2052000000,1990000000,8475000000,9032000000,9697000000,10099000000,10111000000,9643000000,7986000000,8230000000,7346000000,6606000000,6249900000,4624400000,2996700000,2653200000,2100500000,1720200000,822300000,594100000,0.0,0.0,0.0,0.0,0.0
inventory,0.0,0.0,0.0,0.0,0.0,0.0,0.0,0.0,0.0,0.0,0.0,0.0,0.0,0.0,0.0,0.0,0.0,0.0,0.0,0.0,0.0,0.0,0.0,0.0,0.0,0.0,0.0,0.0,0.0,0.0,0.0,0.0,0.0,0.0,0.0,0.0,0.0
otherCurrentAssets,15049000000,14327000000,510000000,493000000,147000000,251000000,472000000,291000000,359000000,430000000,11265000000,10687000000,11298000000,11033000000,4583000000,-109000000,-1992000000,-1953000000,-1358000000,-1089000000,-1581000000,-1258000000,-1043000000,-1120000000,-862300000,-988800000,-580300000,12162200000,4226300000,3402900000,2435400000,2315900000,0.0,0.0,0.0,0.0,0.0
totalCurrentAssets,19032000000,18684000000,16476000000,14372000000,13677000000,13146000000,13972000000,15823000000,16330000000,16382000000,15505000000,14519000000,13989000000,14526000000,17973000000,13527000000,12987000000,13815000000,13108000000,12896000000,10459000000,10415000000,9502000000,8430000000,8170000000,5312000000,3470000000,16107400000,15214100000,13369800000,10766200000,9720000000,0.0,0.0,0.0,0.0,0.0
propertyPlantEquipmentNet,1378000000,1599000000,1650000000,588000000,564000000,765000000,765000000,765000000,791000000,820000000,783000000,781000000,461000000,451000000,498000000,504000000,537000000,664000000,827000000,865000000,0.0,0.0,0.0,0.0,456800000,323200000,307800000,266500000,224200000,192900000,146000000,136100000,0.0,0.0,0.0,0.0,0.0
goodwill,8434000000,8666000000,8165000000,8171000000,8358000000,8747000000,8448000000,8860000000,8997000000,8943000000,8770000000,8647000000,6078000000,5637000000,4935000000,4532000000,4391000000,4727000000,4509000000,4099000000,3555000000,3427000000,3359000000,0.0,0.0,1060200000,957600000,869400000,0.0,0.0,0.0,0.0,0.0,0.0,0.0,0.0,0.0
intangibleAssets,492000000,640000000,783000000,1149000000,1733000000,2223000000,2180000000,2520000000,2578000000,2975000000,3276000000,3611000000,791000000,779000000,204000000,147000000,115000000,136000000,176000000,225000000,529000000,489000000,503000000,3500000000,3094500000,537500000,640100000,678600000,840800000,727100000,721000000,576100000,0.0,0.0,0.0,0.0,0.0
goodwillAndIntangibleAssets,8926000000,9306000000,8948000000,9320000000,10091000000,10970000000,10628000000,11380000000,11575000000,11918000000,12046000000,12258000000,6869000000,6416000000,5139000000,4679000000,4506000000,4863000000,4685000000,4324000000,4084000000,3916000000,3862000000,3500000000,3094500000,1597700000,1597700000,1548000000,840800000,727100000,721000000,576100000,0.0,0.0,0.0,0.0,0.0
longTermInvestments,64000000,74000000,53000000,54000000,57000000,119000000,135000000,143000000,132000000,165000000,239000000,312000000,319000000,332000000,417000000,7575000000,9064000000,8621000000,7324000000,6587000000,0.0,0.0,0.0,0.0,0.0,0.0,0.0,0.0,0.0,0.0,0.0,0.0,0.0,0.0,0.0,0.0,0.0
taxAssets,766000000,724000000,645000000,561000000,389000000,322000000,141000000,144000000,193000000,285000000,258000000,305000000,881000000,795000000,530000000,627000000,533000000,512000000,524000000,689000000,582000000,353000000,270000000,214000000,137000000,0.0,0.0,0.0,0.0,0.0,0.0,0.0,0.0,0.0,0.0,0.0,0.0
otherNonCurrentAssets,1751000000,1727000000,1633000000,1527000000,1310000000,1293000000,1523000000,1517000000,1230000000,916000000,721000000,807000000,439000000,420000000,391000000,-2594000000,191000000,-146000000,559000000,-27000000,7261000000,7567000000,7498000000,7544000000,6832700000,6489800000,14360300000,0.0,0.0,0.0,0.0,0.0,0.0,0.0,0.0,0.0,0.0
totalNonCurrentAssets,12885000000,13430000000,12929000000,12050000000,12411000000,13469000000,13192000000,13949000000,13921000000,14104000000,14047000000,14463000000,8969000000,8414000000,6975000000,10791000000,14831000000,14514000000,13919000000,12438000000,11927000000,11836000000,11630000000,11258000000,10521000000,8410700000,16265800000,1814500000,1065000000,920000000,867000000,712200000,0.0,0.0,0.0,0.0,0.0
otherAssets,0.0,0.0,0.0,0.0,0.0,0.0,0.0,0.0,0.0,0.0,0.0,0.0,0.0,0.0,0.0,0.0,0.0,0.0,0.0,0.0,0.0,0.0,0.0,0.0,0.0,0.0,0.0,0.0,0.0,0.0,0.0,0.0,9156400000,8266000000,7084200000,5904800000,3195700000
totalAssets,31917000000,32114000000,29405000000,26422000000,26088000000,26615000000,27164000000,29772000000,30251000000,30486000000,29552000000,28982000000,22958000000,22940000000,24948000000,24318000000,27818000000,28329000000,27027000000,25334000000,22386000000,22251000000,21132000000,19688000000,18691000000,13722700000,19735800000,17921900000,16279100000,14289800000,11633200000,10432200000,9156400000,8266000000,7084200000,5904800000,3195700000
accountPayables,2192000000,2016000000,1939000000,1943000000,1961000000,1801000000,1772000000,1805000000,1931000000,1853000000,0.0,0.0,1535000000,1560000000,10916000000,0.0,0.0,0.0,0.0,0.0,0.0,0.0,7643000000,6948000000,6379800000,4143700000,2408700000,2408700000,0.0,0.0,0.0,0.0,0.0,0.0,0.0,0.0,0.0
shortTermDebt,1377000000,682000000,922000000,251000000,299000000,336000000,562000000,783000000,703000000,452000000,337000000,492000000,10000000,105000000,252000000,42000000,7000000.0,2000000.0,53000000,117000000,257000000,309000000,903000000,844000000,764200000,213400000,243900000,243900000,168600000,115100000,63300000,22900000,0.0,0.0,0.0,0.0,0.0
taxPayables,149000000,80000000,93000000,83000000,139000000,78000000,94000000,66000000,184000000,0.0,0.0,0.0,0.0,0.0,71000000,0.0,0.0,0.0,0.0,0.0,0.0,0.0,0.0,0.0,0.0,0.0,0.0,0.0,0.0,0.0,0.0,0.0,0.0,0.0,0.0,0.0,0.0
deferredRevenue,321000000,296000000,270000000,251000000,311000000,393000000,394000000,408000000,475000000,0.0,0.0,0.0,0.0,0.0,0.0,0.0,0.0,0.0,0.0,0.0,0.0,0.0,0.0,0.0,0.0,0.0,0.0,0.0,0.0,0.0,0.0,0.0,0.0,0.0,0.0,0.0,0.0
otherCurrentLiabilities,15183000000,14439000000,12440000000,10851000000,10184000000,9965000000,10358000000,12018000000,12302000000,13045000000,13423000000,12457000000,11095000000,11138000000,3385000000,15350000000,18906000000,19526000000,18997000000,18899000000,16064000000,15906000000,7674000000,7449000000,7238000000,6007900000,13862400000,0.0,0.0,0.0,0.0,0.0,0.0,0.0,0.0,0.0,0.0
totalCurrentLiabilities,19073000000,17433000000,15571000000,13296000000,12755000000,12495000000,13086000000,15014000000,15411000000,15350000000,13760000000,12949000000,12640000000,12803000000,14553000000,15392000000,18913000000,19528000000,19050000000,19016000000,16321000000,16215000000,16220000000,15241000000,14382000000,10365000000,16515000000,2652600000,168600000,115100000,63300000,22900000,0.0,0.0,0.0,0.0,0.0
longTermDebt,9046000000,8243000000,6627000000,5993000000,5667000000,5869000000,5175000000,4799000000,3686000000,3713000000,4155000000,4014000000,1998000000,1872000000,1893000000,2243000000,2105000000,2115000000,2095000000,1671000000,1694000000,1798000000,1011000000,580000000,637100000,475100000,495500000,495500000,521300000,477900000,418000000,429800000,438100000,379500000,435500000,263900000,91900000
deferredRevenueNonCurrent,70000000,76000000,62000000,65000000,49000000,140000000,159000000,167000000,134000000,0.0,0.0,0.0,0.0,0.0,0.0,0.0,0.0,0.0,0.0,0.0,0.0,0.0,0.0,0.0,0.0,0.0,0.0,0.0,0.0,0.0,0.0,0.0,0.0,0.0,0.0,0.0,0.0
deferredTaxLiabilitiesNonCurrent,401000000,262000000,199000000,181000000,127000000,101000000,176000000,313000000,420000000,306000000,301000000,663000000,129000000,118000000,109000000,0.0,0.0,0.0,0.0,0.0,0.0,0.0,0.0,0.0,0.0,16500000,129300000,129300000,0.0,0.0,0.0,0.0,0.0,0.0,0.0,0.0,0.0
otherNonCurrentLiabilities,2169000000,2517000000,3497000000,2668000000,2842000000,2478000000,2405000000,2848000000,2405000000,3312000000,3216000000,3050000000,2760000000,2837000000,2172000000,1465000000,1497000000,1533000000,1334000000,702000000,800000000,800000000,800000000,0.0,-100000.0,-16600000,-127800000,0.0,0.0,0.0,0.0,0.0,0.0,0.0,0.0,0.0,0.0
totalNonCurrentLiabilities,11686000000,11098000000,10385000000,8907000000,8685000000,8588000000,7915000000,8127000000,6645000000,7331000000,7672000000,7727000000,4887000000,4827000000,4174000000,3708000000,3602000000,3648000000,3429000000,2373000000,2494000000,2598000000,1811000000,580000000,637000000,475000000,497000000,624800000,521300000,477900000,418000000,429800000,438100000,379500000,435500000,263900000,91900000
otherLiabilities,0.0,0.0,0.0,0.0,0.0,0.0,0.0,0.0,0.0,0.0,0.0,0.0,0.0,0.0,0.0,0.0,0.0,7346000000,6908000000,0.0,0.0,0.0,0.0,1210000000,1324100000,999800000,1460400000,13636700000,14344000000,12548700000,10212900000,9381500000,8173100000,7392200000,6389500000,5026700000,2314700000
capitalLeaseObligations,1031000000,1196000000,1230000000,169000000,153000000,169000000,166000000,184000000,204000000,0.0,0.0,0.0,0.0,0.0,0.0,0.0,0.0,0.0,0.0,0.0,0,0,0,0,0,0,0,0,0,0,0,0,0,0,0,0,0
totalLiabilities,30759000000,28531000000,25956000000,22203000000,21440000000,21083000000,21001000000,23141000000,22056000000,22681000000,21432000000,20676000000,17527000000,17630000000,18727000000,19100000000,22515000000,23226000000,22529000000,20737000000,18065000000,18063000000,17281000000,15871000000,15069100000,10889800000,17478400000,15664500000,13991300000,12185900000,9858200000,8974600000,7735000000,7012700000,5954000000,4762800000,2222800000
preferredStock,0,0.0,0.0,0.0,0.0,0.0,0.0,0.0,0.0,0.0,0.0,0.0,0.0,0.0,0.0,0.0,0.0,0.0,0.0,0.0,0,0,0,0,0,0,0,0,0,0,0,0,0,0,0,0,0
commonStock,2000000.0,2000000.0,2000000.0,2000000.0,2000000.0,3000000.0,3000000.0,3000000.0,3000000.0,3000000.0,386000000,386000000,363000000,362000000,361000000,347000000,344000000,339000000,336000000,333000000,293000000,264000000,259000000,172000000,171500000,114100000,110600000,110600000,0.0,0.0,0.0,0.0,0.0,0.0,0.0,0.0,0.0
retainedEarnings,-1694000000,1042000000,1254000000,2093000000,2302000000,3807000000,4117000000,4605000000,5731000000,5933000000,8594000000,7861000000,7335000000,6816000000,5607000000,4992000000,4573000000,4031000000,3679000000,3251000000,3077000000,3127000000,2905000000,2782000000,2463400000,2356800000,1998100000,1998100000,1784900000,1603200000,1602300000,1464600000,1336700000,1195500000,1099800000,1021800000,847800000
accumulatedOtherComprehensiveIncomeLoss,-3871000000,-3861000000,-4033000000,-3909000000,-3496000000,-3912000000,-3423000000,-3134000000,-2374000000,-2610000000,-2370000000,-1917000000,-1675000000,-1462000000,-726000000,-1010000000,-1155000000,-870000000,-861000000,-954000000,0.0,0.0,0.0,0.0,0.0,0.0,0.0,0.0,0.0,0.0,0.0,0.0,0.0,0.0,0.0,0.0,0.0
othertotalStockholdersEquity,0.0,6312000000,6152000000,5965000000,5775000000,5577000000,5409000000,5097000000,4785000000,4436000000,1468000000,1921000000,-644000000,-406000000,979000000,889000000,1541000000,1603000000,1344000000,1265000000,951000000,797000000,687000000,863000000,987200000,362000000,148700000,148700000,502900000,500700000,172700000,0.0,84700000,57800000,30400000,120200000,125100000
totalStockholdersEquity,1061000000,3495000000,3375000000,4151000000,4583000000,5475000000,6106000000,6571000000,8145000000,7762000000,8078000000,8251000000,5379000000,5310000000,6221000000,5218000000,5303000000,5103000000,4498000000,3895000000,4321000000,4188000000,3851000000,3817000000,3622100000,2832900000,2257400000,2257400000,2287800000,2103900000,1775000000,1457600000,1421400000,1253300000,1130200000,1142000000,972900000
totalLiabilitiesAndStockholdersEquity,31820000000,32026000000,29331000000,26354000000,26023000000,26558000000,27107000000,29712000000,30201000000,30443000000,29510000000,28927000000,22906000000,22940000000,24948000000,24318000000,27818000000,28329000000,27027000000,24632000000,22386000000,22251000000,21132000000,19688000000,18691200000,13722700000,19735800000,17921900000,16279100000,14289800000,11633200000,10432200000,9156400000,8266000000,7084200000,5904800000,3195700000
minorityInterest,97000000,88000000,74000000,68000000,65000000,57000000,57000000,60000000,50000000,43000000,42000000,55000000,52000000,0,0,0,0,0,0,702000000,0,0,0,0,-200000,0,0,0,0,0,0,0,0,0,0,0,0
totalEquity,1158000000,3583000000,3449000000,4219000000,4648000000,5532000000,6163000000,6631000000,8195000000,7805000000,8120000000,8306000000,5431000000,5310000000,6221000000,5218000000,5303000000,5103000000,4498000000,4597000000,4321000000,4188000000,3851000000,3817000000,3621900000,2832900000,2257400000,2257400000,2287800000,2103900000,1775000000,1457600000,1421400000,1253300000,1130200000,1142000000,972900000
totalLiabilitiesAndTotalEquity,31917000000,32114000000,29405000000,26422000000,26088000000,26615000000,27164000000,29772000000,30251000000,30486000000,29552000000,28982000000,22958000000,22940000000,24948000000,24318000000,27818000000,28329000000,27027000000,25334000000,22386000000,22251000000,21132000000,19688000000,18691000000,13722700000,19735800000,17921900000,16279100000,14289800000,11633200000,10432200000,9156400000,8266000000,7084200000,5904800000,3195700000
totalInvestments,356000000,382000000,12025000000,10392000000,10211000000,9894000000,10423000000,12175000000,12526000000,12725000000,1024000000,1097000000,741000000,1253000000,4748000000,11898000000,13870000000,13720000000,11139000000,10423000000,0.0,0.0,0.0,0.0,0.0,0.0,0.0,0.0,0.0,0.0,0.0,0.0,0.0,0.0,0.0,0.0,0.0
totalDebt,10423000000,8925000000,7549000000,6244000000,5966000000,6205000000,5737000000,5582000000,4389000000,4165000000,4492000000,4506000000,2008000000,1977000000,2145000000,2285000000,2112000000,2117000000,2148000000,1788000000,1951000000,2107000000,1914000000,1424000000,1401300000,688500000,739400000,739400000,689900000,593000000,481300000,452700000,438100000,379500000,435500000,263900000,91900000
netDebt,9879000000,8041000000,6759000000,5588000000,5210000000,5774000000,5353000000,5208000000,3912000000,3874000000,4220000000,4160000000,1791000000,1395000000,1561000000,2004000000,1636000000,1547000000,1608000000,1282000000,1512000000,989000000,1077000000,701000000,316600000,278400000,624100000,230600000,689900000,593000000,481300000,452700000,438100000,379500000,435500000,263900000,91900000
link,https://www.sec.gov/Archives/edgar/data/315293/000162828022003180/0001628280-22-003180-index.htm,https://www.sec.gov/Archives/edgar/data/315293/000162828021002574/0001628280-21-002574-index.htm,https://www.sec.gov/Archives/edgar/data/315293/000162828020001607/0001628280-20-001607-index.html,https://www.sec.gov/Archives/edgar/data/315293/000162828019001558/0001628280-19-001558-index.html,https://www.sec.gov/Archives/edgar/data/315293/000162828018001923/0001628280-18-001923-index.html,https://www.sec.gov/Archives/edgar/data/315293/000162828017001652/0001628280-17-001652-index.html,https://www.sec.gov/Archives/edgar/data/315293/000162828016011485/0001628280-16-011485-index.html,https://www.sec.gov/Archives/edgar/data/315293/000162828015000950/aonplc201410-k.htm,https://www.sec.gov/Archives/edgar/data/315293/000144530514000476/aonplc201310-k.htm,https://www.sec.gov/Archives/edgar/data/315293/000104746913001494/0001047469-13-001494-index.html,https://www.sec.gov/Archives/edgar/data/315293/000104746912001478/0001047469-12-001478-index.html,https://www.sec.gov/Archives/edgar/data/315293/000104746911001427/a2202065z10-k.htm,https://www.sec.gov/Archives/edgar/data/315293/000104746910001535/0001047469-10-001535-index.html,https://www.sec.gov/Archives/edgar/data/315293/000104746909002122/0001047469-09-002122-index.html,https://www.sec.gov/Archives/edgar/data/315293/000104746908001929/a2182853z10-k.htm,https://www.sec.gov/Archives/edgar/data/315293/000104746907001537/a2176366z10-k.htm,https://www.sec.gov/Archives/edgar/data/315293/000104746906003130/a2167992z10-k.htm,https://www.sec.gov/Archives/edgar/data/315293/000104746905006608/a2152901z10-k.htm,https://www.sec.gov/Archives/edgar/data/315293/000104746904007513/a2129818z10-k.htm,https://www.sec.gov/Archives/edgar/data/315293/000104746903010294/a2106480z10-k.htm,https://www.sec.gov/Archives/edgar/data/315293/000094857202000008/0000948572-02-000008-index.html,https://www.sec.gov/Archives/edgar/data/315293/000094857201000011/0000948572-01-000011-index.html,,,https://www.sec.gov/Archives/edgar/data/315293/000094857298000011/0000948572-98-000011-index.html,https://www.sec.gov/Archives/edgar/data/315293/000094857297000010/0000948572-97-000010-index.html,,,,,,,,,,,
finalLink,https://www.sec.gov/Archives/edgar/data/315293/000162828022003180/aon-20211231.htm,https://www.sec.gov/Archives/edgar/data/315293/000162828021002574/aon-20201231.htm,https://www.sec.gov/Archives/edgar/data/315293/000162828020001607/aonplc201910-k.htm,https://www.sec.gov/Archives/edgar/data/315293/000162828019001558/aonplc201810-k.htm,https://www.sec.gov/Archives/edgar/data/315293/000162828018001923/aonplc201710-k.htm,https://www.sec.gov/Archives/edgar/data/315293/000162828017001652/aonplc201610-k.htm,https://www.sec.gov/Archives/edgar/data/315293/000162828016011485/aonplc201510-k.htm,https://www.sec.gov/Archives/edgar/data/315293/000162828015000950/aonplc201410-k.htm,https://www.sec.gov/Archives/edgar/data/315293/000144530514000476/aonplc201310-k.htm,https://www.sec.gov/Archives/edgar/data/315293/000104746913001494/a2212713z10-k.htm,https://www.sec.gov/Archives/edgar/data/315293/000104746912001478/a2207295z10-k.htm,https://www.sec.gov/Archives/edgar/data/315293/000104746911001427/a2202065z10-k.htm,https://www.sec.gov/Archives/edgar/data/315293/000104746910001535/a2196344z10-k.htm,https://www.sec.gov/Archives/edgar/data/315293/000104746909002122/a2190823z10-k.htm,https://www.sec.gov/Archives/edgar/data/315293/000104746908001929/a2182853z10-k.htm,https://www.sec.gov/Archives/edgar/data/315293/000104746907001537/a2176366z10-k.htm,https://www.sec.gov/Archives/edgar/data/315293/000104746906003130/a2167992z10-k.htm,https://www.sec.gov/Archives/edgar/data/315293/000104746905006608/a2152901z10-k.htm,https://www.sec.gov/Archives/edgar/data/315293/000104746904007513/a2129818z10-k.htm,https://www.sec.gov/Archives/edgar/data/315293/000104746903010294/a2106480z10-k.htm,https://www.sec.gov/Archives/edgar/data/315293/000094857202000008/b10kdec2002.txt,https://www.sec.gov/Archives/edgar/data/315293/000094857201000011/0000948572-01-000011-0001.txt,,,https://www.sec.gov/Archives/edgar/data/315293/0000948572-98-000011.txt,https://www.sec.gov/Archives/edgar/data/315293/0000948572-97-000010.txt,,,,,,,,,,,
