,2021,2020,2019,2018,2017,2016,2015,2014,2013,2012,2011,2010,2009,2008,2007,2006,2005,2004,2003,2002,2001,2000,1999,1998,1997,1996,1995,1994,1993,1992,1991,1990,1989,1988,1987,1986,1985
period,FY,FY,FY,FY,FY,FY,FY,FY,FY,FY,FY,FY,FY,FY,FY,FY,FY,FY,FY,FY,FY,FY,FY,FY,FY,FY,FY,FY,FY,FY,FY,FY,FY,FY,FY,FY,FY
revenueGrowth,0.10184348454726189,0.004812494324888767,0.02256267409470752,0.07721544308861772,0.06259963864385164,-0.007489451476793249,-0.2129514321295143,0.01946677951756242,0.026142087892999825,0.020111632851953574,0.3260103383458647,0.12073732718894009,-0.0047175992661512255,0.021416142417347076,-0.16562430198793834,-0.08976313916844567,-0.032933543059378685,0.03690112130479103,0.11199274540920426,0.14929650859822824,0.0408135593220339,0.04314002828854314,0.08886493146465424,0.12921739130434784,0.478529184880432,0.12204270051933064,-0.16620558589333398,0.08117457344985435,0.15234527199160797,0.13838752601589954,0.11593816631130063,0.1523847132640077,-0.15825823607622988,0.0966383151073309,0.3674124944616748,0.32784232975437566,0
grossProfitGrowth,0.056965704320868046,0,0,0,0,0,0,0,0,0,0,0,0,0,0,0,0,0,0,0,0,0,0,0,0,0,0,0,0,0,0,0,0,0,0,0,0
ebitgrowth,-0.2484717727436174,0.2821576763485477,0.40479274611398963,0.5771195097037793,-0.4863588667366212,0.031385281385281384,-0.06002034587995931,0.1765409934171155,0.046992481203007516,-0.0062266500622665,0.3099510603588907,0.2007835455435847,-0.006809338521400778,-0.11607910576096303,0.10867492850333652,-0.03761467889908257,0.07283464566929133,-0.1610239471511148,0.32061068702290074,0.7433460076045627,-0.4708249496981891,0.34324324324324323,-0.2730844793713163,0.6658484699721813,0.25818406423718343,-0.019382192610539067,-0.15188356164383562,0,0,0,0,0,0,0,0,0,0
operatingIncomeGrowth,-0.2484717727436174,0.2821576763485477,0.40479274611398963,0.5771195097037793,-0.4863588667366212,0.031385281385281384,-0.06002034587995931,0.1765409934171155,0.046992481203007516,-0.0062266500622665,0.3099510603588907,0.2007835455435847,-0.006809338521400778,-0.11607910576096303,0.10867492850333652,-0.03761467889908257,0.07283464566929133,-0.1610239471511148,0.32061068702290074,0.7433460076045627,-0.4708249496981891,0.34324324324324323,-0.2730844793713163,0.6658484699721813,0.25818406423718343,-0.019382192610539067,-0.15188356164383562,0,0,0,0,0,0,0,0,0,0
netIncomeGrowth,-0.36262061960385983,0.28524804177545693,0.3509700176366843,-0.07504078303425775,-0.12177650429799428,0.007942238267148015,-0.008589835361488905,0.2551662174303684,0.12084592145015106,0.014300306435137897,0.386685552407932,-0.05488621151271754,-0.4890560875512996,0.6921296296296297,0.2,-0.023066485753052916,0.3498168498168498,-0.1305732484076433,0.34763948497854075,1.2955665024630543,-0.5717299578059072,0.3465909090909091,-0.34935304990757854,0.8093645484949833,-0.10746268656716418,-0.1687344913151365,0.11944444444444445,0.11179740580605312,1.5576619273301737,-0.4768595041322314,0.012552301255230125,0.028399311531841654,0.2947075208913649,-0.030253916801728797,0.004885993485342019,0.14409937888198757,0
epsgrowth,-0.31648800248321796,0.33335217930053207,0.38690594172625653,-0.02373732648339682,-0.08943719104756771,0.05828244744067856,0.048002113097986375,0.3179267150252029,0.18489392953675068,0.03866637408262723,0.21182459383824423,-0.07708579241997485,-0.4714976302927238,0.8158075755536613,0.270588905883359,-0.023067606509603447,0.3300806083274699,-0.1795892325454214,0.19931496866346002,1.2063458034087258,-0.5859023015291742,0.34659294680215186,-0.35677657790144984,0.7884942669027522,-0.11788611721889458,-0.1785522988577337,0.15049485653030045,0.09027812499999999,1.4615384615384615,-0.5272727272727273,0.028037383177570117,0.019047619047619063,0.26506024096385555,0,0.012195121951219523,0.15492957746478872,0
epsdilutedGrowth,-0.31325244273165914,0.32707019023433387,0.38690594172625653,-0.02373732648339682,-0.08943719104756771,0.05828244744067856,0.048002113097986375,0.3179267150252029,0.18489392953675068,0.03866637408262723,0.21182459383824423,-0.07708579241997485,-0.4714976302927238,0.8158075755536613,0.270588905883359,-0.023067606509603447,0.3300806083274699,-0.1795892325454214,0.19931496866346002,1.2063458034087258,-0.5859023015291742,0.34659294680215186,-0.35677657790144984,0.7884942669027522,-0.11788611721889458,-0.1785522988577337,0.17084945252480327,0.07975984251968497,1.4423076923076923,-0.5272727272727273,0.028037383177570117,0.019047619047619063,0.26506024096385555,0,0.012195121951219523,0.15492957746478872,0
weightedAverageSharesGrowth,-0.028029322984044848,-0.03615960099750624,-0.025910931174089068,-0.05255082470272344,-0.03551609322974473,-0.04756871035940803,-0.054,-0.047619047619047616,-0.05405405405405406,-0.02346041055718475,0.14429530201342283,0.024054982817869417,-0.03322259136212625,-0.06811145510835913,-0.05555555555555555,0,0.01483679525222552,0.059748427672955975,0.12367491166077739,0.04044117647058824,0.034220532319391636,0,0.011538461538461539,0.011673151750972763,0.011811023622047244,0.01195219123505976,0.06924433559186846,-0.0720386490426189,0.039050159947646434,0.10664335454545455,-0.015062761588697677,0.009176896098157977,0.023435468494078515,-0.029729729656975894,-0.003972294492449226,-0.008832524013059251,0
weightedAverageSharesDilutedGrowth,-0.03303303303303303,-0.03117206982543641,-0.025910931174089068,-0.05255082470272344,-0.03551609322974473,-0.04756871035940803,-0.054,-0.047619047619047616,-0.05405405405405406,-0.02346041055718475,0.14429530201342283,0.024054982817869417,-0.03322259136212625,-0.06811145510835913,-0.05555555555555555,0,0.01483679525222552,0.059748427672955975,0.12367491166077739,0.04044117647058824,0.034220532319391636,0,0.011538461538461539,0.011673151750972763,0.011811023622047244,0.01195219123505976,0.05065650334399687,-0.06299945211148875,0.04723165759348814,0.10664335454545455,-0.015062761588697677,0.009176896098157977,0.023435468494078515,-0.029729729656975894,-0.003972294492449226,-0.008832524013059251,0
dividendsperShareGrowth,0.11623887630189263,0.04257722525478807,0.10184834597624622,0.10765894025003334,0.09392438418305224,0.12145775419812178,0.25068729719892513,0.3521226415094339,0.09859943977591051,-0.09173521347434391,0.03075419204451456,0.15405735204392926,-0.001929221679628559,0.04260419812745391,-0.014005602240896519,-0.020725388601036267,-0.009487694931773824,-0.04644697797907224,-0.2743002132426377,-0.07077401287333401,0.03108732431025501,0.07619047619047614,0.0701266120497041,0.053056224390655986,0.04091566839877318,-0.0025810039944658006,-0.01289833396174992,0.15827500356257507,0.2161090725624838,0.07768665086227299,0.04127298302782176,0,0,0,0,0,0
operatingCashFlowGrowth,-0.21595400646784046,0.5166212534059945,0.08837485172004746,1.2970027247956404,-0.6844368013757524,0.15778994524639123,0.22350791717417784,0.005511328842620943,0.15081042988019733,0.393909626719057,0.2935196950444727,1.0986666666666667,-0.6089676746611054,-0.2560124127230411,0.33161157024793386,0.09255079006772009,-0.2516891891891892,-0.0975609756097561,0.05636070853462158,1.221824686940966,-0.2435723951285521,0.5995670995670995,-0.4652777777777778,0.10190026782298177,1.2112239142695995,-0.4183070866141732,-0.12388617418798506,0.15046296296296297,0.04510108864696734,-0.1480936257912557,-0.45093760103459424,0,0,0,0,0,0
freeCashFlowGrowth,-0.2259651778955337,0.6409937888198758,0.11341632088520055,1.6243194192377495,-0.7381178707224335,0.2239674229203025,0.24025974025974026,-0.01282051282051282,0.22086956521739132,0.4800514800514801,0.2800658978583196,1.5829787234042554,-0.7254672897196262,-0.2350312779267203,0.3713235294117647,0.07368421052631578,-0.3115942028985507,-0.02040816326530612,0.1690871369294606,2.4676258992805757,-0.5035714285714286,1.931937172774869,-0.6613475177304965,1.558029088750371,-4.612223016440314,-0.4531952315810045,-0.17321053481984167,0.10973641742872513,0.06839080459770115,-0.20801092398725535,-0.45582892998679,0,0,0,0,0,0
tenYRevenueGrowthPerShare,0.6343027671428894,0.6706080369098685,0.7537804599758011,0.7199023586404696,0.6580433731307406,0.32955540179836423,0.16133998982570227,0.33017597325992915,0.2158535993398379,0.10917832364216404,0.1728921618817231,0.018612672050961218,-0.029107549930250817,0.01517964912891115,0.033811818548929916,0.7099631739845028,1.0829638290764418,0.7045260262323134,1.0297147544048713,1.2746775950507798,1.1183013448990773,1.3848415507383929,1.6106407227154074,0.994683106497949,1.0197948798565244,0.8976009846706137,1.2927408763768284,1.9401734451200623,1.5235215377631837,1.275416510289862,1.21196605056626,0.9523014796650789,0.709687333421677,1.0787309505736575,0.8391942116176305,0.3396750417301534,0
fiveYRevenueGrowthPerShare,0.5540294303732111,0.42854514986271913,0.14005149020350746,0.16250700320905453,0.10914955586164879,0.05165496560152022,0.16944713792939,0.5383344305464121,0.4794769871430858,0.49487809319157205,0.2642505814993152,-0.006932462221458053,-0.13531417691310832,-0.17818687961636534,-0.2580141961448757,-0.07226290496085608,0.025723461195361258,0.12282683969965455,0.23529257923627464,0.3933040405592258,0.8431549014565969,1.0307265143852613,0.5180666920005741,0.6431044665222159,0.6325780510460588,0.14928015177945128,0.17437849648618436,0.7197141182743375,0.21397217714335723,0.23718120463665437,0.6511213403733839,0.9523014796650789,0.709687333421677,1.0787309505736575,0.8391942116176305,0.3396750417301534,0
threeYRevenueGrowthPerShare,0.24061752592523034,0.24427912749432165,0.3149601551440772,0.3053374673294726,-0.04481707215127768,-0.07194385511372829,-0.03391807969046602,0.21300168335252936,0.3131302959780402,0.3247904916107682,0.3055971340853464,0.23492088873397726,-0.003117883155371515,-0.11858914931320723,-0.23369834512027798,-0.15130997728776568,-0.07730971614027135,0.06957289513114993,0.10010873041253587,0.15962335254222038,0.13004049609987214,0.2533476607703754,0.7557369083316794,0.8084946069510409,0.2634611940505274,0.007389332836497066,0.007613712042882026,0.32921273559663483,0.2925880372718349,0.3308962789915304,0.06409444183040336,0.06149827317473284,0.2761955550158365,1.0787309505736575,0.8391942116176305,0.3396750417301534,0
tenYOperatingCFGrowthPerShare,2.24270495761301,3.5441639229107325,4.9183707398171235,1.1424391973758092,-0.2944876284920082,2.0402858164940696,1.7324984847689453,0.557865990990991,0.25651858304297337,-0.029036282659470985,0.4526149019772425,-0.06012569134782175,-0.2664122818761993,-0.041236003445305855,0.3080130124932729,1.02742238186178,0.06668546914091884,0.18531598250801973,0.7256861252537352,0.8463415331182784,-0.33441431923866266,-0.4927022899924889,0,0,0,0,0,0,0,0,0,0,0,0,0,0,0
fiveYOperatingCFGrowthPerShare,0.12496023120452347,0.6952935593194145,0.3934408801382657,0.31669439272494676,-0.3392808919878259,1.8825063034814695,1.680458436198515,3.247306666666667,0.6271347468427761,0.06779471480790346,0.054736918639877834,0.01941460754162437,-0.6332108526051824,-0.22777226318774818,-0.09068315859270232,0.377229597547835,-0.07802546510615738,1.0000256914203502,0.2415560214302352,0.4384568204729783,0.47210195414883394,0.15695762601918112,-0.4073496217609842,0.3899381868131868,0.28355714738186144,-0.5478671304759068,-0.5615243820527783,0,0,0,0,0,0,0,0,0,0
threeYOperatingCFGrowthPerShare,0.4182089360577899,3.2624316597988656,-0.11370809862703507,-0.035742398075059,-0.48559742882812923,0.6599233484194262,0.6612285398853076,0.8334053700065489,0.9629858211815011,2.3067387387387392,-0.06299633966222143,-0.33822847949349427,-0.5447090397887023,0.22982833744553519,0.13586990628399293,-0.31397090286692336,-0.40970044542381184,0.7095385464718154,0.46831090799227243,1.4983249965582124,-0.3815529684095861,-0.07901966023383955,0.25829135383091106,0.3682616596002425,0.029320611575511923,-0.416070915940195,0.02175816220034316,-0.0400497470441458,-0.5683625484941489,0,0,0,0,0,0,0,0
tenYNetIncomeGrowthPerShare,0.9393736976959812,2.583905341635242,1.480478856406507,-0.0547749464158133,0.7580783218968875,1.4532001479837222,1.264623452026816,1.8741697191697189,0.7891719745222929,0.8109461392723197,2.846813920228826,0.3145159006598135,0.917965089034677,1.3343015579614468,1.2991809644118162,0.5962293794186958,0.3421778184087183,0.05646959906033627,0.5428459119496855,2.1666213584981495,-0.32152406417112306,0.6843751111888889,0.27466956172326445,1.5069508776515965,0.40095853611571836,0.6022994408679372,1.2515449541956396,1.1505771908126319,0.7949785679503105,-0.2707899553877976,0.5425597068322981,0.5004898965203988,0.4724433587392743,0.16393141645213896,0.16456056865646246,0.15429471466743502,0
fiveYNetIncomeGrowthPerShare,0.07807864020156462,0.7398330850313608,0.36737611947225723,0.29936597662516223,0.5770462280845087,0.7989167259017239,1.0599133172425224,0.8140428380187413,-0.2725490196078431,0.11479187520854203,0.36370967741935495,0.0993780335661533,0.5844001359465278,1.4595086442220198,0.6244701630369789,1.8208452164894995,0.19569052730278572,0.21053075263015925,-0.05090735767679241,0.4153420707422857,-0.4341308165057068,0.1225127135834852,-0.12726744300802711,0.6256009615384617,1.2373540813616832,0.19899785254115962,0.500539896614379,0.4605500293430539,0.5421686729805014,-0.3738324444099271,0.3363655635179154,0.5004898965203988,0.4724433587392743,0.16393141645213896,0.16456056865646246,0.15429471466743502,0
threeYNetIncomeGrowthPerShare,0.21275678433324122,0.8054918338964523,0.23288840934912,-0.05924026951577792,0.00989050183979657,0.4616882708939754,0.6365616397233063,0.6219850187265915,0.4914069877242683,0.16165563153514959,-0.40891840607210617,-0.11431922694506588,0.21932989690721666,1.2539251792983135,0.6510053414078181,0.0660408984244049,0.30870541876866703,1.170878952215287,0.09574609240240953,0.23030436877610028,-0.6413232575839948,0.5491180996223152,0.014789172010668932,0.2959629700324491,-0.24136595679853,0.030388779527559112,2.0876493965370737,0.394161393745283,0.19626168234309616,-0.5047619045689052,0.3253012033426185,0.2884601599137891,0.275621676188218,0.16393141645213896,0.16456056865646246,0.15429471466743502,0
tenYShareholdersEquityGrowthPerShare,-0.8012935326880571,-0.45567772333213596,-0.24112613057428928,-0.047362321492562344,-0.08725145973827961,0.32757819023962564,0.38755078600449144,0.44648703377098437,0.8280505621546084,0.6935903811385198,0.4911938626132621,0.7387590302750587,0.26238197602978997,0.20165338314255946,0.3665652282688754,0.3679821826207063,0.7240931320356648,0.5746495376879839,0.564015850964454,0.5926718132755979,0.9689726594863298,1.4402071099948663,1.2800705387742282,1.5332621387843788,1.7794933895126857,1.1855142396100227,1.087092847216131,1.2316122047401528,1.098737639343161,1.005403196534437,0.8723310823311748,0.514367242566736,0.4903094577686666,0.34485558251200277,0.17670781532297242,0.18427035433418235,0
fiveYShareholdersEquityGrowthPerShare,-0.7676068116347193,-0.2995098664431609,-0.359575494379255,-0.350057038047733,-0.24581234179439004,-0.14495571617352335,-0.22294083729061304,0.18495445250046483,0.46572504708097934,0.21024062158927942,0.5526426120276191,0.7856436840233526,0.220711083635864,0.24719882886303102,0.39938318953011914,-0.039576879404404734,-0.026256444198685218,0.03413657248839754,-0.03651819153966944,-0.023451733239887848,0.42435365547256715,0.7705823281334796,0.5226707763549776,0.6232956732870678,0.6309197071841567,0.3823622047244094,0.3781946601530215,0.4974153140525495,0.5605672955775753,0.7042490671178313,0.5809997062569656,0.514367242566736,0.4903094577686666,0.34485558251200277,0.17670781532297242,0.18427035433418235,0
threeYShareholdersEquityGrowthPerShare,-0.7199047834231154,-0.14269056096000204,-0.3074676322891402,-0.21889148657124938,-0.1974010012610769,-0.2166469423170081,-0.07697172706191,-0.07538540892960302,-0.06612185535952347,0.2610167334093716,0.3428312650838621,0.43758205860427285,0.211519996206628,0.1377124338195079,0.271926487727428,0.07866264148588456,0.1266123159846557,-0.04680818334584332,-0.1117373387876713,-0.06005323751437145,0.08209789024333865,0.12985734070408295,0.31286551944580565,0.6323527407296344,0.46560033465086215,0.23323643433364094,0.04073477633967215,0.1918897388391637,0.385884203217419,0.34562871226556086,0.39221720657464304,0.2869526511567239,0.2584199649298363,0.34485558251200277,0.17670781532297242,0.18427035433418235,0
tenYDividendperShareGrowthPerShare,1.9402222136491651,1.7150518017270926,2.0053653744426816,1.7223050879560577,1.562419360463089,1.3096030865176258,1.0167818685712406,0.5972395833333334,0.12641604010025076,-0.25592545335034605,-0.23875348316520853,-0.2385074538219398,-0.2898870888561611,-0.23862040620611716,-0.23098763480073387,-0.18815256765395255,-0.17311033957729502,-0.17595757543180277,0.0009592756882834528,0.6773818576814465,0.9453739579664201,0.9645914526894235,0,0,0,0,0,0,0,0,0,0,0,0,0,0,0
fiveYDividendperShareGrowthPerShare,0.5537479263917285,0.56101233984436,0.8726078576452642,1.2979527919944998,1.2791579232383403,0.8923418423973365,0.739289134637972,0.6049090909090911,0.18466536712150766,0.12428337428337428,0.22049993017734934,0.1595437632576415,-0.004778780068728587,-0.0491694352159469,-0.338178822466416,-0.376283031229526,-0.3432826165709258,-0.2864773208986859,-0.19924787654801276,0.16196397350890562,0.3016279386248427,0.25912558626828164,0.15489310810145993,0.2500238792664289,0.4435747544014458,0.4945699152875351,0.5602823690621345,0,0,0,0,0,0,0,0,0,0
threeYDividendperShareGrowthPerShare,0.28229279419484615,0.272436489771548,0.3351042683147204,0.3588648926436117,0.5343306482546988,0.8964777082068142,0.8578224101479918,0.3491739130434784,0.028506308506308586,0.08042588042588039,0.18725454888443008,0.20090375228798055,0.02601865488463414,0.006696159606148574,-0.0436016511867906,-0.07506925207756221,-0.3145721958687849,-0.35698191265375473,-0.30469750097400794,0.03111223287901722,0.18746209824135832,0.2127628032063609,0.1730114992072168,0.09331357492478329,0.024837635744442248,0.1403842330656514,0.39042029236693404,0.5180172820352623,0.3646762458750143,0,0,0,0,0,0,0,0
receivablesGrowth,-0.005687203791469194,-0.012172284644194757,0.11057192374350086,0.10114503816793893,-0.025660096690219413,-0.04915134370579915,-0.09532949456174024,0.008387096774193548,-0.0003224766204450177,-0.025761859880615773,0.17845242502776748,0.3162768031189084,0.031155778894472363,-0.7651917404129793,-0.0616696191319752,-0.06857791069402908,-0.03980592137835429,-0.0011868262288596578,0.04853261433163953,0.20748810418231906,-0.029647630619684083,0.12033759869316635,0.11201937632455343,0.05697691163058609,0.35150506011590693,0.5431641472286182,0.12946630483943916,0.26312782670792667,0.2210789443088013,1.0919372491791317,0.38411041912136,0,0,0,0,0,0
inventoryGrowth,0,0,0,0,0,0,0,0,0,0,0,0,0,0,0,0,0,0,0,0,0,0,0,0,0,0,0,0,0,0,0,0,0,0,0,0,0
assetGrowth,-0.006134396213489443,0.09212718925352831,0.11289834229051549,0.012802821220484513,-0.019800864174337778,-0.020210572816963628,-0.08759908638989655,-0.015834187299593402,-0.007708456340615365,0.03160530590146183,0.019667379752950107,0.26239219444202455,0.0007846556233653008,-0.08048741382074716,0.025906735751295335,-0.12581781580271767,-0.01803805287867556,0.048174048174048176,0.06682718875819058,0.13168944876261948,0.006067143049750573,0.052952867688813174,0.07334416903697684,0.05334118024717779,0.3620497423976331,-0.3046798204278519,0.10121136709835453,0.10091466972989907,0.13921118560091814,0.22836364886703572,0.11512432660416787,0.13933423616268403,0.10771836438422454,0.1668219417859462,0.19973580815607642,0.8477328910723785,0
bookValueperShareGrowth,-0.687669036638727,0.07440563461261819,-0.16531545143404788,-0.04402407771724703,-0.13209788188806834,-0.058557783995872144,-0.017722499688714033,-0.1529097605893213,0.10930540729561836,-0.016034355722397694,-0.1444229100818122,0.4978963680532417,0.047805152697692185,-0.0840529959343578,0.26234978468197767,-0.01602866302093106,0.023999757051521544,0.07054107793375056,0.027711709093258728,-0.13362549403316829,-0.0023816295859338016,0.08750973773046125,-0.0026009317930270398,0.04164923450697042,0.2636586808721781,0.24011719286838773,-0.06476006772908369,0.06331166073648815,0.04654148500910813,0.0710729611119725,0.23637848845549383,0.018773440587027023,0.08169102955095335,0.16551628765847218,-0.013665716153943654,0,0
debtGrowth,0.16784313725490196,0.18227579811895614,0.20900064061499038,0.04659738518270198,-0.03851732473811442,0.08157573644762071,0.02776782515227517,0.2718159033948508,0.05378151260504202,-0.07279608192341941,-0.0031069684864624943,1.2440239043824701,0.01568032372281234,-0.07832167832167833,-0.061269146608315096,0.08191287878787878,-0.0023618327822390174,-0.014432029795158287,0.20134228187919462,-0.08354689902614044,-0.07403891789273849,0.10083594566353186,0.3441011235955056,0.016199243559551844,1.035294117647059,-0.06883959967541249,0,0.07174952891723438,0.16340640809443507,0.2320797839185539,0.06317649657609896,0.033325724720383476,0.1544137022397892,-0.1285878300803674,0.6502463054187192,1.8715995647442873,0
rdexpenseGrowth,0,0,0,0,0,0,0,0,0,0,0,0,0,0,0,0,0,0,0,0,0,0,0,0,0,0,0,0,0,0,0,0,0,0,0,0,0
sgaexpensesGrowth,0.5449923741738688,-0.7492031110544435,-0.01778334376956794,-0.007087789107187267,0.10482209094655859,-0.03665960825833774,-0.2503224526242683,-0.006407728706624606,0.022786852187941117,0.024480942051440968,0.3287125995059017,0.15066329753632343,-0.007679047171289767,0.0436702649656526,-0.20234833659491194,-0.09450679267572357,-0.05122169917058955,0.04350877192982456,0.0850253807106599,0.13807047949162335,0.11193190942669022,0.006465168902537579,0.15580048570894825,0.11265849095822074,0.5429762668377165,0.16299888101454682,0.4113497578437566,0,0,0,0,0,0,0,0,0,0
