,2022,2021,2020,2019,2018,2017,2016,2015,2014,2013,2012,2011,2010,2009,2008,2007,2006,2005,2004,2003,2002,2001,2000,1999,1998,1997
reportedCurrency,USD,USD,USD,USD,USD,USD,USD,USD,USD,USD,USD,USD,USD,USD,USD,USD,USD,USD,USD,USD,USD,USD,USD,USD,USD,USD
cik,0001170010,0001170010,0001170010,0001170010,0001170010,0001170010,0001170010,0001170010,0001170010,0001170010,0001170010,0001170010,0001170010,0001170010,0001170010,0001170010,0001170010,0001170010,0001170010,0001170010,0001170010,0001170010,0001170010,0001170010,0001170010,0001170010
fillingDate,2022-02-28,2021-04-20,2020-04-21,2019-04-19,2018-04-24,2017-04-21,2016-04-22,2015-04-24,2014-04-25,2013-04-26,2012-04-25,2011-02-28,2010-04-27,2009-02-28,2008-04-25,2007-02-28,2006-05-12,2005-05-13,2004-05-14,2003-05-29,2002-02-28,2001-02-28,2000-02-29,1999-02-28,1998-02-28,1997-02-28
acceptedDate,2022-02-28,2021-04-20 11:41:13,2020-04-21 12:00:14,2019-04-19 13:08:12,2018-04-24 12:09:40,2017-04-21 12:08:41,2016-04-22 12:02:48,2015-04-24 15:47:05,2014-04-25 13:15:04,2013-04-26 17:20:01,2012-04-25 17:31:18,2011-02-28,2010-04-26 18:33:52,2009-02-28,2008-04-25 11:13:55,2007-02-28,2006-05-12 16:08:16,2005-05-13 13:02:41,2004-05-14 11:48:33,2003-05-29 16:37:30,2002-02-28,2001-02-28,2000-02-29,1999-02-28,1998-02-28,1997-02-28
calendarYear,2022,2021,2020,2019,2018,2017,2016,2015,2014,2013,2012,2011,2010,2009,2008,2007,2006,2005,2004,2003,2002,2001,2000,1999,1998,1997
period,FY,FY,FY,FY,FY,FY,FY,FY,FY,FY,FY,FY,FY,FY,FY,FY,FY,FY,FY,FY,FY,FY,FY,FY,FY,FY
revenue,31900412000,18950149000,20319987000,18173100000,17120209000,15875118000,15149675000,14268716000,12574299000,10962818000,10003599000,8975554000,7470193000,6973966000,8199571000,7465656000,6259967000,5260262000,4597691000,3969944000,3201665000,2500991000,2014984000,1466300000,874200000,510200000
costOfRevenue,57225740000,16571024000,17597647000,15692509000,14791350000,13691824000,13130915000,12381189000,10925598000,9498456000,8624838000,7674326000,6371323000,6005796000,7127146000,6494594000,5469253000,4610066000,4026803000,3501705000,2797962000,2153116000,1759378000,1284000000,796100000,465100000
grossProfit,3287542000,2379125000,2722340000,2480591000,2328859000,2183294000,2018760000,1887527000,1648701000,1464362000,1378761000,1301228000,1098870000,968170000,1072425000,971062000,790714000,650196000,570888000,468239000,403703000,347875000,255606000,182300000,78100000,45100000
grossProfitRatio,0.00010305641193599631,0.12554650625702204,0.13397351090825008,0.13649795576979162,0.13602982300040847,0.1375293084435656,0.13325434374004722,0.13228429243388123,0.13111673263058243,0.13357532707375055,0.13782649624400178,0.1449746723154916,0.14710061707910357,0.13882631489743424,0.13079037915520214,0.1300705524069151,0.1263128064413119,0.1236052500806994,0.12416841410177414,0.11794599621556374,0.12609158047453434,0.13909486279638753,0.12685262016968868,0.12432653617949942,0.08933882406771906,0.08839670717365739
researchAndDevelopmentExpenses,0.0,0.0,0.0,0.0,0.0,0.0,0.0,0.0,0.0,0.0,0.0,0.0,0.0,0.0,0.0,0.0,0.0,0.0,0.0,0.0,0.0,0.0,0.0,0.0,0.0,0.0
generalAndAdministrativeExpenses,0.0,1727300000,1748767000,1563875000,0.0,1344304000,1211335000,1134925000,1155102800,924734000,0.0,0.0,0.0,0.0,0.0,0.0,0.0,0.0,0.0,0.0,0.0,0.0,0.0,0.0,0.0,0.0
sellingAndMarketingExpenses,0.0,217500000,191300000,166400000,0.0,144200000,140600000,122800000,112200.0,106300000,0.0,0.0,0.0,0.0,0.0,0.0,0.0,0.0,0.0,0.0,0.0,0.0,0.0,0.0,0.0,0.0
sellingGeneralAndAdministrativeExpenses,2325220000,1944800000,1940067000,1730275000,0.0,1488504000,1351935000,1257725000,1155215000,1031034000,0.0,0.0,0.0,0.0,0.0,0.0,0.0,0.0,0.0,0.0,0.0,0.0,0.0,0.0,0.0,0.0
otherExpenses,0.0,160700000,0.0,0.0,1617051000,0.0,0.0,0.0,0.0,0.0,940786000,905091000,995028000,882358000,858372000,776168000,651988000,546577000,468374000,392417000,252289000,262283000,243441000,214400000,132400000,54800000
operatingExpenses,2325220000,2105500000,1940067000,1730275000,1617051000,1488504000,1351935000,1257725000,1155215000,1031034000,940786000,905091000,995028000,882358000,858372000,776168000,651988000,546577000,468374000,392417000,252289000,262283000,243441000,214400000,132400000,54800000
costAndExpenses,59550960000,18676524000,19537714000,17422784000,16408401000,15180328000,14482850000,13638914000,12080813000,10529490000,9565624000,8579417000,7366351000,6888154000,7985518000,7270762000,6121241000,5156643000,4495177000,3894122000,3050251000,2415399000,2002819000,1498400000,928500000,519900000
interestIncome,0.0,1142000000,456030000,438690000,421182000,368984000,392036000,367294000,336167000,299267000,0.0,480000.0,560000.0,1786000.0,0.0,0,0.0,0.0,0.0,0.0,0.0,0.0,0.0,0.0,0.0,0.0
interestExpense,94095000,400278000,83007000,75792000,70745000,56416000,36358000,24473000,30834000,32357000,33714000,3110000.0,3460000.0,6086000.0,0.0,0.0,0.0,0.0,0.0,0.0,0.0,0.0,0.0,0.0,0.0,0.0
depreciationAndAmortization,273188.0,242156000,215811000,182247000,179942000,168875000,137360000,115173000,101911000,95283000,82812000,59421000,58328000,54741000,46615000,34551000,26746000,20253000,16303000,14950000,16340000,18116000,15241000,10000000,4600000.0,1700000.0
ebitda,1586714188,1607691000,1459804000,1370845000,1314295000,1231696000,1183662000,1108977000,930067000,828991000,783436000,676021000,514284000,157625000,343684000,357900000,266729000,204776000,205653000,171647000,162796000,91598000,17044000,-28500000,-51500000,-14200000
ebitdaratio,4.973961427206645e-05,0.08483790813465372,0.07184079399263395,0.07543264495325508,0.07676863056987213,0.07758657289980458,0.07813118103193632,0.07772086850701913,0.07396571371493552,0.07561842219765028,0.07831541428239977,0.0753180249375136,0.06884480762411359,0.022601916900655952,0.041914875790452936,0.04793952467137516,0.04260869106817975,0.03892885943703945,0.044729626240649925,0.04323663003810633,0.05084729351759163,0.03662468197606469,0.00845862795932871,-0.019436677351155972,-0.058911004346831386,-0.027832222657781264
operatingIncome,962322000,273625000,782240000,750291000,711808000,694794000,666860000,629827000,1647545800,433362000,437975000,396137000,103842000,85812000,214053000,194894000,138726000,103619000,102514000,75822000,151414000,85592000,12165000,-32100000,-54300000,-9700000.0
operatingIncomeRatio,3.0166444245296896e-05,0.014439200451669272,0.038496087620528495,0.04128580154183931,0.041577062523010085,0.043766225863643975,0.04401810599897357,0.044140411793184474,0.13102486269811145,0.03953016459818999,0.043781742950712035,0.044135102969688554,0.013900845667575122,0.012304619781627843,0.02610539014785042,0.02610540855351492,0.022160819697611824,0.019698448480322844,0.022296844220283617,0.019099009960845795,0.0472922682416805,0.034223233910078046,0.006037268782283135,-0.021891836595512516,-0.062113932738503776,-0.019012152097216777
totalOtherIncomeExpensesNet,530024000,691632000,378746000,362515000,351800000,311611000,343084000,339504000,-850223800,267989000,228935000,217353000,348654000,10986000,83016000,128455000,101257000,80904000,86836000,80875000,-4958000.0,-12110000,-10362000,-6400000.0,-1800000.0,-6200000.0
incomeBeforeTax,1492346000,965257000,1160986000,1112806000,1063608000,1006405000,1009944000,969331000,797322000,701351000,666910000,613490000,452496000,96798000,297069000,323349000,239983000,184523000,189350000,156697000,146456000,73482000,1803000.0,-38500000,-56100000,-15900000
incomeBeforeTaxRatio,4.6781402070919966e-05,0.05093664435039535,0.05713517434829068,0.061233691555100674,0.06212587708479494,0.06339511933076655,0.06666440039142754,0.06793400331186071,0.06340886279227176,0.06397543040484664,0.0666670065443447,0.06835121263823937,0.060573535382553036,0.013879907071528596,0.036229822267530826,0.04331153216810418,0.038336144583509785,0.03507867098635011,0.04118371591305288,0.0394708338455152,0.04574369898162362,0.02938115331082759,0.0008947961869672414,-0.02625656414103526,-0.06417295813315031,-0.031164249313994512
incomeTaxExpense,341049000,218338000,272553000,270393000,399496000,379435000,386516000,371973000,304736000,267067000,253115000,232612000,170828000,37585000,115044000,124752000,91928000,71595000,72900000,61895000,55654000,27918000,685000.0,-15000000,-21900000,-6600000.0
netIncome,1151297000,746919000,888433000,842413000,664112000,626970000,623428000,597358000,492586000,434284000,413795000,380878000,281668000,59213000,182025000,198597000,148055000,112928000,116450000,94802000,90802000,45564000,1118000.0,-23500000,-34200000,-9300000.0
netIncomeRatio,3.6090348927154926e-05,0.03941494074795929,0.04372212442852449,0.046354942194782395,0.03879111522528726,0.03949387966754011,0.041151245818804694,0.041864874176485115,0.039174032683650994,0.03961426706162594,0.04136461287582599,0.04243504077854136,0.037705585384474,0.008490577671299229,0.022199332135791006,0.026601413191285533,0.023651083144687505,0.021468132195696717,0.025327930911407486,0.023879933822744098,0.02836086848561608,0.0182183782348677,0.0005548431153795762,-0.016026733956216326,-0.03912148249828414,-0.018228145825166603
eps,7.06,4.58,5.39,4.83,3.64,3.29,3.07,2.77,2.2,1.9,1.83,1.7,1.27,0.27,0.84,0.93,0.705,0.545,0.565,0.46,0.435,0.225,0.005,-0.12,-0.175,-0.005
epsdiluted,6.97,4.52,5.33,4.79,3.6,3.26,3.03,2.73,2.16,1.87,1.79,1.67,1.26,0.27,0.83,0.92,0.695,0.535,0.55,0.455,0.41,0.215,0.005,-0.12,-0.175,-0.005
weightedAverageShsOut,163183000,163183000,164836000,174463000,182660000,190343000,203275000,215617000,223589000,228095000,226282000,223449000,219527000,217537000,216045000,212454000,209270000,208072000,207006000,205966000,64280000,51108000,47556000,46654000,44408000,43720000
weightedAverageShsOutDil,165133000,165133000,166820000,175884000,184470000,192215000,205540000,218691000,227584000,231823000,230721000,227601000,222234000,220513000,220522000,216739000,212688000,211558000,211256000,209140000,68244000,53960000,51576000,46654000,44408000,43720000
link,,https://www.sec.gov/Archives/edgar/data/1170010/000117001021000053/0001170010-21-000053-index.htm,https://www.sec.gov/Archives/edgar/data/1170010/000117001020000033/0001170010-20-000033-index.htm,https://www.sec.gov/Archives/edgar/data/1170010/000117001019000040/0001170010-19-000040-index.htm,https://www.sec.gov/Archives/edgar/data/1170010/000117001018000054/0001170010-18-000054-index.htm,https://www.sec.gov/Archives/edgar/data/1170010/000117001017000053/0001170010-17-000053-index.htm,https://www.sec.gov/Archives/edgar/data/1170010/000117001016000117/0001170010-16-000117-index.htm,https://www.sec.gov/Archives/edgar/data/1170010/000117001015000008/0001170010-15-000008-index.htm,https://www.sec.gov/Archives/edgar/data/1170010/000117001014000017/0001170010-14-000017-index.htm,https://www.sec.gov/Archives/edgar/data/1170010/000117001013000010/0001170010-13-000010-index.htm,https://www.sec.gov/Archives/edgar/data/1170010/000119312512182512/0001193125-12-182512-index.htm,,https://www.sec.gov/Archives/edgar/data/1170010/000117001010000032/0001170010-10-000032-index.htm,,https://www.sec.gov/Archives/edgar/data/1170010/000117001008000043/0001170010-08-000043-index.htm,,https://www.sec.gov/Archives/edgar/data/1170010/000119312506110797/0001193125-06-110797-index.htm,https://www.sec.gov/Archives/edgar/data/1170010/000119312505106899/0001193125-05-106899-index.htm,https://www.sec.gov/Archives/edgar/data/1170010/000119312504088404/0001193125-04-088404-index.htm,https://www.sec.gov/Archives/edgar/data/1170010/000095016803001994/0000950168-03-001994-index.html,,,,,,
finalLink,,https://www.sec.gov/Archives/edgar/data/1170010/000117001021000053/kmx-20210228.htm,https://www.sec.gov/Archives/edgar/data/1170010/000117001020000033/kmxfy2010-k.htm,https://www.sec.gov/Archives/edgar/data/1170010/000117001019000040/kmx0228201910-k.htm,https://www.sec.gov/Archives/edgar/data/1170010/000117001018000054/kmx0228201810-k.htm,https://www.sec.gov/Archives/edgar/data/1170010/000117001017000053/kmx0228201710-k.htm,https://www.sec.gov/Archives/edgar/data/1170010/000117001016000117/kmx0229201610-k.htm,https://www.sec.gov/Archives/edgar/data/1170010/000117001015000008/kmx-20150228x10k.htm,https://www.sec.gov/Archives/edgar/data/1170010/000117001014000017/kmx-20140228x10k.htm,https://www.sec.gov/Archives/edgar/data/1170010/000117001013000010/kmx-20130228x10k.htm,https://www.sec.gov/Archives/edgar/data/1170010/000119312512182512/d293873d10k.htm,,https://www.sec.gov/Archives/edgar/data/1170010/000117001010000032/tenk.htm,,https://www.sec.gov/Archives/edgar/data/1170010/000117001008000043/tenk.htm,,https://www.sec.gov/Archives/edgar/data/1170010/000119312506110797/d10k.htm,https://www.sec.gov/Archives/edgar/data/1170010/000119312505106899/d10k.htm,https://www.sec.gov/Archives/edgar/data/1170010/000119312504088404/d10k.htm,https://www.sec.gov/Archives/edgar/data/1170010/000095016803001994/d10k.htm,,,,,,
