,2021,2020,2019,2018,2017,2016,2015,2014,2013,2012,2011,2010,2009,2008,2007,2006,2005,2004,2003,2002,2001,2000,1999,1998,1997,1996,1995,1993,1992,1991,1990,1989,1988,1987,1986
reportedCurrency,USD,USD,USD,USD,USD,USD,USD,USD,USD,USD,USD,USD,USD,USD,USD,USD,USD,USD,USD,USD,USD,USD,USD,USD,USD,USD,USD,USD,USD,USD,USD,USD,USD,USD,USD
cik,0000721371,0000721371,0000721371,0000721371,0000721371,0000721371,0000721371,0000721371,0000721371,0000721371,0000721371,0000721371,0000721371,0000721371,0000721371,0000721371,0000721371,0000721371,0000721371,0000721371,0000721371,0000721371,0000721371,0000721371,0000721371,0000721371,0000721371,0000721371,0000721371,0000721371,0000721371,0000721371,0000721371,0000721371,0000721371
fillingDate,2021-08-16,2020-08-13,2019-08-20,2018-08-22,2017-08-10,2016-08-12,2015-08-13,2014-08-13,2013-08-20,2012-08-22,2011-08-26,2010-08-26,2009-08-27,2008-08-27,2007-08-24,2006-09-01,2005-06-30,2004-06-30,2003-06-30,2002-09-30,2001-06-30,2000-09-06,1999-09-02,1998-06-30,1997-09-29,1996-08-26,1995-09-21,1993-03-31,1992-03-31,1991-03-31,1990-03-31,1989-03-31,1988-03-31,1987-03-31,1986-03-31
acceptedDate,2021-08-16 08:50:00,2020-08-13 10:04:19,2019-08-20 16:30:26,2018-08-22 16:23:32,2017-08-10 17:26:53,2016-08-12 06:51:59,2015-08-13 08:58:08,2014-08-13 16:04:52,2013-08-20 16:10:48,2012-08-22 07:54:24,2011-08-26 08:14:14,2010-08-26 16:01:59,2009-08-27 16:44:28,2008-08-26 18:44:08,2007-08-24 17:26:17,2006-09-01 15:56:37,2005-06-30,2004-06-30,2003-06-30,2002-09-30 10:48:24,2001-06-30,2000-09-06 00:00:00,1999-09-02 00:00:00,1998-06-30,1997-09-29 00:00:00,1996-08-26 00:00:00,1995-09-21 00:00:00,1993-03-31,1992-03-31,1991-03-31,1990-03-31,1989-03-31,1988-03-31,1987-03-31,1986-03-31
calendarYear,2021,2020,2019,2018,2017,2016,2015,2014,2013,2012,2011,2010,2009,2008,2007,2006,2005,2004,2003,2002,2001,2000,1999,1998,1997,1996,1995,1993,1992,1991,1990,1989,1988,1987,1986
period,FY,FY,FY,FY,FY,FY,FY,FY,FY,FY,FY,FY,FY,FY,FY,FY,FY,FY,FY,FY,FY,FY,FY,FY,FY,FY,FY,FY,FY,FY,FY,FY,FY,FY,FY
cashAndCashEquivalents,3407000000,2771000000,2531000000,1763000000,6879000000,2356000000,4616000000,2865000000,1901000000,2274000000,1929300000,2755300000,1847500000,1291300000,1308800000,1320900000,1411700000,1096000000,1724000000,1382000000,934100000,504600000,165200000,305000000,243100000,287800000,40600000,66600000,3700000.0,57900000,7500000.0,9300000.0,4000000.0,10500000,46500000
shortTermInvestments,0.0,0.0,0.0,0.0,0.0,0.0,0.0,0.0,0.0,0.0,0.0,0.0,398900000,383700000,132000000,498400000,99800000,0.0,0.0,0.0,0.0,0.0,0.0,0.0,0.0,0.0,0.0,0.0,0.0,0.0,0.0,0.0,0.0,0.0,0.0
cashAndShortTermInvestments,3407000000,2771000000,2531000000,1763000000,6879000000,2356000000,4616000000,2865000000,1901000000,2274000000,1929300000,2755300000,2246400000,1675000000,1440800000,1819300000,1511500000,1096000000,1724000000,1382000000,934100000,504600000,165200000,305000000,243100000,287800000,40600000,66600000,3700000.0,57900000,7500000.0,9300000.0,4000000.0,10500000,46500000
netReceivables,9103000000,8264000000,8448000000,7800000000,8048000000,7405000000,6523000000,5380000000,6304000000,6355000000,6155700000,5170600000,5643600000,5006900000,4714400000,4111600000,3451000000,3432700000,2784400000,2295400000,2408700000,1677000000,1590300000,826200000,672200000,564900000,516300000,143900000,147500000,116000000,82800000,75100000,66900000,57800000,32100000
inventory,14594000000,13198000000,12822000000,12308000000,11301000000,10615000000,9211000000,8266000000,8373000000,7864000000,7334200000,6355900000,7145500000,6768800000,7383200000,7714200000,7380000000,7471300000,7623300000,7361000000,6286100000,3865300000,2931400000,1895500000,1453100000,1238200000,1071800000,318700000,346500000,186900000,118500000,112700000,75000000,69900000,36500000
otherCurrentAssets,3944000000,1707000000,1946000000,2682000000,2117000000,1580000000,1402000000,1428000000,1192000000,1017000000,896700000,637100000,763500000,733500000,1006100000,1131600000,1100200000,1057900000,1117900000,868200000,1087400000,823700000,459700000,202000000,135300000,148900000,46000000,49400000,5500000.0,24400000,4500000.0,1900000.0,16000000,2200000.0,1200000.0
totalCurrentAssets,31048000000,25940000000,25747000000,24553000000,28345000000,21956000000,21752000000,17939000000,17770000000,17510000000,16315900000,14918900000,15799000000,14184200000,14544500000,14776700000,13442700000,13057900000,13249600000,11906600000,10716300000,6870600000,5146600000,3228700000,2503700000,2239800000,1674700000,578600000,503200000,385200000,213300000,199000000,161900000,140400000,116300000
propertyPlantEquipmentNet,2360000000,2366000000,2356000000,2487000000,1879000000,1796000000,1506000000,1459000000,1489000000,1551000000,1512200000,1468800000,1873000000,1737200000,1647000000,2584000000,2484000000,2364000000,2089500000,1894400000,1838300000,1626900000,1540500000,331400000,276700000,153500000,95200000,39000000,39000000,31000000,19100000,17700000,12200000,22800000,14300000
goodwill,7989000000,8357000000,8378000000,8316000000,7221000000,7167000000,5070000000,4878000000,4601000000,3978000000,0.0,0.0,0.0,6225900000,5860900000,4992400000,0.0,0.0,0.0,0.0,1175400000,0.0,0.0,0.0,0.0,0.0,0.0,0.0,0.0,0.0,0.0,0.0,0.0,0.0,0.0
intangibleAssets,2105000000,2918000000,3430000000,3913000000,1986000000,2259000000,948000000,992000000,973000000,414000000,0.0,0.0,0.0,0.0,0.0,0.0,5097400000,4938800000,2332300000,1544100000,0.0,961700000,942100000,125100000,122100000,92400000,0.0,0.0,23700000,21500000,12300000,12600000,13000000,7200000.0,2300000.0
goodwillAndIntangibleAssets,10094000000,11275000000,11808000000,12229000000,9207000000,9426000000,6018000000,5870000000,5574000000,4392000000,4259000000,2253200000,6095900000,6225900000,5860900000,4992400000,5097400000,4938800000,2332300000,1544100000,1175400000,961700000,942100000,125100000,122100000,92400000,0.0,0.0,23700000,21500000,12300000,12600000,13000000,7200000.0,2300000.0
longTermInvestments,0.0,0.0,0.0,0.0,0.0,0.0,0.0,0.0,0.0,0.0,0.0,691500000,929800000,917000000,821000000,755000000,694000000,0.0,0.0,0.0,0.0,0.0,0.0,0.0,0.0,0.0,0.0,0.0,0.0,0.0,0.0,0.0,0.0,0.0,0.0
taxAssets,0.0,0.0,0.0,0.0,0.0,0.0,0.0,0.0,0.0,0.0,0.0,0.0,0.0,0.0,0.0,0.0,0.0,0.0,0.0,0.0,0.0,0.0,0.0,0.0,0.0,0.0,0.0,0.0,0.0,0.0,0.0,0.0,0.0,0.0,0.0
otherNonCurrentAssets,951000000,1185000000,1052000000,682000000,681000000,944000000,866000000,765000000,986000000,807000000,758800000,657800000,421100000,383900000,280400000,266000000,341100000,1008400000,850000000,1092900000,912400000,805700000,659800000,275900000,206000000,195400000,71900000,38900000,10700000,8700000.0,6500000.0,3400000.0,3400000.0,6600000.0,4700000.0
totalNonCurrentAssets,13405000000,14826000000,15216000000,15398000000,11767000000,12166000000,8390000000,8094000000,8049000000,6750000000,6530000000,5071300000,9319800000,9264000000,8609300000,8597400000,8616500000,8311200000,5271800000,4531400000,3926100000,3394300000,3142400000,732400000,604800000,441300000,167100000,77900000,73400000,61200000,37900000,33700000,28600000,36600000,21300000
otherAssets,0.0,0.0,0.0,0.0,0.0,0.0,0.0,0.0,0.0,0.0,0.0,0.0,0.0,0.0,0.0,0.0,0.0,0.0,0.0,0.0,0.0,0.0,0.0,0.0,0.0,0.0,0.0,0.0,0.0,0.0,0.0,0.0,0.0,0.0,0.0
totalAssets,44453000000,40766000000,40963000000,39951000000,40112000000,34122000000,30142000000,26033000000,25819000000,24260000000,22845900000,19990200000,25118800000,23448200000,23153800000,23374100000,22059200000,21369100000,18521400000,16438000000,14642400000,10264900000,8289000000,3961100000,3108500000,2681100000,1841800000,656500000,576600000,446400000,251200000,232700000,190500000,177000000,137600000
accountPayables,23700000000,21374000000,21535000000,19677000000,17906000000,17306000000,14368000000,12149000000,12295000000,11726000000,11331500000,9494900000,9138000000,8311800000,9162200000,9009300000,7618400000,6432400000,5288400000,5504500000,5319900000,3030900000,2360800000,1622400000,1136000000,1126100000,950000000,168400000,133000000,91700000,63800000,0.0,0.0,0.0,0.0
shortTermDebt,871000000,10000000,452000000,1001000000,1327000000,587000000,281000000,801000000,168000000,476000000,326700000,233200000,367300000,159000000,16000000,229200000,307900000,860600000,228700000,17400000,5900000.0,28400000,40200000,30700000,28300000,106000000,5100000.0,3100000.0,3700000.0,48100000,42800000,53500000,33400000,28100000,12200000
taxPayables,0.0,0.0,0.0,0.0,0.0,0.0,0.0,0.0,0.0,0.0,0.0,0.0,0.0,0.0,0.0,0.0,0.0,0.0,0.0,0.0,0.0,0.0,0.0,0.0,0.0,0.0,0.0,0.0,0.0,0.0,0.0,0.0,0.0,0.0,0.0
deferredRevenue,0.0,0.0,0.0,0.0,0.0,0.0,0.0,0.0,0.0,0.0,0.0,0.0,0.0,0.0,0.0,0.0,0.0,0.0,0.0,0.0,0.0,0.0,0.0,0.0,0.0,0.0,0.0,0.0,0.0,0.0,0.0,0.0,0.0,0.0,0.0
otherCurrentLiabilities,3053000000,2231000000,2122000000,2215000000,1988000000,1808000000,2594000000,2165000000,2127000000,1972000000,1711300000,1809500000,1894500000,1905100000,2281500000,2134300000,2178700000,2076400000,1797300000,1288500000,1249000000,1202200000,558000000,191000000,244500000,153600000,118300000,42600000,31800000,23200000,14200000,61600000,52400000,44100000,34100000
totalCurrentLiabilities,27624000000,23615000000,24109000000,22893000000,21221000000,19701000000,17243000000,15115000000,14590000000,14174000000,13369500000,11537600000,11399800000,10375900000,11459700000,11372800000,10105000000,9369400000,7314400000,6810400000,6574800000,4261500000,2959000000,1844100000,1408800000,1385700000,1073400000,214100000,168500000,163000000,120800000,115100000,85800000,72200000,46300000
longTermDebt,5365000000,6765000000,7579000000,8012000000,9068000000,4952000000,5211000000,3171000000,3686000000,2418000000,2175300000,1896100000,3280000000,3687400000,3457300000,2599700000,2319900000,2834700000,2471900000,2207000000,1871000000,1485800000,1223900000,272600000,277800000,265100000,209300000,185300000,188100000,89600000,4700000.0,49800000,50300000,55500000,46200000
deferredRevenueNonCurrent,0.0,0.0,0.0,0.0,0.0,0.0,0.0,0.0,0.0,0.0,0.0,0.0,0.0,0.0,0.0,0.0,0.0,0.0,0.0,0.0,0.0,0.0,0.0,0.0,0.0,0.0,0.0,0.0,0.0,0.0,0.0,0.0,0.0,0.0,0.0
deferredTaxLiabilitiesNonCurrent,9670000000,8594000000,2945000000,2975000000,2877000000,2781000000,1432000000,1346000000,1568000000,1424000000,1452500000,1280400000,1714300000,1637400000,859900000,910900000,1041300000,1188700000,977000000,1027600000,759500000,536400000,643100000,219200000,89800000,99600000,0.0,1400000.0,700000.0,500000.0,800000.0,0.0,300000.0,1200000.0,800000.0
otherNonCurrentLiabilities,0.0,0.0,0.0,12000000,118000000,117000000,0.0,0.0,0.0,0.0,0.0,0.0,0.0,0.0,0.0,0.0,0.0,0.0,0.0,0.0,0.0,0.0,0.0,0.0,-100000.0,0.0,10900000,100000.0,0.0,-100000.0,0.0,-100000.0,100000.0,1400000.0,2800000.0
totalNonCurrentLiabilities,15035000000,15359000000,10524000000,10999000000,12063000000,7850000000,6643000000,4517000000,5254000000,3842000000,3627800000,3176500000,4994300000,5324800000,4317200000,3510600000,3361200000,4023400000,3448900000,3234600000,2630500000,2022200000,1867000000,491800000,367500000,364700000,220200000,186800000,188800000,90000000,5500000.0,49700000,50700000,58100000,49800000
otherLiabilities,0.0,0.0,0.0,0.0,0.0,0.0,0.0,0.0,0.0,0.0,0.0,0.0,0.0,0.0,0.0,0.0,0.0,0.0,0.0,0.0,0.0,0.0,0.0,0.0,0.0,0.0,0.0,0.0,0.0,0.0,0.0,0.0,0.0,0.0,0.0
capitalLeaseObligations,0,0.0,0.0,0.0,0.0,0.0,0.0,0.0,0.0,0.0,0.0,0.0,0.0,0.0,0.0,0.0,0.0,0.0,0.0,0,0,0,0,0,0,0,0,0,0,0,0,0,0,0,0
totalLiabilities,42659000000,38974000000,34633000000,33892000000,33284000000,27551000000,23886000000,19632000000,19844000000,18016000000,16997300000,14714100000,16394100000,15700700000,15776900000,14883400000,13466200000,13392800000,10763300000,10045000000,9205300000,6283700000,4826000000,2335900000,1776300000,1750400000,1293600000,400900000,357300000,253000000,126300000,164800000,136500000,130300000,96100000
preferredStock,0.0,0.0,0.0,0.0,0.0,0.0,0.0,0.0,0.0,0.0,0.0,0.0,0.0,0.0,0.0,0.0,0.0,0.0,0.0,0,0,0,0,0,0,0,0,0,0,0,0,0,0,0,0
commonStock,2806000000,2789000000,2763000000,2730000000,2697000000,3010000000,3003000000,2980000000,2953000000,2930000000,0.0,0.0,0.0,0.0,0.0,3195500000,2765500000,2653800000,2403700000,2105200000,1893100000,1227900000,1090000000,0.0,0.0,0.0,0.0,0.0,0.0,0.0,0.0,0.0,0.0,0.0,0.0
retainedEarnings,1205000000,1170000000,5434000000,4645000000,4967000000,6419000000,5521000000,4774000000,4038000000,4093000000,3331400000,2647200000,5953900000,5016200000,11539900000,9760500000,8874200000,7888000000,6517300000,5156100000,4146000000,3173400000,2439100000,928200000,699400000,455700000,209800000,93600000,61500000,37700000,21300000,9200000.0,5300000.0,7500000.0,2400000.0
accumulatedOtherComprehensiveIncomeLoss,-34000000,-104000000,-79000000,-92000000,-125000000,-116000000,-23000000,70000000,68000000,37000000,76700000,70000000,82200000,210800000,121000000,33900000,-3100000.0,22600000,-27100000,-1614900000,-1507600000,-1310900000,-1207800000,-217000000,-199900000,-112100000,-82100000,-22000000,-17100000,-12800000,-9200000.0,-7100000.0,-5300000.0,-6900000.0,-4800000.0
othertotalStockholdersEquity,-2186000000,-2066000000,-1790000000,-1224000000,-731000000,-2759000000,-2245000000,-1423000000,-1084000000,-816000000,2440200000,2558900000,2688800000,2520300000,0.0,-4499200000,-3043600000,-2588100000,-1135800000,746600000,905600000,890800000,1141700000,914000000,832700000,587100000,420500000,184000000,174900000,168500000,112800000,65800000,54000000,46100000,43900000
totalStockholdersEquity,1791000000,1789000000,6328000000,6059000000,6808000000,6554000000,6256000000,6401000000,5975000000,6244000000,5848600000,5276100000,8724700000,7747500000,7376900000,8490700000,8593000000,7976300000,7758100000,6393000000,5437100000,3981200000,3463000000,1625200000,1332200000,930700000,548200000,255600000,219300000,193400000,124900000,67900000,54000000,46700000,41500000
totalLiabilitiesAndStockholdersEquity,44450000000,40763000000,40961000000,39951000000,40092000000,34105000000,30142000000,26033000000,25819000000,24260000000,22845900000,19990200000,25118800000,23448200000,23153800000,23374100000,22059200000,21369100000,18521400000,16438000000,14642400000,10264900000,8289000000,3961100000,3108500000,2681100000,1841800000,656500000,576600000,446400000,251200000,232700000,190500000,177000000,137600000
minorityInterest,3000000,3000000,2000000,0,20000000,17000000,0,0,0,0,0,0,0,0,0,0,0,0,0,0,0,0,0,0,0,0,0,0,0,0,0,0,0,0,0
totalEquity,1794000000,1792000000,6330000000,6059000000,6828000000,6571000000,6256000000,6401000000,5975000000,6244000000,5848600000,5276100000,8724700000,7747500000,7376900000,8490700000,8593000000,7976300000,7758100000,6393000000,5437100000,3981200000,3463000000,1625200000,1332200000,930700000,548200000,255600000,219300000,193400000,124900000,67900000,54000000,46700000,41500000
totalLiabilitiesAndTotalEquity,44453000000,40766000000,40963000000,39951000000,40112000000,34122000000,30142000000,26033000000,25819000000,24260000000,22845900000,19990200000,25118800000,23448200000,23153800000,23374100000,22059200000,21369100000,18521400000,16438000000,14642400000,10264900000,8289000000,3961100000,3108500000,2681100000,1841800000,656500000,576600000,446400000,251200000,232700000,190500000,177000000,137600000
totalInvestments,0.0,0.0,0.0,0.0,0.0,0.0,0.0,0.0,0.0,0.0,0.0,0.0,1328700000,1300700000,953000000,1253400000,793800000,0.0,0.0,0.0,0.0,0.0,0.0,0.0,0.0,0.0,0.0,0.0,0.0,0.0,0.0,0.0,0.0,0.0,0.0
totalDebt,6236000000,6775000000,8031000000,9013000000,10395000000,5539000000,5492000000,3972000000,3854000000,2894000000,2502000000,2129300000,3647300000,3846400000,3473300000,2828900000,2627800000,3695300000,2700600000,2224400000,1876900000,1514200000,1264100000,303300000,306100000,371100000,214400000,188400000,191800000,137700000,47500000,103300000,83700000,83600000,58400000
netDebt,2829000000,4004000000,5500000000,7250000000,3516000000,3183000000,876000000,1107000000,1953000000,620000000,572700000,-626000000,1799800000,2555100000,2164500000,1508000000,1216100000,2599300000,976600000,842400000,942800000,1009600000,1098900000,-1700000.0,63000000,83300000,173800000,121800000,188100000,79800000,40000000,94000000,79700000,73100000,11900000
link,https://www.sec.gov/Archives/edgar/data/721371/000072137121000080/0000721371-21-000080-index.htm,https://www.sec.gov/Archives/edgar/data/721371/000072137120000089/0000721371-20-000089-index.htm,https://www.sec.gov/Archives/edgar/data/721371/000072137119000090/0000721371-19-000090-index.html,https://www.sec.gov/Archives/edgar/data/721371/000072137118000077/0000721371-18-000077-index.html,https://www.sec.gov/Archives/edgar/data/721371/000072137117000083/0000721371-17-000083-index.html,https://www.sec.gov/Archives/edgar/data/721371/000072137116000277/a16q4_10kx63016xform10-k.htm,https://www.sec.gov/Archives/edgar/data/721371/000072137115000107/0000721371-15-000107-index.html,https://www.sec.gov/Archives/edgar/data/721371/000072137114000181/0000721371-14-000181-index.html,https://www.sec.gov/Archives/edgar/data/721371/000072137113000154/0000721371-13-000154-index.html,https://www.sec.gov/Archives/edgar/data/721371/000072137112000069/0000721371-12-000069-index.html,https://www.sec.gov/Archives/edgar/data/721371/000119312511233322/0001193125-11-233322-index.html,https://www.sec.gov/Archives/edgar/data/721371/000119312510198300/0001193125-10-198300-index.html,https://www.sec.gov/Archives/edgar/data/721371/000119312509182992/0001193125-09-182992-index.html,https://www.sec.gov/Archives/edgar/data/721371/000119312508184519/0001193125-08-184519-index.html,https://www.sec.gov/Archives/edgar/data/721371/000095015207007107/0000950152-07-007107-index.html,https://www.sec.gov/Archives/edgar/data/721371/000119312506184453/d10k.htm,,,,https://www.sec.gov/Archives/edgar/data/721371/000095015202007264/0000950152-02-007264-index.html,,https://www.sec.gov/Archives/edgar/data/721371/000095015200006483/0000950152-00-006483-index.html,https://www.sec.gov/Archives/edgar/data/721371/000095015299007328/0000950152-99-007328-index.html,,https://www.sec.gov/Archives/edgar/data/721371/000095015297006910/0000950152-97-006910-index.html,https://www.sec.gov/Archives/edgar/data/721371/000095015296004334/0000950152-96-004334-index.html,https://www.sec.gov/Archives/edgar/data/721371/000095015295002183/0000950152-95-002183-index.html,,,,,,,,
finalLink,https://www.sec.gov/Archives/edgar/data/721371/000072137121000080/cah-20210630.htm,https://www.sec.gov/Archives/edgar/data/721371/000072137120000089/a20q410k063020form10-k.htm,https://www.sec.gov/Archives/edgar/data/721371/000072137119000090/a19q4_10kx063019xform10-k.htm,https://www.sec.gov/Archives/edgar/data/721371/000072137118000077/a18q4_10kx063018xform10-k.htm,https://www.sec.gov/Archives/edgar/data/721371/000072137117000083/a17q4_10kx63017xform10-k.htm,https://www.sec.gov/Archives/edgar/data/721371/000072137116000277/a16q4_10kx63016xform10-k.htm,https://www.sec.gov/Archives/edgar/data/721371/000072137115000107/a15q4_10kx63015xform10-k.htm,https://www.sec.gov/Archives/edgar/data/721371/000072137114000181/a14q4_10kx063014xform10-k.htm,https://www.sec.gov/Archives/edgar/data/721371/000072137113000154/a13q4_10kx063013xform10-k.htm,https://www.sec.gov/Archives/edgar/data/721371/000072137112000069/cah-20120630x10k.htm,https://www.sec.gov/Archives/edgar/data/721371/000119312511233322/d10k.htm,https://www.sec.gov/Archives/edgar/data/721371/000119312510198300/d10k.htm,https://www.sec.gov/Archives/edgar/data/721371/000119312509182992/d10k.htm,https://www.sec.gov/Archives/edgar/data/721371/000119312508184519/d10k.htm,https://www.sec.gov/Archives/edgar/data/721371/000095015207007107/l27624ae10vk.htm,https://www.sec.gov/Archives/edgar/data/721371/000119312506184453/d10k.htm,,,,https://www.sec.gov/Archives/edgar/data/721371/000095015202007264/l95974ae10vk.txt,,https://www.sec.gov/Archives/edgar/data/721371/000095015200006483/l83475ae10-k.txt,https://www.sec.gov/Archives/edgar/data/721371/0000950152-99-007328.txt,,https://www.sec.gov/Archives/edgar/data/721371/0000950152-97-006910.txt,https://www.sec.gov/Archives/edgar/data/721371/0000950152-96-004334.txt,https://www.sec.gov/Archives/edgar/data/721371/0000950152-95-002183.txt,,,,,,,,
