,2021,2020,2019,2018,2017,2016,2015,2014,2013,2012,2011,2010,2009,2008,2007,2006,2005,2004,2003,2002,2001,2000,1999,1998,1997,1996,1995,1994,1993,1992,1991
reportedCurrency,USD,USD,USD,USD,USD,USD,USD,USD,USD,USD,USD,USD,USD,USD,USD,USD,USD,USD,USD,USD,USD,USD,USD,USD,USD,USD,USD,USD,USD,USD,USD
cik,0000882184,0000882184,0000882184,0000882184,0000882184,0000882184,0000882184,0000882184,0000882184,0000882184,0000882184,0000882184,0000882184,0000882184,0000882184,0000882184,0000882184,0000882184,0000882184,0000882184,0000882184,0000882184,0000882184,0000882184,0000882184,0000882184,0000882184,0000882184,0000882184,0000882184,0000882184
fillingDate,2021-11-18,2020-11-20,2019-11-25,2018-11-16,2017-11-15,2016-11-18,2015-11-19,2014-11-18,2013-11-26,2012-11-16,2011-11-17,2010-11-17,2009-11-20,2008-11-26,2007-11-27,2006-12-12,2005-12-14,2004-12-10,2003-12-12,2002-12-13,2001-11-20,2000-12-13,1999-09-30,1998-09-30,1997-09-30,1996-09-30,1995-09-30,1994-09-30,1993-09-30,1992-12-31,1991-12-31
acceptedDate,2021-11-18 17:13:33,2020-11-19 18:04:43,2019-11-25 12:48:27,2018-11-16 15:58:56,2017-11-15 17:31:38,2016-11-18 15:56:19,2015-11-18 18:15:33,2014-11-17 18:57:57,2013-11-26 17:05:55,2012-11-16 17:08:42,2011-11-17 16:46:06,2010-11-17 17:25:55,2009-11-20 17:23:57,2008-11-26 15:19:45,2007-11-27 17:23:20,2006-12-11 18:56:46,2005-12-13 19:47:23,2004-12-10 14:27:35,2003-12-12 14:44:05,2002-12-13 10:48:28,2001-11-20 00:00:00,2000-12-13 00:00:00,1999-09-30,1998-09-30,1997-09-30,1996-09-30,1995-09-30,1994-09-30,1993-09-30,1992-12-31,1991-12-31
calendarYear,2021,2020,2019,2018,2017,2016,2015,2014,2013,2012,2011,2010,2009,2008,2007,2006,2005,2004,2003,2002,2001,2000,1999,1998,1997,1996,1995,1994,1993,1992,1991
period,FY,FY,FY,FY,FY,FY,FY,FY,FY,FY,FY,FY,FY,FY,FY,FY,FY,FY,FY,FY,FY,FY,FY,FY,FY,FY,FY,FY,FY,FY,FY
netIncome,4175800000,2373700000,1618500000,1460300000,1038400000,886300000,750700000,533500000,462700000,956300000,71800000,245100000,-545300000,-2633600000,-712500000,1233300000,1470500000,975100000,625955000,404692000,257009000,191719000,159800000,93400000,36200000,27400000,20500000,17700000,8900000.0,9200000.0,5800000.0
depreciationAndAmortization,73900000,80400000,72000000,62400000,54700000,61000000,54100000,38400000,22700000,18800000,19900000,17200000,25700000,60400000,71000000,61700000,57100000,55500000,45861000,40645000,36062000,24492000,20800000,9800000.0,4400000.0,2600000.0,2000000.0,1200000.0,400000.0,300000.0,200000.0
deferredIncomeTax,-10000000,14100000,20100000,170900000,110800000,75300000,3100000.0,17400000,130900000,-709500000,0.0,0.0,213500000,650300000,-489000000,0.0,0.0,0.0,0.0,0.0,0.0,0.0,0.0,0.0,0.0,0.0,0.0,0.0,0.0,0.0,0.0
stockBasedCompensation,91400000,77800000,73200000,55800000,59200000,49000000,42200000,26200000,19000000,18100000,14200000,13300000,13700000,0.0,0.0,0.0,0.0,0.0,0.0,0.0,0.0,0.0,0.0,0.0,0.0,0.0,0.0,0.0,0.0,0.0,0.0
changeInWorkingCapital,-3852000000,4460400000,5047500000,776400000,1623900000,571300000,433700000,822500000,1093800000,1065800000,1566100000,-424200000,-775900000,3532000000,-6475400000,-1102100000,1208200000,1868500000,1210393000,917082000,1064117000,646699000,262309000,450100000,582700000,249700000,243000000,21200000,13900000,10200000,1700000.0
accountsReceivables,0.0,0.0,0.0,0.0,0.0,0.0,0.0,0.0,0.0,0.0,0.0,0.0,0.0,0.0,0.0,0.0,0.0,0.0,0.0,0.0,0.0,0.0,0.0,0.0,0.0,0.0,0.0,0.0,0.0,0.0,0.0
inventory,-3759100000,-1063500000,-591800000,-1056600000,-946700000,-506500000,-89500000,-1431800000,-2050900000,-646400000,-74500000,144800000,577000000,2139700000,737600000,-3109000000,-1855200000,-1411100000,-486006000,-244216000,-333142000,-299931000,-385600000,-261200000,-145100000,-62400000,-56400000,-61200000,-38600000,-47100000,-300000.0
accountsPayables,845100000,566200000,126200000,129100000,83900000,52100000,60300000,115900000,139500000,0.0,0.0,0.0,0.0,0.0,0.0,0.0,0.0,0.0,0.0,0.0,0.0,0.0,0.0,0.0,0.0,0.0,0.0,0.0,0.0,0.0,0.0
otherWorkingCapital,0.0,21019000000,16558600000,11511100000,10734700000,9110800000,8539500000,8105800000,7283300000,6189500000,5123700000,3557600000,3981800000,4757700000,1225700000,7701100000,8803200000,7595000000,5726500000,4516107000,3599025000,2534908000,1888209000,1625900000,1175800000,593100000,343400000,100400000,79200000,65300000,55100000
otherNonCashItems,55300000,-5584800000,-5939200000,-1980600000,-2451900000,-1024900000,-583400000,-2099400000,-2960200000,-1647600000,-1657100000,858000000,2209500000,270800000,8961400000,-1383700000,-3356500000,-3321600000,-1458890000,-1453016000,-1412472000,-970458000,-613809000,-678600000,-706400000,-303600000,-297800000,-84100000,-42000000,-51800000,2300000.0
netCashProvidedByOperatingActivities,534400000,1421600000,892100000,545200000,435100000,618000000,700400000,-661400000,-1231100000,-298100000,14900000,709400000,1141200000,1879900000,1355500000,-1190800000,-620700000,-422500000,423319000,-90597000,-55284000,-107548000,-170900000,-125300000,-83100000,-23900000,-32300000,-44000000,-18800000,-32100000,10000000
investmentsInPropertyPlantAndEquipment,0.0,-96500000,-127200000,-68100000,-157300000,-86100000,-56100000,-100200000,-58000000,-33600000,-16300000,-19200000,-6200000.0,-6600000.0,-39800000,-83300000,-68200000,-55200000,-48668000,-39818000,-33368000,-15789000,-17300000,-11600000,-5300000.0,-2700000.0,-2400000.0,-2600000.0,-1500000.0,-1400000.0,-600000.0
acquisitionsNet,-24500000,-5400000.0,-311400000,-141700000,-4100000.0,-82200000,-70900000,-244100000,-9400000.0,-96500000,0.0,0.0,0.0,0.0,0.0,0.0,0.0,0.0,0.0,-153761000,-61897000,-11559000,0.0,0.0,0.0,0.0,0.0,0.0,0.0,0.0,0.0
purchasesOfInvestments,0.0,0.0,0.0,0.0,-8800000.0,0.0,-14800000,0.0,-47500000,-240800000,-300100000,-328000000,0.0,0.0,0.0,0.0,0.0,0.0,0.0,0.0,0.0,0.0,0.0,0.0,0.0,0.0,0.0,0.0,0.0,0.0,0.0
salesMaturitiesOfInvestments,0.0,0.0,0.0,7300000.0,0.0,35800000,0.0,0.0,326800000,232800000,292500000,27700000,0.0,0.0,0.0,0.0,0.0,0.0,0.0,0.0,0.0,0.0,0.0,0.0,0.0,0.0,0.0,0.0,0.0,0.0,0.0
otherInvestingActivites,-227700000,-64200000,44600000,205100000,-800000.0,19900000,46400000,62200000,-31000000,-200000.0,4600000.0,1500000.0,-53200000,0.0,0.0,0.0,0.0,0.0,0.0,486000.0,-1988000.0,-29032000,-5500000.0,-34000000,-55700000,-1300000.0,-4600000.0,-3500000.0,0.0,0.0,3200000.0
netCashUsedForInvestingActivites,-252200000,-166100000,-394000000,2600000.0,-171000000,-112600000,-95400000,-282100000,180900000,-138300000,-19300000,-318000000,-59400000,-6600000.0,-39800000,-83300000,-68200000,-55200000,-48668000,-193093000,-97253000,-56380000,-22800000,-45600000,-61000000,-4000000.0,-7000000.0,-6100000.0,-1500000.0,-1400000.0,2600000.0
debtRepayment,-826300000,-1439200000,-2434900000,-1964000000,-1245300000,-549700000,-1456200000,-796900000,-345100000,-17500000,-519300000,-1019900000,-956200000,0.0,0.0,0.0,0.0,0.0,0.0,0.0,0.0,0.0,0.0,0.0,0.0,0.0,0.0,0.0,0.0,0.0,0.0
commonStockIssued,33500000,0.0,100700000,0.0,0.0,0.0,0.0,0.0,0.0,50900000,0.0,7600000.0,4400000.0,9500000.0,12700000,12400000,24800000,15400000,11561000,12368000,12403000,4066000.0,3500000.0,4900000.0,41600000,44000000,800000.0,900000.0,1100000.0,40400000,0.0
commonStockRepurchased,-926900000,-398600000,-479800000,-127500000,-60600000,0.0,0.0,0.0,0.0,0.0,-38600000,0.0,0.0,0.0,0.0,-36800000,0.0,0.0,-58859000,0.0,0.0,-14543000,-22400000,0.0,0.0,0.0,0.0,0.0,0.0,0.0,0.0
dividendsPaid,-289300000,-256000000,-223400000,-188400000,-149600000,-118700000,-91600000,-48600000,-60200000,-47800000,-47800000,-47700000,-47500000,-142000000,-188400000,-137600000,-96500000,-66900000,-40097000,-26107000,-13728000,-9288000.0,-7100000.0,-4700000.0,-2100000.0,0.0,0.0,0.0,0.0,-12200000,-5000000.0
otherFinancingActivites,1923900000,2364400000,2547300000,2197400000,896000000,82400000,1664800000,1473400000,1344300000,765900000,33400000,20600000,487500000,-623100000,-1458000000,873900000,1392400000,464300000,191305000,162493000,320617000,127650000,271600000,169200000,116100000,-300000.0,44100000,40500000,30600000,-500000.0,200000.0
netCashUsedProvidedByFinancingActivities,-85100000,270600000,-490100000,-82500000,-559500000,-586000000,117000000,627900000,939000000,751500000,-572300000,-1039400000,-511800000,-755600000,-1633700000,711900000,1320700000,412800000,103910000,148754000,319292000,107885000,245600000,169400000,155600000,43700000,44900000,41400000,31700000,27700000,-4800000.0
effectOfForexChangesOnCash,0.0,0.0,0.0,0.0,0.0,0.0,0.0,0.0,0.0,0.0,0.0,0.0,0.0,0.0,0.0,0.0,0.0,0.0,0.0,0.0,0.0,0.0,0.0,0.0,0.0,0.0,0.0,0.0,0.0,0.0,0.0
netChangeInCash,197100000,1526100000,8000000.0,465300000,-295400000,-80600000,722000000,-315600000,-111200000,315100000,-576700000,-648000000,570000000,1117700000,-318000000,-562200000,631800000,-64900000,478561000,-134936000,166755000,-56043000,51800000,0.0,0.0,0.0,0.0,0.0,0.0,0.0,0.0
cashAtEndOfPeriod,3237200000,3040100000,1514000000,1473100000,1007800000,1303200000,1383800000,661800000,936500000,1047700000,732600000,1309300000,1957300000,1387300000,269600000,587600000,1149800000,518000000,582905000,104344000,239280000,72525000,128600000,0.0,0.0,0.0,0.0,0.0,0.0,0.0,0.0
cashAtBeginningOfPeriod,3040100000,1514000000,1506000000,1007800000,1303200000,1383800000,661800000,977400000,1047700000,732600000,1309300000,1957300000,1387300000,269600000,587600000,1149800000,518000000,582900000,104344000,239280000,72525000,128568000,76800000,78200000,32500000,16700000,11200000,19900000,8500000.0,14400000,6600000.0
operatingCashFlow,534400000,1421600000,892100000,545200000,435100000,618000000,700400000,-661400000,-1231100000,-298100000,14900000,709400000,1141200000,1879900000,1355500000,-1190800000,-620700000,-422500000,423319000,-90597000,-55284000,-107548000,-170900000,-125300000,-83100000,-23900000,-32300000,-44000000,-18800000,-32100000,10000000
capitalExpenditure,-267400000,-286800000,46900000,222700000,-157300000,-86100000,56000000,-100200000,-58000000,-33600000,-16300000,-19200000,-6200000.0,-6600000.0,-39800000,-83300000,-68200000,-55200000,-48668000,-39818000,-33368000,-15789000,-17300000,-11600000,-5300000.0,-2700000.0,-2400000.0,-2600000.0,-1500000.0,-1400000.0,-600000.0
freeCashFlow,267000000,1134800000,764900000,477100000,277800000,531900000,644300000,-761600000,-1289100000,-331700000,-1400000.0,690200000,1135000000,1873300000,1315700000,-1274100000,-688900000,-477700000,374651000,-130415000,-88652000,-123337000,-188200000,-136900000,-88400000,-26600000,-34700000,-46600000,-20300000,-33500000,9400000.0
link,https://www.sec.gov/Archives/edgar/data/882184/000088218421000190/0000882184-21-000190-index.htm,https://www.sec.gov/Archives/edgar/data/882184/000088218420000143/0000882184-20-000143-index.htm,https://www.sec.gov/Archives/edgar/data/882184/000088218419000147/0000882184-19-000147-index.html,https://www.sec.gov/Archives/edgar/data/882184/000088218418000120/0000882184-18-000120-index.html,https://www.sec.gov/Archives/edgar/data/882184/000088218417000103/0000882184-17-000103-index.html,https://www.sec.gov/Archives/edgar/data/882184/000088218416000203/0000882184-16-000203-index.html,https://www.sec.gov/Archives/edgar/data/882184/000088218415000085/0000882184-15-000085-index.html,https://www.sec.gov/Archives/edgar/data/882184/000088218414000097/0000882184-14-000097-index.html,https://www.sec.gov/Archives/edgar/data/882184/000088218413000084/0000882184-13-000084-index.html,https://www.sec.gov/Archives/edgar/data/882184/000088218412000065/0000882184-12-000065-index.html,https://www.sec.gov/Archives/edgar/data/882184/000095012311099334/0000950123-11-099334-index.html,https://www.sec.gov/Archives/edgar/data/882184/000095012310106707/0000950123-10-106707-index.html,https://www.sec.gov/Archives/edgar/data/882184/000095012309064812/0000950123-09-064812-index.html,https://www.sec.gov/Archives/edgar/data/882184/000095013408021337/0000950134-08-021337-index.html,https://www.sec.gov/Archives/edgar/data/882184/000095013407024545/0000950134-07-024545-index.html,https://www.sec.gov/Archives/edgar/data/882184/000095013406022931/d41553e10vk.htm,https://www.sec.gov/Archives/edgar/data/882184/000095013405023092/d30840e10vk.htm,https://www.sec.gov/Archives/edgar/data/882184/000095013404019034/d20584e10vk.htm,https://www.sec.gov/Archives/edgar/data/882184/000095013403016601/d10877e10vk.htm,https://www.sec.gov/Archives/edgar/data/882184/000093066102004301/d10k.htm,https://www.sec.gov/Archives/edgar/data/882184/000095013401508934/0000950134-01-508934-index.html,https://www.sec.gov/Archives/edgar/data/882184/000093066100003182/0000930661-00-003182-index.html,,,,,,,,,
finalLink,https://www.sec.gov/Archives/edgar/data/882184/000088218421000190/dhi-20210930.htm,https://www.sec.gov/Archives/edgar/data/882184/000088218420000143/dhi-20200930.htm,https://www.sec.gov/Archives/edgar/data/882184/000088218419000147/a2019930-10k.htm,https://www.sec.gov/Archives/edgar/data/882184/000088218418000120/a2018930-10k.htm,https://www.sec.gov/Archives/edgar/data/882184/000088218417000103/a2017930-10k.htm,https://www.sec.gov/Archives/edgar/data/882184/000088218416000203/a2016930-10k.htm,https://www.sec.gov/Archives/edgar/data/882184/000088218415000085/a2015930-10k.htm,https://www.sec.gov/Archives/edgar/data/882184/000088218414000097/a2014930-10k.htm,https://www.sec.gov/Archives/edgar/data/882184/000088218413000084/a2013930-10k.htm,https://www.sec.gov/Archives/edgar/data/882184/000088218412000065/a2012930-10k.htm,https://www.sec.gov/Archives/edgar/data/882184/000095012311099334/d84410e10vk.htm,https://www.sec.gov/Archives/edgar/data/882184/000095012310106707/d76058e10vk.htm,https://www.sec.gov/Archives/edgar/data/882184/000095012309064812/d70153e10vk.htm,https://www.sec.gov/Archives/edgar/data/882184/000095013408021337/d65388e10vk.htm,https://www.sec.gov/Archives/edgar/data/882184/000095013407024545/d51532e10vk.htm,https://www.sec.gov/Archives/edgar/data/882184/000095013406022931/d41553e10vk.htm,https://www.sec.gov/Archives/edgar/data/882184/000095013405023092/d30840e10vk.htm,https://www.sec.gov/Archives/edgar/data/882184/000095013404019034/d20584e10vk.htm,https://www.sec.gov/Archives/edgar/data/882184/000095013403016601/d10877e10vk.htm,https://www.sec.gov/Archives/edgar/data/882184/000093066102004301/d10k.htm,https://www.sec.gov/Archives/edgar/data/882184/000095013401508934/d92481e10-k.htm,https://www.sec.gov/Archives/edgar/data/882184/000093066100003182/0000930661-00-003182-0001.txt,,,,,,,,,
