,2021,2020,2019,2018,2017,2016,2015,2014,2013,2012,2011,2010,2009,2008,2007,2006,2005,2004,2003,2002,2001,2000,1999,1998,1997,1996,1995,1994,1993,1992,1991
reportedCurrency,USD,USD,USD,USD,USD,USD,USD,USD,USD,USD,USD,USD,USD,USD,USD,USD,USD,USD,USD,USD,USD,USD,USD,USD,USD,USD,USD,USD,USD,USD,USD
cik,0000882184,0000882184,0000882184,0000882184,0000882184,0000882184,0000882184,0000882184,0000882184,0000882184,0000882184,0000882184,0000882184,0000882184,0000882184,0000882184,0000882184,0000882184,0000882184,0000882184,0000882184,0000882184,0000882184,0000882184,0000882184,0000882184,0000882184,0000882184,0000882184,0000882184,0000882184
fillingDate,2021-11-18,2020-11-20,2019-11-25,2018-11-16,2017-11-15,2016-11-18,2015-11-19,2014-11-18,2013-11-26,2012-11-16,2011-11-17,2010-11-17,2009-11-20,2008-11-26,2007-11-27,2006-12-12,2005-12-14,2004-12-10,2003-12-12,2002-12-13,2001-11-20,2000-12-13,1999-09-30,1998-09-30,1997-09-30,1996-09-30,1995-09-30,1994-09-30,1993-09-30,1992-12-31,1991-12-31
acceptedDate,2021-11-18 17:13:33,2020-11-19 18:04:43,2019-11-25 12:48:27,2018-11-16 15:58:56,2017-11-15 17:31:38,2016-11-18 15:56:19,2015-11-18 18:15:33,2014-11-17 18:57:57,2013-11-26 17:05:55,2012-11-16 17:08:42,2011-11-17 16:46:06,2010-11-17 17:25:55,2009-11-20 17:23:57,2008-11-26 15:19:45,2007-11-27 17:23:20,2006-12-11 18:56:46,2005-12-13 19:47:23,2004-12-10 14:27:35,2003-12-12 14:44:05,2002-12-13 10:48:28,2001-11-20 00:00:00,2000-12-13 00:00:00,1999-09-30,1998-09-30,1997-09-30,1996-09-30,1995-09-30,1994-09-30,1993-09-30,1992-12-31,1991-12-31
calendarYear,2021,2020,2019,2018,2017,2016,2015,2014,2013,2012,2011,2010,2009,2008,2007,2006,2005,2004,2003,2002,2001,2000,1999,1998,1997,1996,1995,1994,1993,1992,1991
period,FY,FY,FY,FY,FY,FY,FY,FY,FY,FY,FY,FY,FY,FY,FY,FY,FY,FY,FY,FY,FY,FY,FY,FY,FY,FY,FY,FY,FY,FY,FY
revenue,27774200000,20311100000,17592900000,16068000000,14091000000,12157400000,10824000000,8024900000,6259300000,4354000000,3636800000,4400200000,3657600000,6646100000,11296500000,15051300000,13863700000,10840800000,8728100000,6738831000,4455514000,3653695000,3156200000,2176900000,837300000,547300000,437400000,393300000,190100000,182600000,124100000
costOfRevenue,19899200000,15373200000,13720900000,12398100000,11042800000,9502600000,8535700000,6268600000,4853500000,3492400000,3023300000,3627600000,3538700000,8281800000,10485100000,11418300000,10140300000,8197300000,6805791000,5364428000,3527142000,2916617000,2539900000,1755800000,680900000,446500000,357700000,324900000,155200000,150300000,100000000
grossProfit,7875000000,4937900000,3872000000,3669900000,3048200000,2654800000,2288300000,1756300000,1405800000,861600000,613500000,772600000,118900000,-1635700000,811400000,3633000000,3723400000,2643500000,1922309000,1374403000,928372000,737078000,616300000,421100000,156400000,100800000,79700000,68400000,34900000,32300000,24100000
grossProfitRatio,0.28353651950371206,0.24311337150622073,0.22008878581700572,0.22839805825242718,0.21632247533886878,0.2183690591738365,0.21140983000739097,0.21885630973594686,0.2245938044190245,0.19788700045934773,0.1686922569291685,0.17558292804872505,0.03250765529308836,-0.24611426249981191,0.07182755720798477,0.24137449921269258,0.268571881965132,0.24384731754114086,0.2202436956496832,0.20395273304820968,0.20836473636936165,0.20173495598291594,0.1952664596666878,0.19344021314713583,0.1867908754329392,0.18417686826237895,0.18221307727480568,0.17391304347826086,0.18358758548132562,0.1768893756845564,0.19419822723609992
researchAndDevelopmentExpenses,0.0,0.0,0.0,0.0,0.0,0.0,0.0,0.0,0.0,0.0,0.0,0.0,0.0,0.0,0.0,0.0,0.0,0.0,0.0,0.0,0.0,0.0,0.0,0.0,0.0,0.0,0.0,0.0,0.0,0.0,0.0
generalAndAdministrativeExpenses,0.0,0.0,1832500000,1676800000,1471600000,1320300000,1186000000,965400000,766300000,614100000,556300000,599200000,601100000,891900000,1295300000,1658800000,1374200000,1080000000,915351000,714540000,479400000,395874000,322100000,231600000,89500000,53900000,44500000,39100000,20800000,17800000,13100000
sellingAndMarketingExpenses,0.0,0.0,0.0,0.0,0.0,0.0,0.0,0.0,0.0,0.0,0.0,0.0,0.0,0.0,0.0,0.0,0.0,0.0,0.0,0.0,0.0,0.0,0.0,0.0,0.0,0.0,0.0,0.0,0.0,0.0,0.0
sellingGeneralAndAdministrativeExpenses,2556200000,2047800000,1832500000,1676800000,1471600000,1320300000,1186000000,965400000,766300000,614100000,556300000,599200000,601100000,891900000,1295300000,1658800000,1374200000,1080000000,915351000,714540000,479400000,395874000,322100000,231600000,89500000,53900000,44500000,39100000,20800000,17800000,13100000
otherExpenses,0.0,0.0,0.0,0.0,0.0,0.0,0.0,0.0,0.0,0.0,2800000.0,0.0,0.0,0.0,0.0,0.0,0.0,0.0,0.0,0.0,0.0,24492000,20800000,9800000.0,4400000.0,2600000.0,2000000.0,1200000.0,400000.0,300000.0,200000.0
operatingExpenses,2556200000,2047800000,1832500000,1676800000,1471600000,1320300000,1186000000,965400000,766300000,614100000,559100000,599200000,601100000,891900000,1295300000,1658800000,1374200000,1080000000,915351000,714540000,479400000,420366000,342900000,241400000,93900000,56500000,46500000,40300000,21200000,18100000,13300000
costAndExpenses,22455400000,17421000000,15553400000,14074900000,12514400000,10822900000,9721700000,7234000000,5619800000,4106500000,3582400000,4226800000,4139800000,9173700000,11780400000,13077100000,11514500000,9277300000,7721142000,6078968000,4006542000,3336983000,2882800000,1997200000,774800000,503000000,404200000,365200000,176400000,168400000,113300000
interestIncome,0.0,0.0,0.0,0.0,14500000,13500000,12500000,10200000,8500000.0,10200000,9600000.0,10000000,10400000,0.0,0.0,0.0,0.0,0.0,0.0,0.0,0.0,0.0,0.0,0.0,0.0,0.0,0.0,0.0,0.0,0.0,0.0
interestExpense,0.0,0.0,0.0,0.0,0.0,0.0,0.0,0.0,5100000.0,26900000,51900000,88200000,97200000,0.0,0.0,0.0,0.0,0.0,0.0,0.0,0.0,0.0,0.0,0.0,0.0,0.0,0.0,0.0,0.0,0.0,0.0
depreciationAndAmortization,73900000,80400000,72000000,62400000,54700000,61000000,54100000,38400000,22700000,18800000,19900000,17200000,25700000,60400000,71000000,61700000,57100000,55500000,45861000,40645000,36062000,24492000,20800000,9800000.0,4400000.0,2600000.0,2000000.0,1200000.0,400000.0,300000.0,200000.0
ebitda,5414800000,3056600000,2197200000,2120400000,1656800000,1414500000,1177500000,852600000,685600000,288600000,83900000,204900000,-429400000,-2571400000,-880200000,2048800000,2435700000,1638400000,1054023000,688152000,445995000,333716000,284600000,168900000,64300000,47100000,34500000,29800000,14400000,14500000,9200000.0
ebitdaratio,0.19495791057888257,0.1504891414054384,0.12489129137322443,0.13196415235250186,0.11757859626712086,0.11634889038774739,0.1087860310421286,0.10624431457089809,0.10953301487386768,0.06628387689480937,0.023069731632204136,0.046566065178855504,-0.11739938757655292,-0.38690359759859166,-0.07791793918470323,0.1361211323938796,0.1756890296241263,0.15113275773005683,0.1207620215167104,0.10211741472667886,0.10009956202584035,0.09133657845003483,0.09017172549268107,0.07758739491938077,0.07679445837812014,0.08605883427736159,0.07887517146776406,0.07576913297737096,0.07574960547080484,0.07940854326396495,0.07413376309427881
operatingIncome,0.0,0.0,0.0,0.0,0.0,0.0,0.0,0.0,0.0,0.0,0.0,0.0,0.0,0.0,0.0,0.0,0.0,0.0,0.0,0.0,0.0,0.0,0.0,0.0,0.0,0.0,0.0,0.0,0.0,0.0,0.0
operatingIncomeRatio,0.0,0.0,0.0,0.0,0.0,0.0,0.0,0.0,0.0,0.0,0.0,0.0,0.0,0.0,0.0,0.0,0.0,0.0,0.0,0.0,0.0,0.0,0.0,0.0,0.0,0.0,0.0,0.0,0.0,0.0,0.0
totalOtherIncomeExpensesNet,37500000,92900000,85800000,66900000,25500000,19000000,21100000,23300000,18300000,-4600000.0,-42300000,-73900000,-70100000,-104200000,-467300000,12900000,29400000,19400000,1204000.0,-12356000,-41175000,-7488000.0,-9600000.0,-20600000,-2600000.0,200000.0,-700000.0,500000.0,300000.0,0.0,-1800000.0
incomeBeforeTax,5356300000,2983000000,2125300000,2060000000,1602100000,1353500000,1123400000,814200000,657800000,242900000,12100000,99500000,-552300000,-2631800000,-951200000,1987100000,2378600000,1582900000,1008162000,647507000,407797000,309224000,263800000,159100000,59900000,44500000,32500000,28600000,14000000,14200000,9000000.0
incomeBeforeTaxRatio,0.1928516392911407,0.14686550703802354,0.12080441541758323,0.1282051282051282,0.11369668582783336,0.11133137019428496,0.10378787878787879,0.10145920821443258,0.10509162366398798,0.05578778135048232,0.0033271007479102506,0.022612608517794647,-0.151000656167979,-0.3959916341914807,-0.08420307174788651,0.13202181871333374,0.1715703600049049,0.14601320935724302,0.11550761334081873,0.09608595318683612,0.09152636485936302,0.08463322745877803,0.08358152208351816,0.0730855804125132,0.07153947211274334,0.08130824045313356,0.07430269775948788,0.07271802695143656,0.07364544976328248,0.07776560788608981,0.072522159548751
incomeTaxExpense,1165100000,602500000,506700000,597700000,563700000,467200000,372700000,280700000,195100000,-713400000,-59700000,-145600000,-7000000.0,1800000.0,-238700000,753800000,908100000,607800000,382207000,242815000,152924000,117505000,104000000,65700000,23700000,17100000,12000000,10900000,5100000.0,5000000.0,3200000.0
netIncome,4175800000,2373700000,1618500000,1460300000,1038400000,886300000,750700000,533500000,462700000,956300000,71800000,245100000,-545300000,-2633600000,-712500000,1233300000,1470500000,975100000,625955000,404692000,257009000,191719000,159800000,93400000,36200000,27400000,20500000,17700000,8900000.0,9200000.0,5800000.0
netIncomeRatio,0.15034816484363187,0.11686713176538936,0.09199733983595655,0.090882499377645,0.07369242779078845,0.07290210077812691,0.06935513673318551,0.06648057919724856,0.07392200405796175,0.21963711529627927,0.019742630884293885,0.05570201354483887,-0.149086832895888,-0.39626246971908335,-0.063072633116452,0.08193976600027905,0.10606836558783009,0.08994723636631984,0.0717172122225914,0.06005373929098385,0.05768335594950437,0.05247263386790633,0.05063050503770357,0.042905048463411276,0.043234205183327365,0.05006395030147999,0.046867855509830816,0.04500381388253242,0.04681746449237244,0.050383351588170866,0.046736502820306204
eps,11.56,6.49,4.34,3.88,2.77,2.39,2.05,1.57,1.44,3.01,0.23,0.77,-1.72,-8.34,-2.27,3.94,4.71,3.142579,2.105053,1.505038,1.133362,0.849871,0.702555,0.482146,0.278267,0.239695,0.048526,0.029209,0.013778,0.015992,0.011071
epsdiluted,11.41,6.41,4.29,3.81,2.74,2.36,2.03,1.5,1.33,2.77,0.23,0.77,-1.72,-8.34,-2.27,3.9,4.62,3.082577,2.050051,1.435036,1.113361,0.843865,0.688779,0.429798,0.278267,0.239695,0.048526,0.029209,0.013778,0.015992,0.011071
weightedAverageShsOut,361100000,365500000,372600000,376600000,374300000,371000000,366300000,340500000,322100000,318100000,318300000,318100000,316900000,315700000,313876652,313020305,312208068,310286594,297358362,268891616,226766978,225585975,227455513,193717431,130197713,114042322,107606199,98955379,100794197,97134880,523883729
weightedAverageShsOutDil,365800000,370200000,377400000,383400000,378900000,375100000,369800000,366600000,364900000,359000000,318500000,318600000,316900000,315700000,313876652,316230769,318290043,316326236,305336269,282008281,230840636,227191569,232004624,217311221,130197713,114042322,107606199,98955379,100794197,97134880,523883729
link,https://www.sec.gov/Archives/edgar/data/882184/000088218421000190/0000882184-21-000190-index.htm,https://www.sec.gov/Archives/edgar/data/882184/000088218420000143/0000882184-20-000143-index.htm,https://www.sec.gov/Archives/edgar/data/882184/000088218419000147/0000882184-19-000147-index.html,https://www.sec.gov/Archives/edgar/data/882184/000088218418000120/0000882184-18-000120-index.html,https://www.sec.gov/Archives/edgar/data/882184/000088218417000103/0000882184-17-000103-index.html,https://www.sec.gov/Archives/edgar/data/882184/000088218416000203/0000882184-16-000203-index.html,https://www.sec.gov/Archives/edgar/data/882184/000088218415000085/0000882184-15-000085-index.html,https://www.sec.gov/Archives/edgar/data/882184/000088218414000097/0000882184-14-000097-index.html,https://www.sec.gov/Archives/edgar/data/882184/000088218413000084/0000882184-13-000084-index.html,https://www.sec.gov/Archives/edgar/data/882184/000088218412000065/0000882184-12-000065-index.html,https://www.sec.gov/Archives/edgar/data/882184/000095012311099334/0000950123-11-099334-index.html,https://www.sec.gov/Archives/edgar/data/882184/000095012310106707/0000950123-10-106707-index.html,https://www.sec.gov/Archives/edgar/data/882184/000095012309064812/0000950123-09-064812-index.html,https://www.sec.gov/Archives/edgar/data/882184/000095013408021337/0000950134-08-021337-index.html,https://www.sec.gov/Archives/edgar/data/882184/000095013407024545/0000950134-07-024545-index.html,https://www.sec.gov/Archives/edgar/data/882184/000095013406022931/d41553e10vk.htm,https://www.sec.gov/Archives/edgar/data/882184/000095013405023092/d30840e10vk.htm,https://www.sec.gov/Archives/edgar/data/882184/000095013404019034/d20584e10vk.htm,https://www.sec.gov/Archives/edgar/data/882184/000095013403016601/d10877e10vk.htm,https://www.sec.gov/Archives/edgar/data/882184/000093066102004301/d10k.htm,https://www.sec.gov/Archives/edgar/data/882184/000095013401508934/0000950134-01-508934-index.html,https://www.sec.gov/Archives/edgar/data/882184/000093066100003182/0000930661-00-003182-index.html,,,,,,,,,
finalLink,https://www.sec.gov/Archives/edgar/data/882184/000088218421000190/dhi-20210930.htm,https://www.sec.gov/Archives/edgar/data/882184/000088218420000143/dhi-20200930.htm,https://www.sec.gov/Archives/edgar/data/882184/000088218419000147/a2019930-10k.htm,https://www.sec.gov/Archives/edgar/data/882184/000088218418000120/a2018930-10k.htm,https://www.sec.gov/Archives/edgar/data/882184/000088218417000103/a2017930-10k.htm,https://www.sec.gov/Archives/edgar/data/882184/000088218416000203/a2016930-10k.htm,https://www.sec.gov/Archives/edgar/data/882184/000088218415000085/a2015930-10k.htm,https://www.sec.gov/Archives/edgar/data/882184/000088218414000097/a2014930-10k.htm,https://www.sec.gov/Archives/edgar/data/882184/000088218413000084/a2013930-10k.htm,https://www.sec.gov/Archives/edgar/data/882184/000088218412000065/a2012930-10k.htm,https://www.sec.gov/Archives/edgar/data/882184/000095012311099334/d84410e10vk.htm,https://www.sec.gov/Archives/edgar/data/882184/000095012310106707/d76058e10vk.htm,https://www.sec.gov/Archives/edgar/data/882184/000095012309064812/d70153e10vk.htm,https://www.sec.gov/Archives/edgar/data/882184/000095013408021337/d65388e10vk.htm,https://www.sec.gov/Archives/edgar/data/882184/000095013407024545/d51532e10vk.htm,https://www.sec.gov/Archives/edgar/data/882184/000095013406022931/d41553e10vk.htm,https://www.sec.gov/Archives/edgar/data/882184/000095013405023092/d30840e10vk.htm,https://www.sec.gov/Archives/edgar/data/882184/000095013404019034/d20584e10vk.htm,https://www.sec.gov/Archives/edgar/data/882184/000095013403016601/d10877e10vk.htm,https://www.sec.gov/Archives/edgar/data/882184/000093066102004301/d10k.htm,https://www.sec.gov/Archives/edgar/data/882184/000095013401508934/d92481e10-k.htm,https://www.sec.gov/Archives/edgar/data/882184/000093066100003182/0000930661-00-003182-0001.txt,,,,,,,,,
