,2021,2020,2019,2018,2017,2016,2015,2014,2013,2012,2011,2010,2009,2008,2007,2006,2005,2004,2003,2002,2001,2000,1999,1998,1997,1996,1995,1994,1993,1992
period,FY,FY,FY,FY,FY,FY,FY,FY,FY,FY,FY,FY,FY,FY,FY,FY,FY,FY,FY,FY,FY,FY,FY,FY,FY,FY,FY,FY,FY,FY
revenuePerShare,76.91553586264193,55.570725034199725,47.21658615136876,42.66595857673924,37.64627304301363,32.769272237196766,29.54954954954955,23.56798825256975,19.432784849425644,13.687519647909463,11.425699026076028,13.83275699465577,11.541811296939098,21.051948051948052,35.99025262955844,48.08410112564423,44.405322670905484,34.93802249155502,29.352125634859394,25.06151400421499,19.647984196358607,16.19646345478703,13.87612003055736,11.237501905546125,6.430988538178086,4.799095549808254,4.06482158151502,3.9745186565350834,1.8860212756097456,1.8798602520536392
netIncomePerShare,11.564109664912767,6.494391244870041,4.343800322061192,3.877588953797132,2.774245257814587,2.3889487870619948,2.0494130494130496,1.566813509544787,1.4365104004967402,3.0062873310279787,0.22557335846685517,0.7705124174787803,-1.7207320921426317,-8.342096927462782,-2.2699999998725615,3.9399999945690425,4.709999999103162,3.1425785672196977,2.1050526233393767,1.505037628246468,1.13336166608879,0.8498710968179649,0.7025549651109138,0.482145563865133,0.27803867799121784,0.24026168109765425,0.19050947055568795,0.17886849789135767,0.08829873410271824,0.09471366001584601
operatingCashFlowPerShare,1.4799224591525892,3.8894664842681257,2.3942565754159957,1.4476898566117897,1.1624365482233503,1.6657681940700808,1.912093912093912,-1.9424375917767989,-3.8221049363551693,-0.9371266897202137,0.04681118441721646,2.230116315624018,3.6011360050489114,5.954703832752613,4.318575438354045,-3.8042260549199836,-1.9880972454561936,-1.3616443899603345,1.4235987754062218,-0.33692757456595446,-0.2437921098018072,-0.4767494965057114,-0.7513557167550386,-0.6468184063415543,-0.6382600591455858,-0.20957132037350135,-0.300168580436523,-0.4446448535152394,-0.1865186742843936,-0.33046831375094093
freeCashFlowPerShare,0.739407366380504,3.1047879616963066,2.052871712292002,1.2668613913967073,0.742185412770505,1.4336927223719678,1.7589407589407589,-2.2367107195301026,-4.002173238124806,-1.0427538509902545,-0.004398366321080742,2.169757937755423,3.581571473650994,5.933797909407666,4.191774034852392,-4.070342976632139,-2.206541312058598,-1.5395444380687617,1.2599309381452672,-0.48500954377097427,-0.3909387547599633,-0.5467405498058999,-0.8274145458940799,-0.7066994399693438,-0.6789673794039685,-0.23324674150356217,-0.3224721282088962,-0.470919322132049,-0.20140048340282923,-0.34488126201422187
cashPerShare,8.890612018831348,8.258549931600546,4.010466988727858,3.91157727031333,2.6924926529521773,3.5126684636118597,3.7777777777777777,1.9436123348017622,2.9074821484011175,4.230430682175417,3.236569274269557,5.051870480980823,6.176396339539287,4.39436173582515,0.8589361403026562,1.8771945161832233,3.682800407323234,1.6694243644957474,1.960277814551588,0.3880522626633327,1.0551800888751977,0.3214960504526046,0.5653852848139144,0.39645373988053767,0.3379475644092151,0.28498192100999137,0.15519551991609704,0.11318232634933367,0.19743200097124639,0.08750718588420554
bookValuePerShare,41.22542232068679,32.39398084815321,26.894524959742352,23.85661178969729,20.697568795084155,18.308625336927225,16.091455091455092,15.024375917767989,12.600124185035703,11.292360892801007,8.233113415017279,8.21502672115687,7.130325023666772,8.977827050997783,17.799667367421772,20.614956592033224,17.169319275887513,12.764650734475495,10.19396252929319,8.519447478793834,5.552444236391421,4.321310311955342,3.5277228035356525,2.853640981848453,2.0184686346986753,1.5573165898884451,0.9860026744369996,0.854930786531574,0.6538074806032732,0.5754884342267165
tangibleBookValuePerShare,41.6743284408751,32.67004103967168,27.191626409017715,24.030005310674454,20.48517232166711,18.09433962264151,15.856401856401856,14.757415565345081,12.488357652902826,11.178245834643194,8.192271442035816,8.195535994970134,7.107920479646576,9.024073487488122,17.713964911286233,19.101316766016186,15.965955114266938,11.435234614100022,8.704180984155407,6.365308169370368,4.951726260602194,3.807244665808679,3.0331205909262793,2.560430403395139,1.7988027178326857,1.5196112895702,0.9571939252310175,0.8347196568263359,0.6538074806032732,0.5754884342267165
shareholdersEquityPerShare,41.22542232068679,32.39398084815321,26.894524959742352,23.85661178969729,20.697568795084155,18.308625336927225,16.091455091455092,15.024375917767989,12.600124185035703,11.292360892801007,8.233113415017279,8.21502672115687,7.130325023666772,8.977827050997783,17.799667367421772,20.614956592033224,17.169319275887513,12.764650734475495,10.19396252929319,8.519447478793834,5.552444236391421,4.321310311955342,3.5277228035356525,2.853640981848453,2.0184686346986753,1.5573165898884451,0.9860026744369996,0.854930786531574,0.6538074806032732,0.5754884342267165
interestDebtPerShare,15.09111049570756,11.719015047879617,9.123456790123457,8.506372809346788,7.671920919048891,8.817520215633424,10.405405405405405,10.815859030837004,10.909965849115181,15.169129204652625,10.507697141061891,13.660169757937755,10.64846954875355,11.873297434273043,13.944331227287336,19.41918751884163,15.72541040162998,11.277316093134207,9.964821503825744,10.704428210956195,8.309543199892182,5.95960365000528,5.2344301718463955,4.411580287785253,2.728926582604412,1.4897977962953086,0,1.097464342994432,0.6170990181111319,0.32532083222834063
marketCap,32235395916.7,24419054268.999996,19445993627.4,13693176376.599998,16585233374.3,10625439629,10783872366.3,7766804659.5,6287392000,6603756000.000001,3695463000,3317783000,3473224000.0000005,2045736000.0000002,4127477973.8,7377888588.85,9297556577.248068,6981448365,5917431403.799999,2547748061.6,1557133324.522326,1206681713.286525,740231448.962713,847250304.91884,547019051.086137,286700344.746204,305381550.483045,215047157.847567,242409942.990803,149539147.76000002
enterpriseValue,34474395916.7,25683854268.999996,21351093627.4,15423576376.599998,18449033374.3,12593539629,13211572366.3,10787804659.5,8859892000,10354456000,6255563000,6265583000,4793224000,4406836000,8234677973.8,12868888588.85,13057356577.248068,9962648365,8297649403.799999,5321735061.6,3202183324.522326,2478559713.286525,1802231448.962713,1625050304.91884,858319051.086137,424100344.746204,288681550.483045,312447157.84756696,284709942.990803,172639147.76000002
peRatio,7.719573714425978,10.28733802460294,12.014824607599628,9.376961156337739,15.97191195521957,11.988536194290871,14.36508907193286,14.558209296157452,13.588484979468337,6.905527554114818,51.46884401114206,13.536446348429212,-6.3693819915642775,-0.7767831105710814,-5.792951542175438,5.982233510784075,6.322717835598822,7.159725530714798,9.45344538153701,6.295523661451178,6.05867235980968,6.294012139049989,4.632236852082059,9.071202408124625,15.11102351066677,10.463516231613285,14.896660999172928,12.149556940540508,27.23707224615764,16.25425519130435
priceToSalesRatio,1.1606237413390845,1.202251688436372,1.1053319024947565,0.852201666455066,1.1770089684408487,0.8739894738184151,0.9962927167682927,0.9678381860833157,1.0044880417938107,1.5167101515847496,1.0161303893532776,0.7540073178491886,0.9495909886264217,0.3078099938309686,0.3653767072810163,0.4901828140326749,0.6706403468949895,0.6439975246291787,0.6779747486623664,0.3780697366650091,0.34948455431232534,0.330263394532528,0.2345324912751768,0.3892003789420001,0.6533130909902508,0.5238449565982167,0.6981745552881687,0.5467763993073149,1.275170662760668,0.8189438541073385
pocfratio,60.32072589202845,17.177162541502533,21.7979975646228,25.115877433235507,38.11821046724891,17.193268008090616,15.396733818246716,-11.742976503628666,-5.107133457883194,-22.152821200939286,248.0176510067114,4.676886100930363,3.043484051875219,1.0882153306026918,3.044985594835854,-6.195741173034935,-14.97914705533763,-16.524138142011836,13.978657711560311,-28.12177071646964,-28.166075619027673,-11.219936338067885,-4.331371848816342,-6.7617741813155625,-6.582660061205018,-11.995830324108953,-9.45453716665774,-4.887435405626523,-12.894145903766116,-4.658540428660436
pfcfRatio,120.73181991273408,21.518377043531896,25.422922770819717,28.700851763990773,59.70206398236141,19.976385841323555,16.737346525376378,-10.19801031972164,-4.877350089209526,-19.90882122399759,-2639.6164285714285,4.806987829614604,3.060109251101322,1.0920493247210805,3.1370965826556207,-5.790666814888941,-13.496235414788892,-14.614712926522923,15.79451650682902,-19.53569805313806,-17.564559451815256,-9.78361491917693,-3.93321705081144,-6.188826186404968,-6.187998315454039,-10.778208449105414,-8.800621051384582,-4.614745876557231,-11.94137650201,-4.463855157014926
pbRatio,2.165411340254593,2.062420124070946,1.9405436265604885,1.524105825274921,2.1408311980353942,1.5642899711446447,1.8295425014505537,1.518199433031002,1.5491910804484414,1.8384109573786922,1.410159123864764,1.2696245981937853,1.537096831297575,0.721778216843665,0.7387778506506292,1.1433446340172635,1.734489324910094,1.7626804264397709,1.9521358787434928,1.1121613254362652,1.2366926541999281,1.2378419076272251,0.9225217459654947,1.5326525052801014,2.0815032385317243,1.6143037429403377,2.87824270012295,2.541928579758475,3.678451335217041,2.67511892236136
ptbRatio,2.165411340254593,2.062420124070946,1.9405436265604885,1.524105825274921,2.1408311980353942,1.5642899711446447,1.8295425014505537,1.518199433031002,1.5491910804484414,1.8384109573786922,1.410159123864764,1.2696245981937853,1.537096831297575,0.721778216843665,0.7387778506506292,1.1433446340172635,1.734489324910094,1.7626804264397709,1.9521358787434928,1.1121613254362652,1.2366926541999281,1.2378419076272251,0.9225217459654947,1.5326525052801014,2.0815032385317243,1.6143037429403377,2.87824270012295,2.541928579758475,3.678451335217041,2.67511892236136
evToSales,1.2412381244716317,1.2645230572937949,1.2136199050412384,0.9598939741473735,1.3092777925129515,1.035874416322569,1.2205813346544714,1.344291475220875,1.4154764909814197,2.3781479099678458,1.7200734161900573,1.423931412208536,1.3104833770778652,0.6630709739546501,0.7289583476120922,0.8550017997681264,0.9418377905788547,0.9189956797468821,0.9506822107675209,0.7897119042753855,0.7187012148367901,0.6783707214987909,0.5710130691853219,0.7464974527625706,1.02510336926566,0.7748955686939595,0.6599943998240626,0.7944245050789905,1.4976851288311572,0.9454498782037241
enterpriseValueOverEBITDA,6.366697923598285,8.402752819799776,9.717410170853814,7.273899441897754,11.135341244748913,8.903174004241782,11.220018994734607,12.652832112948628,12.922829638273045,35.878225918225915,74.55974970202622,30.57873596876525,-11.162608290638099,-1.713788597651085,-9.355462365144286,6.2811834190013665,5.360822998418552,6.08071799621582,7.872360853415912,7.7333714958323165,7.179863730585154,7.427152768481358,6.332506848076996,9.621375399164238,13.348663313936813,9.004253603953376,8.367581173421593,10.484803954616341,19.771523818805765,11.906148121379312
evToOperatingCashFlow,64.51047140101048,18.066864286015754,23.933520488061877,28.28975857776962,42.401823429786255,20.377895839805824,18.86289601127927,-16.31056041654067,-7.196728129315247,-34.734840657497486,419.83644295302014,8.832228643924443,4.200161233788994,2.344186392893239,6.075011415566212,-10.806926930508903,-21.036501654983194,-23.580232816568046,19.601410292946923,-58.740742647107524,-57.922424653106255,-23.046079083632655,-10.545532176493348,-12.969276176527055,-10.328749110543166,-17.74478429900435,-8.937509302880649,-7.1010717692628855,-15.144145903766118,-5.378166596884736
evToFreeCashFlow,129.11758770299625,22.632934674832565,27.913575143678916,32.32776436093062,66.41120725089992,23.67651744500846,20.505311758963213,-14.164659479385504,-6.872928399658677,-31.216328007235454,-4468.259285714285,9.077923790205737,4.223104845814978,2.3524454171782416,6.258780857186289,-10.100375628953772,-18.95392158114105,-20.855449790663595,22.147677181697098,-40.80615773952383,-36.12082439789656,-20.095832664054782,-9.576150100758305,-11.8703455436,-9.709491528123722,-15.94362198294,-8.319353039857203,-6.704874631922038,-14.025120344374532,-5.153407395820896
earningsYield,0.12954083178598927,0.09720687680412805,0.0832305116936521,0.10664435773247455,0.06260991187552867,0.08341301922049629,0.06961321262907055,0.06868976669156307,0.07359172133692317,0.1448115284695558,0.01942922984210639,0.07387463254830108,-0.15700110329768535,-1.2873606369541328,-0.17262357413479554,0.16716164592995514,0.15815983347694185,0.13967015854309767,0.10578153886127521,0.15884302145081455,0.1650526618064907,0.15888116799071486,0.2158784258949385,0.11023896888292888,0.0661768542212979,0.09557016760567667,0.06712913719762574,0.08230752815876034,0.036714665620533826,0.061522351423089316
freeCashFlowYield,0.008282820558182656,0.046471906221226156,0.039334580410549574,0.03484217152240198,0.016749839675483307,0.050059105182649194,0.059746627010670246,-0.09805834360317608,-0.20502936670721342,-0.05022899089548432,-0.00037884292171238085,0.20803048300627255,0.32678571839881326,0.9157095539209359,0.3187660863005621,-0.17269168335308183,-0.07409473599610014,-0.06842419724750053,0.06331311246961142,-0.0511883423504986,-0.05693282559937206,-0.10221170888889884,-0.25424480446450204,-0.16158152933696962,-0.16160314677245122,-0.09277979774857661,-0.11362834442720066,-0.2166966560563973,-0.08374243956144233,-0.22402160572537955
debtToEquity,0.36606321163470257,0.3617652027027027,0.3392310071949625,0.35656248608699526,0.3706677337326225,0.4816047110783953,0.6466416707666729,0.7198874076390789,0.8646051496858446,0.6940508337741155,0.6504617263222163,0.8310883208326956,1.4503894494600815,0,0.7139916590595858,0.7573184149762122,0.9159017983732557,0.8834801928951953,0.977521888587584,1.2564697696184053,1.4965559033317952,1.3791195771147085,1.4837986041874376,1.5459479015918958,1.3519786910197868,0.9566441441441441,0,0,0,0
debtToAssets,0.3664114191015119,0.3590679081867356,0.3403367805928261,0.3511045300610715,0.3641481870557917,0.4123143205668359,0.4713119899560578,0.4981916197010537,0.5414163768574138,0.5040561794652465,0.5103948939982084,0.5583302461859697,0.6642690110410562,0.6284113313271765,0.5106305651462838,0.5575107788431046,0.555438360980599,0.540678003828518,0.5649131786964736,0.6193107234915606,0.6552449352306424,0.6382263338549984,0.6602591243966466,0.668545389135388,0.6348985829397055,0.5591958302308265,0.667189460476788,0.6336076223473365,0.5847511027095148,0.46404602109300097
netDebtToEBITDA,0.4134963433552486,0.41379310344827586,0.867058073912252,0.8160724391624222,1.1249396426846934,1.3913750441852244,2.061740976645435,3.5432793807178045,3.752187864644107,12.996188496188497,30.513706793802147,14.386530014641288,-3.0740568234746157,-0.9182157579528661,-4.6662122244944335,2.6801054275673564,1.5436219567270189,1.819580078125,2.258222069157884,4.03106726420907,3.6884942656307804,3.811258675041053,3.731553056921996,4.605091770278271,4.841368584758943,2.917197452229299,-0.48405797101449277,3.2684563758389262,2.9375,1.5931034482758621
currentRatio,10.647939043422381,15.088828384242321,9.9587516538252,10.204064134442254,8.968165121567255,8.664931334709632,8.40458573125057,7.688062442607897,7.055077284288789,5.41546018614271,4.616182150843668,4.480898679954541,4.9290610289867045,1.2529928996036988,5.0277719665271965,3.607737425202915,4.720121473354232,5.2140702038413425,4.9301492568486625,5.242192251658439,5.982629941287354,6.030569046775383,5.408622559652929,5.53976833976834,11.686486486486487,10.982558139534884,1.5040160642570282,1.5823529411764705,1.7811004784688995,2.2579908675799087
interestCoverage,,,,,,,,,0,0,0,0,0,,,,,,,,,,,,,,,,,
incomeQuality,0.12797547775276594,0.5988962379407676,0.5511893728761199,0.3733479422036568,0.4190100154083205,0.6972808304185941,0.9329958705208472,-1.2397375820056233,-2.66068727036957,-0.311722262888215,0.2075208913649025,2.894328845369237,-2.092792958004768,-0.7138137910085055,-1.9024561403508773,-0.9655396091786265,-0.4221013260795648,-0.433288893446826,0.6762770486696328,-0.2238665454221976,-0.21510530759623203,-0.5609668316650932,-1.0694618272841052,-1.3415417558886509,-2.2955801104972378,-0.8722627737226277,-1.575609756097561,-2.4858757062146895,-2.1123595505617976,-3.489130434782609
dividendYield,0.008974606694690046,0.010483616489807803,0.011488227564017225,0.013758677666779571,0.009020072049864299,0.011171302472608495,0.008494165814337101,0.0062573995524085576,0.009574717148222984,0.007238304988857855,0.01293477975560843,0.014377070471456392,0.013676054294223463,0.0694126710386873,0.04564530718174804,0.018650322289760664,0.010379071017017946,0.009582538823231703,0.006776081928765729,0.010247088553804908,0.008816200760594004,0.007697141588980537,0.009591594642390885,0.0055473571065285405,0.0038389887807935247,,,,,0.0815839877567054
payoutRatio,0.06928013793764069,0.10784850655095421,0.1380290392338585,0.12901458604396357,0.1440677966101695,0.13392756403023806,0.12201944851471959,0.09109653233364573,0.13010590015128592,0.04998431454564467,0.6657381615598886,0.19461444308445533,-0.08710801393728224,-0.053918590522478736,-0.26442105263157895,0.11157058298872942,0.06562393743624617,0.06860834786175776,0.06405732041440679,0.06451078845146432,0.053414471866743966,0.04844590259703003,0.044430538172715896,0.05032119914346895,0.058011049723756904,0,0,0,0,1.326086956521739
salesGeneralAndAdministrativeToRevenue,0,0,0.10416133781241296,0.10435648493900922,0.10443545525512739,0.10860052313817099,0.10957132298595713,0.12030056449301549,0.12242583036441775,0.14104271933853926,0.15296414430268368,0.13617562838052816,0.16434273840769903,0.13419900392711515,0.11466383393086355,0.11020974932397866,0.09912216796381919,0.09962364401151207,0.10487402756613697,0.10603322742475661,0.10759701349833038,0.10834894538268794,0.10205310183131613,0.10638982038678856,0.1068911978980055,0.09848346427918875,0.10173754000914495,0.09941520467836257,0.10941609679116254,0.09748083242059145
researchAndDdevelopementToRevenue,0,0,0,0,0,0,0,0,0,0,0,0,0,0,0,0,0,0,0,0,0,0,0,0,0,0,0,0,0,0
intangiblesToTotalAssets,0.006978709937999409,0.009549340905125235,0.01047633693437392,0.007736669831238576,0.006565664855637444,0.006921073804600784,0.007819926463994261,0.009291840235236461,0.004392303870647216,0.005366849700615325,0.002967303672738131,0.002677398713501499,0.0023532545955066157,0.002062363806163744,0.008246584114292637,0.03906023332231271,0.046257231437977435,0.06442817076971019,0.07952603636272719,0.09625715015487259,0.03729899046873246,0.043036810601441336,0.04763316114827674,0.03405684134788344,0.03973325923867741,0.010672623479771656,0.00972396486825596,0.0086617583369424,0,0
capexToOperatingCashFlow,-0.500374251497006,-0.20174451322453574,0.05257258154915368,0.40847395451210566,-0.3615260859572512,-0.13932038834951457,0.0799543118218161,0.15149682491684305,0.047112338559012264,0.11271385441127138,-1.0939597315436242,-0.027065125458133634,-0.005432877672625307,-0.003510825043885313,-0.029361859092585763,0.06995297279140074,0.10987594651200258,0.1306508875739645,-0.11496767213378091,0.43950682693687426,0.603574271036828,0.14680886673857255,0.10122878876535986,0.09257781324820431,0.06377858002406739,0.11297071129707113,0.07430340557275542,0.05909090909090909,0.0797872340425532,0.04361370716510903
capexToRevenue,-0.009627640040037157,-0.014120357833893782,0.0026658481546532977,0.01385984565596216,-0.011163153786104605,-0.007082106371428101,0.005173688100517369,-0.012486136898902166,-0.00926621187672743,-0.0077170418006430866,-0.0044819621645402555,-0.004363438025544293,-0.001695100612423447,-0.000993063601209732,-0.0035232151551365465,-0.0055344056659557645,-0.0049193216818021164,-0.005091875138366172,-0.00557601310709089,-0.005908739958013489,-0.007489147155636813,-0.004321378768616428,-0.005481274950890311,-0.0053286783958840555,-0.006329869819658426,-0.004933308971313722,-0.0054869684499314125,-0.006610729722857869,-0.007890583903208837,-0.007667031763417305
capexToDepreciation,-3.618403247631935,-3.5671641791044775,0.6513888888888889,3.5689102564102564,-2.8756855575868374,-1.4114754098360656,1.0351201478743068,-2.609375,-2.555066079295154,-1.7872340425531914,-0.8190954773869347,-1.1162790697674418,-0.24124513618677043,-0.10927152317880795,-0.5605633802816902,-1.3500810372771475,-1.1943957968476357,-0.9945945945945946,-1.0612066897799874,-0.9796530938614836,-0.9252953247185403,-0.6446594806467418,-0.8317307692307693,-1.183673469387755,-1.2045454545454546,-1.0384615384615385,-1.2,-2.1666666666666665,-3.75,-4.666666666666667
stockBasedCompensationToRevenue,0.003290823858112925,0.0038304178503379923,0.004160769401292567,0.003472740851381628,0.00420126321765666,0.004030467040650139,0.0038987435328898742,0.0032648381911301073,0.0030354832009969164,0.004157096922370234,0.003904531456225253,0.0030225898822780783,0.0037456255468066493,0,0,0,0,0,0,0,0,0,0,0,0,0,0,0,0,0
grahamNumber,103.5690318373316,68.80066624787521,51.269386958405896,45.622231673735826,35.94374732489924,31.370579952513758,27.239784435465396,23.014319262360562,20.18055282655735,27.637507729750666,6.46423610973789,11.933987272402108,16.615084400980315,41.05012579508094,30.15158388443348,42.74945495985497,42.65581566346753,30.04268880883795,21.97324783006642,16.985199531289588,11.89919609213109,9.090243480046398,7.467558593749145,5.563908936700386,3.5534881302831245,2.9014959576875063,2.0558365859555607,1.8549135224396691,1.1397075896446078,1.1074289402955015
roic,0,0,0,0,0,0,0,0,0,0,0,0,0,0,0,0,0,0,0,0,0,0,0,0,0,0,0,0,0,0
returnOnTangibleAssets,0.17509843468926506,0.12672101304206237,0.10480408726227247,0.10426692561440587,0.08578556912248236,0.07721123104130187,0.06785191344745928,0.052781542784214014,0.052475191380776866,0.13264810730584106,0.01343940102948058,0.04138315295388927,-0.08089664278190692,-0.3423060426062883,-0.062167350143966495,0.0865971997921611,0.1231997587111152,0.11599633608127238,0.09341946849455643,0.07441520755486507,0.07309767128076003,0.07434971773563365,0.07104432490108034,0.0579764121663563,0.05237268518518518,0.06874059207225289,0.06493506493506493,0.07732634338138926,0.056080655324511654,0.08820709491850431
grahamNetNet,8.007546386042648,6.8799589603283176,4.894793344068707,4.553637812002124,3.1775313919316055,1.9076819407008085,0.08654108654108654,-1.6762114537444934,-2.3588947531822417,-0.6740018861993083,0.09252277725416273,0.08739390128890286,-1.5133322814768067,-3.5346848273677542,-3.0574112278985313,-6.400702983149927,-4.99026181475874,-3.4045943989446092,-3.323140110652076,-5.395633086603935,-3.3144618613738372,-2.4456728748318683,-2.18834001178947,-1.8542471792329314,-0.8502453495477298,-0.17668879102619464,-0.5069410545762331,-0.3344941966216915,-0.08333813106323969,0.05456330413956346
workingCapital,21019000000,16558600000,11511100000,10734700000,9110800000,8539500000,8105800000,7283300000,6189500000,5123700000,3557600000,3981800000,4757700000,1225700000,7701100000,8803200000,7595000000,5726500000,4516107000,3599025000,2534908000,1888209000,1625900000,1175800000,593100000,343400000,100400000,79200000,65300000,55100000
tangibleAssetValue,15048600000,11940900000,10131600000,9049700000,7667600000,6713000000,5808200000,5024900000,4022500000,3555800000,2607600000,2607000000,2252500000,2848900000,5560000000,5979100000,4984700000,3548200000,2588261000,1711578000,1122888000,858861000,689900000,496000000,234200000,173300000,103000000,82600000,,
netCurrentAssetValue,14397900000,10943100000,7484500000,6945300000,5817200000,4887700000,3944900000,3289500000,2416700000,2630600000,1806500000,1810000000,1480400000,1225700000,3712100000,3916300000,2685400000,2227300000,1552984000,720694000,650578000,543806000,435300000,319800000,191600000,152500000,86900000,68900000,56100000,50500000
investedCapital,0.36606321163470257,0.3617652027027027,0.3392310071949625,0.35656248608699526,0.3706677337326225,0.4816047110783953,0.6466416707666729,0.7198874076390789,0.8646051496858446,1.3358202722641352,1.2564679844310462,1.6290754630338282,1.4503894494600815,1.3225134953956885,0.7834040344377025,0.9419950719831394,0.9159017983732557,0.8834801928951953,0.977521888587584,1.2564697696184053,1.4965559033317952,1.3791195771147085,1.4837986041874376,1.5459479015918958,1.3519786910197868,0.9566441441441441,0,1.2836879432624113,0.9438543247344461,0.5652951699463328
averageReceivables,273000000,224300000,,,,,,,,119350000,118350000,120150000,258700000,,,,,,,,,,,,,,,,,
averagePayables,1038750000,900500000,767250000,762600000,766400000,739000000,707700000,712750000,650250000,583550000,527250000,543600000,589700000,591000000,745700000,970800000,872600000,685600000,1024796500,874444000,704624500,637923500,634650000,579750000,478000000,467450000,464900000,463950000,460950000,456350000
averageInventory,14358250000,12237400000,11759700000,11316200000,10737250000,10289150000,10022200000,9968950000,9217400000,8201300000,7843550000,7843200000,7950200000,8460300000,10790450000,11790250000,10362100000,9402400000,8659847500,8290234500,7520888500,7214215500,7051750000,6797700000,6421000000,6291350000,6260150000,6220700000,6183200000,6163900000
daysSalesOutstanding,4.227682525509286,4.030776275041726,0,0,0,0,0,0,0,1.2071658245291688,1.2445006599208097,1.3272123994363891,29.249097769028868,0,0,0,0,0,0,0,0,0,0,0,0,0,0,0,0,0
daysPayablesOutstanding,21.589058856637454,21.380226628158095,16.865511737568234,18.39116477524782,20.899545405150867,22.182087007766295,22.01793643169277,30.569026576907124,30.08138456783764,27.86307410376818,18.592266728409353,18.785285036939023,28.767202645039138,12.406421309377189,20.569999332385958,33.280041687466614,30.40496829482362,20.958791309333563,61.62677416923324,57.72500255386036,52.64698302478324,46.97279587960983,52.998936966022285,53.84155370771158,29.75106476721986,28.120940649496085,29.897959183673468,30.781779008925824,50.328608247422686,29.627411842980706
daysOfInventoryOnHand,302.26700068344456,290.5479015429449,300.12098331742084,306.02874634016507,305.31581664070706,320.37847536463704,333.83963822533593,448.37483648661583,466.06593180179254,435.31611499255524,416.47884761684253,347.02971661704703,377.82095119676717,206.40054094520514,325.2594157423391,362.596139530403,305.4822835616303,292.42567674722164,272.56753476561363,295.5059113478641,290.2059528649541,274.1965486040848,268.17059726760897,282.3043626836769,324.0989866353356,282.2721164613662,288.6734693877551,229.17820867959372,303.3827319587629,219.53426480372588
receivablesTurnover,86.33571650606154,90.5532768613464,,,,,,,,302.3611111111111,293.2903225806452,275.0125,12.47901740020471,,,,,,,,,,,,,,,,,
payablesTurnover,16.906711979609177,17.071848972792893,21.64179810725552,19.846486313430447,17.464494701882018,16.454718614718615,16.57739366867353,11.940190476190477,12.13375,13.099774943735934,19.631818181818183,19.43010176754151,12.688060236643958,29.4202486678508,17.74428837366729,10.967534338680242,12.004617023795431,17.415126407478223,5.922750377906749,6.323083306223096,6.9329708756184285,7.7704550722398205,6.886930585683297,6.7791505791505795,12.268468468468468,12.979651162790697,12.208191126279864,11.857664233576642,7.252336448598131,12.319672131147541
inventoryTurnover,1.2075416739991869,1.256247242061222,1.2161762098918631,1.1926984126984126,1.1954834309469422,1.1392775359973144,1.093339310874856,0.814051035647036,0.7831509988059508,0.8384711418419284,0.8763950488448271,1.0517831255436358,0.966066066066066,1.7684062179706184,1.1221811954834913,1.0066295809787449,1.194831974360183,1.2481804062490482,1.3391176623946466,1.235169876416884,1.2577274738738764,1.331161905057482,1.3610738974331493,1.2929307805596466,1.1261991399272246,1.2930784824790038,1.2644043831742666,1.5926470588235293,1.2031007751937985,1.6626106194690264
roe,0.28050918617539383,0.2004814189189189,0.1615124390024848,0.16253728685276703,0.13403725264937846,0.13048214942951786,0.127360331167399,0.10428476484616286,0.11400763829000862,0.26622310069318783,0.027398305731511866,0.0937930506658503,-0.2413258983890954,-0.9291888649754789,-0.1275304730709338,0.19112337088750794,0.27432654279531377,0.2461938546216578,0.2064999373197944,0.17665906527303904,0.20411941441223214,0.1966697680716681,0.19915254237288135,0.16895803183791605,0.13774733637747336,0.15427927927927929,0.19321394910461828,0.20921985815602837,0.13505311077389984,0.16457960644007155
capexPerShare,-0.7405150927720853,-0.7846785225718195,0.12587224906065486,0.591343600637281,-0.4202511354528453,-0.2320754716981132,0.1528801528801529,-0.29427312775330394,-0.18006830176963676,-0.10562716127004086,-0.0512095507382972,-0.060358377868594784,-0.019564531397917324,-0.020905923344947737,-0.12680140350165325,-0.2661169217121554,-0.2184440666024044,-0.17790004810842713,-0.16366783726095452,-0.14808196920501976,-0.14714664495815613,-0.06999105330018854,-0.07605882913904136,-0.05988103362778954,-0.04070732025838272,-0.023675421130060822,-0.022303547772373224,-0.026274468616809602,-0.014881809118435658,-0.014412948263280915
