,2021,2020,2019,2018,2017,2016,2015,2014,2013,2012,2011,2010,2009,2008,2007,2006,2005,2004,2003,2002
reportedCurrency,USD,USD,USD,USD,USD,USD,USD,USD,USD,USD,USD,USD,USD,USD,USD,USD,USD,USD,USD,USD
cik,0001711269,0001711269,0001711269,0001711269,0001711269,0001711269,0001711269,0001711269,0001711269,0001711269,0001711269,0001711269,0001711269,0001711269,0001711269,0001711269,0001711269,0001711269,0001711269,0001711269
fillingDate,2022-02-25,2021-02-26,2020-03-02,2019-02-22,2017-12-31,2016-12-31,2015-12-31,2014-12-31,2013-12-31,2012-12-31,2011-12-31,2010-12-31,2009-12-31,2008-12-31,2007-12-31,2006-12-31,2005-12-31,2004-12-31,2003-12-31,2002-12-31
acceptedDate,2022-02-24 17:47:20,2021-02-26 06:13:21,2020-03-02 06:47:35,2019-02-21 18:10:50,2017-12-31,2016-12-31,2015-12-31,2014-12-31,2013-12-31,2012-12-31,2011-12-31,2010-12-31,2009-12-31,2008-12-31,2007-12-31,2006-12-31,2005-12-31,2004-12-31,2003-12-31,2002-12-31
calendarYear,2021,2020,2019,2018,2017,2016,2015,2014,2013,2012,2011,2010,2009,2008,2007,2006,2005,2004,2003,2002
period,FY,FY,FY,FY,FY,FY,FY,FY,FY,FY,FY,FY,FY,FY,FY,FY,FY,FY,FY,FY
cashAndCashEquivalents,26200000,144900000,23200000,160300000,3432000.0,3066000.0,3231000.0,4556000.0,4487000.0,5829000.0,3539000.0,928000.0,3860000.0,22914000,5753000.0,18196000,40969000,24611000,79559000,123006000
shortTermInvestments,0.0,0.0,0.0,0.0,0.0,0.0,0.0,0.0,0.0,0.0,8180000.0,13005000,33159000,0.0,0.0,0.0,0.0,0.0,0.0,0.0
cashAndShortTermInvestments,26200000,144900000,23200000,160300000,3432000.0,3066000.0,3231000.0,4556000.0,4487000.0,5829000.0,11719000,13933000,37019000,22914000,5753000.0,18196000,40969000,24611000,79559000,123006000
netReceivables,249600000,336800000,314000000,261700000,290652000,301579000,258286000,267327000,250036000,224439000,231762000,244379000,261386000,199116000,195785000,179859000,124711000,92532000,80972000,94747000
inventory,566700000,504500000,481600000,511000000,293562000,300125000,301294000,247406000,239511000,249016000,229118000,206867000,193831000,204297000,192533000,147930000,101818000,124563000,136636000,152392000
otherCurrentAssets,867800000,638100000,648900000,748000000,139404000,163612000,154330000,181633000,212764000,163791000,160986000,136430000,137246000,316804000,273608000,190735000,208122000,174234000,786068000,248250000
totalCurrentAssets,1710300000,1624300000,1467700000,1681000000,727050000,768382000,717141000,700922000,706798000,643075000,633585000,601609000,629482000,743131000,667679000,536720000,475620000,415940000,1083235000,618395000
propertyPlantEquipmentNet,21150400000,20105900000,19346400000,18951700000,9730034000,9506263000,8793141000,8441481000,7848542000,7335740000,6745416000,5964439000,5771740000,5533521000,4803672000,4071607000,3947732000,3910987000,3909500000,3995371000
goodwill,2336600000,2336600000,2336600000,2338900000,0.0,0.0,0.0,0.0,0.0,0.0,0.0,0.0,0.0,0.0,0.0,0.0,0.0,0.0,0.0,0.0
intangibleAssets,0.0,0.0,0.0,0.0,0.0,0.0,0.0,0.0,0.0,0.0,0.0,0.0,0.0,0.0,0.0,0.0,0.0,0.0,0.0,0.0
goodwillAndIntangibleAssets,2336600000,2336600000,2336600000,2338900000,0.0,0.0,0.0,0.0,0.0,0.0,0.0,0.0,0.0,0.0,0.0,0.0,0.0,0.0,0.0,41847000
longTermInvestments,768700000,652100000,573200000,472100000,237102000,200122000,184057000,185016000,175625000,150754000,130270000,136462000,122921000,0.0,0.0,0.0,0.0,0.0,0.0,0.0
taxAssets,0.0,0.0,0.0,0.0,0.0,0.0,0.0,0.0,0.0,0.0,0.0,0.0,0.0,0.0,0.0,0.0,0.0,0.0,0.0,0.0
otherNonCurrentAssets,2554500000,2395900000,2252000000,2154400000,930182000,1012307000,1011327000,1019582000,866146000,1135662000,1173580000,1377128000,1001340000,1166607000,924079000,846848000,786717000,758784000,741770000,1787486000
totalNonCurrentAssets,26810200000,25490500000,24508200000,23917100000,10897318000,10718692000,9988525000,9646079000,8890313000,8622156000,8049266000,7478029000,6896001000,6700128000,5727751000,4918455000,4734449000,4669771000,4651270000,5824704000
otherAssets,0.0,0.0,0.0,0.0,0.0,0.0,0.0,0.0,0.0,0.0,0.0,0.0,0.0,0.0,0.0,0.0,0.0,0.0,0.0,0.0
totalAssets,28520500000,27114800000,25975900000,25598100000,11624368000,11487074000,10705666000,10347001000,9597111000,9265231000,8682851000,8079638000,7525483000,7443259000,6395430000,5455175000,5210069000,5085711000,5734505000,6443099000
accountPayables,639700000,654000000,528800000,451500000,204186000,220522000,220969000,219351000,233351000,180825000,187428000,187954000,112211000,195683000,278299000,150424000,109807000,105593000,94700000,95936000
shortTermDebt,1867600000,1130200000,1184300000,1839300000,304234000,518542000,278609000,285533000,412079000,365142000,314414000,256916000,244105000,321266000,180558000,160000000,100000000,65000000,191747000,319499000
taxPayables,150400000,143800000,145100000,133600000,87727000,85729000,83773000,74356000,69742000,58624000,52451000,45534000,46931000,0.0,0.0,0.0,0.0,0.0,0.0,0.0
deferredRevenue,0.0,0.0,0.0,0.0,0.0,0.0,0.0,0.0,0.0,0.0,0.0,0.0,0.0,0.0,0.0,0.0,0.0,0.0,0.0,0.0
otherCurrentLiabilities,595600000,571600000,622800000,576400000,315297000,308129000,337357000,344747000,309969000,300174000,325445000,337976000,326162000,355460000,285906000,352752000,340260000,247981000,734268000,389278000
totalCurrentLiabilities,3102900000,2355800000,2335900000,2867200000,823717000,1047193000,836935000,849631000,955399000,846141000,827287000,782846000,682478000,872409000,744763000,663176000,550067000,418574000,1020715000,804713000
longTermDebt,9297900000,9190900000,8765500000,6687400000,3768988000,3499879000,3302047000,3382104000,3163760000,3042014000,2740392000,2769033000,2490734000,2192538000,1889781000,1563265000,1562990000,1639901000,2069132000,3272828000
deferredRevenueNonCurrent,0.0,0.0,0.0,0.0,0.0,0.0,0.0,0.0,0.0,0.0,0.0,97541000,108532000,0.0,0.0,0.0,0.0,0.0,0.0,0.0
deferredTaxLiabilitiesNonCurrent,1861900000,1664800000,1744400000,1599200000,815743000,1752776000,1591430000,1475487000,1361418000,1197837000,1274638000,1203970000,1092238000,1064306000,956912000,967979000,976693000,996044000,1039620000,811879000
otherNonCurrentLiabilities,5016100000,5184800000,4584800000,4453600000,2355483000,1354036000,1303291000,1338472000,1048003000,1268984000,1039793000,815875000,884716000,0.0,0.0,0.0,0.0,0.0,0.0,0.0
totalNonCurrentLiabilities,16175900000,16040500000,15094700000,12740200000,6940214000,6606691000,6196768000,6196063000,5573181000,5508835000,5054823000,4886419000,4576220000,3256844000,2846693000,2531244000,2539683000,2635945000,3108752000,4084707000
otherLiabilities,0.0,0.0,0.0,0.0,0.0,0.0,0.0,0.0,0.0,0.0,0.0,0.0,0.0,7620114000,6648880000,5762348000,5762246000,5893760000,6785782000,8689077000
capitalLeaseObligations,0,0.0,0.0,0.0,0.0,0.0,0.0,0.0,0.0,0.0,0.0,7514000.0,109300000,117909000,123854000,0.0,0.0,0.0,0.0,0.0
totalLiabilities,19278800000,18396300000,17430600000,15607400000,7763931000,7653884000,7033703000,7045694000,6528580000,6354976000,5882110000,5669265000,5258698000,5235679000,4546950000,3894280000,3772630000,3676389000,4697745000,5409083000
preferredStock,0,0.0,0.0,0.0,0.0,0.0,0.0,0.0,0.0,0.0,21436000,21436000,21436000,21436000,21436000,21436000,21436000,21436000,21436000,21436000
commonStock,7205500000,7080000000,7070400000,8685200000,710471000,708956000,706767000,658437000,641271000,632519000,628492000,560640000,545360000,541556000,477316000,436974000,434177000,430149000,364201000,364201000
retainedEarnings,2082900000,1702800000,1551500000,1346000000,1173255000,1078602000,945830000,855299000,724776000,606649000,501216000,423647000,360199000,318197000,264477000,185779000,109987000,55053000,-102782000,-185961000
accumulatedOtherComprehensiveIncomeLoss,-44000000,-49400000,-50000000,-3000000.0,-4867569000,-4645072000,-4408645000,-4331909000,-4188902000,-4013118000,-3913426000,-3563566000,-3370805000,-3249007000,152000.0,101000.0,-51244000,-10248000,-20458000,-28594000
othertotalStockholdersEquity,0.0,0.0,0.0,0.0,6891965000,6663389000,6412769000,6113029000,5885629000,5670090000,5552929000,4962146000,4710595000,4575398000,1085099000,916605000,923083000,912932000,774363000,807040000
totalStockholdersEquity,9244400000,8733400000,8571900000,10028200000,3908122000,3805875000,3656721000,3294856000,3062774000,2896140000,2790647000,2404303000,2266785000,2207580000,1848480000,1560895000,1437439000,1409322000,1036760000,978122000
totalLiabilitiesAndStockholdersEquity,28523200000,27129700000,26002500000,25635600000,11672053000,11459759000,10690424000,10340550000,9591354000,9251116000,8672757000,8073568000,7525483000,7443259000,6395430000,5455175000,5210069000,5085711000,5734505000,6387205000
minorityInterest,-2700000,-14900000,-26600000,-37500000,-47685000,27315000,15242000,6451000,5757000,14115000,10094000,6070000,0,0,0,0,0,0,0,55894000
totalEquity,9241700000,8718500000,8545300000,9990700000,3860437000,3833190000,3671963000,3301307000,3068531000,2910255000,2800741000,2410373000,2266785000,2207580000,1848480000,1560895000,1437439000,1409322000,1036760000,1034016000
totalLiabilitiesAndTotalEquity,28520500000,27114800000,25975900000,25598100000,11624368000,11487074000,10705666000,10347001000,9597111000,9265231000,8682851000,8079638000,7525483000,7443259000,6395430000,5455175000,5210069000,5085711000,5734505000,6443099000
totalInvestments,0.0,0.0,0.0,0.0,0.0,0.0,0.0,0.0,0.0,0.0,138450000,149467000,156080000,0.0,0.0,0.0,0.0,0.0,0.0,0.0
totalDebt,11165500000,10321100000,9949800000,8526700000,4073222000,4018421000,3580656000,3667637000,3575839000,3407156000,3054806000,3025949000,2734839000,2513804000,2070339000,1723265000,1662990000,1704901000,2260879000,3592327000
netDebt,11139300000,10176200000,9926600000,8366400000,4069790000,4015355000,3577425000,3663081000,3571352000,3401327000,3051267000,3025021000,2730979000,2490890000,2064586000,1705069000,1622021000,1680290000,2181320000,3469321000
link,https://www.sec.gov/Archives/edgar/data/1711269/000171126922000008/0001711269-22-000008-index.htm,https://www.sec.gov/Archives/edgar/data/1711269/000171126921000023/0001711269-21-000023-index.htm,https://www.sec.gov/Archives/edgar/data/1711269/000171126920000012/0001711269-20-000012-index.html,https://www.sec.gov/Archives/edgar/data/1711269/000171126919000013/0001711269-19-000013-index.html,,,,,,,,,,,,,,,,
finalLink,https://www.sec.gov/Archives/edgar/data/1711269/000171126922000008/evrg-20211231.htm,https://www.sec.gov/Archives/edgar/data/1711269/000171126921000023/evrg-20201231.htm,https://www.sec.gov/Archives/edgar/data/54476/000171126920000012/evrg-12312019x10k.htm,https://www.sec.gov/Archives/edgar/data/54476/000171126919000013/evrg-12312018x10k.htm,,,,,,,,,,,,,,,,
