,2021,2020,2019,2018,2017,2016,2015,2014,2013,2012,2011,2010
period,FY,FY,FY,FY,FY,FY,FY,FY,FY,FY,FY,FY
currentRatio,,,272.1784085714286,812.51928,674.44371,,,,,,,
quickRatio,,,9.609388571428571,49.23983,50.84645,,,,,,,
cashRatio,,,4.855877142857143,28.11159,22.97021,,,,,,,
daysOfSalesOutstanding,36.867943548387096,40.786638943372964,42.799591516750674,41.046286982323295,52.82917121497509,37.92345285509871,36.022248351011726,0.0,0.0,31.19841753307643,43.22542618788538,0.0
daysOfInventoryOutstanding,,,,,,,,,,,,
operatingCycle,,,,,,,,,,,,
daysOfPayablesOutstanding,,,,,,,,,,,,
cashConversionCycle,,,,,,,,,,,,
grossProfitMargin,0.0,0.0,0.0,0.0,0.0,0.0,0.0,0.0,0.0,0.0,0.0,0.0
operatingProfitMargin,0.0,0.0,0.0,0.0,0.0,0.0,0.0,0.0,0.45185407126198057,0.0,0.0,0.0
pretaxProfitMargin,0.3685483870967742,0.3461860661383255,0.3482605503583448,0.35442439927682384,0.35728534236375736,0.3816340712888144,0.3817979997656148,0.4062075719401012,0.45185407126198057,0.4414556444590462,0.47679753561378446,0.468705308445949
netProfitMargin,0.2979838709677419,0.27616485325114615,0.2859041625524856,0.28772976260882605,0.2967553376284248,0.3105417007330674,0.2886392834004427,0.29531354696306805,0.31464905262082704,0.30608353886086415,0.3026230517063846,0.27066577379199946
effectiveTaxRate,0.19146608315098468,0.2022646771092195,0.17905096555351224,0.18817732866045095,0.16941642311680966,0.1862841289711405,0.24400001158298923,0.2729984191269222,0.3036489596252933,0.3039998346179157,0.35699941593418083,0.4123211951129148
returnOnAssets,0.008161822770270643,0.007467614484987292,0.008001891631909596,0.008606685592824345,0.008631301252338403,0.009190071990725919,0.008852723368098881,0.010071819252159055,0.010972208116575016,0.011703960113385967,0.012668772347643105,0.012119646434455332
returnOnEquity,0.09296766888916845,0.09056106362152344,0.09443903106523967,0.09839248000956927,0.09690852270845034,0.09747603439860628,0.09151314575310265,0.10191678628313222,0.11107326431648488,0.11842483133953835,0.13984165302359794,0.1268406958047616
returnOnCapitalEmployed,,,0.0,0.0,0.0,,,,,,,
netIncomePerEBT,0.8085339168490153,0.7977353228907805,0.8209490344464877,0.8118226713395491,0.8305835768831904,0.8137158710288594,0.7559999884170108,0.7270015808730779,0.6963510403747067,0.6933506065732488,0.6346992782100185,0.5774753750697333
ebtPerEbit,,,,,,,,,1.0,,,
ebitPerRevenue,0.0,0.0,0.0,0.0,0.0,0.0,0.0,0.0,0.45185407126198057,0.0,0.0,0.0
debtRatio,0.9122079442477925,0.9175405611820522,0.9152692319939011,0.9125269980796572,0.9109335173924206,0.9057196771757744,0.9032628231141454,0.9011760513701952,0.9012164791942053,0.9011697126269972,0.906626346381798,0.9005812634428315
debtEquityRatio,10.390552270725877,11.127174454919329,10.802088232317445,10.432098796731006,10.227568112304706,9.606667118274302,9.33728740275266,9.119004693346213,9.123145964456652,9.118355684081182,10.007609535770259,9.425221659855596
longTermDebtToCapitalization,0.30210711150131697,0.5527859920025785,0.5918881367217477,0.5445139127858724,0.5605253773613965,0.49275533848851244,0.43689203586287073,0.5444314234182838,0.555226410186312,0.4912354711695849,0.48052378386096034,0.24499908369647083
totalDebtToCapitalization,,,0.5977211031640804,0.5468922210704813,0.5629819003887512,,,,,,,
interestCoverage,0.0,0.0,0.0,0.0,0.0,0.0,0.0,0.0,5.032948279392914,0.0,0.0,0.0
cashFlowToDebtRatio,0.17494914269107817,0.03657677234298041,0.0641184465959721,0.10609259753786242,0.1004921956904059,0.12702218405115664,0.1335182824982911,0.0903954802259887,0.10826241274051959,0.13393469350439594,0.02770666861316376,0.2799876053008957
companyEquityMultiplier,11.390552270725877,12.127174454919329,11.802088232317445,11.432098796731006,11.227568112304706,10.606667118274302,10.33728740275266,10.119004693346213,10.123145964456652,10.118355684081182,11.038295518003688,10.46570925073871
receivablesTurnover,9.900199600798404,8.94900902491024,8.528118775552993,8.89239994246467,6.909061634049186,9.624651040996303,10.132626826713567,,,11.69931133888533,8.444104134762634,
payablesTurnover,,,,,,,,,,,,
inventoryTurnover,,,,,,,,,,,,
fixedAssetTurnover,2.777155655095185,2.8428267154965905,2.7709913523318046,8.925163091045256,8.619759822010352,10.446255154341207,10.51688293567741,9.952233815923671,8.8176397828802,9.246833707217249,9.82937523761247,10.324540705402315
assetTurnover,0.027390149486158588,0.027040423127979264,0.027988020742582328,0.029912392499087045,0.029085580469477124,0.029593680877742844,0.030670542359326352,0.0341055104167593,0.03487125743803607,0.038237796638604,0.041863209944544434,0.04477716655733875
operatingCashFlowPerShare,6.80225988700565,3.0899361960763785,5.589435881554184,6.819377961067334,6.4212175810790235,5.730914542325482,4.171523548052424,3.7839612959976545,4.281109605104853,3.3794434491084266,0.4999806293148201,1.5076091236753069
freeCashFlowPerShare,5.68361581920904,2.225256349857212,4.58923934535579,5.99779684316469,5.363599451860122,5.147742551360654,3.7994833755619704,3.4755754288227534,3.8198148119945783,2.9560633905160283,0.1419561292722046,1.3143814198311767
cashPerShare,92.24858757062147,40.71975129847092,17.758093717988423,28.170183125905197,29.913648936710146,27.663359148112296,28.526639329799774,16.203687142647706,18.115917640071274,12.016032171994064,10.483879715793307,12.445271875081048
payoutRatio,0.17185385656292287,0.185588323461614,0.19042618256552252,0.20562455201750235,0.2185531768867302,0.24284704526690307,0.27456740943607616,0.2670008172383913,0.19149695933516567,0.14453179351607068,0.0,0.0
operatingCashFlowSalesRatio,0.24274193548387096,0.13787130986853408,0.28841861481400216,0.3744623778207999,0.39642762441802215,0.3931112780422391,0.32673461626058325,0.31302122653665754,0.3828474149231372,0.33424366248919124,0.055462442004582904,0.19387888507764917
freeCashFlowOperatingCashFlowRatio,0.8355481727574751,0.7201625563281394,0.8210559066436088,0.8795225719129881,0.8352932110048235,0.8982410247687642,0.9108143180291646,0.9185018442178347,0.8922487776159197,0.8747189988623436,0.28392325812050584,0.8718316964193794
cashFlowCoverageRatios,,,0.0641184465959721,0.10609259753786242,0.1004921956904059,,,,,,,
shortTermCoverageRatios,,,2.68146,11.11204,10.12138,,,,,,,
capitalExpenditureCoverageRatio,-6.08080808080808,-3.573503198423322,-5.588337570932649,-8.300309990662932,-6.071395150744424,-9.827142988887353,-11.21256212770801,-12.270216306156406,-9.280637173984813,-7.982056264869872,-1.3964983660484342,-7.802241053857585
dividendPaidAndCapexCoverageRatio,21.5,10.88049644663813,101.81286613148188,26.65205190319718,-906.1217547000896,11.101221481404313,6.52023166023166,5.868600857198077,20.147679627306935,141.36378256674172,,
dividendPayoutRatio,0.17185385656292287,0.18558832346161402,0.1904261825655225,0.20562455201750235,0.21855317688673018,0.24284704526690304,0.2745674094360762,0.2670008172383913,0.19149695933516564,0.14453179351607068,,
priceBookValueRatio,1.881668763366461,2.1214634948295608,1.9256969134254658,1.8223680890675114,1.8195214024121098,2.0247999506636027,1.6886413072720654,1.4537101809345967,1.5604256826906042,1.3615285958051448,1.5290919594465244,1.7910834499999844
priceToBookRatio,1.881668763366461,2.1214634948295608,1.9256969134254658,1.8223680890675114,1.8195214024121098,2.0247999506636027,1.6886413072720654,1.4537101809345967,1.5604256826906042,1.3615285958051448,1.5290919594465244,1.7910834499999844
priceToSalesRatio,6.031203629032258,6.46937691871395,5.829843414874481,5.329162732785054,5.571777104882719,6.450660659337376,5.326100560092162,4.212263018140033,4.420383840928823,3.5190380779977932,3.3090174858653625,3.821998806017988
priceEarningsRatio,20.240033829499325,23.425779358065725,20.390900792863597,18.521416361192184,18.775659266689544,20.772284830378304,18.452445202003275,14.263697217611282,14.048616400112536,11.49698572845316,10.934452835654723,14.120731825351173
priceToFreeCashFlowsRatio,29.736351888667993,65.15654028323685,24.618459508836313,16.180942025504205,16.82638698322278,18.268202044242344,17.89717003037086,14.65081079171043,12.94041790842455,12.036278421549323,210.13534359478194,22.611396168257862
priceToOperatingCashFlowsRatio,24.846154485049833,46.92330061187324,20.213131592196575,14.231503746246414,14.054966812825919,16.409248524903077,16.30099871586424,13.456796731472584,11.546072060630962,10.528361410926053,59.66231139970245,19.71333187978291
priceCashFlowRatio,24.846154485049833,46.92330061187324,20.213131592196575,14.231503746246414,14.054966812825919,16.409248524903077,16.30099871586424,13.456796731472584,11.546072060630962,10.528361410926053,59.66231139970245,19.71333187978291
priceEarningsToGrowthRatio,0.613493253381197,2.049755693830752,2.7697640243639694,1.8274464143042985,2.0653225193358495,0.8490671424417129,5.300884258030038,-9.157293613706475,1.1121821316755762,2.615564253223092,0.3680485696205193,-0.5733059495236574
priceSalesRatio,6.031203629032258,6.46937691871395,5.829843414874481,5.329162732785054,5.571777104882719,6.450660659337376,5.326100560092162,4.212263018140033,4.420383840928823,3.5190380779977932,3.3090174858653625,3.821998806017988
dividendYield,0.008490788998210584,0.0079223969723643,0.009338782258808683,0.011101988530874253,0.011640239832988016,0.011690916394124966,0.014879730378837164,0.018718906687722407,0.013631019160978135,0.012571277109475584,,
enterpriseValueMultiple,10.446679807271135,16.438121167307365,15.294810265678004,13.837563583728192,16.867412756620162,17.26815398559828,14.234009154295451,13.399972076185776,12.661095308382146,9.91728471891076,8.32293925451657,5.006040723674791
priceFairValue,1.881668763366461,2.1214634948295608,1.9256969134254658,1.8223680890675114,1.8195214024121098,2.0247999506636027,1.6886413072720654,1.4537101809345967,1.5604256826906042,1.3615285958051448,1.5290919594465244,1.7910834499999844
