,2021,2020,2019,2018,2017,2016,2015,2014,2013,2012,2011,2010,2009,2008,2007
period,FY,FY,FY,FY,FY,FY,FY,FY,FY,FY,FY,FY,FY,FY,FY
revenueGrowth,0.14911252511721365,0.057131477629773865,0.08389293937068304,0.18212746654570197,0.33202416918429,0.94021101992966,0.5985008198641368,0.694047619047619,0.06598984771573604,0.011986301369863013,0.11610129001433349,0.41037735849056606,-0.12654502648616833,0.11263916175507531,0
grossProfitGrowth,0.24622669428825097,0.07611464968152866,0.1680461266623268,0.2637207662475026,0.4324915824915825,0.6718266253869969,0.8929142248268513,0.5667779632721202,0.04903677758318739,-0.004359197907585004,0.1873706004140787,0.725,-0.1450381679389313,0.8093922651933702,0
ebitgrowth,1.1223218734429496,0.16550522648083624,-0.3293086660175268,1.1548468317247167,6.82640586797066,-1.2506127450980393,2.7260273972602738,-0.20652173913043478,-0.05154639175257732,-0.003424657534246575,0.2532188841201717,8.708333333333334,-0.7,2.5238095238095237,0
operatingIncomeGrowth,1.1223218734429496,0.16550522648083624,-0.3293086660175268,1.1548468317247167,6.82640586797066,-1.2506127450980393,2.7260273972602738,-0.20652173913043478,-0.05154639175257732,-0.003424657534246575,0.2532188841201717,8.708333333333334,-0.7,2.5238095238095237,0
netIncomeGrowth,1.2756756756756757,0.08663729809104258,-0.7777959050493515,6.245271867612293,1.972972972972973,-2.2749266862170088,4.186311787072244,-0.5235507246376812,-0.019538188277087035,0.019927536231884056,0.3301204819277108,10.431818181818182,-1.5301204819277108,1.5220125786163523,0
epsgrowth,1.5317220543806647,-0.022156573116691208,-0.7691783157176952,5.6207674943566595,1.9326315789473683,-1.918762088974855,3.9238095238095236,-0.5291479820627802,-0.030434782608695584,0.022222222222222143,0.2931034482758621,9.7,-1.512820512820513,1.527027027027027,0
epsdilutedGrowth,1.5276461295418642,-0.01555209953343696,-0.7739099859353024,5.6604215456674485,1.878600823045267,-2.0020618556701035,3.8989898989898983,-0.547945205479452,-0.02666666666666669,0.02739726027397263,0.2958579881656805,9.45,-1.5263157894736843,1.5135135135135136,0
weightedAverageSharesGrowth,0,0.010050251256281407,-0.04784688995215311,0.03209876543209877,0.10655737704918032,0.38636363636363635,0.05179282868525897,0.016194331983805668,0.00816326530612245,0,0.029411764705882353,0.0867579908675799,0.02336448598130841,0,0
weightedAverageSharesDilutedGrowth,0,0.00477326968973747,-0.027842227378190254,0.023752969121140142,0.09921671018276762,0.36298932384341637,0.052434456928838954,0.05952380952380952,0.008,-0.007936507936507936,0.024390243902439025,0.1232876712328767,0,0.02336448598130841,0
dividendsperShareGrowth,0.12251535959522948,0.29372734908691495,0.4835937526189989,0.664619349885524,1.1026172839506172,0.3259402121504339,0.36587708066581287,0.4114853716447343,0.43355300097520605,0.5930232558139537,0,0,0,0,0
operatingCashFlowGrowth,0.14119890556338613,0.24378673816644322,0.09200450450450451,0.3555182414898489,0.9205511580181764,0.4715271786022433,0.9727659574468085,0.6274238227146814,0.04184704184704185,-0.045454545454545456,0.4235294117647059,2.6690647482014387,-0.3317307692307692,0.4246575342465753,0
freeCashFlowGrowth,0.14856009656837385,0.25180787911494873,0.12371134020618557,0.5040131338927398,1.0394345238095237,0.5582608695652174,1.251958224543081,0.5761316872427984,0.0752212389380531,-0.26384364820846906,0.4245939675174014,4.320987654320987,-0.40875912408759124,0.25688073394495414,0
tenYRevenueGrowthPerShare,6.161591443467593,5.757117422918849,7.3787248235788105,5.282153025562461,5.102668833426311,4.069692707941927,2.622511956500169,1.3835659327327239,0.4298099790809955,0.35224730363658247,0.33623083811127613,0.23244346854655434,-0.05034792307715307,0.11263916175507542,0
fiveYRevenueGrowthPerShare,0.8875975109347523,1.2988924078318838,2.338222501592054,3.888600288600289,3.512982807963067,2.7940246275918854,1.9392925914665045,1.509935997250889,0.2850617057426015,0.35224730363658247,0.33623083811127613,0.23244346854655434,-0.05034792307715307,0.11263916175507542,0
threeYRevenueGrowthPerShare,0.369077960160823,0.36461037971855387,0.569498170611365,0.9295366199790214,1.5603104783552975,2.54571081620262,1.6788827359893348,0.7837980270698031,0.16014244512748282,0.4239397106551516,0.2009561446709349,0.23244346854655434,-0.05034792307715307,0.11263916175507542,0
tenYOperatingCFGrowthPerShare,10.554417992681222,13.001160862354892,37.3869527493583,20.856827383143173,22.70901403686792,12.66034134291489,11.869759236197593,5.861594717022323,3.2845100105374074,3.1459882583170256,3.3434162706178365,2.1409001956947162,-0.06968161631325444,0.42465753424657543,0
fiveYOperatingCFGrowthPerShare,2.673820869268433,2.417021879386501,4.204633807334544,6.267690757995467,4.7185434592841995,2.1450684189134264,3.0974747474747484,6.375533835879504,2.007396449704142,3.1459882583170256,3.3434162706178365,2.1409001956947162,-0.06968161631325444,0.42465753424657543,0
threeYOperatingCFGrowthPerShare,0.611691542288557,0.8548324626296085,1.6142895656824137,1.4195086508332952,2.4553212503283426,2.1883088869715275,2.104147535965718,0.57976907795814,0.3641025641025641,3.4565262076053442,2.0487441130298274,2.1409001956947162,-0.06968161631325444,0.42465753424657543,0
tenYNetIncomeGrowthPerShare,6.437089912755065,3.2227417131211413,-35.06555504796711,74.61612959013085,-6.62292103424179,5.394920438533181,-7.953878406708596,-2.410258337718309,-4.00786800091666,-4.0928507251957384,-4.032422025413939,-3.3468632736113317,-0.729588466729847,-1.522012578616352,0
fiveYNetIncomeGrowthPerShare,-4.526610764464051,0.42513240250361095,5.531937252803944,12.123106060606059,0.8180382869548057,-3.1088490932129567,1.9630522088353415,-6.215229989134372,4.762060387298181,-4.0928507251957384,-4.032422025413939,-3.3468632736113317,-0.729588466729847,-1.522012578616352,0
threeYNetIncomeGrowthPerShare,-0.42865653785075764,0.7624642743728167,-2.440474367235834,4.676338941194628,2.9871567384875375,-3.1260641878514295,1.2483718176435763,-0.5349399503435533,0.2816545534364178,-12.43756957328386,4.809097614949594,-3.3468632736113317,-0.729588466729847,-1.522012578616352,0
tenYShareholdersEquityGrowthPerShare,6.592031120568643,8.402221450885111,12.211321028218013,16.496620046620045,14.46680205939465,14.939598955992397,4.513992741265469,2.98982425277246,2.6081111870585554,2.048950142827694,1.5283976794180874,0.9527204821322468,0.46645845275982256,0.12554112554112562,0
fiveYShareholdersEquityGrowthPerShare,0.2042758365698504,2.3296943369702188,3.855816238144159,4.458026208026208,4.072828788551538,5.304229388337719,1.8237491190979562,1.720720962304628,2.205668016194332,2.048950142827694,1.5283976794180874,0.9527204821322468,0.46645845275982256,0.12554112554112562,0
threeYShareholdersEquityGrowthPerShare,-0.025262142601319836,0.18705278144647736,0.21545425624842404,2.571489181162495,2.8765622442259295,3.4177127947619748,0.8084889824244927,0.5780050287384858,0.8477356181150552,1.079124803767661,1.2463840920983775,0.9527204821322468,0.46645845275982256,0.12554112554112562,0
tenYDividendperShareGrowthPerShare,43.02233020941802,0,0,0,0,0,0,0,0,0,0,0,0,0,0
fiveYDividendperShareGrowthPerShare,6.540935323383085,7.907521217442201,8.404283742656945,7.947199265381083,6.705235649274577,4.837781166603126,0,0,0,0,0,0,0,0,0
threeYDividendperShareGrowthPerShare,1.1545176054351325,2.1950134713253218,4.192663316582915,3.6408668730650158,2.807989914797426,1.5563007120384167,1.7637690776376904,2.223385527656815,0,0,0,0,0,0,0
receivablesGrowth,-0.09838920330866348,-0.29518257134090214,-0.03864306784660767,0.38480392156862747,0.12242090784044017,1.140333660451423,0.3030690537084399,0.7894736842105263,0.28152492668621704,0.039634146341463415,0.15087719298245614,0.532258064516129,0.010869565217391304,-0.1559633027522936,0
inventoryGrowth,0.2931206380857428,0.14759725400457666,-0.22241992882562278,-0.22322045611610228,0.03357142857142857,1.6717557251908397,0.009633911368015413,0.8210526315789474,0.4690721649484536,0,0.026455026455026454,0.16666666666666666,-0.13829787234042554,0.34285714285714286,0
assetGrowth,-0.0047805302042590175,0.12505000518572296,0.34652062884047563,-0.07890771435921938,0.08910058840011208,3.717333836858006,0.00962729959012487,2.07203513909224,0.19322152341020266,0.17007358953393295,0.1339823829392675,0.09492385786802031,0.05291288081239979,-0.04100461301896463,0
bookValueperShareGrowth,0.04552110790343594,-0.05233563858720063,-0.016214357604129138,0.27325385977099165,-0.02966178119682247,1.8907544322109935,0.38201394144964873,0.10579304404005485,0.18339461717543276,0.20588235294117566,0.2948077835785473,0.3315893665158393,0,0,0
debtGrowth,-0.0324387511567873,0.2508605720900478,0.8765792031098154,-0.0031342603145657626,0.28632165371646384,2.4545454545454546,-0.2831729896532946,2753.5,-0.3333333333333333,-0.5,-0.9745762711864406,-0.6040268456375839,-0.15460992907801419,-0.22099447513812154,0
rdexpenseGrowth,-0.022946859903381644,0.05792163543441227,0.24628450106157113,0.1445929526123937,0.23111443530291698,1.5490943755958055,0.5093525179856115,0.7462311557788944,0.1880597014925373,0.056782334384858045,0.13214285714285715,0.14285714285714285,-0.07547169811320754,0.2926829268292683,0
sgaexpensesGrowth,0,-1,0.6183712121212122,0.3418043202033037,-0.02357320099255583,0.6584362139917695,0.1941031941031941,0.8333333333333334,0.11557788944723618,-0.09545454545454546,0.12244897959183673,0.15976331360946747,-0.1377551020408163,0.015544041450777202,0
