,2021,2020,2019,2018,2017,2016,2015,2014,2013,2012,2011,2010,2009,2008,2007,2006,2005,2004,2003,2002,2001,2000,1999,1998,1997,1996,1995,1994
reportedCurrency,USD,USD,USD,USD,USD,USD,USD,USD,USD,USD,USD,USD,USD,USD,USD,USD,USD,USD,USD,USD,USD,USD,USD,USD,USD,USD,USD,USD
cik,0000811156,0000811156,0000811156,0000811156,0000811156,0000811156,0000811156,0000811156,0000811156,0000811156,0000811156,0000811156,0000811156,0000811156,0000811156,0000811156,0000811156,0000811156,0000811156,0000811156,0000811156,0000811156,0000811156,0000811156,0000811156,0000811156,0000811156,0000811156
fillingDate,2022-02-10,2021-02-11,2020-02-06,2019-02-05,2018-02-14,2017-02-07,2016-02-11,2015-02-05,2014-02-06,2012-12-31,2012-02-23,2011-02-24,2010-03-01,2009-02-25,2008-02-21,2006-12-31,2006-02-24,2005-03-10,2003-12-31,2002-12-31,2001-12-31,2000-12-31,1999-12-31,1998-12-31,1997-12-31,1996-12-31,1996-03-14,1995-03-15
acceptedDate,2022-02-10 10:13:23,2021-02-11 08:20:56,2020-02-06 08:59:52,2019-02-05 07:05:06,2018-02-14 10:22:00,2017-02-07 10:08:29,2016-02-11 09:30:53,2015-02-05 08:41:56,2014-02-06 09:01:23,2012-12-31,2012-02-23 10:03:21,2011-02-24 17:21:57,2010-02-26 18:41:11,2009-02-25 17:31:23,2008-02-21 17:21:38,2006-12-31,2006-02-24 17:21:32,2005-03-10 16:08:04,2003-12-31,2002-12-31,2001-12-31,2000-12-31,1999-12-31,1998-12-31,1997-12-31,1996-12-31,1996-03-14 00:00:00,1995-03-15 00:00:00
calendarYear,2021,2020,2019,2018,2017,2016,2015,2014,2013,2012,2011,2010,2009,2008,2007,2006,2005,2004,2003,2002,2001,2000,1999,1998,1997,1996,1995,1994
period,FY,FY,FY,FY,FY,FY,FY,FY,FY,FY,FY,FY,FY,FY,FY,FY,FY,FY,FY,FY,FY,FY,FY,FY,FY,FY,FY,FY
netIncome,1330000000,755000000,680000000,657000000,460000000,551000000,523000000,477000000,452000000,382000000,415000000,340000000,229000000,300000000,-215000000,-79000000,-84000000,121000000,-44000000,-620000000,-545000000,36000000,277000000,285000000,268000000,240000000,204000000,179000000
depreciationAndAmortization,1114000000,1048000000,992000000,933000000,881000000,811000000,750000000,685000000,628000000,598000000,546000000,576000000,570000000,0.0,0.0,0.0,0.0,0.0,0.0,0.0,0.0,0.0,0.0,0.0,0.0,0.0,0.0,0.0
deferredIncomeTax,249000000,170000000,150000000,182000000,417000000,264000000,247000000,227000000,268000000,227000000,167000000,227000000,122000000,129000000,-221000000,-271000000,0.0,0.0,0.0,0.0,0.0,8000000.0,10000000,54000000,33000000,46000000,75000000,56000000
stockBasedCompensation,0.0,0.0,0.0,0.0,0.0,0.0,0.0,0.0,0.0,0.0,0.0,0.0,0.0,0.0,0.0,0.0,0.0,0.0,0.0,0.0,0.0,0.0,0.0,0.0,0.0,0.0,0.0,0.0
changeInWorkingCapital,1475000000,-297000000,-217000000,153000000,66000000,-393000000,-565000000,2000000.0,-44000000,398000000,-511000000,-50000000,-176000000,557000000,-580000000,-799000000,542000000,400000000,994000000,627000000,-24000000,-63000000,-287000000,534000000,-228000000,-109000000,-209000000,12000000
accountsReceivables,-103000000,0.0,0.0,0.0,0.0,0.0,0.0,0.0,0.0,0.0,0.0,0.0,0.0,0.0,0.0,0.0,0.0,0.0,0.0,0.0,0.0,0.0,0.0,0.0,0.0,0.0,0.0,0.0
inventory,-93000000,28000000,44000000,14000000,-46000000,146000000,147000000,-36000000,202000000,104000000,-14000000,133000000,86000000,-36000000,-10000000,-105000000,-245000000,-109000000,-288000000,140000000,-353000000,-54000000,0.0,0.0,0.0,0.0,0.0,0.0
accountsPayables,153000000,0.0,-69000000,22000000,49000000,59000000,-26000000,50000000,6000000.0,-5000000.0,30000000,-7000000.0,-50000000,0.0,0.0,0.0,0.0,0.0,0.0,0.0,0.0,0.0,0.0,0.0,0.0,0.0,0.0,0.0
otherWorkingCapital,805000000,-670000000,-373000000,-156000000,-309000000,-375000000,18000000,583000000,581000000,625000000,227000000,738000000,788000000,964000000,407000000,987000000,1786000000,1244000000,844000000,-150000000,-777000000,-753000000,-690000000,-403000000,-937000000,-709000000,-600000000,-391000000
otherNonCashItems,-2349000000,-400000000,185000000,-222000000,-119000000,396000000,685000000,56000000,117000000,-364000000,552000000,-134000000,103000000,-427000000,1043000000,1837000000,188000000,51000000,-1201000000,396000000,986000000,472000000,917000000,-357000000,584000000,484000000,612000000,365000000
netCashProvidedByOperatingActivities,1819000000,1276000000,1790000000,1703000000,1705000000,1629000000,1640000000,1447000000,1421000000,1241000000,1169000000,959000000,848000000,559000000,27000000,688000000,646000000,572000000,-251000000,403000000,417000000,453000000,917000000,516000000,657000000,661000000,682000000,612000000
investmentsInPropertyPlantAndEquipment,0.0,-131000000,-132000000,-146000000,-115000000,-107000000,-89000000,-75000000,-56000000,-49000000,0.0,0.0,-49000000,-826000000,-1291000000,-670000000,-593000000,-525000000,-535000000,-747000000,-1262000000,-1032000000,-1124000000,-1295000000,-711000000,-659000000,-535000000,-575000000
acquisitionsNet,0.0,0.0,0.0,0.0,0.0,0.0,-154000000,0.0,0.0,0.0,0.0,0.0,0.0,0.0,0.0,0.0,0.0,0.0,0.0,0.0,0.0,-74000000,-1938000000,0.0,0.0,-20000000,-146000000,0.0
purchasesOfInvestments,0.0,0.0,0.0,0.0,0.0,0.0,0.0,0.0,0.0,0.0,0.0,0.0,0.0,0.0,0.0,-131000000,-456000000,-3050000000,0.0,0.0,0.0,0.0,-380000000,-345000000,-880000000,-212000000,-293000000,-102000000
salesMaturitiesOfInvestments,0.0,0.0,0.0,146000000,0.0,0.0,0.0,0.0,0.0,0.0,0.0,0.0,0.0,0.0,0.0,254000000,613000000,2942000000,0.0,0.0,0.0,0.0,0.0,0.0,0.0,0.0,0.0,0.0
otherInvestingActivites,-1233000000,-2736000000,-2684000000,-2606000000,-1753000000,-1808000000,-1801000000,-1835000000,-1476000000,-1301000000,-1058000000,-1003000000,-886000000,-13000000,1949000000,-204000000,-105000000,241000000,738000000,1831000000,136000000,239000000,-122000000,6000000.0,7000000.0,50000000,-42000000,-32000000
netCashUsedForInvestingActivites,-1233000000,-2867000000,-2816000000,-2606000000,-1868000000,-1915000000,-2044000000,-1910000000,-1532000000,-1350000000,-1058000000,-1003000000,-935000000,-839000000,658000000,-751000000,-541000000,-392000000,203000000,1084000000,-1126000000,-867000000,-3564000000,-1634000000,-1584000000,-841000000,-1016000000,-709000000
debtRepayment,0.0,-2010000000,-1285000000,-2004000000,-1254000000,-750000000,-260000000,-801000000,-776000000,-1562000000,-437000000,-941000000,-1212000000,0.0,0.0,0.0,0.0,0.0,0.0,0.0,0.0,0.0,0.0,0.0,0.0,0.0,0.0,0.0
commonStockIssued,26000000,253000000,12000000,41000000,83000000,72000000,43000000,43000000,36000000,30000000,29000000,10000000,9000000.0,9000000.0,15000000,8000000.0,295000000,290000000,272000000,357000000,464000000,552000000,810000000,269000000,510000000,192000000,160000000,223000000
commonStockRepurchased,0.0,0.0,0.0,0.0,0.0,0.0,0.0,0.0,-7000000.0,0.0,0.0,-239000000,-4000000.0,-1000000.0,-32000000,0.0,0.0,-11000000,0.0,-9000000.0,-6000000.0,-395000000,-194000000,-3000000.0,-122000000,-1000000.0,-1000000.0,-2000000.0
dividendsPaid,-509000000,-467000000,-436000000,-407000000,-377000000,-347000000,-322000000,-295000000,-273000000,-252000000,-211000000,-162000000,-125000000,-95000000,-56000000,-11000000,-11000000,0.0,0.0,-149000000,-189000000,-167000000,-163000000,-140000000,-119000000,-103000000,-84000000,-67000000
otherFinancingActivites,188000000,3843000000,2717000000,3244000000,1658000000,1280000000,1002000000,1551000000,1210000000,1825000000,420000000,1534000000,1297000000,232000000,-617000000,-431000000,-210000000,-322000000,-42000000,-1436000000,447000000,474000000,2225000000,1024000000,669000000,92000000,236000000,-6000000.0
netCashUsedProvidedByFinancingActivities,-295000000,1619000000,1008000000,874000000,110000000,255000000,463000000,498000000,190000000,41000000,-199000000,202000000,-35000000,145000000,-690000000,-434000000,74000000,-43000000,230000000,-1237000000,716000000,464000000,2678000000,1150000000,938000000,180000000,311000000,148000000
effectOfForexChangesOnCash,0.0,0.0,0.0,0.0,0.0,0.0,0.0,0.0,0.0,0.0,0.0,0.0,0.0,0.0,2000000.0,1000000.0,-1000000.0,0.0,-1000000.0,0.0,0.0,0.0,0.0,0.0,0.0,0.0,0.0,0.0
netChangeInCash,291000000,28000000,-18000000,-29000000,-53000000,-31000000,59000000,35000000,79000000,-68000000,-86000000,157000000,-117000000,-135000000,-3000000.0,-496000000,178000000,137000000,181000000,250000000,7000000.0,50000000,31000000,32000000,11000000,0.0,-23000000,51000000
cashAtEndOfPeriod,476000000,185000000,157000000,175000000,204000000,257000000,266000000,207000000,172000000,93000000,161000000,247000000,90000000,213000000,348000000,351000000,847000000,669000000,532000000,377000000,189000000,182000000,132000000,101000000,67000000,56000000,56000000,79000000
cashAtBeginningOfPeriod,185000000,157000000,175000000,204000000,257000000,288000000,207000000,172000000,93000000,161000000,247000000,90000000,207000000,348000000,351000000,847000000,669000000,532000000,351000000,127000000,182000000,132000000,101000000,69000000,56000000,56000000,79000000,28000000
operatingCashFlow,1819000000,1276000000,1790000000,1703000000,1705000000,1629000000,1640000000,1447000000,1421000000,1241000000,1169000000,959000000,848000000,559000000,27000000,688000000,646000000,572000000,-251000000,403000000,417000000,453000000,917000000,516000000,657000000,661000000,682000000,612000000
capitalExpenditure,-2076000000,-2448000000,-2236000000,-2220000000,-1780000000,-1779000000,-1653000000,-1652000000,-1381000000,-1276000000,-882000000,-864000000,-867000000,-826000000,-1291000000,-670000000,-593000000,-525000000,-535000000,-747000000,-1262000000,-1032000000,-1124000000,-1295000000,-711000000,-659000000,-535000000,-575000000
freeCashFlow,1819000000,-1172000000,-446000000,-517000000,-75000000,-150000000,-13000000,-205000000,40000000,-35000000,287000000,95000000,-19000000,-267000000,-1264000000,18000000,53000000,47000000,-786000000,-344000000,-845000000,-579000000,-207000000,-779000000,-54000000,2000000.0,147000000,37000000
link,https://www.sec.gov/Archives/edgar/data/811156/000081115622000048/0000811156-22-000048-index.htm,https://www.sec.gov/Archives/edgar/data/811156/000081115621000016/0000811156-21-000016-index.htm,https://www.sec.gov/Archives/edgar/data/201533/000081115620000004/0000811156-20-000004-index.html,https://www.sec.gov/Archives/edgar/data/811156/000081115619000003/consumersenergy10k12312018.htm,https://www.sec.gov/Archives/edgar/data/811156/000110465918009493/a18-1030_110k.htm,https://www.sec.gov/Archives/edgar/data/811156/000110465917006823/a17-1055_110k.htm,https://www.sec.gov/Archives/edgar/data/811156/000110465916095725/a15-23273_110k.htm,https://www.sec.gov/Archives/edgar/data/811156/000110465915006843/a15-1932_110k.htm,https://www.sec.gov/Archives/edgar/data/811156/000110465914006974/a14-1343_210k.htm,,https://www.sec.gov/Archives/edgar/data/811156/000119312512074276/d287367d10k.htm,https://www.sec.gov/Archives/edgar/data/811156/000095012311017966/k50057e10vk.htm,https://www.sec.gov/Archives/edgar/data/811156/000095012310018474/k48861e10vk.htm,https://www.sec.gov/Archives/edgar/data/811156/000095015209001765/k47328e10vk.htm,https://www.sec.gov/Archives/edgar/data/811156/000095012408000749/k23633e10vk.htm,,https://www.sec.gov/Archives/edgar/data/811156/000095012406000851/k02628e10vk.txt,https://www.sec.gov/Archives/edgar/data/811156/000095012405001425/k91832e10vk.txt,,,,,,,,,https://www.sec.gov/Archives/edgar/data/811156/000020153396000043/0000201533-96-000043-index.html,https://www.sec.gov/Archives/edgar/data/811156/000020153395000029/0000201533-95-000029-index.html
finalLink,https://www.sec.gov/Archives/edgar/data/201533/000081115622000048/cms-20211231.htm,https://www.sec.gov/Archives/edgar/data/811156/000081115621000016/cms-20201231.htm,https://www.sec.gov/Archives/edgar/data/201533/000081115620000004/a2019form10-kxcmsenerg.htm,https://www.sec.gov/Archives/edgar/data/811156/000081115619000003/consumersenergy10k12312018.htm,https://www.sec.gov/Archives/edgar/data/811156/000110465918009493/a18-1030_110k.htm,https://www.sec.gov/Archives/edgar/data/811156/000110465917006823/a17-1055_110k.htm,https://www.sec.gov/Archives/edgar/data/811156/000110465916095725/a15-23273_110k.htm,https://www.sec.gov/Archives/edgar/data/811156/000110465915006843/a15-1932_110k.htm,https://www.sec.gov/Archives/edgar/data/811156/000110465914006974/a14-1343_210k.htm,,https://www.sec.gov/Archives/edgar/data/811156/000119312512074276/d287367d10k.htm,https://www.sec.gov/Archives/edgar/data/811156/000095012311017966/k50057e10vk.htm,https://www.sec.gov/Archives/edgar/data/811156/000095012310018474/k48861e10vk.htm,https://www.sec.gov/Archives/edgar/data/811156/000095015209001765/k47328e10vk.htm,https://www.sec.gov/Archives/edgar/data/811156/000095012408000749/k23633e10vk.htm,,https://www.sec.gov/Archives/edgar/data/811156/000095012406000851/k02628e10vk.txt,https://www.sec.gov/Archives/edgar/data/811156/000095012405001425/k91832e10vk.txt,,,,,,,,,https://www.sec.gov/Archives/edgar/data/811156/0000201533-96-000043.txt,https://www.sec.gov/Archives/edgar/data/811156/0000201533-95-000029.txt
