,2021,2020,2019,2018,2017,2016,2015,2014,2013,2012,2011,2010,2009,2008,2007,2006,2005,2004,2003,2002,2001,2000,1999,1998,1997,1996,1995,1994
reportedCurrency,USD,USD,USD,USD,USD,USD,USD,USD,USD,USD,USD,USD,USD,USD,USD,USD,USD,USD,USD,USD,USD,USD,USD,USD,USD,USD,USD,USD
cik,0000046080,0000046080,0000046080,0000046080,0000046080,0000046080,0000046080,0000046080,0000046080,0000046080,0000046080,0000046080,0000046080,0000046080,0000046080,0000046080,0000046080,0000046080,0000046080,0000046080,0000046080,0000046080,0000046080,0000046080,0000046080,0000046080,0000046080,0000046080
fillingDate,2022-02-23,2021-02-24,2020-02-27,2019-02-26,2018-02-26,2017-02-22,2016-02-24,2015-02-26,2014-02-26,2013-02-27,2012-02-22,2011-02-23,2009-12-31,2008-12-31,2008-02-27,2007-02-28,2006-02-22,2005-03-09,2004-03-12,2003-03-28,2002-03-29,2000-12-31,1999-12-26,1998-12-27,1997-12-28,1996-12-29,1995-12-31,1995-03-24
acceptedDate,2022-02-23 14:22:04,2021-02-24 13:15:32,2020-02-27 12:50:48,2019-02-26 16:34:39,2018-02-26 17:16:08,2017-02-22 16:33:26,2016-02-24 14:46:32,2015-02-26 13:01:24,2014-02-26 16:34:45,2013-02-27 16:15:01,2012-02-22 16:32:32,2011-02-23 16:01:43,2009-12-31,2008-12-31,2008-02-27 15:50:41,2007-02-28 16:43:45,2006-02-22 16:56:09,2005-03-09 15:51:02,2004-03-12 14:11:34,2003-03-28 14:02:04,2002-03-29 00:00:00,2000-12-31,1999-12-26,1998-12-27,1997-12-28,1996-12-29,1995-12-31,1995-03-24 00:00:00
calendarYear,2021,2020,2019,2018,2017,2016,2015,2014,2013,2012,2011,2010,2009,2008,2007,2006,2005,2004,2003,2002,2001,2000,1999,1998,1997,1996,1995,1994
period,FY,FY,FY,FY,FY,FY,FY,FY,FY,FY,FY,FY,FY,FY,FY,FY,FY,FY,FY,FY,FY,FY,FY,FY,FY,FY,FY,FY
cashAndCashEquivalents,983400000,1449676000,4580369000,1182371000,1581234000,1282285000,976750000,893200000,682400000,849700000,641700000,727800000,636045000,630390000,774500000,715400000,942300000,725000000,520700000,495400000,233100000,127115000,280200000,177700000,361800000,219000000,161000000,137000000
shortTermInvestments,0.0,0.0,0.0,0.0,0.0,0.0,0.0,0.0,0.0,0.0,0.0,0.0,0.0,0.0,0.0,0.0,0.0,0.0,0.0,0.0,0.0,0.0,0.0,0.0,0.0,0.0,0.0,0.0
cashAndShortTermInvestments,983400000,1449676000,4580369000,1182371000,1581234000,1282285000,976750000,893200000,682400000,849700000,641700000,727800000,636045000,630390000,774500000,715400000,942300000,725000000,520700000,495400000,233100000,127115000,280200000,177700000,361800000,219000000,161000000,137000000
netReceivables,1500400000,1391726000,1410597000,1188052000,1405399000,1319963000,1217850000,1094700000,1093600000,1030000000,1034600000,961300000,1038802000,611766000,654800000,556287000,523200000,578700000,607600000,555100000,572500000,685975000,1084100000,958800000,783000000,807100000,791100000,717900000
inventory,552100000,395633000,446105000,443383000,433293000,387675000,384492000,339600000,348800000,316000000,334000000,364200000,207895000,300463000,259100000,203337000,179400000,194800000,169000000,190100000,217500000,335493000,408600000,334800000,242700000,273200000,315600000,244400000
otherCurrentAssets,692200000,609610000,310450000,268698000,214000000,237684000,286506000,391600000,355700000,312500000,243400000,167700000,162290000,171387000,199800000,243291000,185300000,219700000,212000000,191000000,345500000,431630000,358800000,318700000,186400000,187300000,157800000,153200000
totalCurrentAssets,3728100000,3846645000,6747521000,3082504000,3633926000,3227607000,2865598000,2719100000,2480500000,2508200000,2253700000,2221000000,2045032000,1714006000,1888200000,1718315000,1830200000,1718200000,1509300000,1431600000,1368600000,1580213000,2131700000,1790000000,1573900000,1486600000,1425500000,1252500000
propertyPlantEquipmentNet,421100000,489041000,382248000,256473000,259710000,267398000,237527000,237500000,236300000,230400000,218000000,233600000,220706000,211707000,188000000,181726000,164000000,206900000,199900000,213500000,235400000,296729000,318800000,330400000,280600000,313500000,313200000,308900000
goodwill,3419600000,3691709000,494584000,485881000,573063000,570555000,592695000,593400000,594300000,474900000,474800000,474800000,475931000,474497000,471200000,469938000,467100000,469700000,463700000,461000000,761600000,803189000,806100000,704300000,486500000,460500000,0.0,480000000
intangibleAssets,1172000000,1530835000,646305000,693842000,217382000,245949000,280807000,324500000,376000000,416700000,467300000,500600000,554567000,568412000,486200000,532257000,613400000,637900000,710600000,715700000,805000000,902893000,949800000,837900000,478800000,365000000,817000000,295300000
goodwillAndIntangibleAssets,4591600000,5222544000,1140889000,1179723000,790445000,816504000,873502000,917900000,970300000,891600000,942100000,975400000,1030498000,1042909000,957400000,1002195000,1080500000,1107600000,1174300000,1176700000,1566600000,1706082000,1755900000,1542200000,965300000,825500000,817000000,775300000
longTermInvestments,0.0,0.0,0.0,0.0,0.0,0.0,0.0,0.0,0.0,0.0,0.0,0.0,0.0,0.0,0.0,0.0,0.0,0.0,0.0,0.0,0.0,0.0,0.0,0.0,0.0,0.0,0.0,0.0
taxAssets,0.0,0.0,2606000.0,5910000.0,0.0,5452000.0,8747000.0,4700000.0,1500000.0,0.0,0.0,0.0,0.0,0.0,0.0,0.0,0.0,0.0,0.0,0.0,0.0,0.0,0.0,0.0,0.0,0.0,0.0,0.0
otherNonCurrentAssets,1297000000,1260155000,582364000,738378000,605902000,774405000,735343000,652900000,713700000,695200000,717000000,663200000,600656000,200175000,203500000,194669000,226400000,208000000,279900000,321100000,198400000,245435000,256900000,131200000,79900000,75900000,60700000,41700000
totalNonCurrentAssets,6309700000,6971740000,2108107000,2180484000,1656057000,1863759000,1855119000,1813000000,1921800000,1817200000,1877100000,1872200000,1851860000,1454791000,1348900000,1378590000,1470900000,1522500000,1654100000,1711300000,2000400000,2248246000,2331600000,2003800000,1325800000,1214900000,1190900000,1125900000
otherAssets,0.0,0.0,0.0,0.0,0.0,0.0,0.0,0.0,0.0,0.0,0.0,0.0,0.0,0.0,0.0,0.0,0.0,0.0,0.0,0.0,0.0,0.0,0.0,0.0,0.0,0.0,0.0,0.0
totalAssets,10037800000,10818385000,8855628000,5262988000,5289983000,5091366000,4720717000,4532100000,4402300000,4325400000,4130800000,4093200000,3896892000,3168797000,3237100000,3096905000,3301100000,3240700000,3163400000,3142900000,3369000000,3828459000,4463300000,3793800000,2899700000,2701500000,2616400000,2378400000
accountPayables,580200000,425500000,343927000,333521000,348476000,319525000,241210000,212500000,198800000,139900000,134900000,132500000,173388000,184453000,186200000,160015000,152500000,167600000,159000000,166300000,123100000,191749000,284800000,209100000,179200000,174300000,198300000,165400000
shortTermDebt,200900000,439197000,503000.0,9740000.0,154957000,172582000,164563000,252500000,8300000.0,224400000,180400000,14600000,14113000,7586000.0,10200000,10582000,14700000,18000000,23400000,21100000,34000000,228085000,714700000,372200000,122000000,120700000,120000000,81800000
taxPayables,125900000,81878000,36651000,46074000,0.0,80388000,63549000,35416000,55459000,103067000,83814000,0.0,0.0,0.0,0.0,0.0,0.0,0.0,0.0,0.0,0.0,0.0,0.0,0.0,0.0,0.0,0.0,0.0
deferredRevenue,114100000,161018000,46766000,50759000,0.0,0.0,0.0,0.0,0.0,0.0,0.0,0.0,0.0,0.0,0.0,0.0,0.0,0.0,0.0,0.0,0.0,0.0,0.0,0.0,0.0,0.0,0.0,0.0
otherCurrentLiabilities,1560700000,1377626000,865886000,880304000,748264000,1125752000,658874000,609900000,1156200000,596100000,627000000,571700000,628387000,607853000,691300000,735296000,743500000,963000000,747700000,779500000,601500000,819978000,1071800000,785000000,702300000,535800000,551600000,516500000
totalCurrentLiabilities,2455900000,2403341000,1257082000,1274324000,1251697000,1617859000,1064647000,1074900000,1363300000,960400000,942300000,718800000,815888000,799892000,887700000,905893000,910700000,1148600000,930100000,966900000,758600000,1239812000,2071300000,1366300000,1003500000,830800000,869900000,763700000
longTermDebt,3824200000,4660015000,4046457000,1695092000,1693609000,1198679000,1547115000,1559900000,959900000,1396400000,1400900000,1397700000,1131998000,709723000,709700000,494917000,495600000,302700000,686900000,857300000,1165600000,1167838000,420700000,407200000,0.0,149400000,150000000,150000000
deferredRevenueNonCurrent,0.0,0.0,0.0,0.0,0.0,0.0,0.0,0.0,0.0,0.0,0.0,0.0,0.0,0.0,0.0,0.0,0.0,0.0,0.0,0.0,0.0,0.0,0.0,0.0,0.0,0.0,0.0,0.0
deferredTaxLiabilitiesNonCurrent,0.0,0.0,52823000,37256000,0.0,64174000,78592000,75343000,90882000,103987000,105618000,0.0,0.0,0.0,0.0,0.0,0.0,0.0,0.0,0.0,0.0,0.0,0.0,0.0,0.0,0.0,0.0,0.0
otherNonCurrentLiabilities,694600000,818292000,503736000,501830000,514720000,347918000,366461000,356357000,305818000,357213000,264482000,361300000,354234000,268396000,254600000,158205000,171400000,149600000,141100000,127300000,91900000,93403000,92400000,75600000,58100000,69300000,70900000,69300000
totalNonCurrentLiabilities,4518800000,5478307000,4603016000,2234178000,2208329000,1610771000,1992168000,1991600000,1356600000,1857600000,1771000000,1759000000,1486232000,978119000,964300000,653122000,667000000,452300000,828000000,984600000,1257500000,1261241000,513100000,482800000,58100000,218700000,220900000,219300000
otherLiabilities,0.0,0.0,0.0,0.0,0.0,0.0,0.0,0.0,0.0,0.0,0.0,0.0,0.0,0.0,0.0,0.0,0.0,0.0,0.0,0.0,0.0,0.0,0.0,0.0,0.0,0.0,0.0,0.0
capitalLeaseObligations,0,0.0,0.0,0.0,0.0,0.0,0.0,0.0,0.0,0.0,0.0,0.0,0,0,0.0,0.0,0.0,0.0,0.0,0.0,0,0,0,0,0,0,0,0
totalLiabilities,6974700000,7881648000,5860098000,3508502000,3460026000,3228630000,3056815000,3066500000,2719900000,2818000000,2713300000,2477800000,2302120000,1778011000,1852000000,1559015000,1577700000,1600900000,1758100000,1951500000,2016100000,2501053000,2584400000,1849100000,1061600000,1049500000,1090800000,983000000
preferredStock,0.0,0.0,0.0,0.0,0.0,0.0,0.0,0.0,0.0,0.0,0.0,0.0,0.0,0.0,0.0,0.0,0.0,0.0,0.0,0.0,0,0,0,0,0,0,0,0
commonStock,110100000,110143000,110143000,104847000,104847000,104847000,104847000,104800000,104800000,104800000,104800000,104800000,104847000,104847000,104800000,104847000,104800000,104800000,104800000,104800000,104800000,104847000,104800000,104800000,69900000,66100000,0.0,44000000
retainedEarnings,4257800000,4204184000,4354619000,4184374000,4260222000,4148722000,3852321000,3630100000,3432200000,3354500000,3205400000,2978300000,2720549000,2456650000,2261600000,2020348000,1869000000,1721200000,1567700000,1431000000,1622400000,1583394000,1764100000,1621800000,1458300000,1362800000,1201200000,1071400000
accumulatedOtherComprehensiveIncomeLoss,-235300000,-194953000,-184000000,-295000000,-239000000,-195000000,-146000000,-95000000,-34000000,-72000000,-36000000,8000000.0,58631000,62256000,75000000,11000000,15000000,164600000,59600000,-94800000,-142800000,-253533000,-66000000,-19200000,-9400000.0,43000000,-187700000,29000000
othertotalStockholdersEquity,-1106700000,-1222685000,-1285232000,-2239735000,-2296112000,-2195833000,-2147266000,-2174236000,-1820657000,-1879921000,-1856685000,-1475680000,-1289255000,-1232967000,-1056308000,-598305000,-265324000,-350876000,-326860000,-249634000,0.0,0.0,76100000,237400000,319300000,180100000,512100000,251000000
totalStockholdersEquity,3025900000,2896689000,2995530000,1754486000,1829957000,1862736000,1663902000,1465664000,1682343000,1507379000,1417515000,1615420000,1594772000,1390786000,1385092000,1537890000,1723476000,1639724000,1405240000,1191366000,1352900000,1327406000,1879000000,1944800000,1838100000,1652000000,1525600000,1395400000
totalLiabilitiesAndStockholdersEquity,10000600000,10778337000,8855628000,5262988000,5289983000,5091366000,4720717000,4532164000,4402243000,4325379000,4130815000,4093220000,3896892000,3168797000,3237092000,3096905000,3301176000,3240624000,3163340000,3142866000,3369000000,3828459000,4463400000,3793900000,2899700000,2701500000,2616400000,2378400000
minorityInterest,37200000,40048000,0,0,0,0,0,-64000,57000,21000,-15000,-20000,0,0,8000,0,-76000,76000,60000,34000,0,0,-100000,-100000,0,0,0,0
totalEquity,3063100000,2936737000,2995530000,1754486000,1829957000,1862736000,1663902000,1465600000,1682400000,1507400000,1417500000,1615400000,1594772000,1390786000,1385100000,1537890000,1723400000,1639800000,1405300000,1191400000,1352900000,1327406000,1878900000,1944700000,1838100000,1652000000,1525600000,1395400000
totalLiabilitiesAndTotalEquity,10037800000,10818385000,8855628000,5262988000,5289983000,5091366000,4720717000,4532100000,4402300000,4325400000,4130800000,4093200000,3896892000,3168797000,3237100000,3096905000,3301100000,3240700000,3163400000,3142900000,3369000000,3828459000,4463300000,3793800000,2899700000,2701500000,2616400000,2378400000
totalInvestments,0.0,0.0,1296000.0,914000.0,0.0,3736000.0,26015000,28042000,28048000,0.0,0.0,0.0,0.0,0.0,0.0,0.0,0.0,0.0,0.0,0.0,0.0,0.0,0.0,0.0,0.0,0.0,0.0,0.0
totalDebt,4025100000,5099212000,4046960000,1704832000,1848566000,1371261000,1711678000,1812400000,968200000,1620800000,1581300000,1412300000,1146111000,717309000,719900000,505499000,510300000,320700000,710300000,878400000,1199600000,1395923000,1135400000,779400000,122000000,270100000,270000000,231800000
netDebt,3041700000,3649536000,-533409000,522461000,267332000,88976000,734928000,919200000,285800000,771100000,939600000,684500000,510066000,86919000,-54600000,-209901000,-432000000,-404300000,189600000,383000000,966500000,1268808000,855200000,601700000,-239800000,51100000,109000000,94800000
link,https://www.sec.gov/Archives/edgar/data/46080/000004608022000023/0000046080-22-000023-index.htm,https://www.sec.gov/Archives/edgar/data/46080/000004608021000035/0000046080-21-000035-index.htm,https://www.sec.gov/Archives/edgar/data/46080/000004608020000028/0000046080-20-000028-index.html,https://www.sec.gov/Archives/edgar/data/46080/000119312519052025/0001193125-19-052025-index.html,https://www.sec.gov/Archives/edgar/data/46080/000119312518058659/0001193125-18-058659-index.html,https://www.sec.gov/Archives/edgar/data/46080/000119312517052143/0001193125-17-052143-index.html,https://www.sec.gov/Archives/edgar/data/46080/000119312516475520/0001193125-16-475520-index.html,https://www.sec.gov/Archives/edgar/data/46080/000119312515064946/d873185d10k.htm,https://www.sec.gov/Archives/edgar/data/46080/000119312514069828/d635020d10k.htm,https://www.sec.gov/Archives/edgar/data/46080/000119312513080002/0001193125-13-080002-index.html,https://www.sec.gov/Archives/edgar/data/46080/000119312512072846/0001193125-12-072846-index.html,https://www.sec.gov/Archives/edgar/data/46080/000095012311017113/b84226e10vk.htm,,,https://www.sec.gov/Archives/edgar/data/46080/000095013508001244/b68106hie10vk.htm,https://www.sec.gov/Archives/edgar/data/46080/000095013507001259/b63637hoe10vk.htm,https://www.sec.gov/Archives/edgar/data/46080/000095013506001133/b58828hce10vk.htm,https://www.sec.gov/Archives/edgar/data/46080/000104746905005891/a2152676z10-k.htm,https://www.sec.gov/Archives/edgar/data/46080/000104746904007655/a2130162z10-k.htm,https://www.sec.gov/Archives/edgar/data/46080/000104746903010819/a2105770z10-k.htm,https://www.sec.gov/Archives/edgar/data/46080/000091205702012556/a2073921z10-k405.htm,,,,,,,https://www.sec.gov/Archives/edgar/data/46080/000004608095000005/0000046080-95-000005-index.html
finalLink,https://www.sec.gov/Archives/edgar/data/46080/000004608022000023/has-20211226.htm,https://www.sec.gov/Archives/edgar/data/46080/000004608021000035/has-20201227.htm,https://www.sec.gov/Archives/edgar/data/46080/000004608020000028/has-20191229x10k.htm,https://www.sec.gov/Archives/edgar/data/46080/000119312519052025/d678728d10k.htm,https://www.sec.gov/Archives/edgar/data/46080/000119312518058659/d501434d10k.htm,https://www.sec.gov/Archives/edgar/data/46080/000119312517052143/d317222d10k.htm,https://www.sec.gov/Archives/edgar/data/46080/000119312516475520/d120433d10k.htm,https://www.sec.gov/Archives/edgar/data/46080/000119312515064946/d873185d10k.htm,https://www.sec.gov/Archives/edgar/data/46080/000119312514069828/d635020d10k.htm,https://www.sec.gov/Archives/edgar/data/46080/000119312513080002/d443615d10k.htm,https://www.sec.gov/Archives/edgar/data/46080/000119312512072846/d274949d10k.htm,https://www.sec.gov/Archives/edgar/data/46080/000095012311017113/b84226e10vk.htm,,,https://www.sec.gov/Archives/edgar/data/46080/000095013508001244/b68106hie10vk.htm,https://www.sec.gov/Archives/edgar/data/46080/000095013507001259/b63637hoe10vk.htm,https://www.sec.gov/Archives/edgar/data/46080/000095013506001133/b58828hce10vk.htm,https://www.sec.gov/Archives/edgar/data/46080/000104746905005891/a2152676z10-k.htm,https://www.sec.gov/Archives/edgar/data/46080/000104746904007655/a2130162z10-k.htm,https://www.sec.gov/Archives/edgar/data/46080/000104746903010819/a2105770z10-k.htm,https://www.sec.gov/Archives/edgar/data/46080/000091205702012556/a2073921z10-k405.htm,,,,,,,https://www.sec.gov/Archives/edgar/data/46080/0000046080-95-000005.txt
