,2021,2020,2019,2018,2017,2016,2015,2014,2013,2012,2011,2010,2009,2008,2007,2006,2005,2004,2003,2002,2001,2000,1999,1998,1997,1996,1995,1994,1993,1992,1991,1990,1989
reportedCurrency,USD,USD,USD,USD,USD,USD,USD,USD,USD,USD,USD,USD,USD,USD,USD,USD,USD,USD,USD,USD,USD,USD,USD,USD,USD,USD,USD,USD,USD,USD,USD,USD,USD
cik,0000046080,0000046080,0000046080,0000046080,0000046080,0000046080,0000046080,0000046080,0000046080,0000046080,0000046080,0000046080,0000046080,0000046080,0000046080,0000046080,0000046080,0000046080,0000046080,0000046080,0000046080,0000046080,0000046080,0000046080,0000046080,0000046080,0000046080,0000046080,0000046080,0000046080,0000046080,0000046080,0000046080
fillingDate,2022-02-23,2021-02-24,2020-02-27,2019-02-26,2018-02-26,2017-02-22,2016-02-24,2015-02-26,2014-02-26,2013-02-27,2012-02-22,2011-02-23,2009-12-31,2008-12-31,2008-02-27,2007-02-28,2006-02-22,2005-03-09,2004-03-12,2003-03-28,2002-03-29,2000-12-31,1999-12-26,1998-12-27,1997-12-28,1996-12-29,1995-12-31,1995-03-24,1993-12-31,1992-12-31,1991-12-31,1990-12-31,1989-12-31
acceptedDate,2022-02-23 14:22:04,2021-02-24 13:15:32,2020-02-27 12:50:48,2019-02-26 16:34:39,2018-02-26 17:16:08,2017-02-22 16:33:26,2016-02-24 14:46:32,2015-02-26 13:01:24,2014-02-26 16:34:45,2013-02-27 16:15:01,2012-02-22 16:32:32,2011-02-23 16:01:43,2009-12-31,2008-12-31,2008-02-27 15:50:41,2007-02-28 16:43:45,2006-02-22 16:56:09,2005-03-09 15:51:02,2004-03-12 14:11:34,2003-03-28 14:02:04,2002-03-29 00:00:00,2000-12-31,1999-12-26,1998-12-27,1997-12-28,1996-12-29,1995-12-31,1995-03-24 00:00:00,1993-12-31,1992-12-31,1991-12-31,1990-12-31,1989-12-31
calendarYear,2021,2020,2019,2018,2017,2016,2015,2014,2013,2012,2011,2010,2009,2008,2007,2006,2005,2004,2003,2002,2001,2000,1999,1998,1997,1996,1995,1994,1993,1992,1991,1990,1989
period,FY,FY,FY,FY,FY,FY,FY,FY,FY,FY,FY,FY,FY,FY,FY,FY,FY,FY,FY,FY,FY,FY,FY,FY,FY,FY,FY,FY,FY,FY,FY,FY,FY
netIncome,428700000,222519000,520454000,220434000,396607000,551380000,451838000,415900000,286200000,336000000,385400000,397800000,374930000,306766000,333000000,230055000,212100000,196000000,157700000,-170700000,59700000,-144631000,189000000,206400000,135000000,199900000,155600000,175000000,200000000,179200000,81700000,89200000,92200000
depreciationAndAmortization,908700000,652031000,266372000,211864000,207634000,190401000,197776000,205052000,228675000,192087000,160468000,146330000,180963000,166138000,156520000,146707000,180132000,146180000,164123000,183838000,225899000,264221000,277300000,169200000,166600000,138300000,129900000,122300000,100700000,95600000,81800000,60200000,60000000
deferredIncomeTax,36000000,30316000,-14956000,-11094000,112105000,-662000.0,-18954000,-9755000.0,-19183000,-16086000,-2921000.0,25172000,19136000,24994000,37578000,24967000,-24032000,34624000,22774000,5441000.0,38697000,-67690000,-38700000,1700000.0,-40600000,-8100000.0,-9100000.0,-1200000.0,2300000.0,2200000.0,-20100000,-13400000,-5100000.0
stockBasedCompensation,97800000,49748000,28044000,27892000,56032000,61624000,53880000,36152000,21272000,19434000,12463000,33392000,29912000,35221000,0.0,0.0,0.0,0.0,0.0,0.0,0.0,0.0,0.0,0.0,0.0,0.0,0.0,0.0,0.0,0.0,0.0,0.0,0.0
changeInWorkingCapital,-123900000,-4047135000,3682259000,-574049000,772481000,-191203000,156751000,527000000,-430600000,236400000,-190800000,273056000,315030000,-86386000,188078000,-107078000,349900000,-9600000.0,114500000,-145300000,269599000,280001000,-363300000,-146700000,-85400000,100200000,66800000,0.0,488800000,0.0,0.0,0.0,38000000
accountsReceivables,-159500000,210823000,-211450000,180113000,-50376000,-149923000,-227808000,-112366000,-86616000,28690000,-108845000,71173000,-422560000,-14220000,0.0,0.0,0.0,0.0,0.0,0.0,0.0,0.0,0.0,0.0,0.0,0.0,0.0,0.0,0.0,0.0,0.0,0.0,0.0
inventory,-173900000,62757000,-4631000.0,-37211000,-25301000,-12065000,-99353000,-28944000,-37511000,22546000,17463000,-151634000,105329000,-69871000,-44267000,-17623000,10677000,-15838000,34846000,38783000,109002000,69657000,-44200000,-44600000,40700000,43000000,-64700000,28700000,-34100000,-15200000,23800000,14900000,-25900000
accountsPayables,313200000,49288000,62277000,107426000,-80461000,203783000,149663000,-957000.0,140092000,-22362000,0.0,0.0,0.0,56143000,0.0,0.0,0.0,0.0,0.0,0.0,0.0,0.0,0.0,0.0,0.0,0.0,0.0,0.0,0.0,0.0,0.0,0.0,0.0
otherWorkingCapital,-73100000,1443304000,5490439000,1808180000,2382229000,1609748000,1800951000,1644200000,1117200000,1547800000,1311400000,1502200000,1229144000,914114000,1000500000,812422000,919500000,569600000,579200000,464700000,610000000,340401000,60400000,423700000,570400000,655800000,555600000,488800000,488800000,0.0,0.0,0.0,0.0
otherNonCashItems,-529400000,4068861000,-3829112000,770950000,-820481000,163333000,-288846000,-719938000,314768000,-233039000,31459000,-507769000,-654348000,146452000,-113382000,25996000,-221476000,-8698000.0,-4942000.0,599860000,-221420000,-169345000,327200000,-104000000,368200000,-150300000,-115800000,-12300000,-574600000,-47200000,-23300000,25600000,-100000.0
netCashProvidedByOperatingActivities,817900000,976340000,653061000,645997000,724378000,774873000,552445000,454411000,401132000,534796000,396069000,367981000,265623000,593185000,601794000,320647000,496624000,358506000,454155000,473139000,372475000,162556000,391500000,126600000,543800000,280000000,227400000,283800000,217200000,229800000,120100000,161600000,185000000
investmentsInPropertyPlantAndEquipment,-132700000,-125754000,-133636000,-140426000,-134877000,-154900000,-142022000,-113388000,-112031000,-112091000,-99402000,-112597000,-104129000,-117143000,-91532000,-82103000,-70584000,-79239000,-63070000,-58661000,-50045000,-125055000,-107500000,-809700000,-99400000,-101900000,-100600000,-110900000,-99800000,-90400000,-399400000,-36200000,-42300000
acquisitionsNet,378500000,-4412948000,-8761000.0,-155451000,0.0,-12436000,0.0,64400000,-110698000,0.0,0.0,0.0,-371482000,-154757000,-18000000,0.0,0.0,0.0,0.0,0.0,0.0,0.0,0.0,0.0,0.0,0.0,0.0,0.0,0.0,0.0,0.0,0.0,0.0
purchasesOfInvestments,0.0,0.0,0.0,0.0,0.0,0.0,0.0,0.0,0.0,0.0,-11585000,0.0,-18000000,-42000000,-43700000,-941120000,0.0,0.0,0.0,0.0,0.0,0.0,0.0,0.0,0.0,0.0,0.0,-192400000,-141400000,-144000000,0.0,-8600000.0,0.0
salesMaturitiesOfInvestments,0.0,0.0,79990000,0.0,0.0,0.0,0.0,0.0,0.0,0.0,0.0,0.0,0.0,42000000,43700000,941120000,0.0,0.0,0.0,0.0,0.0,0.0,0.0,0.0,0.0,300000.0,1700000.0,59300000,141800000,144000000,0.0,0.0,0.0
otherInvestingActivites,-3800000.0,38471000,1452000.0,9400000.0,3396000.0,28945000,38375000,48503000,4986000.0,5919000.0,3372000.0,8409000.0,-3898000.0,-20000.0,-2933000.0,-1501000.0,-50087000,-5728000.0,-1809000.0,-3653000.0,-7734000.0,-55655000,-321600000,17000000,-169900000,-25700000,-110400000,-200000.0,-26600000,-3600000.0,-5000000.0,3200000.0,-73900000
netCashUsedForInvestingActivites,242000000,-4500231000,-60955000,-286477000,-131481000,-138391000,-103647000,-485000.0,-217743000,-106172000,-107615000,-104188000,-497509000,-271920000,-112465000,-83604000,-120671000,-84967000,-64879000,-62314000,-57779000,-180710000,-429100000,-792700000,-269300000,-127300000,-209300000,-244200000,-126000000,-94000000,-404400000,-41600000,-116200000
debtRepayment,-1225700000,-284131000,-8828000.0,0.0,-350000000,0.0,0.0,-425000000,-215273000,0.0,0.0,-186000.0,0.0,-135737000,0.0,0.0,0.0,0.0,0.0,0.0,0.0,0.0,0.0,0.0,0.0,0.0,0.0,0.0,0.0,0.0,0.0,0.0,0.0
commonStockIssued,0.0,0.0,975185000,0.0,0.0,0.0,0.0,0.0,0.0,0.0,0.0,0.0,0.0,0.0,82661000,86257000,45278000,25836000,39892000,3100000.0,8391000.0,2523000.0,50400000,58400000,37300000,17700000,6700000.0,0.0,9700000.0,16300000,17500000,1000000.0,10900000
commonStockRepurchased,0.0,-47399000,-61387000,-250054000,-151311000,-150075000,-87224000,-459564000,-103488000,-98005000,-423008000,-639563000,-88112000,-360244000,-784349000,-456744000,-48030000,0.0,-3378000.0,0.0,0.0,-367548000,-237500000,-179000000,-134900000,-83700000,-15200000,-31200000,0.0,0.0,0.0,-35800000,0.0
dividendsPaid,-374500000,-372652000,-336604000,-309258000,-276973000,-248881000,-225797000,-216855000,-156129000,-225464000,-154028000,-133048000,-111458000,-107065000,-94097000,-75282000,-58901000,-37088000,-20851000,-20772000,-20709000,-42494000,-45500000,-42300000,-39700000,-33000000,-27200000,-23700000,-20100000,-16500000,-13100000,-11000000,-10400000
otherFinancingActivites,140400000,1110131000,2242207000,-177789000,466111000,65898000,-33436000,870463000,133881000,104090000,201351000,602202000,436349000,145655000,361868000,-21510000,-96988000,-64572000,-388970000,-141665000,-190343000,279678000,378200000,654500000,11800000,3400000.0,38100000,-34900000,-20800000,-123000000,117200000,-66600000,-21700000
netCashUsedProvidedByFinancingActivities,-1459800000,405949000,2810573000,-737101000,-312173000,-333058000,-346457000,-230956000,-341009000,-219379000,-375685000,-170595000,236779000,-457391000,-433917000,-467279000,-158641000,-75824000,-373307000,-159337000,-202661000,-127841000,145600000,491600000,-125500000,-95600000,2400000.0,-89800000,-31200000,-123200000,121600000,-112400000,-21200000
effectOfForexChangesOnCash,-30600000,-12751000,-4681000.0,-21282000,18225000,2111000.0,-18758000,-12252000,-9632000.0,-1232000.0,1123000.0,-1447000.0,762000.0,-7942000.0,3646000.0,3368000.0,-46000.0,6540000.0,9406000.0,10789000,-6055000.0,-7049000.0,-5600000.0,-9600000.0,-6200000.0,800000.0,3600000.0,900000.0,300000.0,-7300000.0,-5900000.0,3600000.0,-1100000.0
netChangeInCash,-430500000,-3130693000,3397998000,-398863000,298949000,305535000,83583000,210718000,-167252000,208013000,-86108000,91751000,5655000.0,-144068000,59058000,-226868000,217266000,204255000,25375000,262277000,105980000,-153044000,102500000,491600000,-125500000,-95600000,2400000.0,-89800000,-31200000,-123200000,121600000,-112400000,-21200000
cashAtEndOfPeriod,1019200000,1449676000,4580369000,1182371000,1581234000,1282285000,976750000,893167000,682449000,849701000,641688000,727796000,636045000,630390000,774458000,715400000,942268000,725002000,520747000,495372000,233095000,127115000,280200000,0.0,0.0,0.0,0.0,0.0,0.0,0.0,0.0,0.0,0.0
cashAtBeginningOfPeriod,1449700000,4580369000,1182371000,1581234000,1282285000,976750000,893167000,682449000,849701000,641688000,727796000,636045000,630390000,774458000,715400000,942268000,725002000,520747000,495372000,233095000,127115000,280159000,177700000,361800000,219000000,161000000,137000000,186300000,126000000,120600000,289300000,278200000,231800000
operatingCashFlow,817900000,976340000,653061000,645997000,724378000,774873000,552445000,454411000,401132000,534796000,396069000,367981000,265623000,593185000,601794000,320647000,496624000,358506000,454155000,473139000,372475000,162556000,391500000,126600000,543800000,280000000,227400000,283800000,217200000,229800000,120100000,161600000,185000000
capitalExpenditure,-132700000,-125754000,-133636000,-140426000,-134877000,-154900000,-142022000,-113388000,-112031000,-112091000,-99402000,-112597000,-104129000,-117143000,-91532000,-82103000,-70584000,-79239000,-63070000,-58661000,-50045000,-125055000,-107500000,-809700000,-99400000,-101900000,-100600000,-110900000,-99800000,-90400000,-399400000,-36200000,-42300000
freeCashFlow,685200000,850586000,519425000,505571000,589501000,619973000,410423000,341023000,289101000,422705000,296667000,255384000,161494000,476042000,510262000,238544000,426040000,279267000,391085000,414478000,322430000,37501000,284000000,-683100000,444400000,178100000,126800000,172900000,117400000,139400000,-279300000,125400000,142700000
link,https://www.sec.gov/Archives/edgar/data/46080/000004608022000023/0000046080-22-000023-index.htm,https://www.sec.gov/Archives/edgar/data/46080/000004608021000035/0000046080-21-000035-index.htm,https://www.sec.gov/Archives/edgar/data/46080/000004608020000028/0000046080-20-000028-index.html,https://www.sec.gov/Archives/edgar/data/46080/000119312519052025/0001193125-19-052025-index.html,https://www.sec.gov/Archives/edgar/data/46080/000119312518058659/0001193125-18-058659-index.html,https://www.sec.gov/Archives/edgar/data/46080/000119312517052143/0001193125-17-052143-index.html,https://www.sec.gov/Archives/edgar/data/46080/000119312516475520/0001193125-16-475520-index.html,https://www.sec.gov/Archives/edgar/data/46080/000119312515064946/d873185d10k.htm,https://www.sec.gov/Archives/edgar/data/46080/000119312514069828/d635020d10k.htm,https://www.sec.gov/Archives/edgar/data/46080/000119312513080002/0001193125-13-080002-index.html,https://www.sec.gov/Archives/edgar/data/46080/000119312512072846/0001193125-12-072846-index.html,https://www.sec.gov/Archives/edgar/data/46080/000095012311017113/b84226e10vk.htm,,,https://www.sec.gov/Archives/edgar/data/46080/000095013508001244/b68106hie10vk.htm,https://www.sec.gov/Archives/edgar/data/46080/000095013507001259/b63637hoe10vk.htm,https://www.sec.gov/Archives/edgar/data/46080/000095013506001133/b58828hce10vk.htm,https://www.sec.gov/Archives/edgar/data/46080/000104746905005891/a2152676z10-k.htm,https://www.sec.gov/Archives/edgar/data/46080/000104746904007655/a2130162z10-k.htm,https://www.sec.gov/Archives/edgar/data/46080/000104746903010819/a2105770z10-k.htm,https://www.sec.gov/Archives/edgar/data/46080/000091205702012556/a2073921z10-k405.htm,,,,,,,https://www.sec.gov/Archives/edgar/data/46080/000004608095000005/0000046080-95-000005-index.html,,,,,
finalLink,https://www.sec.gov/Archives/edgar/data/46080/000004608022000023/has-20211226.htm,https://www.sec.gov/Archives/edgar/data/46080/000004608021000035/has-20201227.htm,https://www.sec.gov/Archives/edgar/data/46080/000004608020000028/has-20191229x10k.htm,https://www.sec.gov/Archives/edgar/data/46080/000119312519052025/d678728d10k.htm,https://www.sec.gov/Archives/edgar/data/46080/000119312518058659/d501434d10k.htm,https://www.sec.gov/Archives/edgar/data/46080/000119312517052143/d317222d10k.htm,https://www.sec.gov/Archives/edgar/data/46080/000119312516475520/d120433d10k.htm,https://www.sec.gov/Archives/edgar/data/46080/000119312515064946/d873185d10k.htm,https://www.sec.gov/Archives/edgar/data/46080/000119312514069828/d635020d10k.htm,https://www.sec.gov/Archives/edgar/data/46080/000119312513080002/d443615d10k.htm,https://www.sec.gov/Archives/edgar/data/46080/000119312512072846/d274949d10k.htm,https://www.sec.gov/Archives/edgar/data/46080/000095012311017113/b84226e10vk.htm,,,https://www.sec.gov/Archives/edgar/data/46080/000095013508001244/b68106hie10vk.htm,https://www.sec.gov/Archives/edgar/data/46080/000095013507001259/b63637hoe10vk.htm,https://www.sec.gov/Archives/edgar/data/46080/000095013506001133/b58828hce10vk.htm,https://www.sec.gov/Archives/edgar/data/46080/000104746905005891/a2152676z10-k.htm,https://www.sec.gov/Archives/edgar/data/46080/000104746904007655/a2130162z10-k.htm,https://www.sec.gov/Archives/edgar/data/46080/000104746903010819/a2105770z10-k.htm,https://www.sec.gov/Archives/edgar/data/46080/000091205702012556/a2073921z10-k405.htm,,,,,,,https://www.sec.gov/Archives/edgar/data/46080/0000046080-95-000005.txt,,,,,
