,2021,2020,2019,2018,2017,2016
reportedCurrency,USD,USD,USD,USD,USD,USD
cik,0001754301,0001754301,0001754301,0001754301,0001754301,0001754301
fillingDate,2021-08-10,2020-08-10,2019-08-09,2018-06-30,2017-06-30,2016-06-30
acceptedDate,2021-08-10 16:21:39,2020-08-10,2019-08-09 16:47:13,2018-06-30,2017-06-30,2016-06-30
calendarYear,2021,2020,2019,2018,2017,2016
period,FY,FY,FY,FY,FY,FY
netIncome,2150000000,999000000,1595000000,2187000000,1372000000,1072000000
depreciationAndAmortization,300000000,258000000,212000000,171000000,169000000,170000000
deferredIncomeTax,534000000,283000000,386000000,-603000000,92000000,139000000
stockBasedCompensation,147000000,137000000,36000000,0.0,0.0,0.0
changeInWorkingCapital,167000000,814000000,945000000,3056000000,765000000,-536000000
accountsReceivables,0.0,0.0,0.0,0.0,0.0,0.0
inventory,190000000,181000000,197000000,-228000000,21000000,-252000000
accountsPayables,0.0,-306000000,133000000,-193000000,-217000000,-66000000
otherWorkingCapital,5747000000,5580000000,4766000000,3821000000,765000000,0.0
otherNonCashItems,-659000000,-126000000,-650000000,-3494000000,-743000000,252000000
netCashProvidedByOperatingActivities,2639000000,2365000000,2524000000,1317000000,1655000000,1097000000
investmentsInPropertyPlantAndEquipment,-484000000,-359000000,-235000000,-215000000,-191000000,-107000000
acquisitionsNet,42000000,-1061000000,0.0,354000000,0.0,0.0
purchasesOfInvestments,-86000000,-103000000,-338000000,0.0,-13000000,0.0
salesMaturitiesOfInvestments,0.0,349000000,0.0,0.0,0.0,0.0
otherInvestingActivites,0.0,74000000,-64000000,-11000000,-38000000,-61000000
netCashUsedForInvestingActivites,-528000000,-1100000000,-637000000,128000000,-242000000,-168000000
debtRepayment,0.0,0.0,0.0,0.0,0.0,0.0
commonStockIssued,0.0,0.0,0.0,0.0,0.0,0.0
commonStockRepurchased,-1001000000,-600000000,0.0,0.0,0.0,0.0
dividendsPaid,-330000000,-335000000,-6688000000,-77000000,-35000000,-36000000
otherFinancingActivites,461000000,1081000000,5535000000,1113000000,-1396000000,-877000000
netCashUsedProvidedByFinancingActivities,-870000000,146000000,-1153000000,1036000000,-1431000000,-913000000
effectOfForexChangesOnCash,0.0,0.0,0.0,0.0,0.0,0.0
netChangeInCash,1241000000,1411000000,734000000,2481000000,-18000000,16000000
cashAtEndOfPeriod,5886000000,4645000000,3234000000,2500000000,19000000,37000000
cashAtBeginningOfPeriod,4645000000,3234000000,2500000000,19000000,37000000,21000000
operatingCashFlow,2639000000,2365000000,2524000000,1317000000,1655000000,1097000000
capitalExpenditure,-484000000,-359000000,-235000000,-215000000,-191000000,-107000000
freeCashFlow,2155000000,2006000000,2289000000,1102000000,1464000000,990000000
link,https://www.sec.gov/Archives/edgar/data/1754301/000156459021043103/0001564590-21-043103-index.htm,https://www.sec.gov/Archives/edgar/data/1754301/000156459020038975/0001564590-20-038975-index.htm,https://www.sec.gov/Archives/edgar/data/1754301/000156459019031285/0001564590-19-031285-index.htm,,,
finalLink,https://www.sec.gov/Archives/edgar/data/1754301/000156459021043103/fox-10k_20210630.htm,https://www.sec.gov/Archives/edgar/data/1754301/000156459020038975/fox-10k_20200630.htm,https://www.sec.gov/Archives/edgar/data/1754301/000156459019031285/fox-10k_20190630.htm,,,
