,2021,2020,2019,2018,2017,2016,2015,2014,2013,2012,2011,2010,2009,2008,2007,2006,2005,2004,2003,2002,2001,2000,1999,1998,1997,1996,1995,1994,1993,1992,1991,1990,1989
reportedCurrency,USD,USD,USD,USD,USD,USD,USD,USD,USD,USD,USD,USD,USD,USD,USD,USD,USD,USD,USD,USD,USD,USD,USD,USD,USD,USD,USD,USD,USD,USD,USD,USD,USD
cik,0000315189,0000315189,0000315189,0000315189,0000315189,0000315189,0000315189,0000315189,0000315189,0000315189,0000315189,0000315189,0000315189,0000315189,0000315189,0000315189,0000315189,0000315189,0000315189,0000315189,0000315189,0000315189,0000315189,0000315189,0000315189,0000315189,0000315189,0000315189,0000315189,0000315189,0000315189,0000315189,0000315189
fillingDate,2021-12-16,2020-12-17,2019-12-19,2018-12-17,2017-12-18,2016-12-19,2015-12-18,2014-12-19,2013-12-16,2012-12-17,2011-12-19,2010-12-17,2009-12-17,2008-12-18,2007-12-20,2006-12-19,2005-12-20,2004-12-21,2003-12-22,2002-10-31,2001-10-31,2000-10-31,1999-10-31,1998-10-31,1997-10-31,1996-10-31,1995-10-31,1994-10-31,1993-10-31,1992-10-31,1991-10-31,1990-10-31,1989-10-31
acceptedDate,2021-12-16 11:39:34,2020-12-17 11:19:00,2019-12-19 15:37:52,2018-12-17 12:00:46,2017-12-18 11:40:12,2016-12-19 10:46:49,2015-12-18 13:02:26,2014-12-19 10:46:48,2013-12-16 12:34:48,2012-12-17 11:17:35,2011-12-19 10:24:03,2010-12-17 11:19:30,2009-12-17 10:42:28,2008-12-18 16:57:34,2007-12-20 10:34:02,2006-12-19 15:06:31,2005-12-20 14:57:28,2004-12-21 14:05:01,2003-12-22 15:09:06,2002-10-31,2001-10-31,2000-10-31,1999-10-31,1998-10-31,1997-10-31,1996-10-31,1995-10-31,1994-10-31,1993-10-31,1992-10-31,1991-10-31,1990-10-31,1989-10-31
calendarYear,2021,2020,2019,2018,2017,2016,2015,2014,2013,2012,2011,2010,2009,2008,2007,2006,2005,2004,2003,2002,2001,2000,1999,1998,1997,1996,1995,1994,1993,1992,1991,1990,1989
period,FY,FY,FY,FY,FY,FY,FY,FY,FY,FY,FY,FY,FY,FY,FY,FY,FY,FY,FY,FY,FY,FY,FY,FY,FY,FY,FY,FY,FY,FY,FY,FY,FY
netIncome,5963000000,2751000000,3253000000,2368400000,2159100000,1523900000,1940000000,3161700000,3537300000,3064700000,2799900000,1865000000,873500000,2052800000,1821700000,1693800000,1446800000,1406100000,643100000,319200000,-64000000,485500000,239200000,1021400000,960100000,817300000,706100000,603600000,-920900000,37400000,-20200000,411100000,380200000
depreciationAndAmortization,2050000000,2118000000,2019000000,1927100000,1715500000,1559800000,1382400000,1306500000,1140300000,1004200000,914900000,914800000,873300000,831000000,744400000,691400000,636500000,621000000,631400000,725300000,718300000,647900000,513300000,418000000,365600000,311400000,283100000,256700000,257200000,250400000,209200000,203800000,192900000
deferredIncomeTax,-441000000,-11000000,-465000000,1479900000,100100000,282700000,-18400000,-280100000,-172600000,-91800000,-168000000,175000000,171600000,89700000,-4200000.0,15800000,-49300000,385000000,33100000,-1200000.0,-230300000,-132900000,-162400000,141900000,-6900000.0,-65000000,75500000,26200000,-30400000,-15900000,-100100000,57700000,91800000
stockBasedCompensation,82000000,81000000,82000000,83800000,68100000,70600000,66100000,78500000,80700000,74500000,69000000,71200000,70500000,70600000,0.0,0.0,0.0,0.0,0.0,0.0,0.0,0.0,0.0,0.0,0.0,0.0,0.0,0.0,0.0,0.0,0.0,0.0,0.0
changeInWorkingCapital,396000000,-3418000000,3375800000,-1134400000,8315200000,32100000,-2599100000,1262400000,208400000,4417900000,113100000,1689600000,3479000000,293200000,-2067100000,-465600000,496100000,2327200000,973500000,2633200000,912500000,387900000,845900000,-92300000,338200000,600100000,797700000,-254000000,661500000,-16800000,8500000.0,424000000,-237600000
accountsReceivables,969000000,0.0,0.0,-1531100000,-838900000,335200000,811600000,-749000000,-1510200000,-1901600000,-808900000,-1100600000,481800000,-428400000,0.0,0.0,0.0,0.0,0.0,0.0,0.0,0.0,0.0,0.0,0.0,0.0,0.0,0.0,0.0,0.0,0.0,0.0,0.0
inventory,-2497000000,397000000,-780000000,-1772300000,-1305300000,-106100000,-691400000,-297900000,-728400000,-1510200000,-1730500000,-1052700000,452500000,-1195400000,-357200000,-78000000,-324100000,-293700000,84100000,85800000,136500000,-184000000,50700000,-192600000,-255200000,-75100000,-17000000,-164500000,35400000,-3000000.0,134800000,67600000,4200000.0
accountsPayables,0.0,0.0,0.0,0.0,0.0,0.0,0.0,0.0,0.0,0.0,0.0,0.0,0.0,0.0,0.0,0.0,0.0,0.0,0.0,0.0,0.0,0.0,0.0,0.0,0.0,0.0,0.0,0.0,0.0,0.0,0.0,0.0,0.0
otherWorkingCapital,40000000,27954000000,31372000000,27996200000,29130600000,20815400000,20783300000,23382400000,22120000000,21911600000,17493700000,17380600000,15691000000,12212000000,11918800000,13985900000,14451500000,13955400000,11628200000,10654700000,8021500000,7109000000,6721100000,5875200000,5967500000,5629300000,5029200000,4231500000,4485500000,3824000000,3840800000,3832300000,3408300000
otherNonCashItems,-324000000,5962000000,-4852800000,-2904500000,-10158200000,295200000,2969300000,-2003100000,-1539800000,-7301800000,-1402600000,-2433400000,-3483100000,-1388300000,2264600000,-962200000,-1313500000,-3576800000,-745400000,-1798200000,-223100000,-308400000,-1500000.0,-1072100000,-500300000,-319400000,-1023000000,86300000,866700000,103200000,515600000,-699500000,-6800000.0
netCashProvidedByOperatingActivities,7726000000,7483000000,3412000000,1820300000,2199800000,3764300000,3740300000,3525900000,3254300000,1167700000,2326300000,2282200000,1984800000,1949000000,2759400000,973200000,1216600000,1162500000,1535700000,1878300000,1113400000,1080000000,1434500000,416900000,1156700000,1344400000,839400000,718800000,834100000,358300000,613000000,397100000,420500000
investmentsInPropertyPlantAndEquipment,-2580000000,-2656000000,-3449000000,-2950100000,-2592300000,-2955100000,-2826100000,-2659300000,-2375300000,-2121000000,-1680800000,-1312800000,-1308100000,-1608200000,-1484200000,-766000000,-512600000,-363800000,-309600000,-358700000,-491000000,-426700000,-531300000,-537800000,-484900000,-275900000,-262400000,-228100000,-206500000,-285700000,-298000000,-292100000,-181100000
acquisitionsNet,-244000000,-66000000,93000000,-5089400000,-170300000,-117400000,149200000,345800000,-61500000,30200000,850300000,-10600000,-49800000,-210300000,-112100000,384400000,-169700000,-192900000,-10600000,-506900000,-315200000,-643300000,0.0,0.0,0.0,0.0,0.0,0.0,0.0,0.0,0.0,0.0,0.0
purchasesOfInvestments,-194000000,-130000000,-140000000,-132800000,-118000000,-171200000,-154900000,-614600000,-1026300000,-922200000,-586900000,-63400000,-29500000,-1141400000,-2251600000,-2565600000,-3276300000,-79600000,-118200000,-87800000,-75700000,-61900000,-92900000,-224900000,-166700000,-127300000,-194100000,-344800000,-346500000,-372200000,-200600000,-192900000,-319900000
salesMaturitiesOfInvestments,109000000,93000000,89000000,76600000,404200000,169400000,860700000,1022500000,843900000,240300000,32400000,38400000,825100000,1738500000,2458500000,3006000000,1065000000,66700000,76400000,75400000,32400000,247800000,115400000,187300000,226000000,104400000,181200000,222900000,320900000,278200000,136300000,118900000,259700000
otherInvestingActivites,-2841000000,-560000000,-517000000,-58700000,832100000,1897100000,912400000,-975400000,-2201500000,-1231400000,-1235700000,-760700000,505300000,-204600000,-543900000,-1207700000,-2279600000,-1165900000,-534100000,564000000,-1515400000,-2226200000,-143000000,-546500000,-958500000,-916700000,-920500000,-855300000,447100000,246000000,-1016700000,-602100000,-492600000
netCashUsedForInvestingActivites,-5750000000,-3319000000,-3924000000,-8154400000,-1644300000,-1177200000,-1058700000,-2881000000,-4820700000,-4004100000,-2620700000,-2109100000,-57000000,-1426000000,-1933300000,-1148900000,-5173200000,-1735500000,-896100000,-314000000,-2364900000,-3110300000,-651800000,-1121900000,-1384100000,-1215500000,-1195800000,-1205300000,215000000,-133700000,-1379000000,-968200000,-733900000
debtRepayment,-7090000000,-7383000000,-6426000000,-6245300000,-5397000000,-5267600000,-4863200000,-5209100000,-4958500000,-5396000000,-3220800000,-3675700000,-3830300000,-4585400000,0.0,0.0,0.0,0.0,0.0,0.0,0.0,0.0,0.0,0.0,0.0,0.0,0.0,0.0,0.0,0.0,0.0,0.0,0.0
commonStockIssued,148000000,331000000,178000000,216900000,528700000,36000000,172100000,149500000,174500000,61000000,170000000,129100000,16500000,108900000,285700000,327600000,153600000,250800000,174500000,48000000,17800000,15900000,4200000.0,22700000,34800000,39000000,43600000,36900000,586000000,0.0,0.0,0.0,0.0
commonStockRepurchased,-2538000000,-750000000,-1253000000,-957900000,-6200000.0,-205400000,-2770700000,-2731100000,-1531400000,-1587700000,-1667000000,-358800000,-3200000.0,-1677600000,-1517800000,-1299300000,-918900000,-193100000,-400000.0,-1200000.0,-1300000.0,-600000.0,-49000000,-885900000,-419100000,-274700000,0.0,0.0,0.0,0.0,0.0,0.0,0.0
dividendsPaid,-1040000000,-956000000,-943000000,-805800000,-764000000,-761300000,-816300000,-786000000,-752900000,-697900000,-593100000,-483500000,-473400000,-448100000,-386700000,-348400000,-289700000,-246600000,-210500000,-208900000,-206500000,-206000000,-205400000,-212400000,-204300000,-209300000,-190500000,-171800000,-152900000,-152500000,-152300000,-140300000,-86200000
otherFinancingActivites,9442000000,7778000000,8953000000,8668500000,9925000000,3797800000,6159000000,8288400000,7474800000,11500800000,5450500000,3379200000,4760700000,5953700000,1337800000,903300000,4108100000,-479600000,895300000,388000000,2190400000,2221100000,-544900000,1762300000,857500000,245000000,620200000,525800000,-1359200000,-133100000,1012900000,692600000,338200000
netCashUsedProvidedByFinancingActivities,-1078000000,-980000000,509000000,876400000,4286500000,-2400500000,-2119100000,-288300000,406500000,3880200000,139600000,-1009700000,470300000,-648500000,-281000000,-416800000,3053100000,-668500000,858900000,225900000,2000400000,2030400000,-795100000,686700000,268900000,-200000000,473300000,390900000,-926100000,-285600000,860600000,552300000,252000000
effectOfForexChangesOnCash,55000000,32000000,-56000000,26800000,157100000,-13000000,-187300000,-73600000,11700000,-38800000,11400000,-24500000,42200000,58300000,46000000,21800000,-19400000,38100000,71100000,-5300000.0,-10600000,-3900000.0,-1800000.0,-2000000.0,-3000000.0,-1100000.0,1400000.0,2800000.0,-1600000.0,-700000.0,-1500000.0,400000.0,-700000.0
netChangeInCash,953000000,3216000000,-59000000,-5430900000,4999100000,173600000,375200000,283000000,-1148200000,1005000000,-143400000,-861100000,2440300000,-67200000,591100000,-570700000,-922900000,-1203400000,1569600000,1784900000,738300000,-3800000.0,-14200000,-20300000,38500000,-72200000,118300000,-92800000,121400000,-285600000,860600000,552300000,252000000
cashAtEndOfPeriod,8125000000,7172000000,3956000000,3904000000,9334900000,4335800000,4162200000,3787000000,3504000000,4652200000,3647200000,3790600000,4651700000,2211400000,2278600000,1687500000,2258200000,3181100000,4384500000,2814900000,1030000000,291700000,295500000,309700000,330000000,291500000,363700000,245400000,338200000,0.0,0.0,0.0,0.0
cashAtBeginningOfPeriod,7172000000,3956000000,4015000000,9334900000,4335800000,4162200000,3787000000,3504000000,4652200000,3647200000,3790600000,4651700000,2211400000,2278600000,1687500000,2258200000,3181100000,4384500000,2814900000,1030000000,291700000,295500000,309700000,330000000,291500000,363700000,245400000,338200000,216800000,278500000,185400000,203800000,266000000
operatingCashFlow,7726000000,7483000000,3412000000,1820300000,2199800000,3764300000,3740300000,3525900000,3254300000,1167700000,2326300000,2282200000,1984800000,1949000000,2759400000,973200000,1216600000,1162500000,1535700000,1878300000,1113400000,1080000000,1434500000,416900000,1156700000,1344400000,839400000,718800000,834100000,358300000,613000000,397100000,420500000
capitalExpenditure,-2580000000,-2656000000,-3449000000,-2950100000,-2592300000,-2955100000,-2826100000,-2659300000,-2375300000,-2121000000,-1680800000,-1312800000,-1308100000,-1608200000,-1484200000,-766000000,-512600000,-363800000,-309600000,-358700000,-491000000,-426700000,-531300000,-537800000,-484900000,-275900000,-262400000,-228100000,-206500000,-285700000,-298000000,-292100000,-181100000
freeCashFlow,5146000000,4827000000,-37000000,-1129800000,-392500000,809200000,914200000,866600000,879000000,-953300000,645500000,969400000,676700000,340800000,1275200000,207200000,704000000,798700000,1226100000,1519600000,622400000,653300000,903200000,-120900000,671800000,1068500000,577000000,490700000,627600000,72600000,315000000,105000000,239400000
link,https://www.sec.gov/Archives/edgar/data/315189/000155837021016864/0001558370-21-016864-index.htm,https://www.sec.gov/Archives/edgar/data/315189/000155837020014436/0001558370-20-014436-index.htm,https://www.sec.gov/Archives/edgar/data/315189/000155837019011614/0001558370-19-011614-index.html,https://www.sec.gov/Archives/edgar/data/315189/000104746918007694/0001047469-18-007694-index.html,https://www.sec.gov/Archives/edgar/data/315189/000104746917007719/0001047469-17-007719-index.html,https://www.sec.gov/Archives/edgar/data/315189/000104746916017244/0001047469-16-017244-index.html,https://www.sec.gov/Archives/edgar/data/315189/000104746915009300/0001047469-15-009300-index.html,https://www.sec.gov/Archives/edgar/data/315189/000110465914087794/0001104659-14-087794-index.html,https://www.sec.gov/Archives/edgar/data/315189/000110465913090354/0001104659-13-090354-index.html,https://www.sec.gov/Archives/edgar/data/315189/000110465912084558/0001104659-12-084558-index.html,https://www.sec.gov/Archives/edgar/data/315189/000110465911070023/0001104659-11-070023-index.html,https://www.sec.gov/Archives/edgar/data/315189/000110465910063219/0001104659-10-063219-index.html,https://www.sec.gov/Archives/edgar/data/315189/000110465909070344/0001104659-09-070344-index.html,https://www.sec.gov/Archives/edgar/data/315189/000110465908077324/0001104659-08-077324-index.html,https://www.sec.gov/Archives/edgar/data/315189/000110465907090067/0001104659-07-090067-index.html,https://www.sec.gov/Archives/edgar/data/315189/000110465906082456/a06-25680_110k.htm,https://www.sec.gov/Archives/edgar/data/315189/000110465905061732/a05-21685_110k.htm,https://www.sec.gov/Archives/edgar/data/315189/000110465904040625/a04-14942_110k.htm,https://www.sec.gov/Archives/edgar/data/315189/000119312503098064/d10k.htm,,,,,,,,,,,,,,
finalLink,https://www.sec.gov/Archives/edgar/data/315189/000155837021016864/de-20211031x10k.htm,https://www.sec.gov/Archives/edgar/data/315189/000155837020014436/de-20201101x10k.htm,https://www.sec.gov/Archives/edgar/data/315189/000155837019011614/de-20191103x10k.htm,https://www.sec.gov/Archives/edgar/data/315189/000104746918007694/a2236950z10-k.htm,https://www.sec.gov/Archives/edgar/data/315189/000104746917007719/a2233505z10-k.htm,https://www.sec.gov/Archives/edgar/data/315189/000104746916017244/a2230400z10-k.htm,https://www.sec.gov/Archives/edgar/data/315189/000104746915009300/a2226814z10-k.htm,https://www.sec.gov/Archives/edgar/data/315189/000110465914087794/a14-20671_110k.htm,https://www.sec.gov/Archives/edgar/data/315189/000110465913090354/a13-17985_110k.htm,https://www.sec.gov/Archives/edgar/data/315189/000110465912084558/a12-16222_110k.htm,https://www.sec.gov/Archives/edgar/data/315189/000110465911070023/a11-24734_110k.htm,https://www.sec.gov/Archives/edgar/data/315189/000110465910063219/a10-17745_110k.htm,https://www.sec.gov/Archives/edgar/data/315189/000110465909070344/a09-32005_110k.htm,https://www.sec.gov/Archives/edgar/data/315189/000110465908077324/a08-29515_110k.htm,https://www.sec.gov/Archives/edgar/data/315189/000110465907090067/a07-30888_110k.htm,https://www.sec.gov/Archives/edgar/data/315189/000110465906082456/a06-25680_110k.htm,https://www.sec.gov/Archives/edgar/data/315189/000110465905061732/a05-21685_110k.htm,https://www.sec.gov/Archives/edgar/data/315189/000110465904040625/a04-14942_110k.htm,https://www.sec.gov/Archives/edgar/data/315189/000119312503098064/d10k.htm,,,,,,,,,,,,,,
