,2021,2020,2019,2018,2017,2016,2015,2014,2013,2012,2011,2010,2009,2008,2007,2006,2005,2004,2003,2002,2001
period,FY,FY,FY,FY,FY,FY,FY,FY,FY,FY,FY,FY,FY,FY,FY,FY,FY,FY,FY,FY,FY
revenueGrowth,0.19018466894044364,0.11418960187677728,0.12249973412549993,0.0843665897420282,0.022638815502879585,0.07034610161438444,-0.017552770131447216,0.09073727958003702,-0.030866727425041655,-0.015549366356252101,0.025524264557451902,-0.08706405017580537,-0.15673295122002176,0.09865614109779554,0.79273900789177,0.7260620779102,0.3478124028750939,0.3308265952749529,0.2318529315652787,0.260146456833704,0.06761708909270234
grossProfitGrowth,0.16488012909174735,0.11072634620962804,0.1284308530655108,0.1102282235397305,0.06167888209482189,0.09154847196081897,-0.040954567779348444,0.14006395224898743,-0.02167565763861854,0.07462169204656834,-0.005779969013067691,-0.0676797005216358,-0.07042352342912685,0.06168439540613222,0.6582935359355203,0.6491038555702993,0.30111686877946886,0.24413915369046502,0.29595461388871463,0.2871280133630065,0.03588175331294597
ebitgrowth,0.15592275003794204,0.11490652357374158,0.21487056477671154,0.16368597314834196,0.07204736588188342,0.13524485016767318,-0.20422775858424097,0.2031141121052485,-0.049867584745762715,0.09100036658016819,-0.1302216512009248,-0.18998994923728707,-0.0881734350946675,-0.049963024232077775,0.6361667559267815,0.6398823077150546,0.24939039709163993,0.19237004405286343,0.27930568079350765,0.35155309781697974,0.015414600945140107
operatingIncomeGrowth,0.15592275003794204,0.11490652357374158,0.21487056477671154,0.16368597314834196,0.07204736588188342,0.13524485016767318,-0.20422775858424097,0.2031141121052485,-0.049867584745762715,0.09100036658016819,-0.1302216512009248,-0.18998994923728707,-0.0881734350946675,-0.049963024232077775,0.6361667559267815,0.6398823077150546,0.24939039709163993,0.19237004405286343,0.27930568079350765,0.35155309781697974,0.015414600945140107
netIncomeGrowth,0.09057122472095808,0.0418252866708802,0.37230002305209775,-0.0012590743285536474,0.36048542130795164,0.1196487713353221,0.2526447581209793,-0.40528435105778465,0.12907192622459684,0.04128847217102838,-0.1089748085452863,-0.1695390297606364,-0.03943246075584569,-0.14287886354678478,0.6630475586581421,0.6519653363065879,0.5129752066115703,0.15151650861538116,0.2509558957408367,0.258708835766166,0.07367763550154738
epsgrowth,0.08477842003853554,0.035928143712574974,0.36141304347826075,-0.00540540540540541,0.36531365313653147,0.13389121338912127,0.2645502645502647,-0.3961661341853035,0.12589928057553962,0.03731343283582076,-0.09764309764309764,-0.15384615384615374,0,-0.11139240506329123,0.6596638655462186,0.6527777777777778,0.5157894736842106,0.15151515151515152,0.24999999999999986,0.2571428571428572,0
epsdilutedGrowth,0.08510638297872349,0.03607214428857709,0.3633879781420765,-0.005434782608695656,0.36296296296296293,0.1297071129707113,0.271276595744681,-0.39743589743589747,0.1304347826086958,0.033707865168539276,-0.09491525423728821,-0.15714285714285708,0.005747126436781614,-0.10539845758354759,0.6553191489361702,0.6491228070175439,0.507936507936508,0.1524390243902439,0.2424242424242423,0.2571428571428572,0
weightedAverageSharesGrowth,0,0.006075890718208191,0.006870411111405624,0.004296484017292416,-0.005243144191761378,-0.009510520324606177,-0.01281679492092426,-0.011795651217178153,0.0025755609027802717,0.004142088045130213,-0.014590387807837384,-0.017046333491354575,-0.04114013388008211,-0.03448920534557387,0.002038783172705642,-0.000491564331500965,-0.0018566334449619509,1.1776873362139997e-06,0.0007647186937533351,0.0012456625477727764,0.07367763839305928
weightedAverageSharesDilutedGrowth,0,0.005217418634984992,0.006140175192638114,0.005309115571286268,-0.0032269479199125398,-0.009230431119739204,-0.01574949141194345,-0.011072685508228116,0.0006421592860819619,0.0067677814606914525,-0.015731608159225086,-0.015669041215742613,-0.045182266945130056,-0.04147993314490871,0.004668831090027827,0.0017236639652568847,0.0033414501651149752,-0.000800486247322373,0.0067487776473524165,-0.00394030620229974,0.0793943961552727
dividendsperShareGrowth,0.09059740674742744,0.07344403188245893,0.39935703197930117,-0.23002734299532143,-0.20034690455739282,0.2855143368260733,0.06373996484783989,0.036012979615814754,0.3844627732446833,-0.1879960540267287,0.05524885897663798,1.028987719594162,0.04009412187430482,-0.042526633853554416,0.5029169942882274,1.0005201983955443,-0.0003808793280800617,0.001016585734244514,0,0,-1
operatingCashFlowGrowth,-0.10820362082223829,0.6251787634081504,-0.24031124934748566,0.39143698493739804,-0.06354136849175691,1.5160963678436323,-0.46343773136589816,-0.17041061191841086,-0.07982679683677865,-0.16731522714614744,0.06708346471814876,-0.2958721044975769,0.26942901814503967,0.2640069903003718,0.8849760263088806,0.46497034472986376,0.18220411992188995,0.1926932298207558,-0.0012998266897746968,0.34938572670415646,0.4717517322585028
freeCashFlowGrowth,-0.25845193242041314,0.6393941962254882,-0.23845145653448196,0.4917353423171695,-0.16435443270767003,2.1074005286091864,-0.5592373361640114,-0.2238291157469553,-0.10420051382527751,-0.18132602456340682,0.06329586026752475,-0.29201857212793103,0.41072093750424843,0.40808052190692046,0.9651060436212072,0.20902330869812394,0.6811172022539778,-0.08158837160311776,-0.12623324988955972,0.4159224380581715,0.8126387729713557
tenYRevenueGrowthPerShare,0.8348446272007286,0.6044053039516912,0.34552878146397736,0.06142744448388225,0.11861536584519948,0.9467401511535752,2.1110254861036926,3.2211289380691253,4.0895124601058885,5.480920093990238,7.31990312795249,6.99445980766721,7.607595725872934,8.787502188382511,7.601361847524556,3.807670342074676,1.7839711701648877,1.0617130026796984,0.549199150402488,0.25857869249304066,0
fiveYRevenueGrowthPerShare,0.6310786278159575,0.4809312924103942,0.3308160348989868,0.31758533601174116,0.17958966035432164,0.12492714692584579,0.08337592174200618,0.01105543229053991,-0.1944146496827559,-0.051691106287594026,0.7305477572245864,1.8716029437882862,3.1749728088658635,5.317781794445008,5.834186768637129,3.807670342074676,1.7839711701648877,1.0617130026796984,0.549199150402488,0.25857869249304066,0
threeYRevenueGrowthPerShare,0.4694519155935659,0.33307693264989763,0.23746289662466488,0.1994824065196012,0.10558253823722037,0.18702327585087328,0.06182087870617336,0.046016556174301414,-0.013733439300425842,-0.052377899960108006,-0.14994623062991697,-0.0705588313357622,0.7903880909934557,2.5156621926522402,3.171949168650045,2.1033262191149698,1.211996108602706,1.0617130026796984,0.549199150402488,0.25857869249304066,0
tenYOperatingCFGrowthPerShare,0.2506206568731561,0.5185933333786779,-0.3265744411864776,0.1816279598141618,0.11653283716162906,1.2311108301311249,0.2873187954624149,1.8051964612493645,2.985429193191822,3.3333699647508612,6.042644733849069,5.503605430548431,8.078951202354572,5.857761883464621,4.238296288283441,1.784638088415411,0.8998809564081882,0.6040830360228906,0.34492666263582183,0.3477069386453125,0
fiveYOperatingCFGrowthPerShare,0.4176580073589523,3.0381567610851725,0.35873620829412717,0.5117830058491738,0.0014754933301698188,-0.11782626671504576,-0.6239389842382971,-0.5043735828170811,-0.21838785378432188,0.11488782760810577,1.5291059413241965,2.4231647033526746,4.659901014142396,4.098985746943706,2.886821487725565,1.784638088415411,0.8998809564081882,0.6040830360228906,0.34492666263582183,0.3477069386453125,0
threeYOperatingCFGrowthPerShare,0.08692159796575093,0.6886284987280443,-0.01590874232604283,2.3132229452684303,0.2997847319240512,0.15908744701851993,-0.581214856463225,-0.36106843007793493,-0.17582484958364858,-0.3567414738722981,0.026959648574301807,0.24154974683183214,2.2603702578531197,2.60957451588416,2.265601699317945,1.0704757856149612,0.40971371588982824,0.6040830360228906,0.34492666263582183,0.3477069386453125,0
tenYNetIncomeGrowthPerShare,1.1104090136516898,0.7497894236020849,0.427604190982065,0.04931308140552712,-0.06330273083216736,0.136691050996232,0.6619768359137942,0.985334481438984,2.7987502090881295,3.2164431967868157,4.111578058837439,4.653036750201661,5.69107086262855,5.6791756429613685,6.523809539171384,3.5333333470857435,1.7428571426565242,0.8095238113532341,0.571428571686168,0.25714285998827885,0
fiveYNetIncomeGrowthPerShare,1.0934448995569026,1.169898606273021,1.6589211327673616,0.17406615615886473,0.32955454852811084,0.008103444279033855,-0.19360774805625974,-0.4630889297960343,-0.10625727868818415,-0.29548037708959934,0.1275539801465119,1.061002981995102,2.697697051924782,3.2503844993695807,4.984848483522019,3.5333333470857435,1.7428571426565242,0.8095238113532341,0.571428571686168,0.25714285998827885,0
threeYNetIncomeGrowthPerShare,0.5391951243386733,0.40355859733035815,0.8537166371229264,0.5374457358551097,0.9617292128422258,-0.13677360049301254,-0.1400023430534821,-0.29718181424357704,0.055974846625036,-0.2077992345003562,-0.23469926049570078,-0.24864701574779044,0.4759715093375847,1.4351161200077756,3.157894741127932,1.8848484931271197,1.1818181767202638,0.8095238113532341,0.571428571686168,0.25714285998827885,0
tenYShareholdersEquityGrowthPerShare,0.9071505157353564,0.8646153488031969,0.7830713536485261,1.0721275640240582,0.8642248523616365,1.5100352661595031,2.2771032383715832,3.0776900291659954,4.409107944095468,5.507071455051542,6.985587095320122,6.3688417109167235,5.737045497177909,4.069284001748663,4.168784201366112,2.4326609665888683,1.5486518856541307,1.0572188493505028,0.6479849116787744,0.32543925832659903,0
fiveYShareholdersEquityGrowthPerShare,0.7675881664260563,0.6450830930857188,0.43200158585205617,0.17837692961968643,0.11722665407255832,0.07895637228183403,0.13344751802518173,0.2451601808719923,0.7584590396663858,0.6686183108558063,1.326354735596165,1.8912703819593844,2.2748316978064356,2.0760500086039437,2.899676404554241,2.4326609665888683,1.5486518856541307,1.0572188493505028,0.6479849116787744,0.32543925832659903,0
threeYShareholdersEquityGrowthPerShare,0.44986881803063916,0.42594176197532146,0.3942076715282818,0.2576577381486262,0.14866130120972199,-0.033433240506059954,-0.03159898103031164,0.0504801575234218,0.20970549066145724,0.280194406713525,0.5752889545279911,0.42564313460197006,0.9626306130292561,0.9890060428741498,1.5125106174279805,1.0829444142738385,0.922873394343147,1.0572188493505028,0.6479849116787744,0.32543925832659903,0
tenYDividendperShareGrowthPerShare,0.6064467930317169,0.5543784854661697,1.9380338098126109,1.1837398359529356,1.7155155608405448,4.103706229489982,6.942398700881443,6.46364136702956,6.211520459077027,0,0,0,0,0,0,0,0,0,0,0,0
fiveYDividendperShareGrowthPerShare,0.008670516656629884,0.18894507017304435,0.17819685944313232,-0.12772279623365632,0.568413248935841,0.5926378004548943,0.3073593763586896,1.4936697006655195,1.5034929567388906,0.7313775962317366,2.204561782994379,5.075145705538851,1.993035270484153,1.880583482236325,0,0,0,0,0,0,0
threeYDividendperShareGrowthPerShare,0.6382206688179279,0.1566001471538865,-0.13840045648299468,-0.2084946582736765,0.09348800470419937,0.41669903159783117,0.5257449986762445,0.16467463892955375,0.1862994074313607,0.738571073167211,1.2269319781377528,1.0205926205449913,0.4966985549611254,1.8787545541681283,2.0054706457784555,1.0017911673069242,0,0,0,0,0
receivablesGrowth,-0.007091488918371359,0.20191492763486488,0.24029847341238572,-0.03562301779373885,0.12108632381010204,-0.008314502305820905,-0.06788953175339492,-0.18776210826210826,0.1628292198111645,-0.006255144032921811,-0.1869646680942184,-0.14517789726575905,0.1791447457169837,-0.22173228346456694,1.3605947955390334,1.3596491228070176,0.553133514986376,0.3313180169286578,0.41852487135506006,0.21458333333333332,0
inventoryGrowth,0.6108578581888611,0.012187412007841595,0.34007546632493235,0.08537914087674155,0.06770127531604447,-0.03143117425892111,0.19044889708068255,0.10014390371533229,-0.019748653500897665,-0.019612773447322103,0.0260577915376677,0.25072604065827686,-0.27133787914413354,-0.15865479723046488,0.8653136531365314,0.3563563563563564,0.28903225806451616,0.6012396694214877,0.6834782608695652,-0.058919803600654665,0
assetGrowth,0.1170545212151311,0.14019818061201605,0.1456365744740062,0.08782207344801406,0.09351238958059355,0.005721218716044016,-0.04131674430566277,-0.038178744159357327,0.012554211367267747,0.07778498423277347,0.12099180184019856,0.041952927039523524,0.30455970556161394,-0.10849156919337688,0.735108065366368,0.3926002055498458,0.21908000715947737,0.3040028007935582,0.21391131888369458,0.3096474953617811,0
bookValueperShareGrowth,0.10841740819083734,0.14380049292003697,0.1436024902198391,0.09012529436050033,0.11834540824293793,0.03159705011122854,-0.004351739651300776,-0.05894322712718808,0.033554717955416334,0.08003680384578414,0.08369638114083909,0.09377941918359763,0.3289935018148495,-0.01925021353980804,0.5057660082587442,0.34685359970526286,0.23888223484768198,0.24832383765871424,0.24335000742274346,0.32543925832659754,0
debtGrowth,-0.07785881671450012,-0.22866485234981113,0,0,0,0,0,0,0,0,0,0,0,0,-1,0,0,0,-1,-0.37888198757763975,0
rdexpenseGrowth,0.19036680671971204,0.16571627742555742,0.06615123149672864,0.10978746525836829,0.09332848961449697,0.09581470718405406,0.08079044140908734,0.08275170378408596,0.12017570516893665,0.09105980226669882,0.07690587569113579,0.16311488476285563,0.15656278959191497,0.29298144360939987,0.40676350671585154,0.5132947822486945,-0.05205656340595764,0.8073262252322335,0.3588906507477536,0.14198977417980402,0.29406359125160814
sgaexpensesGrowth,0.15737270822190463,0.09965327594452415,0.08446872183312874,0.09178564171177939,0.06678471738463262,0.039613688043472754,0.0615054618957509,0.046680171055593064,-0.038805808702236405,0.0837385007194835,0.1855057257212741,0.08940886140150339,0,0,0,0,0,0,0,0,0
