,2021,2020,2019,2018,2017,2016,2015,2014,2013,2012,2011
period,FY,FY,FY,FY,FY,FY,FY,FY,FY,FY,FY
revenueGrowth,0.3438588344555375,-0.5443292424883622,0.06130698405569279,-0.025601750547045953,-0.21632513075538026,0.03468772178850248,0.0733193677394782,0.07878787878787878,0.04948253557567917,0.05613116247295913,0.08862171541893901
grossProfitGrowth,1.8387650085763294,-0.7605749486652977,0.08174144824522435,0.019013128112267994,-0.30293467970968757,0.029899252518687032,0.10207736389684814,0.13819812474520995,0.13354898336414048,0.09569620253164557,0.10458612975391499
ebitgrowth,3.416267942583732,-1.252263126131563,0.15712290502793297,0.043731778425655975,-0.26276195593766793,-0.10140028971511347,0.23789599521817095,0.5181488203266787,0.0018181818181818182,0.1282051282051282,0.7631103074141049
operatingIncomeGrowth,3.416267942583732,-1.252263126131563,0.15712290502793297,0.043731778425655975,-0.26276195593766793,-0.10140028971511347,0.23789599521817095,0.5181488203266787,0.0018181818181818182,0.1282051282051282,0.7631103074141049
netIncomeGrowth,1.5734265734265733,-1.811577752553916,0.1531413612565445,-0.3931691818903892,2.617816091954023,-0.7521367521367521,1.0861812778603268,0.6216867469879518,0.17897727272727273,0.391304347826087,0.9765625
epsgrowth,1.569767441860465,-1.8403908794788275,0.21343873517786563,-0.34793814432989695,2.66073997896018,-0.7511985904238587,1.0882352076125419,0.5111114732507605,0.5517235037660876,0.07407398262471288,1.076925641025641
epsdilutedGrowth,1.565891472868217,-1.8486842105263157,0.21600000000000003,-0.35064935064935066,2.6670298772449845,-0.7535457713185246,1.0882352076125419,0.5111114732507605,0.5517235037660876,0.07407398262471288,1.076925641025641
weightedAverageSharesGrowth,0.007220216606498195,-0.03484320557491289,-0.04966887417218543,-0.06790123456790123,-0.015295063156877592,0.001114309430739451,0.0010152284263959391,0.06807228915662651,-0.06336803557893196,0.06907205604274008,-0.06460935504985145
weightedAverageSharesDilutedGrowth,0.007168458781362007,-0.03793103448275862,-0.04918032786885246,-0.0672782874617737,-0.009189008386451484,0.0011112326582498474,0.0030425963488843813,0.0691566265060241,-0.06336803557893196,0.06907205604274008,-0.06460935504985145
dividendsperShareGrowth,-1.0,-0.7469985727478801,-5.7751169461166396e-05,-0.0041772796739685085,-0.2850943538574676,1.005012172838653,0.0,0.0,0.0,0.0,0.0
operatingCashFlowGrowth,-0.846045197740113,-0.4884393063583815,0.10278884462151394,0.3582251082251082,-0.31555555555555553,-0.03156384505021521,0.020497803806734993,-0.3498334126606378,0.8927927927927928,-0.04884318766066838,0.4009603841536615
freeCashFlowGrowth,-0.9512987012987013,-0.4775233248515691,0.07572992700729927,0.5307262569832403,-0.20178372352285395,-0.08934010152284264,0.021784232365145227,-0.44115942028985505,2.1767955801104972,-0.14082278481012658,-0.0409711684370258
tenYRevenueGrowthPerShare,-0.27486414857147046,-0.4565117476487849,0.15116313873530632,0.030791446849083116,-0.013956115412349587,0.23898611427126026,0.19878365429805275,0.11802761564651602,0.10692225808619887,-0.01210479078246867,0.0
fiveYRevenueGrowthPerShare,-0.4147344808177808,-0.5466335811281524,0.02963748178047391,-0.06877701724847532,-0.0018740091181809343,0.23898611427126026,0.19878365429805275,0.11802761564651602,0.10692225808619887,-0.01210479078246867,0.0
threeYRevenueGrowthPerShare,-0.2965251568150664,-0.44881940768945167,-0.07088293768942612,-0.1401355506030297,-0.11805051074927524,0.11930725506720928,0.21347248484741307,0.11802761564651602,0.10692225808619887,-0.01210479078246867,0.0
tenYOperatingCFGrowthPerShare,-0.8972245517041213,-0.3276110405464349,0.2685899850774344,0.09321068544748806,-0.2497706572407884,0.07934916204806829,0.11576987855686555,0.09446844048908434,0.797956762783783,-0.11029681585718513,0.0
fiveYOperatingCFGrowthPerShare,-0.9047801657613168,-0.3973766702474245,0.15909233939220807,-0.3919705367358968,-0.15676446242909586,0.07934916204806829,0.11576987855686555,0.09446844048908434,0.797956762783783,-0.11029681585718513,0.0
threeYOperatingCFGrowthPerShare,-0.9059875194562252,-0.1037554503258474,0.17532864218866961,-0.020218499838475207,-0.31452628965348955,-0.39968013447836864,0.2540922618275833,0.09446844048908434,0.797956762783783,-0.11029681585718513,0.0
tenYNetIncomeGrowthPerShare,0.7831877559607293,-4.132158223983676,2.7248726712619296,2.0697558496976676,3.715178518115942,0.28338739362996124,4.183573988406866,1.4872414277402137,0.6381422924901183,0.3014130712349891,0.0
fiveYNetIncomeGrowthPerShare,0.38943842273307805,-1.6042468441636581,0.4975919224078569,0.873925033112583,2.6231221449477418,0.28338739362996124,4.183573988406866,1.4872414277402137,0.6381422924901183,0.3014130712349891,0.0
threeYNetIncomeGrowthPerShare,-0.41911088592392426,-1.6642713975621015,1.902375923084625,-0.4077916401766004,0.895746213265643,-0.21655926990377553,2.9830351354069777,1.4872414277402137,0.6381422924901183,0.3014130712349891,0.0
tenYShareholdersEquityGrowthPerShare,-1.483615290063549,-1.8840311508476413,-1.2760108857523371,-0.7001488455921975,0.051007487865810185,1.9464601415566083,1.9927469584895172,1.3786084631354687,1.3325576610510568,0.15221299466289723,0.0
fiveYShareholdersEquityGrowthPerShare,-1.1641343397939388,-1.2953912118563555,-1.116038805894309,-0.8714496282708447,-0.08783576236848181,1.9464601415566083,1.9927469584895172,1.3786084631354687,1.3325576610510568,0.15221299466289723,0.0
threeYShareholdersEquityGrowthPerShare,-2.6128511861782746,-1.8411273573728448,-1.0936754181261457,-0.8998073814569536,-0.558141869855967,0.26318855510261013,1.5973903890617938,1.3786084631354687,1.3325576610510568,0.15221299466289723,0.0
tenYDividendperShareGrowthPerShare,0.0,0.0,0.0,0.0,0.0,0.0,0.0,0.0,0.0,0.0,0.0
fiveYDividendperShareGrowthPerShare,-1.0,-0.6388848899701773,0.0,0.0,0.0,0.0,0.0,0.0,0.0,0.0,0.0
threeYDividendperShareGrowthPerShare,-1.0,-0.7480699805609553,-0.2881218288531932,0.4274068331413763,0.0,0.0,0.0,0.0,0.0,0.0,0.0
receivablesGrowth,0.3852140077821012,-0.3885804916732752,0.07777777777777778,0.13152804642166344,-0.10553633217993079,0.04900181488203267,-0.0018115942028985507,0.29577464788732394,0.016706443914081145,0.13090418353576247,0.0
inventoryGrowth,0.0,0.0,0.0,0.0,-1.0,0.2239819004524887,0.09405940594059406,0.020202020202020204,-0.04578313253012048,-0.24818840579710144,0.0
assetGrowth,-0.0784243509400179,0.12021127231396671,0.06873883529832082,-0.02187587363712608,-0.4541223150585632,0.019248716752216517,-0.0156555023923445,-0.016452074391988557,-0.01862114830414542,-0.009007029876977152,0.0
bookValueperShareGrowth,-0.45294315748959735,2.202885090702104,-1.9204929902552832,-0.7147012196681067,-0.6432982503165424,-0.015466331626070603,0.25819234433585725,0.01974262109501744,0.0,0.0,0.0
debtGrowth,-0.15927072583419333,0.46855266481434704,0.0873386432298819,0.10299909118448955,-0.38938216796152425,0.02512562814070352,-0.09793020868970236,-0.08103434724514659,-0.2045639262269459,-0.04746307765602668,0.0
rdexpenseGrowth,0.0,0.0,0.0,0.0,0.0,0.0,0.0,0.0,0.0,0.0,0.0
sgaexpensesGrowth,0.3022508038585209,-0.2947845804988662,-0.004514672686230248,0.020737327188940093,-0.29545454545454547,0.008183306055646482,0.24439918533604887,-0.34358288770053474,0.6260869565217392,0.10576923076923077,-0.3469387755102041
