,2021,2020,2019,2018,2017,2016,2015,2014,2013
period,FY,FY,FY,FY,FY,FY,FY,FY,FY
revenuePerShare,20.74551971326165,15.548736462093864,32.933797909407666,29.490066225165563,28.209876543209877,35.44633851358437,34.29618034080509,31.985818787849244,31.668103957260584
netIncomePerShare,1.4695340501792116,-2.5812274368231045,3.0696864111498257,2.5298013245033113,3.8858024691358026,1.0576460432759462,4.271809545643217,2.049748242641644,1.35000135000135
operatingCashFlowPerShare,0.3906810035842294,2.555956678700361,4.822299651567945,4.155629139072848,2.8518518518518516,4.102937236846343,4.241383551728379,4.16041025178081,6.83458514783816
freeCashFlowPerShare,0.10752688172043011,2.223826714801444,4.10801393728223,3.629139072847682,2.2098765432098766,2.7261738529267925,2.996960400611516,2.936043545180601,5.611451394583924
cashPerShare,5.114695340501792,11.617328519855596,1.8745644599303135,1.3344370860927153,1.7592592592592593,4.309603705072678,1.8529430294136175,1.7238595918798965,1.932291088917595
bookValuePerShare,-2.942652329749104,-5.379061371841155,-1.6794425087108014,1.8245033112582782,6.395061728395062,17.928316118634502,18.20995735803038,14.473110919811427,14.19290575917082
tangibleBookValuePerShare,-42.02508960573477,-44.7797833935018,-40.79790940766551,-35.62251655629139,-28.848765432098766,-19.289883438713883,-20.050729989878064,-25.5320052274367,-29.797620159065943
shareholdersEquityPerShare,-2.942652329749104,-5.379061371841155,-1.6794425087108014,1.8245033112582782,6.395061728395062,17.928316118634502,18.20995735803038,14.473110919811427,14.19290575917082
interestDebtPerShare,36.46236559139785,43.52707581227437,29.031358885017422,25.341059602649008,21.635802469135804,34.64398634282331,33.83979043208252,37.49242327922531,43.404983164019306
marketCap,40005810000,28085029723,31303089999.999996,22387259094,27996841296,19097050923.992573,12011479428.50856,17497010302.9722,13663114336.872
enterpriseValue,48354810000,36495029723,38683090000,29266259094,34028841296,28491050923.992573,21949479428.50856,28623010302.9722,25792114336.872
peRatio,97.5751463414634,-39.27976185034965,35.531316685584564,29.30269514921466,22.23736401588562,54.87658311492119,8.555184778140001,25.998529424921543,32.923167076800006
priceToSalesRatio,6.911853835521768,6.52078702646854,3.311795387219636,2.5137277222097465,3.06311173916849,1.6374046921025955,1.0656032140266645,1.6660645879805942,1.4035042975728813
pocfratio,367.0257798165137,39.668121077683615,22.61783959537572,17.838453461354582,30.299611792207795,14.145963647401906,8.616556261483902,12.808938728383747,6.503148185089005
pfcfRatio,1333.527,45.59258071915585,26.55054283290924,20.426331290145985,39.101733653631285,21.289911843915913,12.194395358891938,18.15042562548983,7.920645992389565
pbRatio,-48.72814859926918,-18.849013236912754,-64.94417012448133,40.630234290381125,13.511989042471043,3.237336993387451,2.0069305644960003,3.6820307876625,3.1315870586458856
ptbRatio,-48.72814859926918,-18.849013236912754,-64.94417012448133,40.630234290381125,13.511989042471043,3.237336993387451,2.0069305644960003,3.6820307876625,3.1315870586458856
evToSales,8.354321008984105,8.47342227141862,4.09258252221752,3.286128350999326,3.7230679754923415,2.4428578345187835,1.9472568691011853,2.725481841837002,2.649421092642219
enterpriseValueOverEBITDA,42.12091463414634,-229.52848882389938,19.351220610305152,16.543956525720745,20.255262676190476,11.34197887101615,7.978727527629429,12.00629626802525,13.748461800038381
evToOperatingCashFlow,443.62211009174314,51.54665215112994,27.950209537572253,23.31972836175299,36.82775032034632,21.104482165920423,15.745681082143873,20.95388748387423,12.276113439729654
evToFreeCashFlow,1611.827,59.24517812175325,32.81008481764207,26.702791144160585,47.526314659217874,31.76259857747221,22.283735460414782,29.69191940142344,14.951950340215653
earningsYield,0.01024851140371861,-0.025458402823567483,0.02814418640460095,0.0341265537148654,0.04496935874619104,0.01822270890856715,0.11688818253875423,0.0384637139915085,0.030373748602839333
freeCashFlowYield,0.0007498910783208739,0.021933393201842757,0.037664013360981304,0.04895641737106346,0.0255743136316702,0.046970603135013604,0.08200488589791519,0.055095126727807114,0.12625232852987434
debtToEquity,-11.671132764920829,-7.652348993288591,-16.074688796680498,13.18693284936479,3.164092664092664,1.8038650618748941,1.724143692564745,2.431607744107744,2.9041943616777446
debtToAssets,1.0530406061783564,1.0886899433005073,1.0315571304405964,0.9601286173633441,0.8549762370701706,0.7768494143680135,0.7685876497122414,0.8195598086124402,0.8390181462239289
netDebtToEBITDA,7.272648083623693,-52.893081761006286,3.691845922961481,3.8886376483889205,3.5904761904761906,3.7396496815286624,3.612504543802254,4.666946308724833,6.4653518123667375
currentRatio,0.9509771447499172,1.7285067873303168,0.7290142807384187,0.7583173996175908,0.8994565217391305,1.3252608047690015,1.0478313741386298,1.107221976074435,1.1125116713352008
interestCoverage,2.544080604534005,-0.9743589743589743,4.002415458937198,3.8598382749326148,3.3627450980392157,3.1703577512776833,3.6017391304347828,2.707119741100324,1.7774193548387096
incomeQuality,0.2658536585365854,-0.9902097902097902,1.5709421112372304,1.6426701570680629,0.7339158061953932,3.8793103448275863,0.9928774928774928,2.0297176820208023,5.062650602409638
dividendYield,,0.0014954586273983697,0.005494665223145703,0.008084955788469421,0.006965071449966046,0.01450485737837098,0.011489009394834817,,
payoutRatio,0.0,-0.05874125874125874,0.1952326901248581,0.2369109947643979,0.15488482922954727,0.7959770114942529,0.09829059829059829,0.0,0.0
salesGeneralAndAdministrativeToRevenue,0.06997235659986178,0.07220803343394475,0.046656792213288195,0.04974174713676174,0.0474835886214442,0.05281659950270085,0.05420511000709723,0.046752999428680254,0.0768361581920904
researchAndDdevelopementToRevenue,0.0,0.0,0.0,0.0,0.0,0.0,0.0,0.0,0.0
intangiblesToTotalAssets,0.7063014053493945,0.6516263801850194,0.7512870227986895,0.8085744908896034,0.7982946603298854,0.4653008278966846,0.4876730440192876,0.5013205741626794,0.5058354039605452
capexToOperatingCashFlow,-0.7247706422018348,-0.12994350282485875,-0.14812138728323698,-0.12669322709163347,-0.22510822510822512,-0.33555555555555555,-0.2934002869440459,-0.29428989751098095,-0.1789623988576868
capexToRevenue,-0.013648928818244643,-0.0213605758068261,-0.021688531527719,-0.017853132719514934,-0.022757111597374178,-0.03884077853039527,-0.03628459900638751,-0.03827842315749381,-0.03862352336928608
capexToDepreciation,-0.42021276595744683,-0.27794561933534745,-0.5924855491329479,-0.48923076923076925,-0.5994236311239193,-0.6603498542274052,-0.5910404624277457,-0.6401273885350318,-0.6235489220563848
stockBasedCompensationToRevenue,0.033344851416724254,0.022521476665892732,0.01629284807448159,0.014260049404895576,0.008096280087527353,0.0055731801423304465,0.01100070972320795,0.007427156732051038,0.026913199794555726
grahamNumber,9.863943198291624,17.67492766436156,10.770127277065052,10.190765187221816,23.64579877537766,20.65528464154315,41.83614546687203,25.835832822892005,20.763187220288632
roic,0.0813073579133795,-0.029181792795308574,0.13710077775939103,0.1258347978910369,0.11338842975206612,0.07910060781230076,0.08907910017635168,0.07009384950561422,0.04512694512694513
returnOnTangibleAssets,0.09040793825799338,-0.12249443207126949,0.2368279569892473,0.2851810377006346,0.43624393624393626,0.02483053870852658,0.10656546489563568,0.051657967454712926,0.03161663873228707
grahamNetNet,-50.29390681003584,-52.1471119133574,-48.5897212543554,-40.253311258278146,-33.60339506172839,-54.11774215400327,-55.0969110806839,-60.350314157420755,-67.84163410669434
workingCapital,-148000000,1771000000,-778000000,-632000000,-222000000,873000000,118000000,242000000,241000000
tangibleAssetValue,-11725000000,-12404000000,-11709000000,-10758000000,-9347000000,-6347000000,-6590000000,-8383000000,-9160000000
netCurrentAssetValue,-13389000000,-14039000000,-13336000000,-11454000000,-10247000000,-16805000000,-17180000000,-18912000000,-19903000000
investedCapital,-11.907429963459196,-7.804026845637584,-16.42738589211618,13.215970961887477,3.186293436293436,1.8328530259365994,1.7622389306599833,2.4604377104377106,2.9161127664451065
averageReceivables,919500000,771000000,1016000000,970500000,902500000,963500000,936500000,937500000,811500000
averagePayables,249000000,224000000,263500000,253500000,253000000,302500000,277500000,261500000,271500000
averageInventory,,,,,,,,,
daysSalesOutstanding,67.34968901174844,65.33898305084746,48.69498518831993,47.950819672131146,41.29212253829321,36.1776558346909,35.68399574166075,38.369834317272904,31.944530046224962
daysPayablesOutstanding,24.19791918703121,21.954887218045112,15.761008978195811,15.521412471825696,14.850670898860194,16.37214504356016,14.742525930445392,14.154993514915695,15.989425981873111
daysOfInventoryOnHand,0.0,0.0,0.0,0.0,0.0,23.247586531669413,19.68639414276998,19.12581063553826,19.84894259818731
receivablesTurnover,5.419475655430712,5.586251621271076,7.49563838223632,7.611965811965812,8.839458413926499,10.08910034602076,10.228675136116152,9.51268115942029,11.42605633802817
payablesTurnover,15.083941605839415,16.625,23.15841584158416,23.51590106007067,24.578014184397162,22.293963254593177,24.758308157099698,25.785953177257525,22.82758620689655
inventoryTurnover,,,,,,15.700554528650647,18.540723981900452,19.084158415841586,18.38888888888889
roe,-0.4993909866017052,0.4798657718120805,-1.8278008298755186,1.3865698729582576,0.6076254826254827,0.0589930496694355,0.23458646616541354,0.14162457912457913,0.09511803804721522
capexPerShare,-0.2831541218637993,-0.33212996389891697,-0.7142857142857143,-0.5264900662251656,-0.6419753086419753,-1.3767633839195508,-1.244423151116863,-1.224366706600209,-1.2231337532542352
