,2021,2020,2019,2018,2017,2016,2015,2014,2013,2012,2011,2010,2009,2008,2007,2006,2005,2004,2003,2002
reportedCurrency,USD,USD,USD,USD,USD,USD,USD,USD,USD,USD,USD,USD,USD,USD,USD,USD,USD,USD,USD,USD
cik,0001551182,0001551182,0001551182,0001551182,0001551182,0001551182,0001551182,0001551182,0001551182,0001551182,0001551182,0001551182,0001551182,0001551182,0001551182,0001551182,0001551182,0001551182,0001551182,0001551182
fillingDate,2022-02-23,2021-02-24,2020-02-26,2019-02-27,2018-02-28,2017-02-22,2016-02-24,2015-02-26,2014-02-26,2013-02-28,2011-12-31,2010-12-31,2009-12-31,2008-12-31,2007-12-31,2006-12-31,2005-12-31,2004-12-31,2003-12-31,2002-12-31
acceptedDate,2022-02-23 16:31:49,2021-02-24 16:00:55,2020-02-26 13:07:06,2019-02-27 15:05:59,2018-02-28 12:45:42,2017-02-22 16:03:51,2016-02-24 15:56:29,2015-02-26 11:45:24,2014-02-26 15:39:33,2013-02-28 15:16:14,2011-12-31,2010-12-31,2009-12-31,2008-12-31,2007-12-31,2006-12-31,2005-12-31,2004-12-31,2003-12-31,2002-12-31
calendarYear,2021,2020,2019,2018,2017,2016,2015,2014,2013,2012,2011,2010,2009,2008,2007,2006,2005,2004,2003,2002
period,FY,FY,FY,FY,FY,FY,FY,FY,FY,FY,FY,FY,FY,FY,FY,FY,FY,FY,FY,FY
cashAndCashEquivalents,297000000,438000000,370000000,283000000,561000000,543000000,268000000,781000000,915000000,577000000,385000000,333000000,340000000,188000000,142000000,114000000,110000000,85000000,61000000,75000000
shortTermInvestments,271000000,664000000,221000000,157000000,534000000,203000000,177000000,245000000,794000000,527000000,699000000,838000000,433000000,342000000,504000000,671000000,226000000,211000000,804000000,353000000
cashAndShortTermInvestments,568000000,1102000000,591000000,440000000,1095000000,746000000,445000000,1026000000,1709000000,1104000000,1084000000,1171000000,773000000,530000000,646000000,785000000,336000000,296000000,865000000,428000000
netReceivables,3297000000,2904000000,3437000000,3858000000,3943000000,3560000000,3479000000,3667000000,3648000000,3510000000,2444000000,2239000000,1899000000,2295000000,2208000000,1928000000,1785000000,1612000000,1190000000,1032000000
inventory,2969000000,2109000000,2805000000,2785000000,2620000000,2254000000,2323000000,2428000000,2382000000,2349000000,1701000000,1564000000,1326000000,1554000000,1483000000,1293000000,1099000000,966000000,721000000,698000000
otherCurrentAssets,677000000,3063000000,1895000000,507000000,679000000,381000000,369000000,979000000,992000000,881000000,597000000,532000000,526000000,416000000,430000000,402000000,358000000,308000000,317000000,299000000
totalCurrentAssets,7511000000,9178000000,8728000000,7590000000,8337000000,6941000000,6616000000,8100000000,8731000000,7844000000,5826000000,5506000000,4524000000,4795000000,4767000000,4408000000,3578000000,3182000000,3093000000,2457000000
propertyPlantEquipmentNet,3506000000,3392000000,3932000000,3467000000,3502000000,3443000000,3565000000,3750000000,3833000000,3877000000,2602000000,2477000000,2445000000,2639000000,2333000000,2271000000,2175000000,2147000000,2076000000,1955000000
goodwill,14751000000,12903000000,13456000000,13328000000,13568000000,13201000000,13479000000,13893000000,14495000000,14396000000,5537000000,5454000000,5435000000,5232000000,3982000000,3034000000,0.0,0.0,2095000000,0.0
intangibleAssets,5855000000,4175000000,4638000000,4846000000,5265000000,5514000000,6014000000,6556000000,7186000000,6779000000,2192000000,2272000000,2441000000,2518000000,1557000000,969000000,3765000000,3077000000,541000000,2420000000
goodwillAndIntangibleAssets,20606000000,17078000000,18094000000,18174000000,18833000000,18715000000,19493000000,20449000000,21681000000,21175000000,7729000000,7726000000,7876000000,7750000000,5539000000,4003000000,3765000000,3077000000,2636000000,2420000000
longTermInvestments,0.0,0.0,0.0,0.0,0.0,0.0,0.0,0.0,0.0,0.0,0.0,0.0,0.0,0.0,0.0,0.0,0.0,0.0,0.0,0.0
taxAssets,392000000,426000000,372000000,293000000,253000000,360000000,362000000,228000000,240000000,1254000000,1134000000,1001000000,973000000,971000000,791000000,735000000,700000000,669000000,418000000,0.0
otherNonCurrentAssets,2012000000,1750000000,1679000000,1568000000,1698000000,960000000,995000000,1002000000,1006000000,1698000000,582000000,542000000,464000000,500000000,0.0,0.0,0.0,0.0,0.0,306000000
totalNonCurrentAssets,26516000000,22646000000,24077000000,23502000000,24286000000,23478000000,24415000000,25429000000,26760000000,28004000000,12047000000,11746000000,11758000000,11860000000,8663000000,7009000000,6640000000,5893000000,5130000000,4681000000
otherAssets,0.0,0.0,0.0,0.0,0.0,0.0,0.0,0.0,0.0,0.0,0.0,0.0,0.0,0.0,0.0,0.0,0.0,0.0,0.0,0.0
totalAssets,34027000000,31824000000,32805000000,31092000000,32623000000,30419000000,31031000000,33529000000,35491000000,35848000000,17873000000,17252000000,16282000000,16655000000,13430000000,11417000000,10218000000,9075000000,8223000000,7138000000
accountPayables,2797000000,1987000000,2114000000,2130000000,2166000000,1718000000,1758000000,1940000000,1960000000,1879000000,1491000000,1408000000,1057000000,1121000000,1170000000,1050000000,810000000,776000000,526000000,488000000
shortTermDebt,1748000000,1048000000,503000000,753000000,584000000,1566000000,668000000,1010000000,580000000,1071000000,407000000,76000000,118000000,1081000000,985000000,812000000,634000000,39000000,302000000,201000000
taxPayables,0.0,0.0,0.0,0.0,0.0,0.0,0.0,0.0,0.0,0.0,0.0,0.0,0.0,0.0,0.0,0.0,0.0,0.0,0.0,0.0
deferredRevenue,0.0,0.0,0.0,0.0,0.0,0.0,0.0,0.0,0.0,0.0,0.0,0.0,0.0,0.0,0.0,0.0,0.0,0.0,0.0,0.0
otherCurrentLiabilities,2667000000,2846000000,2515000000,2271000000,2325000000,2201000000,2199000000,2405000000,2374000000,2481000000,1739000000,1749000000,1514000000,1543000000,1504000000,1545000000,1524000000,1447000000,1298000000,1045000000
totalCurrentLiabilities,7212000000,5881000000,5132000000,5154000000,5075000000,5485000000,4625000000,5355000000,4914000000,5431000000,3637000000,3233000000,2689000000,3745000000,3659000000,3407000000,2968000000,2262000000,2126000000,1734000000
longTermDebt,7168000000,7336000000,7819000000,6768000000,7167000000,6711000000,7781000000,8024000000,8969000000,9762000000,3366000000,3382000000,3349000000,3190000000,2432000000,1774000000,1830000000,1734000000,1651000000,1887000000
deferredRevenueNonCurrent,0.0,0.0,0.0,0.0,0.0,0.0,0.0,0.0,0.0,0.0,0.0,0.0,0.0,0.0,0.0,0.0,0.0,0.0,0.0,0.0
deferredTaxLiabilitiesNonCurrent,559000000,277000000,396000000,349000000,538000000,321000000,390000000,901000000,1313000000,2024000000,442000000,487000000,550000000,543000000,0.0,0.0,0.0,0.0,693000000,563000000
otherNonCurrentLiabilities,2637000000,3357000000,3325000000,2679000000,2553000000,2961000000,3004000000,3410000000,3432000000,3503000000,2936000000,2747000000,2876000000,2860000000,2167000000,2130000000,1642000000,1473000000,636000000,652000000
totalNonCurrentLiabilities,10364000000,10970000000,11540000000,9796000000,10258000000,9993000000,11175000000,12335000000,13714000000,15289000000,6744000000,6616000000,6775000000,6593000000,4599000000,3904000000,3472000000,3207000000,2980000000,3102000000
otherLiabilities,0.0,0.0,0.0,0.0,0.0,0.0,0.0,0.0,0.0,0.0,0.0,0.0,0.0,0.0,0.0,0.0,0.0,0.0,0.0,0.0
capitalLeaseObligations,337000000,326000000,331000000,0.0,0.0,0.0,0.0,0.0,0.0,0.0,0.0,0.0,0.0,0.0,0.0,0.0,0.0,0.0,0.0,0.0
totalLiabilities,17576000000,16851000000,16672000000,14950000000,15333000000,15478000000,15800000000,17690000000,18628000000,20720000000,10381000000,9849000000,9464000000,10338000000,8258000000,7311000000,6440000000,5469000000,5106000000,4836000000
preferredStock,0,0.0,0.0,0.0,0.0,0.0,0.0,0.0,0.0,0.0,0.0,0.0,0.0,0.0,0.0,0.0,0.0,0.0,0.0,0.0
commonStock,4000000.0,4000000.0,4000000.0,4000000.0,4000000.0,5000000.0,5000000.0,5000000.0,5000000.0,5000000.0,167000000,170000000,83000000,82000000,73000000,73000000,74000000,77000000,76000000,35000000
retainedEarnings,7594000000,6794000000,8170000000,8161000000,8669000000,7498000000,7346000000,7078000000,6866000000,5805000000,5097000000,4447000000,3966000000,3917000000,3257000000,2796000000,2376000000,2112000000,1816000000,1603000000
accumulatedOtherComprehensiveIncomeLoss,-3633000000,-4195000000,-4290000000,-4145000000,-3404000000,-4448000000,-3863000000,-2899000000,-1560000000,-1990000000,-1964000000,-1348000000,-1208000000,-1538000000,-448000000,-877000000,-685000000,-576000000,-631000000,-749000000
othertotalStockholdersEquity,0.0,12327000000,12198000000,12087000000,11984000000,11842000000,11698000000,11602000000,11480000000,11266000000,4169000000,4093000000,3936000000,3856000000,2290000000,2114000000,2013000000,1993000000,1856000000,1413000000
totalStockholdersEquity,16413000000,14930000000,16082000000,16107000000,17253000000,14897000000,15186000000,15786000000,16791000000,15086000000,7469000000,7362000000,6777000000,6317000000,5172000000,4106000000,3778000000,3606000000,3117000000,2302000000
totalLiabilitiesAndStockholdersEquity,33989000000,31781000000,32754000000,31057000000,32586000000,30375000000,30986000000,33476000000,35419000000,35806000000,17850000000,17211000000,16241000000,16655000000,13430000000,11417000000,10218000000,9075000000,8223000000,7138000000
minorityInterest,38000000,43000000,51000000,35000000,37000000,44000000,45000000,53000000,72000000,42000000,23000000,41000000,41000000,0,0,0,0,0,0,0
totalEquity,16451000000,14973000000,16133000000,16142000000,17290000000,14941000000,15231000000,15839000000,16863000000,15128000000,7492000000,7403000000,6818000000,6317000000,5172000000,4106000000,3778000000,3606000000,3117000000,2302000000
totalLiabilitiesAndTotalEquity,34027000000,31824000000,32805000000,31092000000,32623000000,30419000000,31031000000,33529000000,35491000000,35848000000,17873000000,17252000000,16282000000,16655000000,13430000000,11417000000,10218000000,9075000000,8223000000,7138000000
totalInvestments,0.0,0.0,0.0,0.0,0.0,0.0,0.0,0.0,0.0,0.0,0.0,0.0,0.0,0.0,0.0,0.0,0.0,0.0,0.0,0.0
totalDebt,8916000000,8384000000,8322000000,7521000000,7751000000,8277000000,8449000000,9034000000,9549000000,10833000000,3773000000,3458000000,3467000000,4271000000,3417000000,2586000000,2464000000,1773000000,1953000000,2088000000
netDebt,8619000000,7946000000,7952000000,7238000000,7190000000,7734000000,8181000000,8253000000,8634000000,10256000000,3388000000,3125000000,3127000000,4083000000,3275000000,2472000000,2354000000,1688000000,1892000000,2013000000
link,https://www.sec.gov/Archives/edgar/data/1551182/000155118222000004/0001551182-22-000004-index.htm,https://www.sec.gov/Archives/edgar/data/1551182/000155118221000022/0001551182-21-000022-index.htm,https://www.sec.gov/Archives/edgar/data/1551182/000155118220000050/0001551182-20-000050-index.html,https://www.sec.gov/Archives/edgar/data/1551182/000155118219000045/0001551182-19-000045-index.html,https://www.sec.gov/Archives/edgar/data/1551182/000155118218000074/0001551182-18-000074-index.html,https://www.sec.gov/Archives/edgar/data/1551182/000155118217000014/0001551182-17-000014-index.html,https://www.sec.gov/Archives/edgar/data/1551182/000155118216000041/0001551182-16-000041-index.html,https://www.sec.gov/Archives/edgar/data/1551182/000155118215000007/etn12312014form10-k.htm,https://www.sec.gov/Archives/edgar/data/1551182/000155118214000011/etn12312013form10-k.htm,https://www.sec.gov/Archives/edgar/data/1551182/000155118213000005/0001551182-13-000005-index.html,,,,,,,,,,
finalLink,https://www.sec.gov/Archives/edgar/data/1551182/000155118222000004/etn-20211231.htm,https://www.sec.gov/Archives/edgar/data/1551182/000155118221000022/etn-20201231.htm,https://www.sec.gov/Archives/edgar/data/1551182/000155118220000050/etn12312019form10-k.htm,https://www.sec.gov/Archives/edgar/data/1551182/000155118219000045/etn12312018form10-k.htm,https://www.sec.gov/Archives/edgar/data/1551182/000155118218000074/etn12312017form10-k.htm,https://www.sec.gov/Archives/edgar/data/1551182/000155118217000014/etn12312016form10-k.htm,https://www.sec.gov/Archives/edgar/data/1551182/000155118216000041/etn12312015form10-k.htm,https://www.sec.gov/Archives/edgar/data/1551182/000155118215000007/etn12312014form10-k.htm,https://www.sec.gov/Archives/edgar/data/1551182/000155118214000011/etn12312013form10-k.htm,https://www.sec.gov/Archives/edgar/data/1551182/000155118213000005/etn1231201210-k.htm,,,,,,,,,,
