,2021,2020,2019,2018,2017,2016,2015,2014,2013,2012,2011,2010,2009,2008,2007,2006,2005,2004,2003,2002,2001,2000,1999,1998
reportedCurrency,USD,USD,USD,USD,USD,USD,USD,USD,USD,USD,USD,USD,USD,USD,USD,USD,USD,USD,USD,USD,USD,USD,USD,USD
cik,0001043604,0001043604,0001043604,0001043604,0001043604,0001043604,0001043604,0001043604,0001043604,0001043604,0001043604,0001043604,0001043604,0001043604,0001043604,0001043604,0001043604,0001043604,0001043604,0001043604,0001043604,0001043604,0001043604,0001043604
fillingDate,2022-02-11,2021-02-12,2020-02-20,2019-02-22,2018-02-23,2017-02-24,2016-02-19,2015-02-20,2014-02-26,2013-02-26,2012-02-24,2011-02-25,2010-02-26,2009-03-02,2008-02-29,2007-03-09,2006-03-07,2005-03-04,2004-02-20,2003-03-11,2002-04-01,2001-03-27,1999-12-31,1998-12-31
acceptedDate,2022-02-11 17:01:13,2021-02-12 16:45:13,2020-02-20 16:35:50,2019-02-22 16:33:50,2018-02-23 16:06:18,2017-02-24 17:25:56,2016-02-19 16:06:03,2015-02-20 17:06:56,2014-02-25 18:45:12,2013-02-26 17:25:49,2012-02-24 17:30:07,2011-02-25 15:42:47,2010-02-26 16:18:38,2009-03-02 14:09:29,2008-02-29 06:01:53,2007-03-09 17:17:27,2006-03-07 17:15:03,2005-03-04 15:34:21,2004-02-20 17:12:42,2003-03-11 15:40:39,2002-04-01 00:00:00,2001-03-27 00:00:00,1999-12-31,1998-12-31
calendarYear,2021,2020,2019,2018,2017,2016,2015,2014,2013,2012,2011,2010,2009,2008,2007,2006,2005,2004,2003,2002,2001,2000,1999,1998
period,FY,FY,FY,FY,FY,FY,FY,FY,FY,FY,FY,FY,FY,FY,FY,FY,FY,FY,FY,FY,FY,FY,FY,FY
netIncome,252700000,257800000,345000000,566900000,306200000,592700000,633700000,-334300000,439800000,186500000,425136000,618402000,116999000,511749000,360830000,-1001437000,354029000,135746000,39199000,-119650000,-13417000,147916000,-9000000.0,-31000000
depreciationAndAmortization,237400000,212400000,210300000,210500000,225600000,206700000,176500000,186100000,189900000,187000000,170038000,155288000,148373000,167474000,193166000,173490000,138904000,145674000,70040000,63047000,147678000,38001000,10200000,3800000.0
deferredIncomeTax,71700000,-52300000,2900000.0,42600000,-139600000,55900000,-14600000,-16900000,72200000,-18200000,7225000.0,64035000,9436000.0,0.0,0.0,0.0,0.0,0.0,0.0,0.0,0.0,0.0,0.0,0.0
stockBasedCompensation,222600000,190200000,202200000,217100000,187500000,224600000,217300000,240000000,244600000,242700000,217761000,177825000,139659000,0.0,0.0,0.0,0.0,0.0,0.0,0.0,0.0,0.0,0.0,0.0
changeInWorkingCapital,-30000000,-555800000,-1073400000,293000000,210300000,1125500000,-333700000,-818300000,83800000,-794258000,1230564000,239220000,-256422000,584324000,-583917000,568133000,280160000,510900000,-38909000,-444924000,-248310000,810039000,0.0,2300000.0
accountsReceivables,-31800000,-76100000,-118100000,96300000,203800000,-263500000,-218900000,-16800000,-139900000,139100000,18633000,-129199000,-28682000,0.0,0.0,0.0,0.0,0.0,0.0,0.0,0.0,0.0,0.0,0.0
inventory,0.0,0.0,0.0,0.0,0.0,0.0,0.0,0.0,0.0,0.0,0.0,0.0,0.0,0.0,0.0,0.0,0.0,0.0,0.0,0.0,0.0,0.0,0.0,0.0
accountsPayables,200000.0,56000000,6400000.0,3500000.0,-10100000,66600000,-80200000,38300000,-9500000.0,-121200000,33871000,48217000,-2422000.0,0.0,0.0,0.0,0.0,0.0,0.0,0.0,0.0,0.0,0.0,0.0
otherWorkingCapital,1080100000,1110100000,1665900000,2739300000,2446300000,2236000000,1110500000,1444200000,2262500000,2178700000,2972958000,1742394000,1503174000,1759596000,1175272000,1759189000,1191056000,910896000,399996000,438905000,883829000,1132139000,322100000,322100000
otherNonCashItems,-64700000,559700000,841900000,-469000000,470100000,-1099400000,213300000,1506800000,-188000000,838658000,-1063998000,-442435000,638052000,-388368000,816444000,1015418000,-130150000,-352872000,108224000,503937000,406808000,-726873000,19300000,100000.0
netCashProvidedByOperatingActivities,689700000,612000000,528900000,861100000,1260100000,1106000000,892500000,763400000,842300000,642400000,986726000,812335000,796097000,875179000,786523000,755604000,642943000,439448000,178554000,2410000.0,292759000,269083000,20500000,-24800000
investmentsInPropertyPlantAndEquipment,-100000000,-100400000,-109600000,-147400000,-151200000,-214700000,-210300000,-192900000,-233100000,-348700000,-266314000,-185291000,-153101000,-164604000,-146858000,-102093000,-98192000,-63185000,-19388000,-36127000,-241129000,-34999000,-10000000,-6500000.0
acquisitionsNet,-192700000,-434000000,-278200000,-59100000,-33000000,-144600000,-3500000.0,-27100000,-10000000,-139400000,-30720000,-374765000,0.0,0.0,-375000.0,-15102000,-309889000,0.0,0.0,-375803000,2728000.0,-39974000,0.0,0.0
purchasesOfInvestments,-659900000,-984400000,-3316900000,-1246000000,-1897800000,-1623200000,-1496200000,-2466500000,-1821000000,-1512800000,-2335628000,-1584700000,-1467737000,-474007000,-302690000,-523418000,-945854000,-739437000,-734679000,-977926000,-1592317000,-1437406000,-324400000,-3500000.0
salesMaturitiesOfInvestments,965700000,1235100000,3176500000,2017300000,1698000000,1533900000,1192000000,2970200000,1511200000,1490400000,1926598000,1624430000,683814000,499351000,1029081000,632075000,805047000,704740000,1085929000,1095541000,1531507000,718714000,38500000,19300000
otherInvestingActivites,700000.0,-5200000.0,0.0,0.0,75000000,-1500000.0,9300000.0,150300000,-11500000,-86200000,-1174000.0,-12424000,-11276000,-10552000,-7407000.0,20464000,-34848000,39415000,-31737000,-1150000.0,-8205000.0,-100496000,-9500000.0,0.0
netCashUsedForInvestingActivites,13800000,-288900000,-528200000,564800000,-309000000,-450100000,-508700000,434000000,-564400000,-596700000,-707238000,-532750000,-948300000,-149812000,571751000,11926000,-583736000,-58467000,300125000,-295465000,-307416000,-894161000,-305400000,9300000.0
debtRepayment,-423800000,-376200000,-950000000,0.0,0.0,-300000000,0.0,-400000.0,-1400000.0,-1400000.0,0.0,0.0,0.0,0.0,0.0,0.0,0.0,0.0,0.0,0.0,0.0,0.0,0.0,0.0
commonStockIssued,56400000,54700000,55600000,56900000,64500000,62300000,121200000,159800000,141700000,99100000,346951000,451039000,164207000,119450000,355007000,87140000,146029000,175172000,91755000,26620000,58497000,36715000,430300000,700000.0
commonStockRepurchased,-443500000,-381100000,-554900000,-756600000,-725800000,-324600000,-1153600000,-2262500000,-577800000,-650600000,-548590000,-565473000,-453888000,-604700000,-1623190000,-186388000,-17000.0,-63610000,0.0,0.0,0.0,-130000000,0.0,0.0
dividendsPaid,-259100000,-264100000,-260100000,-249300000,-150400000,-152500000,-156300000,-86000000,0.0,0.0,0.0,0.0,0.0,0.0,0.0,0.0,0.0,0.0,0.0,0.0,0.0,0.0,0.0,0.0
otherFinancingActivites,-61700000,744300000,480600000,-19600000,16900000,485200000,607300000,364900000,35800000,4600000.0,1020684000,42013000,27523000,62857000,29686000,9650000.0,0.0,-144967000,-399263000,-145975000,0.0,1123325000,-7400000.0,4500000.0
netCashUsedProvidedByFinancingActivities,-1131700000,-222400000,-1228800000,-968600000,-794800000,-229600000,-581400000,-1824200000,-401700000,-548300000,819045000,-72421000,-262158000,-422393000,-1238497000,-89598000,146012000,-33405000,-307508000,-119355000,58497000,1030040000,422900000,5200000.0
effectOfForexChangesOnCash,-12100000,5800000.0,-1200000.0,-10600000,17000000,-14000000,-21100000,-17600000,0.0,0.0,0.0,0.0,0.0,0.0,0.0,0.0,0.0,0.0,0.0,0.0,0.0,0.0,0.0,0.0
netChangeInCash,-440300000,106500000,-1229300000,446700000,173300000,412300000,-218700000,-644400000,-123800000,-502600000,1098533000,207164000,-414361000,302974000,119777000,677932000,205219000,347576000,171171000,-412410000,43840000,404962000,137900000,5200000.0
cashAtEndOfPeriod,942700000,1383000000,1276500000,2505800000,2006500000,1833200000,1420900000,1639600000,2284000000,2407800000,2910420000,1811887000,1604723000,2019084000,1716110000,1596333000,918401000,713182000,365606000,194435000,606845000,563005000,158000000,0.0
cashAtBeginningOfPeriod,1383000000,1276500000,2505800000,2059100000,1833200000,1420900000,1639600000,2284000000,2407800000,2910400000,1811887000,1604723000,2019084000,1716110000,1596333000,918401000,713182000,365606000,194435000,606845000,563005000,158043000,20100000,30400000
operatingCashFlow,689700000,612000000,528900000,861100000,1260100000,1106000000,892500000,763400000,842300000,642400000,986726000,812335000,796097000,875179000,786523000,755604000,642943000,439448000,178554000,2410000.0,292759000,269083000,20500000,-24800000
capitalExpenditure,-100000000,-100400000,-109600000,-147400000,-151200000,-214700000,-210300000,-192900000,-243100000,-414000000,-266314000,-185291000,-153101000,-164604000,-146858000,-102093000,-98192000,-63185000,-19388000,-36127000,-241129000,-34999000,-10000000,-6500000.0
freeCashFlow,589700000,511600000,419300000,713700000,1108900000,891300000,682200000,570500000,599200000,228400000,720412000,627044000,642996000,710575000,639665000,653511000,544751000,376263000,159166000,-33717000,51630000,234084000,10500000,-31300000
link,https://www.sec.gov/Archives/edgar/data/1043604/000104360422000017/0001043604-22-000017-index.htm,https://www.sec.gov/Archives/edgar/data/1043604/000104360421000013/0001043604-21-000013-index.htm,https://www.sec.gov/Archives/edgar/data/1043604/000104360420000021/0001043604-20-000021-index.html,https://www.sec.gov/Archives/edgar/data/1043604/000104360419000012/0001043604-19-000012-index.html,https://www.sec.gov/Archives/edgar/data/1043604/000104360418000011/0001043604-18-000011-index.html,https://www.sec.gov/Archives/edgar/data/1043604/000104360417000045/0001043604-17-000045-index.html,https://www.sec.gov/Archives/edgar/data/1043604/000104360416000219/0001043604-16-000219-index.html,https://www.sec.gov/Archives/edgar/data/1043604/000104360415000022/jnpr-10k20141231.htm,https://www.sec.gov/Archives/edgar/data/1043604/000104360414000038/jnpr-10k20131231.htm,https://www.sec.gov/Archives/edgar/data/1043604/000104360413000022/0001043604-13-000022-index.html,https://www.sec.gov/Archives/edgar/data/1043604/000104360412000006/0001043604-12-000006-index.html,https://www.sec.gov/Archives/edgar/data/1043604/000144530511000332/juniper10k123110.htm,https://www.sec.gov/Archives/edgar/data/1043604/000095012310018160/0000950123-10-018160-index.html,https://www.sec.gov/Archives/edgar/data/1043604/000095013409004211/0000950134-09-004211-index.html,https://www.sec.gov/Archives/edgar/data/1043604/000095013408003762/f38434e10vk.htm,https://www.sec.gov/Archives/edgar/data/1043604/000089161807000146/f27855e10vk.htm,https://www.sec.gov/Archives/edgar/data/1043604/000095013406004424/f17833e10vk.htm,https://www.sec.gov/Archives/edgar/data/1043604/000095013405004228/0000950134-05-004228-index.html,https://www.sec.gov/Archives/edgar/data/1043604/000089161804000620/0000891618-04-000620-index.html,https://www.sec.gov/Archives/edgar/data/1043604/000089161803001207/0000891618-03-001207-index.html,https://www.sec.gov/Archives/edgar/data/1043604/000089161802001586/0000891618-02-001586-index.html,https://www.sec.gov/Archives/edgar/data/1043604/000089161801000244/0000891618-01-000244-index.html,,
finalLink,https://www.sec.gov/Archives/edgar/data/1043604/000104360422000017/jnpr-20211231.htm,https://www.sec.gov/Archives/edgar/data/1043604/000104360421000013/jnpr-20201231.htm,https://www.sec.gov/Archives/edgar/data/1043604/000104360420000021/jnpr-10k20191231.htm,https://www.sec.gov/Archives/edgar/data/1043604/000104360419000012/jnpr-10k20181231.htm,https://www.sec.gov/Archives/edgar/data/1043604/000104360418000011/jnpr-10k20171231.htm,https://www.sec.gov/Archives/edgar/data/1043604/000104360417000045/jnpr-10k20161231.htm,https://www.sec.gov/Archives/edgar/data/1043604/000104360416000219/jnpr-10k20151231.htm,https://www.sec.gov/Archives/edgar/data/1043604/000104360415000022/jnpr-10k20141231.htm,https://www.sec.gov/Archives/edgar/data/1043604/000104360414000038/jnpr-10k20131231.htm,https://www.sec.gov/Archives/edgar/data/1043604/000104360413000022/juniper201210k.htm,https://www.sec.gov/Archives/edgar/data/1043604/000104360412000006/juniper201110k.htm,https://www.sec.gov/Archives/edgar/data/1043604/000144530511000332/juniper10k123110.htm,https://www.sec.gov/Archives/edgar/data/1043604/000095012310018160/f54104e10vk.htm,https://www.sec.gov/Archives/edgar/data/1043604/000095013409004211/f50665e10vk.htm,https://www.sec.gov/Archives/edgar/data/1043604/000095013408003762/f38434e10vk.htm,https://www.sec.gov/Archives/edgar/data/1043604/000089161807000146/f27855e10vk.htm,https://www.sec.gov/Archives/edgar/data/1043604/000095013406004424/f17833e10vk.htm,https://www.sec.gov/Archives/edgar/data/1043604/000095013405004228/f06213e10vk.htm,https://www.sec.gov/Archives/edgar/data/1043604/000089161804000620/f96584e10vk.htm,https://www.sec.gov/Archives/edgar/data/1043604/000089161803001207/f88273e10vk.htm,https://www.sec.gov/Archives/edgar/data/1043604/000089161802001586/f80369e10-k.txt,https://www.sec.gov/Archives/edgar/data/1043604/000089161801000244/f70571e10-k.txt,,
