,2021,2020,2019,2018,2017,2016,2015,2014,2013,2012,2011,2010,2009,2008,2007,2006,2005,2004,2003,2002,2001,2000,1999,1998,1997,1996,1995,1994
period,FY,FY,FY,FY,FY,FY,FY,FY,FY,FY,FY,FY,FY,FY,FY,FY,FY,FY,FY,FY,FY,FY,FY,FY,FY,FY,FY,FY
revenueGrowth,0.058843890619591555,-0.35536415565869334,-0.06613877891227339,0.1636760426770126,0.29791653553219616,-0.32776202767316887,-0.28101612412534227,0.11795115978504864,0.03154053959232361,0.14797212936485563,0.3814610805096534,0.2247359454855196,-0.1971661469445812,0.19752358490566038,-0.32172058300746537,0.07126196029894796,0.026434085800840418,0.2578206625284248,0.29422526248806874,-0.036332975624712556,0.09226389819156061,-0.19828164854342864,-0.14147904409010495,0.9677840019957816,0.19410705339128786,0.2959271412778353,-0.0072815956798188315,-0.09609812936952825
grossProfitGrowth,0.31974110032362457,-0.3238512035010941,-0.2347622237106497,0.3183222958057395,1.6215277777777777,-0.6571428571428571,-0.5164075993091537,0.16551107134869156,0.008344609833107803,-0.11638102829812674,0.5545229244114003,0.46994535519125685,-0.4808510638297872,0.13131853436747792,-0.015534491837809373,0.3275078643830828,1.5030621172353456,0.13958125623130607,4.196891191709844,-0.8687967369136642,1.0261707988980717,-0.5769230769230769,-0.33065491282131293,1.2296921203687599,0.14044832374528862,0.5257263922518159,-0.04838709677419355,0.29118631461509853
ebitgrowth,1.7389162561576355,-4.4375,-1.1815970814754764,0.8113069016152716,1.2009442313366774,-40.07878787878788,-1.0323719835197174,0.624282982791587,-0.24549170473671555,-0.12201815495039055,0.5742771684945165,0.5090270812437312,-0.5027431421446384,0.14636935391652373,0.004018369690011481,0.30879038317054847,2.1804062126642774,0.1625,7.428571428571429,-1.103321033210332,1.3463203463203464,-0.23383084577114427,-0.561964259770449,0.7064584108094707,0.6015485407980941,0.3144572025052192,0.6306382978723404,2.7722473604826545
operatingIncomeGrowth,1.7389162561576355,-4.4375,-1.1815970814754764,0.8113069016152716,1.2009442313366774,-40.07878787878788,-1.0323719835197174,0.624282982791587,-0.24549170473671555,-0.12201815495039055,0.5742771684945165,0.5090270812437312,-0.5027431421446384,0.14636935391652373,0.004018369690011481,0.30879038317054847,2.1804062126642774,0.1625,7.428571428571429,-1.103321033210332,1.3463203463203464,-0.23383084577114427,-0.561964259770449,0.7064584108094707,0.6015485407980941,0.3144572025052192,0.6306382978723404,2.7722473604826545
netIncomeGrowth,1.4947368421052631,-1.603890362511052,-1.6829710144927537,4.5766738660907125,0.9196598993579733,-7.588673621460507,-1.1917142857142857,0.6470588235294118,-0.1935483870967742,-0.0718562874251497,0.5471389645776567,0.6026200873362445,-0.2555266579973992,-0.5604458416690483,0.49020442930153324,-0.004240882103477523,3.4085801838610825,-0.19390243902439025,0.17835671342685372,-2.2336217552533992,0.6147704590818364,0.14383561643835616,30.79591836734694,-1.032350352112676,0.5126498002663116,0.7849079025549613,-0.05343082114735658,2.1043478260869564
epsgrowth,1.4916341813018263,-1.5891472868217051,-1.6825396825396826,4.566037735849056,0.9207772795216741,-7.468354430379747,-1.1912832929782082,0.7426160337552742,-0.16842105263157894,-0.07766990291262128,0.5297029702970296,0.5905511811023622,-0.2742857142857143,-0.5430809399477807,0.658008658008658,-0.010706638115631655,3.0755555555555554,-0.19047619047619055,0.18181818181818188,-2.2222222222222223,0.672566371681416,0.1299999999999999,34.333333333333336,-1.0168539325842696,0.49579831932773116,0.619047619047619,-0.057692307692307744,2.278688524590164
epsdilutedGrowth,1.4916341813018263,-1.5891472868217051,-1.6825396825396826,4.566037735849056,0.9207772795216741,-7.468354430379747,-1.1922141119221412,0.7415254237288138,-0.16901408450704225,-0.07792207792207799,0.5323383084577117,0.5826771653543306,-0.2529411764705882,-0.5380434782608696,0.6502242152466369,-0.017621145374449355,3.017777777777778,-0.19047619047619055,0.18181818181818188,-2.228723404255319,0.6785714285714283,0.13131313131313144,34,-1.0171428571428571,0.4705882352941177,0.619047619047619,-0.057692307692307744,2.278688524590164
weightedAverageSharesGrowth,0.014755959137343927,0.006857142857142857,0,0.005747126436781609,0.010452961672473868,0.009378663540445486,0.00589622641509434,-0.0556792873051225,-0.03023758099352052,0.008714596949891068,0.011013215859030838,0.008888888888888889,0.026225769669327253,-0.03943044906900329,-0.09960552268244575,0.0039603960396039604,0.15560640732265446,0.0069124423963133645,0.004629629629629629,0.009345794392523364,-0.03167420814479638,0.004545454545454545,0.0027347310847766638,0.718890844238213,0.012216094369547978,0.10131004366812227,0.002626970227670753,-0.13463353962017824
weightedAverageSharesDilutedGrowth,0.014755959137343927,0.006857142857142857,-0.002280501710376283,0.008045977011494253,0.010452961672473868,0.009378663540445486,0.0011737089201877935,-0.05543237250554324,-0.028017241379310345,0.006507592190889371,0.012074643249176729,0.009977827050997782,-0.0022123893805309734,-0.04842105263157895,-0.09867172675521822,0.015414258188824663,0.17687074829931973,0.009153318077803204,0.011574074074074073,0.004651162790697674,-0.03587443946188341,0.006772009029345372,0.009571558796718322,0.6899207737181334,-0.006282306381840171,0.13843832615543966,0.0038814735609631057,-0.13373800089269142
dividendsperShareGrowth,-0.42928476011137395,-0.5617354016899987,0,0.0006389776357826665,-0.0007675194660733268,0.00038966885713523076,0.14521751944906955,0.21382126191925332,0.4399365958386003,0.000373061064205792,-0.0018188722991745773,0.00036710719530112947,-0.010282131661442045,0.05762624465280448,0.13966024525911142,0.19997204491450396,-0.005438824425429036,0.002204737573534903,-0.004608294930875567,0.009173126614986975,0.004672897196261738,-0.004524886877828138,-0.1329768972176524,0.16171298653186114,0.07032901506465371,-0.06656939492396911,4.596644449504663e-06,0.1741185119454565
operatingCashFlowGrowth,0.01594896331738437,-0.23067484662576687,-0.22553056699398163,0.2791734197730956,-2.44920728126835,-1.5860289057123194,-0.2845888724766125,-0.08657521924893187,0.2170224411603722,-0.008143322475570033,0.6654611211573237,-0.08063175394846218,-0.10022438294689603,-0.019075568598679385,-0.25458025704129067,4.216833095577746,-0.24461206896551724,-2.1974193548387095,-1.4961587708066582,-0.31849912739965097,1.9804941482444733,2.300429184549356,-0.4868971592160317,-0.17165268150310106,0.21283185840707963,-0.2848101265822785,0.42534957149300856,0.8239407651172357
freeCashFlowGrowth,-0.03555941023417172,0.26010928961748636,-0.1909814323607427,0.03287671232876712,1.4378248700519791,-4.46398891966759,-0.07317073170731707,-0.4851288830138797,16.193181818181817,-0.8796169630642955,4.111888111888112,-0.7361623616236163,1.7373737373737375,-0.8267716535433071,-0.586767895878525,54.32,-0.8583569405099151,1.2736434108527133,-2.6165413533834587,-0.4662207357859532,6.827225130890052,1.5120643431635388,0.25489412704754294,-16.32179930795848,-1.5133214920071048,-0.8353319684118163,0.7293879615579161,53.026315789473685
tenYRevenueGrowthPerShare,-0.3674491913953185,-0.17166328380197993,0.5705777561450472,0.3157090494165828,0.4176591604616977,-0.16858667634464675,0.3320703515843627,0.6553213428991295,0.7466505166733988,1.1153827388368267,0.774650916799513,0.46499855419269376,-0.0368580420936441,0.05407711516842459,-0.03206487057016713,0.5157949703995118,0.6715999323799227,0.8633649027534697,0.4916636061101953,0.15788920180523697,0.21277429511741058,0.07516199299964804,0.3471677316673397,0.5734640649602446,0.37444606331533903,0.16508517572148476,-0.009882604599434979,0
fiveYRevenueGrowthPerShare,-0.07280043664082284,-0.40820428811306914,-0.3393199530618453,-0.16244725820400935,-0.2300016009607378,-0.3177835348487487,0.3997004364172935,1.377213847192311,0.570896952226873,0.8411196208076938,0.2186943091017661,-0.04831754214926048,-0.3036716722585968,0.11188102707652522,0.1489653985159393,0.4561903699275601,0.5393774909975928,0.38317216108438984,-0.05198749731352533,-0.15755937412905044,0.04093187381462826,0.0858934485891717,0.3471677316673397,0.5734640649602446,0.37444606331533903,0.16508517572148476,-0.009882604599434979,0
threeYRevenueGrowthPerShare,-0.3761225889248926,-0.30821326616103945,0.38789400138478003,-0.010210420054282443,-0.3885435134577524,-0.4364425342291457,-0.09990108607888457,0.43313566682903504,0.6541154220814019,0.8877478558103765,0.2976683363803911,0.18396031605851554,-0.26529357743808496,0.002097959527960865,-0.28603644609621015,0.1839333226416427,0.42939425345652615,0.5364482165027041,0.3873849855392755,-0.14050108639986478,-0.2292329249044193,-0.21774886501823118,0.15628261327168586,0.5891691957635782,0.37444606331533903,0.16508517572148476,-0.009882604599434979,0
tenYOperatingCFGrowthPerShare,-0.46734473034125446,-0.1235773091977922,0.04524403277520492,0.183326851159312,-0.049896695086059234,-1.548434151867594,3.908512876430087,3.5113604017566695,-6.546369710467706,1.182681006518198,0.49877379689513973,1.80043308146629,9.096709585121603,4.892599468117296,1.7807654511409041,3.024608577263445,-0.49702656974558224,0.0938731189921027,-1.9198401958889104,0.8625060558980271,1.75848899118536,-0.10380094579728427,-0.7272255710009431,-0.4669287090843976,0.10616807807594072,-0.07680432044646712,0.4216150311310182,0
fiveYOperatingCFGrowthPerShare,-2.0807162252164555,-0.3732904562402887,-0.4166533023844693,-0.2714225320440746,-0.28110022711687394,-1.492872464787933,0.3984511637471406,0.7918058627017364,0.6241606461962343,0.32160746289233044,0.11273035328432708,2.50996373965449,1.5177729885057474,-4.4149144811858605,0.6515350191360247,0.3469335068207401,-0.20214757496555905,3.0101747183783303,-2.7255481800736154,0.6837459811149623,1.9879786618145727,-0.3695908986769002,-0.7272255710009431,-0.4669287090843976,0.10616807807594072,-0.07680432044646712,0.4216150311310182,0
threeYOperatingCFGrowthPerShare,-0.40754326701290206,-0.24736053953717682,-2.4127304756312395,0.05905849965588444,-0.4077816827676758,-1.3994116275127866,-0.13664576744174112,0.1936228566160655,1.0327853336931174,0.47606146620489814,0.3161795259115863,-0.18408634749079666,-0.2587476073284113,3.393040077946963,1.8120208105147864,-5.039289940828403,-0.6160900597101964,-0.6034520628911226,-2.0263793423741405,5.828008265776506,4.174709346000202,-0.18981656407807693,-0.7045323813354787,-0.6250241596759863,0.10616807807594072,-0.07680432044646712,0.4216150311310182,0
tenYNetIncomeGrowthPerShare,-0.4730137041353535,-2.6540901316623726,-2.015995009357455,0.07918409808656884,-1.1388636490557236,-3.8905822436175197,-1.3369388288801585,-4.684689806695319,-3.5048889130316696,-3.4635015170730226,2.2722611362908025,2.565863866979697,1.5560629122272955,-105.69743016933113,3.3060905542833945,2.8880808494656693,5.353364748239529,-3.877833062629185,-3.427104446045627,-3.96763946173395,1.4281141259211754,0.456061770559223,0.2787503834747929,-1.0430343312828831,1.2865691777455894,0.5300977940802601,-0.05591091506574777,0
fiveYNetIncomeGrowthPerShare,-1.243487440708896,3.249481097046271,-1.3131715918367348,-0.20022157983193284,-1.1870217452943357,-3.164326399465877,-1.3892452028583202,2.2442119139820385,0.34935385960999893,-0.2574999830250791,0.3355574484194587,-0.13437898166519072,-2.135773464986948,-2.8563617654420557,-4.317847085188998,1.4501088591608702,3.1194284697930867,-3.250504163923806,55.39926016489546,-2.2978568462380182,0.5869012656022499,0.542292770666473,0.2787503834747929,-1.0430343312828831,1.2865691777455894,0.5300977940802601,-0.05591091506574777,0
threeYNetIncomeGrowthPerShare,-0.1388679495077219,5.281272753571314,-0.8068880791254555,-3.4059067489887167,-1.1289405582922825,-3.828543554006968,-1.2764418916604194,0.3345949610213535,0.17093389487993307,1.2366944268912636,0.7634614458411598,-0.4726765860100998,-0.45058205565019877,-0.24883677971494692,-4.421384675110508,-3.451128108914225,-3.0211829599793645,-2.18521326156257,-2.6668966215035366,-3.3207339759851173,-57.42272235997203,-0.3632111441321857,-0.1642688536496792,-1.0455829136991666,1.2865691777455894,0.5300977940802601,-0.05591091506574777,0
tenYShareholdersEquityGrowthPerShare,-0.4777076250113145,-0.5057902112716667,-0.05580725415739171,0.2354387794729542,0.27196580853179597,0.5023024103033097,1.8731760950053318,3.263924811416725,4.15402110697506,3.1341933792008274,1.567626081426845,1.5463499214690508,0.9220820820820821,0.8268859154685912,0.4742585363870696,0.6992808352571228,0.6513208298770214,0.05529287539168004,-0.3116962283162377,-0.034031129825522345,0.3134229295902805,0.05237706430246716,0.18350808070434255,0.13098904094738112,0.196548481542749,0.00412718085978444,-0.10382285551040396,0
fiveYShareholdersEquityGrowthPerShare,-0.31287015644738253,-0.6885321430254627,-0.5226672052973153,-0.28044381331061247,-0.43814342115336236,-0.23989275114538,0.5867120078741717,0.9780596605157115,0.7169455316020498,1.2638620894016215,0.9764347893893639,0.8107735245885771,1.155609811235447,2.0018547543357066,0.8261683865617306,0.29912005962014787,0.40622219559323564,-0.10833487950192755,-0.39141428717364085,-0.19270394382263353,0.3080244760087676,0.17429580833801825,0.18350808070434255,0.13098904094738112,0.196548481542749,0.00412718085978444,-0.10382285551040396,0
threeYShareholdersEquityGrowthPerShare,-0.309984249356371,-0.4097698181672364,-0.1620992666595812,-0.39965142191917513,-0.5013488276455612,-0.2774217173835723,0.06471567858668638,0.3342775277557776,0.3238442186617347,0.7555401250759699,0.632174348344156,0.519097006124798,0.33318148951554605,0.3961899301462141,0.6715945442734591,1.4789840544121597,0.5320120882239996,-0.19653231901404644,-0.34595327565411993,-0.18380880880880893,0.16130473597700146,-0.12048940721097814,0.17864360537572851,0.2620150468036301,0.196548481542749,0.00412718085978444,-0.10382285551040396,0
tenYDividendperShareGrowthPerShare,-0.4990237949969494,-0.12379246547050031,1,0.9794357366771159,1.0921663372135588,1.3861902484571065,1.8622462637656811,1.4857103218645946,1.0523537846660769,0.41874019941418394,0.431220550235598,0.4405286343612336,0.43348416289592745,0.2557759402583911,0.3793636696783565,0.2954500818330605,0.007700770077007733,0.013216106628126433,0.010987145282561181,0.015667641325535994,0.006435481226430597,0.00175438596491226,0.0063078149920255825,0.1606470597642693,-0.0009175474320675682,-0.06656510427535929,4.596644449504663e-06,0
fiveYDividendperShareGrowthPerShare,-0.749907988742152,-0.5616211959314815,0.14551594746716695,0.3904516129032257,1.0008836422629526,1.0031675641431739,0.9987452093887018,0.7459381551362684,0.4235919598410959,0.04562119106904567,0.19120850954760996,0.43202157549689557,0.42371040723981884,0.44167278445093544,0.3568395624840584,0.20148617035915772,0.005940594059405946,0.006864988558352392,-0.12894524069367347,0.016600420430741027,0.07820640286339237,0.0017497812773403587,0.0063078149920255825,0.1606470597642693,-0.0009175474320675682,-0.06656510427535929,4.596644449504663e-06,0
threeYDividendperShareGrowthPerShare,-0.7498757146408153,-0.5614553604131234,-0.0001290322580645089,0.0002605863192181883,0.14478445580211777,0.3906310491676344,1.0016405620157085,0.7484777015437393,0.43785374226108986,-0.0010799136069113919,-0.011719630380887991,0.04713586239793488,0.19294117647058825,0.4463678072168003,0.360122513914151,0.19607684201994002,-0.007839414078394088,0.006737267840987725,0.009216589861751112,0.009301156359979756,-0.13286690147576774,0.002674387274155584,0.07806963249516448,0.16064172470692756,-0.0009175474320675682,-0.06656510427535929,4.596644449504663e-06,0
receivablesGrowth,0.1937479648323022,-0.32903648678173475,-0.12552541077569737,0.03931691818903892,0.28403875573686893,-0.2623659958623284,-0.29706504494976205,0.22375020223264844,0.06808363573526871,0.1382769472856019,0.29561671763506625,0.32388663967611336,-0.2189723320158103,0.22696411251212414,-0.33825417201540436,-0.026452822328681524,-0.165188662841245,0.2069254984260231,0.4630027632790912,-0.20463980463980463,0.06501950585175553,-0.008765145656096932,0.004818153559216661,0.7501133375646024,0.2957763026493567,0.22379583033788641,-0.04719501335707925,0
inventoryGrowth,0.005108556832694764,-0.25167250716788786,0.03665785997357992,0.2637729549248748,0.05318681318681319,-0.05875051717004551,-0.32315877905348644,0.0804841149773071,0.037350910232266166,0.2396887159533074,0.3247422680412371,0.21401752190237797,-0.12582056892778992,0.2529129540781357,0.1570182394924663,0.323189926547744,0.318118948824343,0.04028776978417266,-0.05313351498637602,-0.06734434561626429,0.08852005532503458,-0.4159935379644588,-0.049009064372407436,2.9822575711226675,0.1187542778918549,0.16182902584493042,-0.06470806991446634,0
assetGrowth,0.07935203094777563,-0.18508885999133073,-0.023285351397121085,0.03575842136735101,-0.07092592592592592,-0.2691245736560013,0.14584367245657567,0.10324059815898436,0.06614374315943086,0.15766355534907295,0.2940372738700333,0.10636110775184424,0.14966979492526938,0.0951655881233346,-0.21908442330558858,0.12058627581612258,-0.04975943276778931,0.02153527775981375,0.20390843973839926,0.17125661134415465,0.08542017222607147,-0.05825876211782252,-0.03455723542116631,0.9832232732464751,0.26290402560519316,0.21664015795535568,-0.3078222576542718,0
bookValueperShareGrowth,0.3299926957989144,-0.38340927881730147,-0.15858013022474146,0.13765784323823124,-0.12467739984827345,-0.39712999131210924,-0.05505828116978992,0.26839990802911007,-0.11167389632103497,0.1841795193132557,0.25848172532721175,0.17800274169516805,0.1009645451276526,0.17129387748730257,0.03383223289529605,0.1529980152318268,0.40233675452998174,0.5331789811498069,-0.2874472532852573,-0.2645408813779345,0.2480535486212229,-0.11079858138681664,0.046436382542637336,-0.05479045906342264,0.19163040733366488,0.12045613641672252,-0.10382285551040289,0.01610735329038946
debtGrowth,-0.05693983019564415,-0.04520222045995242,0.08530171177201874,-0.044324620727472126,-0.11594085804314454,-0.19347061123419784,0.9573979591836734,0.0030706243602865915,0.6215767634854772,-0.030181086519114688,0.11011838284565557,-0.02120682116309576,0.7511485451761103,-0.0624551328068916,-0.015895443306252206,-0.10806553245116572,-0.19441624365482232,0.14634855979051498,1.3285907859078592,-0.005390835579514825,0.40397350993377484,-0.5430177258971033,0.19030465212021408,2.5414616365955895,1.2268668831168832,0.17333333333333334,-0.6883348174532502,0
rdexpenseGrowth,0,0,0,0,0,0,0,0,0,0,0,0,0,0,0,0,0,0,0,0,0,0,0,0,0,0,0,0
sgaexpensesGrowth,0.24725274725274726,-0.19823788546255505,-0.1062992125984252,-0.0078125,0.12280701754385964,0.14,-0.35275080906148865,-0.07207207207207207,0.2109090909090909,-0.021352313167259787,0.22707423580786026,0.10628019323671498,-0.26595744680851063,-0.03754266211604096,-0.3488888888888889,0.18421052631578946,0.05263157894736842,0.09393939393939393,-0.014925373134328358,-0.1343669250645995,0.09943181818181818,-0.3151750972762646,-0.1434760873187802,16.860119047619047,-0.8579881656804734,6.062686567164179,-0.8306370070778564,0
