,2021,2020,2019,2018,2017,2016,2015,2014,2013,2012,2011,2010,2009,2008,2007,2006,2005,2004,2003,2002,2001,2000,1999,1998,1997,1996,1995,1994,1993,1992,1991,1990,1989,1988,1987,1986,1985
period,FY,FY,FY,FY,FY,FY,FY,FY,FY,FY,FY,FY,FY,FY,FY,FY,FY,FY,FY,FY,FY,FY,FY,FY,FY,FY,FY,FY,FY,FY,FY,FY,FY,FY,FY,FY,FY
currentRatio,1.130075187969925,1.317717964522978,0.7567196826456086,1.048283885980221,1.3438626167536956,1.28184833408714,1.24006683995544,1.0189040588126275,1.1255977850490813,1.0901117860608893,1.049993822839023,1.1659282472444348,1.279134173894031,0.9374807514628888,0.91531190926276,0.9494938132733408,1.0420902806018706,1.1023607693008841,1.0646715698706568,1.0014984334559325,0.8507533515244987,0.7102242248685763,0.6574675324675324,0.7384259259259259,0.8089171974522293,0.7980016203078585,0.7416984213391399,0.8426420592520641,0.85747437632953,0.8010560060343201,1.0065565808644974,0.9646182495344506,0.9849644614543467,1.131056117113977,1.0046138902379795,1.357168784029038,1.4820359281437125
quickRatio,0.8088721804511279,0.9628107663858639,0.5615244874504134,0.6624918728398864,0.8951239243950871,0.9820970903060455,0.8852952098031934,0.8074689565700871,0.9039948221926576,0.7659681535530715,0.7805872421035293,0.8519018802679922,0.9453392609868085,0.6212657838004312,0.5765595463137996,0.582339707536558,0.7165514436762912,0.8147844316835293,0.7066954095866091,0.6050946737501702,0.4527227429113774,0.39148160068662163,0.36627435064935066,0.40196759259259257,0.4575145683696978,0.41506886308398594,0.39697876973326074,0.47126436781609193,0.44884935215625604,0.4052423156703753,0.5067994171928121,0.5691340782122905,0.5472936030617824,0.7023353084698502,0.6522583778533269,0.7150635208711433,0.8792415169660679
cashRatio,0.48541353383458646,0.4653790836244093,0.24024024024024024,0.30544434178557983,0.22085754210487607,0.32244082617216946,0.2714073523950984,0.2767035275220856,0.3744561504440689,0.3034398475971389,0.5272412799077544,0.4601793818889129,0.511697398148823,0.36194949183862024,0.3094896030245747,0.2744656917885264,0.477938186254575,0.6113389845957524,0.4263251331473497,0.28960632066475955,0.22137857397081503,0.19515073489968887,0.16345373376623376,0.19074074074074074,0.23539775037267924,0.19349176343505267,0.15881872618399565,0.22438076736279747,0.19299941984142333,0.18027531585894777,0.2569208353569694,0.3328677839851024,0.2996172772006561,0.399093760892297,0.24720738222438077,0.22722323049001814,0.24750499001996007
daysOfSalesOutstanding,33.1620747639374,34.759798873205305,38.89376375248216,38.91072325464591,37.798785653770125,33.62014189140769,32.47539170090757,35.43827992521414,37.96143338882486,36.175417039798404,38.584504318679905,46.042028531564114,44.26169732171668,35.307099924868524,41.95533146203694,39.20022417801395,36.03553497229917,36.0811856843639,36.26758220870557,39.12313432835821,34.18922954409715,31.347394662234823,33.136581671295126,32.322861850847815,31.7063281746873,32.29618246522161,35.45066045066045,34.41905763047242,32.50662749874615,30.3189536484626,30.595402696163152,33.94685423993748,33.38166406424269,34.31998081074598,58.00535387829721,56.60455783287946,45.39725457570716
daysOfInventoryOutstanding,81.14280132838445,88.74339313630611,84.36520965866337,85.77655055225148,73.10463186481594,59.3000303674461,60.58974945658392,63.25115993068366,64.93159980457087,62.52873563218391,61.95542380324989,76.20341920743718,77.49007936507937,70.18243362053806,77.86853738227946,73.36660950514454,63.424039048200115,67.85807803089814,58.8740015459933,66.47572132301197,63.71194573130378,62.715989684074785,75.28081272762124,66.06670734187512,64.95360920393394,55.516855727752045,62.85923527597903,66.39246004169563,74.20251937984496,73.59220419469727,77.58605851979347,85.15799477310526,73.99409044193217,76.82653336935964,78.06358381502889,98.59438332368268,86.33290155440415
operatingCycle,114.30487609232185,123.50319200951142,123.25897341114553,124.6872738068974,110.90341751858607,92.9201722588538,93.0651411574915,98.6894398558978,102.89303319339572,98.70415267198231,100.53992812192979,122.24544773900129,121.75177668679605,105.48953354540659,119.8238688443164,112.56683368315848,99.45957402049928,103.93926371526204,95.14158375469887,105.59885565137017,97.90117527540093,94.0633843463096,108.41739439891637,98.38956919272293,96.65993737862124,87.81303819297366,98.30989572663948,100.81151767216805,106.7091468785911,103.91115784315987,108.18146121595662,119.10484901304274,107.37575450617487,111.14651418010561,136.0689376933261,155.19894115656214,131.7301561301113
daysOfPayablesOutstanding,109.37878491892947,95.5635375567632,94.9764005745947,77.46559048428207,62.99939649969825,59.45520801700577,58.35573732982497,42.62312035328973,38.30112371749634,37.72030651340996,43.52108036890646,54.26258567714489,46.41504329004329,43.964304554246525,48.40476648087642,41.53417442430181,200.11531421598534,204.6733438072794,190.82324143262045,189.6664320900774,222.17653871608206,229.74290780141843,259.84473835537665,233.16351433801097,220.0565967712006,173.3152260744528,162.8600061671292,162.58860319666434,0,0,0,0,0,0,0,0,0
cashConversionCycle,4.926091173392379,27.93965445274823,28.282572836550827,47.22168332261532,47.90402101888782,33.46496424184802,34.70940382766653,56.066319502608074,64.59190947589939,60.983846158572355,57.01884775302333,67.9828620618564,75.33673339675275,61.52522899116006,71.41910236343998,71.03265925885667,-100.65574019548606,-100.73408009201735,-95.68165767792158,-84.06757643870722,-124.27536344068113,-135.67952345510884,-151.42734395646028,-134.77394514528805,-123.39665939257935,-85.50218788147913,-64.55011044048972,-61.777085524496286,106.7091468785911,103.91115784315987,108.18146121595662,119.10484901304274,107.37575450617487,111.14651418010561,136.0689376933261,155.19894115656214,131.7301561301113
grossProfitMargin,0.6027163368257664,0.5931120130853578,0.6077121236515859,0.630524861878453,0.6256424738774358,0.606693261352507,0.6053190048313541,0.6110917865994173,0.6068425321210569,0.6032030322594081,0.6086115766404537,0.6385717133175773,0.6422071636011617,0.6439393939393939,0.6393942544270022,0.6610760544669545,0.645299515235457,0.6522174665331026,0.6311537730469492,0.6368329584951953,0.69918375472825,0.6967445498093655,0.7365816712951275,0.7386381757295487,0.7143841424634302,0.6625148279952551,0.64002664002664,0.644076181053673,0.6302930429175324,0.6134312375707511,0.5983408226754234,0.5888042203985931,0.5659156814633058,0.5561285680019189,0.5255941499085923,0.5049448186899814,0.4647809206877426
operatingProfitMargin,0.26666666666666666,0.2725207487732477,0.27064884881661566,0.2731039678553491,0.21183281558881673,0.20605307789694957,0.19704700410890866,0.21105265446323754,0.21829512955137234,0.22448299560572296,0.21816853594602725,0.24058202112816424,0.2656018070345273,0.26440020035061357,0.25130817479294454,0.26187313184988376,0.26337430747922436,0.25944813769237773,0.248099220680479,0.27898180331220607,0.2663746764881545,0.18041841822270016,0.2010603382984095,0.2640195609419019,0.26505193979224084,0.21109673244904562,0.2271062271062271,0.2292851842691071,0.22225406606004156,0.21194737647238795,0.20048392671966817,0.19060179757717857,0.199308498773143,0.19177260733988966,0.1781143901802037,0.18231331517844346,0.13643926788685523
pretaxProfitMargin,0.3214331910490234,0.2952989640758466,0.28943272688241295,0.26211702661978903,0.1903981926009602,0.19434823113489239,0.21684652548877953,0.20272620548719508,0.24495240534426088,0.24593373180331965,0.24577800696145416,0.40556393974771493,0.28867376573088094,0.23287628349611822,0.2728280833073431,0.2730820325473265,0.2895602493074792,0.28330753119023766,0.26111955901919787,0.2810774892659988,0.28220187139159864,0.16614527324274123,0.19283009341075485,0.2762983043640036,0.3209137163451346,0.24781624069880298,0.2402042402042402,0.23052188968587684,0.22820090277280217,0.21011167202080466,0.205928102315935,0.19675654552559593,0.19674325228641534,0.18973374910050372,0.18425176286236616,0.20137594954851656,0.14753189129229063
netProfitMargin,0.2527745440434614,0.23465802386866177,0.23936027478130198,0.2019713711702662,0.035244281276475574,0.15591333635907603,0.16595927213618097,0.15431105700247838,0.18320741025312673,0.18782931045254805,0.1841777319410425,0.3362567271277656,0.2202000645369474,0.18178687703481092,0.20726340229407075,0.2108933909000332,0.21087257617728533,0.22069938985520443,0.20656719254894507,0.15589858924555305,0.19754130997411906,0.10641313911428292,0.12274678111587983,0.18779567320469887,0.21883612465550137,0.18828857974765448,0.16572316572316573,0.15792728172149395,0.1559074299634592,0.12742848401407372,0.13982025578983753,0.1349159828057835,0.19228195404862816,0.12532981530343007,0.11974405850091407,0.1338684248244231,0.10024958402662229
effectiveTaxRate,0.2109456740442656,0.20320032823879372,0.16697570925273503,0.19437125748502995,0.8246811035301097,0.19493608652900687,0.23310775637688705,0.23603217158176942,0.2484098632046702,0.23058684054534678,0.24521374246000524,0.16738046759811837,0.22803487592219987,0.2193843258502487,0.24031500063508193,0.22772879294618426,0.2717488789237668,0.22099003535840567,0.2089171974522293,0.2769594471722131,0.2982363315696649,0.3595175051485731,0.3634459282534695,0.32031550596383224,0.31808422791081753,0.2402088772845953,0.3100739371534196,0.31491416309012876,0.3130298273155416,0.3137968693119767,0.3210239194292908,0.3142999006951341,0.32369614512471656,0.33944374209860934,0.35010630758327427,0.33523131672597867,0.36278195488721804
returnOnAssets,0.1035568179409458,0.08874404325513197,0.10326344913812065,0.07731686214189579,0.01419859834349686,0.07479087888163172,0.08159346453109564,0.07713289069037088,0.09531952695574926,0.10466033838512777,0.1071848350713982,0.1619423759959408,0.14020669392451357,0.1433154816259039,0.13822829277311702,0.1695424356706605,0.16556223876032217,0.15472276311169278,0.15898617511520738,0.12448471490959552,0.17705312932149708,0.10449265623500048,0.11242658280534616,0.18453904413685035,0.2437426210153483,0.21607573788750697,0.19852403430622964,0.1840986088084769,0.18101655436319775,0.15074194715888528,0.1582550860719875,0.1488146551724138,0.2081622796425984,0.14026845637583893,0.10974150311153662,0.11156235069278547,0.10481298927225283
returnOnEquity,0.42484455845906344,0.40141976268200424,0.4699436278383647,0.37889405806489607,0.07310215557638237,0.2830196860636545,0.2876653361508961,0.23410290237467019,0.2587646580050041,0.2750533699298567,0.2709657025446499,0.38089862271393093,0.2751723859833058,0.28365572489253615,0.27506438557763063,0.30023640661938533,0.2978905533476001,0.3041732036397866,0.3085166784953868,0.2584745762711864,0.34919936653176137,0.2336839845427222,0.2555450436245138,0.42044507913840296,0.5647654219668992,0.5672514619883041,0.5537833827893175,0.4878701050620821,0.47469458987783597,0.42849794238683125,0.36556710347943966,0.35879449207586384,0.4946915351506456,0.312406576980568,0.28434108527131785,0.2657939669891861,0.24269889224572003
returnOnCapitalEmployed,0.13854093865921188,0.12376367012861958,0.16977511446269863,0.16113199859241012,0.12357088728542717,0.142019822845665,0.13818216360844165,0.16275209978373484,0.16432105905790118,0.18472057991877025,0.18232748559013126,0.15527539374781762,0.23550786838340487,0.3067814463695471,0.2413793103448276,0.29934038817444125,0.31060180695217193,0.2799174690508941,0.26834909539473684,0.3180652680652681,0.38261366885902204,0.32059411100495094,0.33840401121781255,0.4728224654926226,0.5230624411672419,0.4471730439748715,0.5319121279084882,0.4818087318087318,0.464963503649635,0.4778222299530353,0.39027186374058304,0.40409309791332265,0.3814878892733564,0.3453394455359092,0.3329400660689004,0.25013352323304255,0.21740907233346957
netIncomePerEBT,0.7863983903420523,0.7946456046774029,0.8269979603189319,0.7705389221556886,0.1851082764758232,0.8022369714847591,0.7653305570015617,0.7611796246648793,0.7479306438964887,0.7637395207045474,0.7493662033394527,0.8291090360176929,0.7627990163201431,0.7806156741497513,0.7596849993649181,0.7722712070538158,0.7282511210762331,0.7790099646415943,0.7910828025477707,0.5546462993271504,0.7,0.6404824948514269,0.6365540717465306,0.6796844940361677,0.6819157720891825,0.7597911227154047,0.6899260628465804,0.6850858369098712,0.6832025117739403,0.606479796141245,0.6789760805707092,0.685700099304866,0.9773242630385488,0.6605562579013906,0.6498936924167257,0.6647686832740214,0.6795112781954887
ebtPerEbit,1.2053744664338377,1.0835834166944538,1.0694031330557208,0.9597701149425287,0.8988134915344621,0.9431949918849989,1.100481209899175,0.9605480016481253,1.12211576065702,1.095556174042119,1.1265511128619263,1.6857616285951,1.0868667233628964,0.8807719630594364,1.0856315499172642,1.0428027901077996,1.0994248151191455,1.091962091962092,1.0524803677456427,1.0075119091242213,1.0594170403587444,0.9208886480628556,0.9590657960823706,1.0465069458425609,1.2107578484303139,1.1739463601532567,1.0576735092864125,1.0053937432578208,1,1,1,1,1,1,1,1,1
ebitPerRevenue,0.26666666666666666,0.2725207487732477,0.27064884881661566,0.2731039678553491,0.21183281558881673,0.20605307789694957,0.19704700410890866,0.21105265446323754,0.21829512955137234,0.22448299560572296,0.21816853594602725,0.24058202112816424,0.2656018070345273,0.26440020035061357,0.25130817479294454,0.26187313184988376,0.26337430747922436,0.25944813769237773,0.248099220680479,0.27898180331220607,0.2663746764881545,0.18041841822270016,0.2010603382984095,0.2640195609419019,0.26505193979224084,0.21109673244904562,0.2271062271062271,0.2292851842691071,0.22820090277280217,0.21011167202080466,0.205928102315935,0.19675654552559593,0.19674325228641534,0.18973374910050372,0.18425176286236616,0.20137594954851656,0.14753189129229063
debtRatio,0.7365241537189732,0.7561858504398827,0.7557564742246559,0.7709815420111517,0.7840971147720033,0.7339291852870402,0.7140288368685691,0.6678982428305967,0.6286713674976403,0.6151043238099659,0.6008577787781029,0.5705352367630724,0.47923815002773723,0.4947555467805227,0.49746931983637244,0.43530354103394187,0.4442178951303225,0.49133335461423056,0.48467559066637406,0.5183870046120567,0.49297408216978184,0.5528463089181146,0.5600517966979605,0.5610864455471403,0.5684179456906729,0.6190829775385187,0.6415131972608205,0.6226483096662582,0.6186673321687047,0.6481179876945349,0.5669992175273866,0.585021551724138,0.5790871770103839,0.5511409395973155,0.6140497845859263,0.580267558528428,0.568135691504784
debtEquityRatio,3.0216096352015307,3.420488108192134,3.439386755176229,3.778222719510041,4.036961105904405,2.7772959847367966,2.5173749706503874,2.0271108179419524,1.7066590299339826,1.6165294297041781,1.5189821400347716,1.34193465148534,0.9405621194403,0.9792399374755764,0.9899282560706402,0.7708628841607565,0.7992662794252522,0.9659240665202384,0.9405251951738822,1.0763559322033898,0.9722857645609713,1.2363675397166165,1.2729948491537895,1.2783529691776747,1.3170564902202162,1.625243664717349,1.7895029673590503,1.6500477554918815,1.6223821989528795,1.8423353909465021,1.3097605061003164,1.410496232787737,1.376183644189383,1.2275037369207773,1.5910077519379846,1.3824701195219125,1.31554212823095
longTermDebtToCapitalization,0.6236766751206742,0.6752322294022617,0.5917801148461191,0.5989845318219388,0.6462054959174369,0.5627725325143139,0.5264357591593929,0.3860235303647004,0.36604429835457797,0.310061860876152,0.3015168576538385,0.3117174318444188,0.16943532721548663,0.11959747129402658,0.13096998521242156,0.07206317867719644,0.06590896110571706,0.0676924877135502,0.15156259408683084,0.18626301634370043,0.09686134286849424,0.08225790562506156,0.08237677245104659,0.07557755775577557,0.09874260355029586,0.15346534653465346,0.17465176794734424,0.21408196967422308,0.2375249500998004,0.22364217252396165,0.1820365921271484,0.12223489167616876,0.1360932077342588,0.18533852898197758,0.1993545183714002,0.2234254143646409,0.2298345398138573
totalDebtToCapitalization,0.6502585158150852,0.6891870128196869,0.6925855143819643,0.719489229549359,0.7363682690674367,0.6646551598784372,0.6337236802499749,0.5792687157427323,0.5277999202869669,0.49862385321100916,0.47452784744946264,0.4303013597941933,0.32350373724698567,0.3126510878323932,0.30022849419109837,0.21309645614361455,0.2584447970981637,0.3105611560593605,0.27791728591195614,0.31219398461179765,0.10791931559532218,0.3775639740763012,0.39561626429479035,0.379943919716647,0.3464151618094046,0.42300121848345673,0.42978003384094754,0.40130375114364136,0.40195694716242664,0.45084745762711864,0.32980012113870383,0.3879790109715376,0.3609022556390977,0.37604924454392835,0.4354979870470856,0.3277214463363306,0.30070422535211266
interestCoverage,6.45460237946149,6.260960334029227,10.661733615221987,9.466811751904244,8.919143876337694,11.768076398362892,10.19626168224299,20.099378881987576,22.09071274298056,27.151133501259444,24.350119904076738,11.526603001364256,23.185915492957747,19.28310502283105,,,,,,,,,,,,,,,40.31645569620253,47.36206896551724,108.31818181818181,41.10204081632653,-63,98.875,30.02127659574468,14.33673469387755,-62.588235294117645
cashFlowToDebtRatio,0.2952456677813896,0.23003762297572034,0.24486121179524356,0.17511192744805418,0.14901960784313725,0.19243475026799975,0.2381200099518241,0.25428194993412384,0.28431187464602603,0.32643360932229376,0.33162979557546907,0.40705470384763204,0.6902774264271861,0.813036941580756,0.7664272698038375,1.3000872981230904,1.1268421052631579,0.8314293675118417,1.0060851926977687,0.885362210604929,2.9890909090909092,0.6344009909750487,0.6235747550987635,0.6667314041561468,1.0407741935483872,0.7673387990250388,0.766486220472441,0.9070960387574808,0.8140214216163584,0.6992481203007519,0.9568411386593205,0.5262295081967213,0.5640243902439024,0.5853174603174603,0.4959807073954984,0.28546409807355516,0.765807962529274
companyEquityMultiplier,4.102526196791165,4.523343178403026,4.550919340393024,4.900535893056946,5.1485473289597,3.7841470817795506,3.525592862174219,3.0350593667546173,2.714707744249842,2.6280573345532177,2.528022759601707,2.3520627036093282,1.9626194604621154,1.9792399374755765,1.9899282560706402,1.7708628841607565,1.7992662794252523,1.9659240665202384,1.9405251951738822,2.07635593220339,1.9722857645609713,2.2363675397166167,2.2729948491537897,2.2783529691776745,2.317056490220216,2.625243664717349,2.7895029673590503,2.6500477554918818,2.6223821989528795,2.8425925925925926,2.3099864437415274,2.4110158482722786,2.376470588235294,2.227204783258595,2.5910077519379846,2.3824701195219125,2.31554212823095
receivablesTurnover,11.006548974943053,10.500636132315522,9.384537899773356,9.380447585394581,9.656394873193346,10.85658713692946,11.239279370718092,10.299596954769369,9.615021547301456,10.089724732086573,9.459756097560975,7.927539503386004,8.246407663650878,10.337864077669902,8.699728670485378,9.311171240819482,10.128890837352039,10.116075541225241,10.064084170253468,9.329518359561279,10.67587672688629,11.643710870802504,11.015016685205785,11.292316926770708,11.51189749847468,11.30164533820841,10.296,10.604590163934427,11.228479485116653,12.03867403314917,11.929896907216495,10.752100840336135,10.934146341463414,10.635204081632653,6.292522596548891,6.448243992606285,8.040133779264215
payablesTurnover,3.337027379400261,3.8194483935172023,3.843059936908517,4.711769415532426,5.793706293706293,6.1390753169276655,6.25474060822898,8.563427477261849,9.529746508018624,9.676485525647538,8.386740331491712,6.726550079491256,7.863829787234042,8.302189781021898,7.540579710144928,8.78794402583423,1.8239483641219676,1.7833294419799206,1.91276490882208,1.9244312026002166,1.6428377276433814,1.5887323943661973,1.4046849757673667,1.5654250238777458,1.6586642043705755,2.1059892328398386,2.2411886662059435,2.2449297971918876,,,,,,,,,
inventoryTurnover,4.498242530755712,4.11298224127373,4.326427937259544,4.255242227042661,4.992843691148776,6.1551401869158875,6.0241212956581665,5.7706451612903225,5.6212999694842845,5.837316176470588,5.8913324708926265,4.789811320754717,4.710280373831775,5.200731595793324,4.687387387387387,4.975015234613041,5.754915730337078,5.378873239436619,6.199680511182109,5.4907264296754255,5.728909952606635,5.8198874296435275,4.848513011152416,5.524719101123596,5.6193952033368095,6.574579831932773,5.806624888093107,5.497612225405922,4.918970448045758,4.959764474975466,4.704453441295547,4.286150712830957,4.932826362484157,4.7509627727856225,4.675675675675675,3.702036441586281,4.227820372398686
fixedAssetTurnover,3.896673387096774,3.063375707525285,3.4384572799409483,3.86977648202138,4.3167133975374865,3.936342266102492,3.523506483175563,3.143442903027404,3.1304870715574262,3.317007460624482,3.115469576276859,2.384667617301555,3.2412927518042047,3.836656257506606,3.3977393147297774,3.4894973200057944,3.9930867611475978,3.605647676900345,3.4515335410857797,3.3097614616816107,4.512014372333258,4.908349328214971,4.6414342629482075,5.127555192150449,5.040876302431205,5.2242253521126765,4.155442804428044,3.9637254901960786,3.7428264950388845,3.707884288145207,4.004152249134948,4.290025146689019,4.436417615042059,4.740193291642979,4.795241077019411,3.9574588769143504,3.825994694960212
assetTurnover,0.40968056468194247,0.37818456744868034,0.43141431564811705,0.3828109978850221,0.4028624738327114,0.4796951988082961,0.49164751978511095,0.49985329754517893,0.5202820498584199,0.5572098312716133,0.5819641383449621,0.4816033789991909,0.6367241273037332,0.7883708877316814,0.666920890244748,0.8039248406367854,0.7851293030210351,0.7010565965461104,0.7696584009948065,0.7984980204889597,0.8962840701253513,0.9819525775175194,0.9159228599176803,0.9826586576129538,1.1138134592680047,1.1475775013922407,1.1979256698357823,1.165717580912564,1.161051493220198,1.1829533116178068,1.131846635367762,1.1030172413793105,1.082588746679546,1.1191946308724832,0.9164672091910004,0.8333731485905399,1.0455204407074514
operatingCashFlowPerShare,2.9238073182028717,2.2919674039580906,2.4487839101964455,1.7907959614933082,1.6633895131086143,2.037526059763725,2.4191176470588234,2.419648962844769,2.3775372124492558,2.363454706927176,2.093239063190455,2.064991334488735,1.768798617113224,1.6344991364421417,1.5456117596195418,1.268526405451448,1.3426003344481605,1.2300082440230833,1.1093940626270842,0.95682001614205,0.8262967430639324,0.7236576503835285,0.7863507492912111,0.6957843534657479,0.8140896245458216,0.6942662389735365,0.6170760697305864,0.6168604651162791,0.4775323686214775,0.41829085457271364,0.38664192949907233,0.23725055432372505,0.19899605593402653,0.20143393649709798,0.20437230871149387,0.07901114881240912,0.15586272640610105
freeCashFlowPerShare,2.607225567392311,2.017927823050058,1.9684284377923293,1.4745245362761212,1.2713014981273407,1.5135510771369007,1.8324908088235294,1.871210394346934,1.8024357239512856,1.7462255772646536,1.4480777728678744,1.5851386481802425,1.3381590319792567,1.209628670120898,1.1893644617380026,0.9689097103918228,1.1546822742474916,1.0744023083264633,0.9442862952419683,0.7851089588377724,0.6716928025733816,0.5756964069438837,0.5698663426488457,0.5208755573571139,0.5934598304400485,0.49578989574979954,0.4314580031695721,0.44670542635658916,0.32520944402132523,0.21532983508245876,0.23970315398886827,0.12767923133776793,0.11617067049121549,0.13537043359508363,0.15468698244451806,0.018742931006624657,0.15586272640610105
cashPerShare,2.9238073182028717,2.541094295692666,2.613423760523854,3.7482977224700633,4.839653558052435,5.142691684039843,4.572610294117647,4.9407339867791205,4.571041948579161,3.674733570159858,3.100972160848431,2.4560225303292893,1.9907087294727743,1.0749136442141622,0.9312581063553826,0.5515332197614992,0.9964464882943144,1.3948887056883759,0.7080113867425782,0.4731638418079096,0.38882187374346605,0.38191360516754136,0.3669501822600243,0.3662342926631536,0.35062575696406945,0.28728949478749,0.23118066561014264,0.2686046511627907,0.20525514089870525,0.19921289355322339,0.20723562152133582,0.27586844050258685,0.21190390821082825,0.2101399795151929,0.24329248095395825,0.1434803683955405,0.13743247537337147
payoutRatio,0.7421962951591444,0.9096424422357041,0.7673766816143498,1.0326391047559837,5.064102564102564,0.925846483836372,0.780982179295334,0.7537334460411383,0.5788676607642125,0.5094799866947555,0.5016332244517032,0.34448302142433734,0.5568581477139508,0.6063371792664026,0.5265005851864236,0.5730314960629921,0.5496715927750411,0.5011347225087683,0.49827467218771565,0.6514754098360656,0.4512471655328798,0.7740009186954525,0.6499382969971206,0.41890744409849984,0.335916686849116,0.3571019473081329,0.37173476222371066,0.3938919342208301,0.40579044117647056,0.4429771908763505,0.39555006180469715,0.4004344677769732,0.2848027842227378,0.42392344497607654,0.8255179934569248,0.43147751605995716,0.5380359612724758
operatingCashFlowSalesRatio,0.32660716595524514,0.29817653116859516,0.28097998175280414,0.23942114515318935,0.20067777463993222,0.21011394310011228,0.2376845622431932,0.23077090308274273,0.22499679856575747,0.22169231730428807,0.20355807657599587,0.27142002904410717,0.2641497257179735,0.23700851490107688,0.2477735038292269,0.24730156094320824,0.27800380886426596,0.2717420999908934,0.2592662991826649,0.24238397055816807,0.2045590284690424,0.1752370710724411,0.1960616006059076,0.1824801998617977,0.21374814500741998,0.18672490024803193,0.1728826728826729,0.1968216670789018,0.1796947768145017,0.17072051399724644,0.18008987210508123,0.1254396248534584,0.1238010260985947,0.1415207483809067,0.16113867850613736,0.070087430127562,0.1360232945091514
freeCashFlowOperatingCashFlowRatio,0.8917227722772277,0.8804347826086957,0.8038391748639099,0.8233905860757834,0.7642837039121869,0.742837653478854,0.7575037993920972,0.7733396137541215,0.7581104154809334,0.7388445279473932,0.6917880515093942,0.7676248426353336,0.7565355484974347,0.740060758156122,0.7695104895104895,0.763807285546416,0.8600342519072085,0.8734919571045576,0.8511730205278593,0.8205398566005905,0.8128953771289538,0.795536959553696,0.724697398918362,0.7486163705214098,0.7289858666005455,0.7141207045913948,0.6991974317817015,0.7241595978636507,0.6810207336523126,0.5147849462365591,0.6199616122840691,0.5381619937694704,0.5837837837837838,0.6720338983050848,0.7568881685575365,0.23721881390593047,1
cashFlowCoverageRatios,0.2952456677813896,0.23003762297572034,0.24486121179524356,0.17511192744805418,0.14901960784313725,0.19243475026799975,0.2381200099518241,0.25428194993412384,0.28431187464602603,0.32643360932229376,0.33162979557546907,0.40705470384763204,0.6902774264271861,0.813036941580756,0.7664272698038375,1.3000872981230904,1.1268421052631579,0.8314293675118417,1.0060851926977687,0.885362210604929,2.9890909090909092,0.6344009909750487,0.6235747550987635,0.6667314041561468,1.0407741935483872,0.7673387990250388,0.766486220472441,0.9070960387574808,0.8140214216163584,0.6992481203007519,0.9568411386593205,0.5262295081967213,0.5640243902439024,0.5853174603174603,0.4959807073954984,0.28546409807355516,0.765807962529274
shortTermCoverageRatios,2.7179763186221746,3.689655172413793,0.6867580507640847,0.41927326700016493,0.43058837787069015,0.5488923556942278,0.6660761736049602,0.46799224054316196,0.5881171548117154,0.5955577934429899,0.6353272532188842,1.0166382252559727,1.2038235294117647,1.159240545092635,1.1814276272306676,1.822827417380661,1.4128904531456226,0.9911974755024082,1.8774948382656573,1.7860640301318267,26.346153846153847,0.7443936877076412,0.7226875116322352,0.7693859255939041,1.311971372804164,1.0194289078598764,1.0656859391036606,1.528084493518963,1.5172413793103448,1.0772200772200773,1.7468566638725902,0.6743697478991597,0.7822410147991543,0.9402390438247012,0.7323442136498516,0.6965811965811965,2.502551020408163
capitalExpenditureCoverageRatio,-9.23555230431602,-8.363636363636363,-5.097857838364168,-5.662212323682257,-4.242388059701493,-3.8885941644562334,-4.123775949862907,-4.411886949293433,-4.134117647058823,-3.829136690647482,-3.2445205479452053,-4.303386004514673,-4.1073758153537385,-3.8470528455284554,-4.338592233009709,-4.233830845771144,-7.14460511679644,-7.904635761589404,-6.719211822660099,-5.572267920094007,-5.344603381014304,-4.890859481582537,-3.6323666978484566,-3.977983777520278,-3.689844464775846,-3.497979797979798,-3.3244397011739593,-3.6252847380410023,-3.135,-2.0609418282548475,-2.6313131313131315,-2.1652613827993257,-2.4025974025974026,-3.049095607235142,-4.113333333333333,-1.3109919571045576,
dividendPaidAndCapexCoverageRatio,2.145284621920136,1.6770017035775129,2.1855562513045292,1.439871625448367,1.529817007534984,2.3263686855329277,3.302383939774153,3.605638586956522,4.357999173212071,5.865013774104683,6.8652173913043475,5.144090663788451,4.530160486995019,4.875080489375402,4.763491005996003,3.960771276595745,3.6104553119730185,3.5651135005973718,4.029542097488922,4.174295774647887,4.021526418786693,3.7657563025210083,7.598825831702544,5.564019448946516,13.717687074829932,13.474708171206226,18.00578034682081,24.8671875,30.216867469879517,-6.469565217391304,-13.710526315789474,-32.1,38.275862068965516,21.071428571428573,2.700218818380744,16.3,
dividendPayoutRatio,0.7421962951591444,0.9096424422357041,0.7673766816143497,1.0326391047559837,5.064102564102565,0.925846483836372,0.7809821792953339,0.7537334460411383,0.5788676607642126,0.5094799866947556,0.5016332244517032,0.3444830214243374,0.5568581477139508,0.6063371792664026,0.5265005851864236,0.5730314960629921,0.5496715927750411,0.5011347225087683,0.49827467218771565,0.6514754098360657,0.4512471655328798,0.7740009186954525,0.6499382969971206,0.4189074440984998,0.335916686849116,0.3571019473081329,0.37173476222371066,0.3938919342208301,0.40579044117647056,0.4429771908763505,0.3955500618046972,0.40043446777697317,0.2848027842227378,0.42392344497607654,0.8255179934569247,0.4314775160599571,0.5380359612724758
priceBookValueRatio,11.422545328057742,10.715801781957614,13.25985797776724,12.003753857782225,11.863608247422679,7.745965844983089,7.309533978868279,5.956885924340369,5.101913337111506,5.15096065873742,4.825730361940888,4.631186659355546,5.062079116093391,4.832919335287222,6.145235927152318,6.634626755082742,6.106144909813513,6.316582670348289,8.593411278779277,8.232000000000001,9.594839435685376,15.39749570631172,14.77753468937244,19.17481107937641,21.93759403638353,23.24451754385965,17.61229599406528,12.967765042979943,4.049218673647469,4.670784156378601,3.5220106190691367,2.25408604832424,1.4221098995695838,0.747617399103139,0.3920487441860465,0.2715833238474673,0.1286688821752266
priceToBookRatio,11.422545328057742,10.715801781957614,13.25985797776724,12.003753857782225,11.863608247422679,7.745965844983089,7.309533978868279,5.956885924340369,5.101913337111506,5.15096065873742,4.825730361940888,4.631186659355546,5.062079116093391,4.832919335287222,6.145235927152318,6.634626755082742,6.106144909813513,6.316582670348289,8.593411278779277,8.232000000000001,9.594839435685376,15.39749570631172,14.77753468937244,19.17481107937641,21.93759403638353,23.24451754385965,17.61229599406528,12.967765042979943,4.049218673647469,4.670784156378601,3.5220106190691367,2.25408604832424,1.4221098995695838,0.747617399103139,0.3920487441860465,0.2715833238474673,0.1286688821752266
priceToSalesRatio,6.796200232828871,6.264138201672019,6.753753133580206,6.398660982515067,5.719726630895227,4.267192134271314,4.21700075170452,3.9265355281968777,3.612194714047894,3.5175042172563886,3.280090670791972,4.088404567328227,4.05080671184253,3.0972803854244932,4.630488616280279,4.660324007638659,4.322454986149584,4.5831319939896185,5.753714356491161,4.965119607442241,5.427779465757515,7.011588131782188,7.098141252209038,8.564606256312125,8.500410748357007,7.715585571012617,5.270590520590521,4.1977646549591885,1.3299146234864225,1.3890170414563254,1.3470807984790876,0.84759449003517,0.5527607628819986,0.29992566562724876,0.16510279446330633,0.13678426257703885,0.0531481697171381
priceEarningsRatio,26.886410807491558,26.694753916354717,28.215848013004482,31.68102957087348,162.28807692307691,27.369000201777233,25.409853257515984,25.445587662158353,19.716422545666358,18.727131611043355,17.809377041530563,12.158580743500721,18.396028722157094,17.03797565558808,22.341081758903194,22.098008798425194,20.497947454844006,20.766400835981017,27.853960183574877,31.848393442622953,27.476680530612246,65.89024804777216,57.82751439736734,45.605982875742995,38.84372729474449,40.97744845360825,31.803583389149367,26.58036413469068,8.530155514705882,10.900365426170469,9.634375154511744,6.28238754525706,2.8747407192575403,2.3930911004784687,1.3787973827699018,1.0217813704496788,0.5301585062240664
priceToFreeCashFlowsRatio,23.335150115473443,23.861112102226837,29.90202735844125,32.457921060350316,37.29249125391272,27.339679264921948,23.42167163586207,22.001800612254844,21.17689828978979,21.47488874761602,23.292947818126336,19.622889162224954,20.27038591958663,17.658312445475637,24.286079607415484,24.67206257054945,18.07856625633599,19.308410675618646,26.07260226485788,24.964687740940633,32.6414082687818,50.29560659186536,49.95688965884862,62.6949173151751,54.55297619047619,57.86221188839466,43.602157943067034,29.45173535791757,10.867458079625292,15.805055526544821,12.065339783281734,12.555683357452967,7.648229938271605,3.1535689785624212,1.3537014989293361,8.227101724137931,0.39072844036697246
priceToOperatingCashFlowsRatio,20.80848475247525,21.008153046525806,24.03642099856747,26.725546644683362,28.50204334365325,20.3089431920191,17.742005252279636,17.01486398737635,16.054427161070006,15.866604039455144,16.11378298501161,15.063017205203524,15.335267529929146,13.068224096156385,18.688393006993007,18.844701140842705,15.548186205822825,16.865741429624663,22.192295622800586,20.484521299029947,26.534049884671532,40.01201394700139,36.20362799381921,46.934441450626274,39.768348623853214,41.32060352295698,30.486516853932585,21.327756833176245,7.400964274322169,8.136204659498208,7.480047504798465,6.756991588785047,4.464912612612612,2.1193052542372883,1.0246006482982173,1.9516233128834355,0.3907284403669725
priceCashFlowRatio,20.80848475247525,21.008153046525806,24.03642099856747,26.725546644683362,28.50204334365325,20.3089431920191,17.742005252279636,17.01486398737635,16.054427161070006,15.866604039455144,16.11378298501161,15.063017205203524,15.335267529929146,13.068224096156385,18.688393006993007,18.844701140842705,15.548186205822825,16.865741429624663,22.192295622800586,20.484521299029947,26.534049884671532,40.01201394700139,36.20362799381921,46.934441450626274,39.768348623853214,41.32060352295698,30.486516853932585,21.327756833176245,7.400964274322169,8.136204659498208,7.480047504798465,6.756991588785047,4.464912612612612,2.1193052542372883,1.0246006482982173,1.9516233128834355,0.3907284403669725
priceEarningsToGrowthRatio,1.0286076952163175,-1.9238632994890132,0.7345850086144271,0.07530736537338778,-2.008647509457755,-2.569645018944641,5.8805660395965695,-1.542638752018351,-6.5721408485554464,3.3443506144236976,-0.684509142296544,0.16703073720539327,1.0190607883506826,-5.515355199096775,1.1222496883542077,3.75666149573228,10.248973727421994,1.5981099773776697,0.6344513152925387,-1.3772278245458571,0.33582609537414965,-6.457244308681673,-1.8376299019607842,-3.173416308437117,2.014119193060825,2.258524484536084,1.614643464372198,1.488500391542678,6.963067572775146,9.040153856705878,8.071072751448291,5.284470219914705,2.492275991920821,2.178851051694571,1.29393512545301,0.9828730030638889,0.5186225735427843
priceSalesRatio,6.796200232828871,6.264138201672019,6.753753133580206,6.398660982515067,5.719726630895227,4.267192134271314,4.21700075170452,3.9265355281968777,3.612194714047894,3.5175042172563886,3.280090670791972,4.088404567328227,4.05080671184253,3.0972803854244932,4.630488616280279,4.660324007638659,4.322454986149584,4.5831319939896185,5.753714356491161,4.965119607442241,5.427779465757515,7.011588131782188,7.098141252209038,8.564606256312125,8.500410748357007,7.715585571012617,5.270590520590521,4.1977646549591885,1.3299146234864225,1.3890170414563254,1.3470807984790876,0.84759449003517,0.5527607628819986,0.29992566562724876,0.16510279446330633,0.13678426257703885,0.0531481697171381
dividendYield,0.027604885623198943,0.034075700607167074,0.027196654917501374,0.03259487203362099,0.03120440305976947,0.03382829029232318,0.03073540690615075,0.02962138096586624,0.029359670063038232,0.02720544701006513,0.028166803548598022,0.028332502673758055,0.030270563072302834,0.03558739556406968,0.023566476810220113,0.025931363377130565,0.026815933350689925,0.024131996992010022,0.017888826899434638,0.02045551876925104,0.016422914151880085,0.011746820533051894,0.01123925701753333,0.00918536160573154,0.008647900452502794,0.008714596949891068,0.011688455281128409,0.014818906626894253,0.047571282900633276,0.040638746827038975,0.04105611993108474,0.06373921775635832,0.0990707726491222,0.1771447166768195,0.5987232089159614,0.42227968579038283,1.0148586789722847
enterpriseValueMultiple,19.155761932517326,19.116782819463033,22.097019972068754,23.69953729467303,27.412113592995848,20.294504308943853,18.01641682474227,18.149326520326586,14.119695216720721,13.67240280433397,12.251016875181845,9.681756979656669,12.46987087517934,11.372929668533773,15.367198981850377,15.220846819584885,13.23340330621884,14.21303511623331,19.407748608037824,18.65915597694739,16.797763426582083,35.300831735378715,31.488763283452613,28.17507059729591,24.326261038766653,28.802610837438422,20.464763697197824,16.914532495771926,5.715564341085272,7.013758184319119,6.2672239309827456,4.198516341569137,2.3778266013871887,1.9071154977375566,1.6983585093167701,1.2100437462951985,0.9070687888198757
priceFairValue,11.422545328057742,10.715801781957614,13.25985797776724,12.003753857782225,11.863608247422679,7.745965844983089,7.309533978868279,5.956885924340369,5.101913337111506,5.15096065873742,4.825730361940888,4.631186659355546,5.062079116093391,4.832919335287222,6.145235927152318,6.634626755082742,6.106144909813513,6.316582670348289,8.593411278779277,8.232000000000001,9.594839435685376,15.39749570631172,14.77753468937244,19.17481107937641,21.93759403638353,23.24451754385965,17.61229599406528,12.967765042979943,4.049218673647469,4.670784156378601,3.5220106190691367,2.25408604832424,1.4221098995695838,0.747617399103139,0.3920487441860465,0.2715833238474673,0.1286688821752266
