,2021,2020,2019,2018,2017,2016,2015,2014,2013,2012,2011,2010,2009,2008,2007,2006,2005,2004,2003,2002,2001,2000,1999,1998,1997,1996,1995,1994,1993,1992,1991,1990,1989,1988,1987,1986,1985
reportedCurrency,USD,USD,USD,USD,USD,USD,USD,USD,USD,USD,USD,USD,USD,USD,USD,USD,USD,USD,USD,USD,USD,USD,USD,USD,USD,USD,USD,USD,USD,USD,USD,USD,USD,USD,USD,USD,USD
cik,0000021344,0000021344,0000021344,0000021344,0000021344,0000021344,0000021344,0000021344,0000021344,0000021344,0000021344,0000021344,0000021344,0000021344,0000021344,0000021344,0000021344,0000021344,0000021344,0000021344,0000021344,0000021344,0000021344,0000021344,0000021344,0000021344,0000021344,0000021344,0000021344,0000021344,0000021344,0000021344,0000021344,0000021344,0000021344,0000021344,0000021344
fillingDate,2022-02-22,2021-02-25,2020-02-24,2019-02-21,2018-02-23,2017-02-24,2016-02-25,2015-02-25,2014-02-27,2013-02-27,2012-02-23,2011-02-28,2009-12-31,2009-02-26,2008-02-28,2007-02-21,2006-02-28,2005-03-04,2003-12-31,2002-12-31,2002-03-11,2001-03-07,1999-12-31,1999-03-29,1998-03-09,1996-12-31,1995-12-31,1995-03-13,1993-12-31,1992-12-31,1991-12-31,1990-12-31,1989-12-31,1988-12-31,1987-12-31,1986-12-31,1985-12-31
acceptedDate,2022-02-22 15:45:48,2021-02-25 13:47:17,2020-02-24 16:08:17,2019-02-21 16:55:42,2018-02-23 11:20:20,2017-02-24 11:34:47,2016-02-25 14:48:38,2015-02-25 15:11:06,2014-02-27 13:24:23,2013-02-27 12:22:03,2012-02-23 14:07:28,2011-02-28 11:29:34,2009-12-31,2009-02-26 14:42:20,2008-02-28 16:13:51,2007-02-21 15:53:37,2006-02-28 13:33:03,2005-03-04 13:05:52,2003-12-31,2002-12-31,2002-03-11 00:00:00,2001-03-07 00:00:00,1999-12-31,1999-03-29 00:00:00,1998-03-09 00:00:00,1996-12-31,1995-12-31,1995-03-13,1993-12-31,1992-12-31,1991-12-31,1990-12-31,1989-12-31,1988-12-31,1987-12-31,1986-12-31,1985-12-31
calendarYear,2021,2020,2019,2018,2017,2016,2015,2014,2013,2012,2011,2010,2009,2008,2007,2006,2005,2004,2003,2002,2001,2000,1999,1998,1997,1996,1995,1994,1993,1992,1991,1990,1989,1988,1987,1986,1985
period,FY,FY,FY,FY,FY,FY,FY,FY,FY,FY,FY,FY,FY,FY,FY,FY,FY,FY,FY,FY,FY,FY,FY,FY,FY,FY,FY,FY,FY,FY,FY,FY,FY,FY,FY,FY,FY
revenue,38655000000,33014000000,37266000000,31856000000,35410000000,41863000000,44294000000,45998000000,46854000000,48017000000,46542000000,35119000000,30990000000,31944000000,28857000000,24088000000,23104000000,21962000000,21044000000,19564000000,20092000000,20458000000,19805000000,18813000000,18868000000,18546000000,18018000000,16172000000,13957000000,13073900000,11571600000,10236400000,8965800000,8337800000,7658300000,8668600000,7903900000
costOfRevenue,15357000000,13433000000,14619000000,11770000000,13256000000,16465000000,17482000000,17889000000,18421000000,19053000000,18216000000,12693000000,11088000000,11374000000,10406000000,8164000000,8195000000,7638000000,7762000000,7105000000,6044000000,6204000000,5217000000,4917000000,5389000000,6259000000,6486000000,5756000000,4800000000,4732500000,4387000000,3965000000,3708300000,3531700000,3481300000,4232500000,3876500000
grossProfit,23298000000,19581000000,22647000000,20086000000,22154000000,25398000000,26812000000,28109000000,28433000000,28964000000,28326000000,22426000000,19902000000,20570000000,18451000000,15924000000,14909000000,14324000000,13282000000,12459000000,14048000000,14254000000,14588000000,13896000000,13479000000,12287000000,11532000000,10416000000,9157000000,8341400000,7184600000,6271400000,5257500000,4806100000,4177000000,4436100000,4027400000
grossProfitRatio,0.6027163368257664,0.5931120130853578,0.6077121236515859,0.630524861878453,0.6256424738774358,0.606693261352507,0.6053190048313541,0.6110917865994173,0.6068425321210569,0.6032030322594081,0.6086115766404537,0.6385717133175773,0.6422071636011617,0.6439393939393939,0.6393942544270022,0.6610760544669545,0.645299515235457,0.6522174665331026,0.6311537730469492,0.6368329584951953,0.69918375472825,0.6967445498093655,0.7365816712951275,0.7386381757295487,0.7143841424634302,0.6625148279952551,0.64002664002664,0.644076181053673,0.656086551551193,0.6380192597465179,0.6208821597704726,0.6126567934039311,0.5863949675433313,0.5764230372520329,0.5454213076009036,0.511743534134693,0.5095459203684257
researchAndDevelopmentExpenses,0.0,0.0,0.0,0.0,0.0,0.0,0.0,0.0,0.0,0.0,0.0,0.0,0.0,0.0,0.0,0.0,0.0,0.0,0.0,0.0,0.0,0.0,0.0,0.0,0.0,0.0,0.0,0.0,0.0,0.0,0.0,0.0,0.0,0.0,0.0,0.0,0.0
generalAndAdministrativeExpenses,5472000000,4316000000,4984000000,4493000000,5281000000,6081000000,6426000000,5338000000,5534000000,5491000000,17440000000,13158000000,0.0,11774000000,11199000000,9616000000,8824000000,8626000000,8061000000,7001000000,8696000000,10563000000,9814000000,8284000000,7852000000,7893000000,6986000000,6297000000,0.0,0.0,0.0,0.0,0.0,0.0,0.0,0.0,0.0
sellingAndMarketingExpenses,6672000000,5415000000,7119000000,5814000000,7215000000,9181000000,10001000000,11880000000,11776000000,12247000000,0.0,0.0,0.0,0.0,0.0,0.0,0.0,0.0,0.0,0.0,0.0,0.0,0.0,0.0,0.0,0.0,0.0,0.0,0.0,0.0,0.0,0.0,0.0,0.0,0.0,0.0,0.0
sellingGeneralAndAdministrativeExpenses,12144000000,9731000000,12103000000,10307000000,12496000000,15262000000,16427000000,17218000000,17310000000,17738000000,17440000000,13158000000,11358000000,11774000000,11199000000,9616000000,8824000000,8626000000,8061000000,7001000000,8696000000,10563000000,9814000000,8284000000,7852000000,7893000000,6986000000,6297000000,5695000000,5249400000,4604200000,4075900000,3347900000,3038100000,2665000000,2879300000,2664900000
otherExpenses,115000000,26000000,11000000,-2000000.0,231000000,0.0,0.0,0.0,0.0,0.0,732000000,819000000,313000000,350000000,0.0,0.0,0.0,0.0,0.0,0.0,0.0,0.0,792000000,645000000,626000000,479000000,454000000,411000000,360000000,321900000,261400000,243900000,183800000,169800000,151900000,411700000,317100000
operatingExpenses,12259000000,9757000000,12114000000,10305000000,12727000000,15262000000,16427000000,17218000000,17310000000,17738000000,18172000000,13977000000,11671000000,12124000000,11199000000,9616000000,8824000000,8626000000,8061000000,7001000000,8696000000,10563000000,10606000000,8929000000,8478000000,8372000000,7440000000,6708000000,6055000000,5571300000,4865600000,4319800000,3531700000,3207900000,2816900000,3291000000,2982000000
costAndExpenses,27616000000,23190000000,26733000000,22075000000,25983000000,31727000000,33909000000,35107000000,35731000000,36791000000,36388000000,26670000000,22759000000,23498000000,21605000000,17780000000,17019000000,16264000000,15823000000,14106000000,14740000000,16767000000,15823000000,13846000000,13867000000,14631000000,13926000000,12464000000,10855000000,10303800000,9252600000,8284800000,7240000000,6739600000,6298200000,7523500000,6858500000
interestIncome,276000000,370000000,563000000,682000000,677000000,642000000,613000000,594000000,534000000,471000000,483000000,317000000,249000000,333000000,0.0,0.0,0.0,0.0,0.0,0.0,0.0,0.0,0.0,0.0,0.0,0.0,0.0,0.0,0.0,0.0,0.0,0.0,0.0,0.0,0.0,0.0,0.0
interestExpense,1597000000,1437000000,946000000,919000000,841000000,733000000,856000000,483000000,463000000,397000000,417000000,733000000,355000000,438000000,0.0,0.0,0.0,0.0,0.0,0.0,0.0,0.0,0.0,0.0,0.0,0.0,0.0,0.0,0.0,0.0,0.0,0.0,0.0,0.0,0.0,0.0,0.0
depreciationAndAmortization,1452000000,1536000000,1365000000,1086000000,1260000000,1787000000,1970000000,1976000000,1977000000,1982000000,1954000000,1443000000,1236000000,1228000000,1163000000,938000000,932000000,893000000,850000000,806000000,803000000,773000000,792000000,645000000,626000000,479000000,454000000,411000000,360000000,321900000,261400000,243900000,183800000,0.0,0.0,0.0,0.0
ebitda,15441000000,12701000000,13032000000,10062000000,8909000000,10633000000,12416000000,11758000000,13875000000,14121000000,13748000000,16369000000,10455000000,9105000000,9036000000,7516000000,7622000000,7115000000,6345000000,5379000000,6463000000,4172000000,4611000000,5843000000,6681000000,5075000000,4782000000,4139000000,3533000000,2848600000,2644700000,2258300000,1969600000,1582100000,1410100000,1511200000,1137600000
ebitdaratio,0.3994567326348467,0.38471557521051675,0.3497021413620995,0.3158588648920141,0.2515955944648404,0.25399517473664096,0.28030884544182055,0.25561980955693725,0.2961326674350109,0.29408334548180853,0.2953891109105754,0.4661009709843674,0.33736689254598257,0.28503005259203607,0.3131302630211041,0.312022583859183,0.32989958448753465,0.32396867316273564,0.3015111195590192,0.2749437742792885,0.32167031654389805,0.203930002932838,0.23281999495077002,0.31058310742571626,0.35409158363366544,0.27364391243394803,0.2654012654012654,0.25593618600049467,0.2531346277853407,0.21788448741385508,0.22855093504787583,0.22061466921964754,0.21967922550134958,0.18975029384250042,0.1841270255800896,0.17433034169300696,0.14392894646946444
operatingIncome,10308000000,8997000000,10086000000,8700000000,7501000000,8626000000,8728000000,9708000000,10228000000,10779000000,10154000000,8449000000,8231000000,8446000000,7252000000,6308000000,6085000000,5698000000,5221000000,5458000000,5352000000,3691000000,3982000000,4967000000,5001000000,3915000000,4092000000,3708000000,3102000000,2770100000,2319000000,1951600000,1725800000,1598200000,1360100000,1145100000,1045400000
operatingIncomeRatio,0.26666666666666666,0.2725207487732477,0.27064884881661566,0.2731039678553491,0.21183281558881673,0.20605307789694957,0.19704700410890866,0.21105265446323754,0.21829512955137234,0.22448299560572296,0.21816853594602725,0.24058202112816424,0.2656018070345273,0.26440020035061357,0.25130817479294454,0.26187313184988376,0.26337430747922436,0.25944813769237773,0.248099220680479,0.27898180331220607,0.2663746764881545,0.18041841822270016,0.2010603382984095,0.2640195609419019,0.26505193979224084,0.21109673244904562,0.2271062271062271,0.2292851842691071,0.22225406606004156,0.21188015817774344,0.20040443845276365,0.19065296393263256,0.19248700617903589,0.19168125884525894,0.17759816147186713,0.13209745518307456,0.13226381912726629
totalOtherIncomeExpensesNet,2117000000,752000000,700000000,-350000000,-759000000,-490000000,877000000,-383000000,1249000000,1030000000,1285000000,5794000000,715000000,-1007000000,621000000,270000000,605000000,524000000,274000000,41000000,318000000,-292000000,-163000000,231000000,1054000000,681000000,236000000,20000000,83000000,-24000000,64300000,62800000,38500000,-16100000,50000000,366100000,47500000
incomeBeforeTax,12425000000,9749000000,10786000000,8350000000,6742000000,8136000000,9605000000,9325000000,11477000000,11809000000,11439000000,14243000000,8946000000,7439000000,7873000000,6578000000,6690000000,6222000000,5495000000,5499000000,5670000000,3399000000,3819000000,5198000000,6055000000,4596000000,4328000000,3728000000,3185000000,2746100000,2383300000,2014400000,1764300000,1582100000,1410100000,1511200000,1092900000
incomeBeforeTaxRatio,0.3214331910490234,0.2952989640758466,0.28943272688241295,0.26211702661978903,0.1903981926009602,0.19434823113489239,0.21684652548877953,0.20272620548719508,0.24495240534426088,0.24593373180331965,0.24577800696145416,0.40556393974771493,0.28867376573088094,0.23287628349611822,0.2728280833073431,0.2730820325473265,0.2895602493074792,0.28330753119023766,0.26111955901919787,0.2810774892659988,0.28220187139159864,0.16614527324274123,0.19283009341075485,0.2762983043640036,0.3209137163451346,0.24781624069880298,0.2402042402042402,0.23052188968587684,0.22820090277280217,0.21004443968517428,0.2059611462546234,0.19678793325778593,0.19678110151910594,0.18975029384250042,0.1841270255800896,0.17433034169300696,0.13827351054542694
incomeTaxExpense,2621000000,1981000000,1801000000,1623000000,5560000000,1586000000,2239000000,2201000000,2851000000,2723000000,2805000000,2384000000,2040000000,1632000000,1892000000,1498000000,1818000000,1375000000,1148000000,1523000000,1691000000,1222000000,1388000000,1665000000,1926000000,1104000000,1342000000,1174000000,997000000,862300000,765300000,632500000,571500000,537400000,494000000,576900000,415300000
netIncome,9771000000,7747000000,8920000000,6434000000,1248000000,6527000000,7351000000,7098000000,8584000000,9019000000,8572000000,11809000000,6824000000,5807000000,5981000000,5080000000,4872000000,4847000000,4347000000,3050000000,3969000000,2177000000,2431000000,3533000000,4129000000,3492000000,2986000000,2554000000,2176000000,1664400000,1618000000,1381900000,1214300000,1044700000,916100000,934300000,722300000
netIncomeRatio,0.2527745440434614,0.23465802386866177,0.23936027478130198,0.2019713711702662,0.035244281276475574,0.15591333635907603,0.16595927213618097,0.15431105700247838,0.18320741025312673,0.18782931045254805,0.1841777319410425,0.3362567271277656,0.2202000645369474,0.18178687703481092,0.20726340229407075,0.2108933909000332,0.21087257617728533,0.22069938985520443,0.20656719254894507,0.15589858924555305,0.19754130997411906,0.10641313911428292,0.12274678111587983,0.18779567320469887,0.21883612465550137,0.18828857974765448,0.16572316572316573,0.15792728172149395,0.1559074299634592,0.12730707745967157,0.139825089011027,0.1349986323316791,0.13543688237524817,0.1252968408932812,0.11962184819085175,0.10777980296703044,0.09138526550184087
eps,2.270495599814729,1.8,2.09,1.51,0.29,1.51,1.69,1.62,1.94,2.0,1.893946,2.56,1.481546,1.254995,1.295,1.08,1.02,1.0,0.885,0.615,0.8,0.44,0.49,0.715,0.835,0.7,0.5925,0.495,0.42,0.315,0.305,0.255,0.275,0.18,0.155,0.155,0.12
epsdiluted,2.2569060773480665,1.79,2.07,1.5,0.29,1.49,1.67,1.6,1.9,1.97,1.845,2.53,1.465,1.245,1.285,1.08,1.02,1.0,0.885,0.615,0.8,0.44,0.49,0.71,0.82,0.7,0.5925,0.495,0.415,0.31,0.3,0.25,0.27,0.175,0.155,0.155,0.12
weightedAverageShsOut,4318000000,4295000000,4276000000,4259000000,4272000000,4317000000,4352000000,4387000000,4434000000,4504000000,4526000000,4616000000,4628000000,4632000000,4626000000,4696000000,4784000000,4852000000,4918000000,4956000000,4974000000,4954000000,4938000000,4934000000,4954000000,4988000000,5048000000,5160000000,5180952381,5283809524,5303278689,5347843137,4337818182,5768333333,5910322581,6027741935,6019166667
weightedAverageShsOutDil,4344000000,4323000000,4314000000,4299000000,4324000000,4367000000,4405000000,4450000000,4509000000,4584000000,4646000000,4666000000,4658000000,4672000000,4662000000,4700000000,4786000000,4858000000,4924000000,4966000000,4974000000,4974000000,4974000000,4992000000,5030000000,4994000000,5064000000,5172000000,5243373494,5369032258,5391666667,5454800000,4418148148,5933142857,5910322581,6027741935,6019166667
link,https://www.sec.gov/Archives/edgar/data/21344/000002134422000009/0000021344-22-000009-index.htm,https://www.sec.gov/Archives/edgar/data/21344/000002134421000008/0000021344-21-000008-index.htm,https://www.sec.gov/Archives/edgar/data/21344/000002134420000006/0000021344-20-000006-index.htm,https://www.sec.gov/Archives/edgar/data/21344/000002134419000014/0000021344-19-000014-index.htm,https://www.sec.gov/Archives/edgar/data/21344/000002134418000008/0000021344-18-000008-index.htm,https://www.sec.gov/Archives/edgar/data/21344/000002134417000009/0000021344-17-000009-index.htm,https://www.sec.gov/Archives/edgar/data/21344/000002134416000050/0000021344-16-000050-index.htm,https://www.sec.gov/Archives/edgar/data/21344/000002134415000005/0000021344-15-000005-index.htm,https://www.sec.gov/Archives/edgar/data/21344/000002134414000008/0000021344-14-000008-index.htm,https://www.sec.gov/Archives/edgar/data/21344/000002134413000007/0000021344-13-000007-index.htm,https://www.sec.gov/Archives/edgar/data/21344/000002134412000007/0000021344-12-000007-index.htm,https://www.sec.gov/Archives/edgar/data/21344/000104746911001506/0001047469-11-001506-index.htm,,https://www.sec.gov/Archives/edgar/data/21344/000104746909001875/0001047469-09-001875-index.htm,https://www.sec.gov/Archives/edgar/data/21344/000119312508041768/0001193125-08-041768-index.htm,https://www.sec.gov/Archives/edgar/data/21344/000104746907001328/0001047469-07-001328-index.htm,https://www.sec.gov/Archives/edgar/data/21344/000104746906002588/0001047469-06-002588-index.htm,https://www.sec.gov/Archives/edgar/data/21344/000104746905005411/0001047469-05-005411-index.htm,,,https://www.sec.gov/Archives/edgar/data/21344/000002134402000011/0000021344-02-000011-index.html,https://www.sec.gov/Archives/edgar/data/21344/000002134401000005/0000021344-01-000005-index.html,,https://www.sec.gov/Archives/edgar/data/21344/000002134499000005/0000021344-99-000005-index.html,https://www.sec.gov/Archives/edgar/data/21344/000002134498000004/0000021344-98-000004-index.html,,,https://www.sec.gov/Archives/edgar/data/21344/0000021344-95-000007-index.html,,,,,,,,,
finalLink,https://www.sec.gov/Archives/edgar/data/21344/000002134422000009/ko-20211231.htm,https://www.sec.gov/Archives/edgar/data/21344/000002134421000008/ko-20201231.htm,https://www.sec.gov/Archives/edgar/data/21344/000002134420000006/a2019123110-k.htm,https://www.sec.gov/Archives/edgar/data/21344/000002134419000014/a2018123110-k.htm,https://www.sec.gov/Archives/edgar/data/21344/000002134418000008/a2017123110-k.htm,https://www.sec.gov/Archives/edgar/data/21344/000002134417000009/a2016123110-k.htm,https://www.sec.gov/Archives/edgar/data/21344/000002134416000050/a2015123110-k.htm,https://www.sec.gov/Archives/edgar/data/21344/000002134415000005/a2014123110-k.htm,https://www.sec.gov/Archives/edgar/data/21344/000002134414000008/a2013123110-k.htm,https://www.sec.gov/Archives/edgar/data/21344/000002134413000007/a2012123110-k.htm,https://www.sec.gov/Archives/edgar/data/21344/000002134412000007/a2011123110-k.htm,https://www.sec.gov/Archives/edgar/data/21344/000104746911001506/a2202147z10-k.htm,,https://www.sec.gov/Archives/edgar/data/21344/000104746909001875/a2190274z10-k.htm,https://www.sec.gov/Archives/edgar/data/21344/000119312508041768/d10k.htm,https://www.sec.gov/Archives/edgar/data/21344/000104746907001328/a2176230z10-k.htm,https://www.sec.gov/Archives/edgar/data/21344/000104746906002588/a2167326z10-k.htm,https://www.sec.gov/Archives/edgar/data/21344/000104746905005411/a2151637z10-k.htm,,,https://www.sec.gov/Archives/edgar/data/21344/000002134402000011/kok01.txt,https://www.sec.gov/Archives/edgar/data/21344/000002134401000005/0000021344-01-000005-0001.txt,,https://www.sec.gov/Archives/edgar/data/21344/0000021344-99-000005.txt,https://www.sec.gov/Archives/edgar/data/21344/0000021344-98-000004.txt,,,https://www.sec.gov/Archives/edgar/data/21344/,,,,,,,,,
