,2021,2020,2019,2018,2017,2016,2015,2014,2013,2012,2011,2010,2009,2008,2007,2006,2005,2004,2003,2002,2000
period,FY,FY,FY,FY,FY,FY,FY,FY,FY,FY,FY,FY,FY,FY,FY,FY,FY,FY,FY,FY,FY
revenueGrowth,0.4115007642704915,0.12770532012826136,0.1830008989979462,0.23421586757475982,0.22801090038993266,0.2038032244729227,0.13617975485219921,0.18880023055170303,0.20591237863550468,0.21458910433979686,0.2927594556802292,0.2397361633757558,0.0851073591484676,0.31348680245872,0.5647336162187647,0.7274800456100342,0.92505487613672,1.175306957708049,2.331818181818182,4.116279069767442,3.526315789473684
grossProfitGrowth,0.5000562400940743,0.08708218005580196,0.1642422673741426,0.18381541855619563,0.18387927594587733,0.17744794447410572,0.1508307117577664,0.21362524607767105,0.16155631777708485,0.16773880325282195,0.3075010579771477,0.2766934557979334,0.12395627751632002,0.3246857717445953,0.5587774294670846,0.7911285794497473,1.0709302325581396,1.0673076923076923,1.710097719869707,3.323943661971831,4.461538461538462
ebitgrowth,0.9094216960993596,0.20428851041453652,0.30052049694160554,0.00669318442591601,0.10246247259234272,0.225,0.17361784675072744,0.18115423170557068,0.0945141065830721,0.08669732583886902,0.13110490318851747,0.24888928135150007,0.25335115408410386,0.3043759342301943,0.432226965889539,0.7597951298730269,2.1510515595321404,0.8693702111754812,0.8366029195671061,16.007114191900765,1.7439777430956096
operatingIncomeGrowth,0.9094216960993596,0.20428851041453652,0.30052049694160554,0.00669318442591601,0.10246247259234272,0.225,0.17361784675072744,0.18115423170557068,0.0945141065830721,0.08669732583886902,0.13110490318851747,0.24888928135150007,0.25335115408410386,0.3043759342301943,0.432226965889539,0.7597951298730269,2.1510515595321404,0.8693702111754812,0.8366029195671061,16.007114191900765,1.7439777430956096
netIncomeGrowth,0.8881273436141945,0.1725533587630667,0.11735424258198855,1.4274206286526616,-0.3499332580347058,0.19146072914117934,0.15647990945104698,0.11018613052697715,0.18589922697215236,0.10270103728047653,0.1448559670781893,0.3044478527607362,0.5424651052756092,0.005470980019029496,0.36626584335391615,1.1003412969283277,2.6716791979949877,2.7641509433962264,0.06,13.285714285714286,1.4666666666666666
epsgrowth,0.9252747252747252,0.19278080258116545,0.1214382632293081,1.4203612479474548,-0.3548728813559322,0.2254435309389875,0.08142255498362182,0.09991313414148394,0.18317588657621872,0.08750414580079403,0.1303859205730229,0.2943743162541823,0.5319465344203634,-0.005173700870774948,0.3251715380162531,0.9227866929713688,1.5652174752389714,1.6883123623087244,0.0,9.999971456299594,1.3181814053602405
epsdilutedGrowth,0.914349087186487,0.1922294548413345,0.12494279176201357,1.427777777777778,-0.3536804308797128,0.21935201401050794,0.08658420551855377,0.10147665469487645,0.1801300170129184,0.08568545612188416,0.13112889631984098,0.28907394775155626,0.5334335718000051,0.0015047871595906025,0.3370221129786509,0.9800798588777725,2.438357645403698,2.56096764604116,0.0,9.2502122983166,1.1818140536024049
weightedAverageSharesGrowth,-0.01933855843575944,-0.017008472471686235,-0.003559502826782491,0.002916663661827385,0.007656821898195296,0.004338003711589244,0.013132579316058497,0.016370842983707588,0.017215086960730958,0.013740094075568548,0.012789377142301927,0.007845777504294844,0.007204762779433635,0.010144592147725142,0.03115676259701854,0.0927005395076845,0.4279413601102784,0.40290638354335157,0.0,0.45675655702668244,0.41011755277549444
weightedAverageSharesDilutedGrowth,-0.013615165611881903,-0.016502613963662184,-0.006803188304569681,-0.0001471089876146637,0.005797708566684737,0.009355375708475123,0.00849575734641303,0.014931316720088296,0.019572380424518816,0.015558625527956978,0.012259821884809358,0.012006287362000946,0.005990287479663966,0.004123841031868715,0.02134282653763778,0.06073927084810375,0.06999387808716007,0.0629018303997026,0.0,0.37404163297329823,1.7863706846672636
dividendsperShareGrowth,0.0,0.0,0.0,0.0,0.0,0.0,0.0,0.0,0.0,0.0,0.0,0.0,0.0,0.0,0.0,0.0,0.0,0.0,0.0,0.0,0.0
operatingCashFlowGrowth,0.40734598611878875,0.19449743213499635,0.13651998082174646,0.2933326143808471,0.029276279276279276,0.3847217952659084,0.163031819806936,0.1992068170855887,0.12275106805463626,0.1410230003432887,0.3144120566735854,0.18943371534181647,0.18634504614053204,0.3597055447145744,0.6130141309557191,0.4558331185132116,1.517207003983444,1.4707456156987697,1.546903680803787,4.008548387096774,0.0
freeCashFlowGrowth,0.5641294960670354,0.38328167376985667,0.35651716888577434,-0.04496590956623583,-0.07423327137546469,0.6030790241479919,0.4109661031794692,0.010264578355897709,-0.1532294320395624,0.19942482250381954,0.5753928925385814,-0.16967521757377757,0.5481792721165347,0.6291421675458182,1.0102222672571541,0.034853704497580504,1.463653922428269,2.009682406103072,0.8518637722649004,5.559277777777778,0.0
tenYRevenueGrowthPerShare,5.565626902073972,4.8225438441736745,5.243126029184332,4.665305515853973,4.986034661502649,6.453587830902917,8.83108949543816,10.818262320233593,14.667106662794694,43.031870365777216,128.07187524976428,100.11906245699322,81.2049264457769,75.3032272724555,57.68143650047228,37.670965753642804,23.46093965002454,17.144307399448277,10.701688621673213,2.512102996955126,0.0
fiveYRevenueGrowthPerShare,1.9400683588301215,1.4483359864678578,1.393348417369808,1.3579191227994165,1.2714625799126413,1.2331545055253377,1.3781637309402486,1.6085320398294836,1.4026716866895304,1.6353217149334973,2.337694643367052,3.1338993474394914,3.5306180410213157,5.520702245582823,15.708347264116995,37.670965753642804,23.46093965002454,17.144307399448277,10.701688621673213,2.512102996955126,0.0
threeYRevenueGrowthPerShare,0.9603859329698474,0.6761228159592585,0.7805310665569687,0.7975933651935679,0.638120870298493,0.5722190491026146,0.5550358597971132,0.6613548385400617,0.8130271317392574,0.8812067665456836,0.6915650866101384,0.7231865558740947,1.1257531288324039,2.119390684256848,2.234151362661362,2.3047337870551945,5.964755780576863,17.144307399448277,10.701688621673213,2.512102996955126,0.0
tenYOperatingCFGrowthPerShare,5.078493055786176,4.497010194068312,4.338721433701279,4.513213429803011,4.754674298605619,7.812820239435903,7.516138532765582,12.077537084098848,18.5201617202121,44.04278637603513,136.58857263626146,105.01564712882322,88.83049742916045,75.26592714138435,55.65904222165524,35.22060924817384,26.186000073412536,14.421859965968121,7.756638342247733,2.4381505701402078,0.0
fiveYOperatingCFGrowthPerShare,1.6200382244577527,1.5171464256476972,1.3779260777408562,1.4598834746142422,1.1054252971233995,1.3200016698398325,1.1838261525266072,1.2451166517225465,1.241249834270134,1.7332597867367294,2.798626679455934,2.8996412433804406,4.824880891629938,7.709498344065186,15.479511605375876,35.22060924817384,26.186000073412536,14.421859965968121,7.756638342247733,2.4381505701402078,0.0
threeYOperatingCFGrowthPerShare,0.9890373141469117,0.787337361069338,0.502416700517729,0.816131655594204,0.6166918979931881,0.8674536782659753,0.49498863321821407,0.4658190120476238,0.612318569903004,0.723956630448285,0.8040634631136802,0.8711161179548451,1.4800934963204546,1.8053382967497,2.673943502708911,3.1363600770654187,6.907158083627469,14.421859965968121,7.756638342247733,2.4381505701402078,0.0
tenYNetIncomeGrowthPerShare,6.542953388232125,3.428543924288468,3.8051921370878956,5.562492533596124,1.698824403674323,4.5429357817477305,7.981083313629719,19.230716759113566,48.69423497639543,44.18318915085774,406.3434150805514,359.3536999464964,277.4173810631748,180.80204614567265,181.64709514735745,136.8485660357037,70.71558389003772,26.89068512765614,9.394912636442507,8.806521355134441,0.0
fiveYNetIncomeGrowthPerShare,3.0212402814820822,1.4776940520482704,1.3710278171894397,1.3096210881388222,0.11248852049369043,0.875777834756014,0.7873651190418206,1.026628326437712,1.8413719320879696,1.4259346087244678,1.9550065466408022,4.024761431197864,8.982450405533376,16.489521317217292,17.625064743445254,136.8485660357037,70.71558389003772,26.89068512765614,9.394912636442507,8.806521355134441,0.0
threeYNetIncomeGrowthPerShare,1.5753397726558687,2.237446081091004,0.7509147524552081,0.8523597058052035,-0.12639130975254415,0.47916031664151065,0.45361837469546484,0.3851912910477602,0.4335005612296296,0.5914592243090785,1.2405876265779705,0.9729506218304069,1.0197336038378724,1.5350424033977288,5.548677248743751,12.261156765515649,6.313050295096671,26.89068512765614,9.394912636442507,8.806521355134441,0.0
tenYShareholdersEquityGrowthPerShare,3.1804510228091605,3.501456958261611,4.104070838652263,4.676987754585898,5.022574961067651,6.144712112593111,9.281972369616991,19.372589971753605,60.347161988462176,172.48902566150412,624.2223750067421,502.5800214397321,394.17440686197534,311.17657890287063,252.37573459653004,195.21259244762007,117.51282078467732,51.62602514225124,13.84045643234102,3.384635626433102,0.0
fiveYShareholdersEquityGrowthPerShare,0.8644298244406871,0.8602864651800705,0.8813027487374939,0.9465991960522911,1.0060498399045286,1.2422141976103929,1.4197654729621885,1.7130512843174799,1.9163619126622704,2.0022060475597536,2.1864538723407794,3.249160707723536,6.509106108504219,20.035510620991467,56.78718146361709,195.21259244762007,117.51282078467732,51.62602514225124,13.84045643234102,3.384635626433102,0.0
threeYShareholdersEquityGrowthPerShare,0.474821218240443,0.48550582402515086,0.43877834734880505,0.4543753555319347,0.423313018555268,0.539819713305084,0.601903134942415,0.7147953670959379,0.8078951625893644,0.9249378236589254,1.0027843767269655,0.987483222265233,1.0140114450986073,1.6341165186681,3.814647009946895,12.221466155179996,26.029115046690304,51.62602514225124,13.84045643234102,3.384635626433102,0.0
tenYDividendperShareGrowthPerShare,0.0,0.0,0.0,0.0,0.0,0.0,0.0,0.0,0.0,0.0,0.0,0.0,0.0,0.0,0.0,0.0,0.0,0.0,0.0,0.0,0.0
fiveYDividendperShareGrowthPerShare,0.0,0.0,0.0,0.0,0.0,0.0,0.0,0.0,0.0,0.0,0.0,0.0,0.0,0.0,0.0,0.0,0.0,0.0,0.0,0.0,0.0
threeYDividendperShareGrowthPerShare,0.0,0.0,0.0,0.0,0.0,0.0,0.0,0.0,0.0,0.0,0.0,0.0,0.0,0.0,0.0,0.0,0.0,0.0,0.0,0.0,0.0
receivablesGrowth,0.2831379046647973,0.14156845627819,0.2972207804463738,0.133012563485699,0.31429173693086004,0.023222374002444462,0.28205364549728085,0.15537806176783814,0.0937682003494467,0.3909591704471808,0.23390643742502998,0.5621486570893192,0.21196063588190764,0.14471403812824957,0.745839636913767,0.9215116279069767,0.8010471204188482,1.4645161290322581,1.5,0.0,0.0
inventoryGrowth,0.6071428571428571,-0.27127127127127126,-0.0975609756097561,0.4779706275033378,1.794776119402985,0.0,0.0,0.0,-1.0,13.428571428571429,0.0,0.0,0.0,0.0,0.0,0.0,0.0,0.0,0.0,0.0,0.0
assetGrowth,0.12406137364837805,0.1584109253413263,0.185216845939723,0.17991839631009401,0.1779016937616793,0.13587321393453183,0.14145386145664812,0.16468626036783268,0.18254120556941514,0.2924463306418277,0.2544986257800211,0.4285255697952935,0.27477335683706877,0.2538680138932744,0.37151518432306607,0.7983839563862928,2.100513130093571,2.803673938002296,2.034843205574913,5.123058542413381,0.0
bookValueperShareGrowth,0.15301792157954777,0.12387003096314894,0.1381178348461033,0.1613711658931058,0.08851802506069353,0.15045554705602432,0.1365667697152277,0.17761974451531115,0.19684033885063695,0.21666497092717105,0.24155516181765005,0.2743234700814524,0.2658682091103582,0.23206975364066926,0.2913326888750541,0.6556233422552128,1.2519812291414734,0.0,0.0,0.0,0.0
debtGrowth,0.06062303899596593,3.6535720493655486,0.4339481555333998,0.010833963214915596,0.008640406607369758,-0.24616858237547892,-0.0032461332824135956,-0.001525262154432793,-0.05273613870326892,0.3170789724072312,0.21327561327561328,0.0,0.0,0.0,0.0,0.0,-1.0,-0.6979308261591904,-0.41665198237885465,0.0,0.0
rdexpenseGrowth,0.14467051100714468,0.059766315627642404,0.21471590643820906,0.2883609022556391,0.1919271580154861,0.13564566031590947,0.24918633034987794,0.37760963990472185,0.17326976820647708,0.17841921735761332,0.3721424774056353,0.32325008793527965,0.01790189760114572,0.31745283018867926,0.724979658258747,1.0483333333333333,0.5189873417721519,0.717391304347826,4.75,0.9047619047619048,0.75
sgaexpensesGrowth,0.22240318494390154,0.1571563187100827,0.17536303224218558,0.18247962747380675,-0.016177523264137437,0.13836375488917863,0.04870962228678858,0.21997497914929107,0.24733420026007802,0.19261786600496278,0.6432212028542303,0.17675706863936413,-0.07508158871521142,0.4091373851866328,0.0,0.0,0.0,0.0,0.0,-1.0,1.4375
