,2021,2020,2019,2018,2017,2016,2015,2014,2013,2012,2011,2010,2009,2008,2007,2006,2005,2004,2003,2002,2001,2000,1999,1998,1997,1996,1995,1994,1993,1992,1991,1990,1989,1988,1987,1986,1985
period,FY,FY,FY,FY,FY,FY,FY,FY,FY,FY,FY,FY,FY,FY,FY,FY,FY,FY,FY,FY,FY,FY,FY,FY,FY,FY,FY,FY,FY,FY,FY,FY,FY,FY,FY,FY,FY
revenueGrowth,0.12379784481093817,-0.04936571753777239,0.15274000867660598,0.11146785214456244,0.05317330558858502,0.08355925379143739,0.08338785896037805,0.06368993303122632,0.03335464280006393,0.12048279073099101,0.4719666816037114,0.06099675578923817,0.04378794955628211,0.10878782974591358,0.23748297684851397,0.1218153223994608,0.09592751268035653,0.10676913015042512,0.4725521669341894,0.28796179529056665,0.17711045676879275,0.32361656896218516,0.20677122811109167,0.04736799250905834,0.2164718700475436,0.20086829819501026,1.4452119537555443,0,0.5276019104742864,0.24868238557558947,0.0974124809741248,0.1684154365996799,0.24983329628806403,0.45457484642741675,1.3628724216959511,0.11594202898550725,0
grossProfitGrowth,0.10635549309370697,-0.05448175887895627,0.14945614441101596,0.08615142273016724,0.05827481024331418,0.08521939953810624,0.08559847899212335,0.06392957965634517,0.055017471447667735,1.3228741079697117,-0.19085820073169657,0.06212546816479401,0.02771362586605081,0.053955375253549695,0.23589872148408123,0.11689766204675907,0.11218372907746205,0.1360219333156452,0.8367446393762183,0.4469725460699511,0.1432871116844029,0.3261582323592302,0,0,-1,0,0,0,-1,0.33248027297931326,0.13507625272331156,0.165961049957663,0.27217235188509875,0.45658995815899583,1.3663366336633664,0.16091954022988506,0
ebitgrowth,0.19001886468873264,-0.17192899408284024,0.11131569256667895,0.05681881358759104,0.06690788302983569,0.05381922740342543,0.07340311325818573,0.09887193098871931,0.1136382297397159,0.13599477660665982,0.34348370927318295,0.10618242306626005,0.07159833630421866,0.2068841878809609,0.20762069712058887,0.2517615176151762,0.2689133425034388,0.4882292732855681,0.17781796262808922,3.223264540337711,-3.634782608695652,-1.2424698795180722,0,0,-1,0,0,0,-1,0.1386206896551724,0.3181818181818182,0.2235817575083426,0.3746177370030581,0.4155844155844156,0.6041666666666666,0.3211009174311927,0
operatingIncomeGrowth,0.19001886468873264,-0.17192899408284024,0.11131569256667895,0.05681881358759104,0.06690788302983569,0.05381922740342543,0.07340311325818573,0.09887193098871931,0.1136382297397159,0.13599477660665982,0.34348370927318295,0.10618242306626005,0.07159833630421866,0.2068841878809609,0.20762069712058887,0.2517615176151762,0.2689133425034388,0.4882292732855681,0.17781796262808922,3.223264540337711,-3.634782608695652,-1.2424698795180722,0,0,-1,0,0,0,-1,0.1386206896551724,0.3181818181818182,0.2235817575083426,0.3746177370030581,0.4155844155844156,0.6041666666666666,0.3211009174311927,0
netIncomeGrowth,0.3441237896335675,-0.1932296852263154,0.11303384195720739,-0.48401143611172204,1.6198432818621802,0.06308955041038834,-0.025894988066825775,0.22946009389671362,0.09882315008866678,0.4911057692307692,0.14442916093535077,-0.0008246289169873557,0.42834707499018454,-0.015461925009663703,0.021318594551914725,1.7295258620689655,-0.04329896907216495,-0.7006172839506173,12.824817518248175,-1.4502136049950707,-0.6989364333415781,0.8968752932344938,0.09628639028906491,5.072475911185589,-3.4616822429906544,-0.21867881548974943,0.4954022988505747,0,0.6780162842339008,-0.7365038560411311,0.12780269058295965,-0.1989247311827957,-2.1260504201680672,-4.0638297872340425,-10.4,-0.9315068493150684,0
epsgrowth,0.311074163556948,-0.19809446961703178,0.10641586305212127,-0.4700068929458644,1.6672296901153116,0.09508935157175265,-0.0664841273292721,0.24851713069924034,0.10279373009372317,0.5035191110003094,0.15561044836637572,0.009958900843401548,0.679185233775928,0.05259523809523809,0.049999999999999906,1.857142857142857,-0.023253542450098547,-0.7013895833333333,6.760023040092159,-1.3904282233883059,-0.6995305164319249,0.5434782608695652,-0.4671814671814672,7.81578947368421,-2.4545454545454546,-0.2222222222222223,0.5263157894736843,0.9018088616088378,-1.8880619391796638,-0.5227272727272727,0.16981132075471692,-0.1276595744680851,-0.9583333333333333,-3.8000000000000007,-6,-0.9090909090909092,0
epsdilutedGrowth,0.3005584701303116,-0.19434628975265025,0.11857707509881435,-0.4673684210526316,1.6610644257703082,0.10185185185185174,0.012500000000000011,0.25000000000000006,0.12280701754385977,0.5199999999999999,0.16279069767441856,0.02380952380952383,0.4651162790697675,0.036144578313253045,0.050632911392404965,1.8214285714285714,-0.023253542450098547,-0.7013895833333333,6.760023040092159,-1.3966254967754217,-0.704225352112676,0.6136363636363635,-0.45679012345679015,7.394736842105263,-2.4545454545454546,-0.2222222222222223,0.5263157894736843,0.9018088616088378,-1.8880619391796638,-0.5227272727272727,0.16981132075471692,-0.1276595744680851,-0.9583333333333333,-3.8000000000000007,-6,-0.9090909090909092,0
weightedAverageSharesGrowth,0.0016032262025886888,0.006066619113108023,0.0059815172724932255,-0.0255238002746675,-0.02059209608397503,-0.02731973617715656,0.0434799880961386,-0.01526356408191964,-0.0036008213354046838,-0.00825571746599245,-0.009675490956257042,-0.15886188913948646,-0.025693035835023664,-0.045190445448676564,-0.019620253164556962,-0.36064744562468387,-0.019345238095238096,-0.0065957448050265955,0.42065491213714634,1.5081604714433818,0.0010540737321682529,0.26371235549659255,-0.017768963780152146,0.21674114417635262,0.29153959668365625,-0.002899150901767652,0.06526181305100383,9.184210511675987,-0.8885120982107958,0.14039059232469583,-0.00621806658158978,0.06528061549180961,0.6842481661789268,0.05496453945057624,0.88,-0.24657534280995497,0
weightedAverageSharesDilutedGrowth,0.008866782006920416,0.003036876355748373,-0.00646551724137931,-0.030505641454241537,-0.018457752255947497,-0.03177124702144559,-0.038931297709923665,-0.016885553470919325,-0.019138755980861243,-0.021958243340532757,-0.014893617021276596,-0.022530329289428077,-0.024678837052062204,-0.07330827067669173,0.0037735849056603774,-0.35990338164251207,-0.018666666666666668,-0.002160904380049036,0.42065491213714634,1.4696734048574156,0.016654369186662528,0.20876834020364773,-0.05869525735706775,0.32735397585123377,0.29153959668365625,-0.002899150901767652,0.06526181305100383,9.184210511675987,-0.8885120982107958,0.14039059232469583,-0.00621806658158978,0.06528061549180961,0.6842481661789268,0.05496453945057624,0.88,-0.24657534280995497,0
dividendsperShareGrowth,0.09293377027995729,0.10174983831278708,0.10763480647156635,0.1931310036545395,0.13172441644771662,0.09727306624420629,0.03613774070620014,0.16544671170875863,0.2258069466323919,0.36595257140797705,0.12650095354766386,0.6622244282144588,0.42791226385292563,0,0,0,0,0,0,0,0,-1,-0.7341652814026253,-0.12978735495254992,-0.017717521262610312,0.19990728371218325,-0.07366984446487751,-0.8923217115130649,8.670331782173681,-0.02680134590291127,0.2800180610587124,0.10056803442553805,-0.1390817403769946,0,0,0,0
operatingCashFlowGrowth,0.17823503254234546,-0.03735844651126591,0.05762028233938346,0.13521468952950522,0.11242203742203742,0.02460325913302801,0.10817350250811449,0.196680790960452,-0.04672142183923522,0.035482746601603346,0.28320958940871277,0.0873455889504912,0.00488710780959828,0.1636715195632393,0.3284980356603203,0.34457537586347015,-0.1699831365935919,1.0777855641205325,-0.04707846410684474,1.4359495729971534,0.008365455589272533,-0.024091563950696334,0.15717328887653978,0.1787117903930131,0.1455727863931966,0.5356251200307278,0.4111111111111111,0.06678230702515178,0.37098692033293695,0.4318955732122588,0.805327868852459,0.05399568034557235,-0.09834469328140215,0,0,0,0
freeCashFlowGrowth,0.3042051438601847,-0.012510362499057955,0.05409914204003813,0.24559667524243023,0.20038009264758286,-0.055000561230216634,0.06021658931334047,0.2819221967963387,-0.2022635998539613,0.01645225136071252,0.4227384723688842,0.22404136148211978,0.17400101163378856,0.774685816876122,0.16223265519040167,0.4734819369715603,-0.42687224669603524,2.7368018362662587,-2.2813725490196077,2.0642737896494157,-1.295568862275449,-0.04479479479479479,-0.4838470107686595,-27.347368421052632,-1.1380813953488371,1.672531769305963,-2.032290615539859,-0.47146666666666665,0.31210636808957315,0.5668859649122807,6.846153846153846,0.8647007805724197,-31.342105263157894,0,0,0,0
tenYRevenueGrowthPerShare,1.1811294795153062,1.8894116523630575,2.8571757929902035,2.6061562422575766,2.6715594454953147,3.3098209564755106,5.78824690022099,6.30673704889355,6.536322212473512,6.532263698277734,2.4234791900897745,1.7083633008124304,1.248920682098485,1.579104629669249,0.9117820104401704,0.42655267741579567,-0.0208186249225818,1.0112108683923509,-0.8227447047250651,1.3431472242728548,3.9963203322909506,3.69212304429588,3.913474321092183,1.967723279428508,3.753576756232164,5.343202703420761,6.801068677552098,2.398552240193792,33.611571449061586,1.526032110869082,1.306962353615112,1.0891119317907305,0.9047081841078121,1.5667433214630808,0.8615908233707119,0.48115942096652187,0
fiveYRevenueGrowthPerShare,0.48998702049912346,0.47935555425208176,0.6254951343034296,0.5322842949563644,0.39325212871321,0.46385804004162423,0.9531556454147079,1.3729236166819485,1.3534511540237841,1.6352440953284741,1.9441522597047476,2.475527880308618,2.079212915884135,2.2022428847050333,1.8582793190316826,0.16280643394207328,-0.22073325431878427,-0.26964430731716643,-0.1945943132584033,-0.33114234227890754,0.22681869980679972,0.25654197423943975,1.7537416200653142,-0.7799179988509258,2.503207591666575,3.0725824712956973,2.7341554364993894,0.7842902490523577,12.484625112156712,0.3569212305716525,0.5575381832360201,1.0891119317907305,0.9047081841078121,1.5667433214630808,0.8615908233707119,0.48115942096652187,0
threeYRevenueGrowthPerShare,0.21484418101800526,0.23496249034400438,0.4054107545082809,0.366294968326065,0.24370860594070787,0.24933078864636407,0.16308355594922722,0.26565856097104384,0.7415741579233232,1.1182278946402926,1.0085547272149595,0.5692600230731032,0.5703377412156314,1.5719206158745467,1.4750931815101715,1.184628890222471,0.29056178646874836,-0.4069916959856284,-0.37412236340479865,-0.3675571232664465,0.5131602992943313,0.10771072732899149,-0.003891276819993232,-0.0235461034533671,1.6038189917850176,-0.7285504803762182,2.088269798307567,0.47317195482973984,15.567600290997083,0.3262042616004748,-0.10121034139864438,0.1222186452380845,0.2859575796809947,1.5667433214630808,0.8615908233707119,0.48115942096652187,0
tenYOperatingCFGrowthPerShare,1.1262964247637082,1.3421120111849734,2.1642448545032673,2.104214912847537,2.2475710724369384,2.8745321666907895,6.735321887111311,5.164892784100288,9.610648412053443,6.43916165415936,5.919804248900411,4.379404004506542,2.2136214400690264,2.670776950664713,1.9177883151575463,0.9098627470190791,0.39863222555916955,1.1889589065685897,-0.8903745633208047,1.0097792637775764,1.598322816384946,3.6859502584910957,5.003598498290521,1.7281067032863393,0,0,0,0,0,0,0,0,0,0,0,0,0
fiveYOperatingCFGrowthPerShare,0.5657650543518342,0.4020903760482937,0.556186990234704,0.7987894155903025,0.4772705179732664,0.3579920045181441,0.6704429694368728,1.0333320316641614,0.7257244711042719,1.1983590905831023,1.853133268678992,3.6307009749150465,2.031916424911031,5.148518254054663,2.3839611035457198,1.425335095582232,0.16168243936442714,0.05993074666077825,-0.4029818569304879,-0.13775949962891623,-0.21253654783707626,0.2039712215365681,1.0651904980251952,-0.8163783832170217,1.3308801464471043,2.299610679388535,2.8920782944551218,1.9070434441914024,13.857219705840395,0,0,0,0,0,0,0,0
threeYOperatingCFGrowthPerShare,0.18335173273148875,0.17188339336545655,0.39108130542973707,0.3937933048509293,0.2706187078516541,0.3594635835316967,0.234719827690785,0.2139140747625289,0.2943439664238653,0.7488941174098823,0.7275945409621223,0.624932791594964,0.7033414012506425,2.473161543197615,1.4120266896882827,2.722975960260305,0.1874464346586749,0.3625618589841657,-0.34379136450512787,-0.24450040294841546,-0.0835558358365907,-0.11863657976604525,0.012299783397637517,0.3233371910568852,0.8095306221655196,-0.7863025151798486,0.7063136238473992,0.6173787257086225,27.049703775591446,1.2568230890155891,-0.037780274384720425,0,0,0,0,0,0
tenYNetIncomeGrowthPerShare,2.561924027188715,2.067273392043248,3.543638036905742,5.020371647008961,10.723849157728713,3.5658897637124953,16.834974201882545,17.638498908074894,3.4990126183888624,-34.95694581113785,3.0539946588655327,0.05504856008817167,0.3331793790539619,0.014988249790347526,-4.294621928512875,-11.925204829717261,-4.127756640306578,-2.5186642271483306,-1.4948045529700644,-0.8283143476719815,-2.4564407892435476,-5.250263091481401,-4.186787903126684,-6.299473018247748,6.600000001964395,-12.000000003085653,-1.8181818188353045,-2.7272727278631947,-18.5909090716356,-7.090909095495999,-5.000000004056447,-5.5576014679084045,-5.049565723871615,-3.181818181897756,-1.4545454547531134,-0.9090909090493774,0
fiveYNetIncomeGrowthPerShare,0.6864195924584217,0.3734783924674408,0.5988963622192967,0.8042485964810767,2.757698886808122,1.112122062099758,1.2332156143591892,1.841733926143338,2.336775020222167,2.1199543951982873,1.1617546853202858,6.986230298233074,5.558847306781516,0.34831164556288025,-11.883795565537337,0.8753259499770172,-0.8678915432326566,-0.7967357194494341,-0.24721539480094015,-0.6972910866733816,-6.825763158586461,-24.675673131318767,-8.471377770038318,-1.657298979751615,-0.43283582091693396,-0.7500000000691871,-0.8204797359759521,-0.5734671701508222,7.062499990872268,12.400000003969415,-45.00000002451954,-5.5576014679084045,-5.049565723871615,-3.181818181897756,-1.4545454547531134,-0.9090909090493774,0
threeYNetIncomeGrowthPerShare,0.19065267253646595,-0.5302028499609551,0.56710795691899,0.5480332812383854,1.7291858249599634,0.273842774910317,0.28531780143690627,1.0701299769713926,0.9160841260743144,1.0639280003954834,1.0124437063952587,0.7956765562784067,0.574782612745623,3.5859517075260543,3.338841820130047,0.25518464412183545,-3.447184192107041,-0.5497332745952198,-0.5506654526907178,-1.0810316176632357,-0.49614962839459553,-6.607396268411483,-13.905107052234767,-15.131928037888816,1.0000000007469458,-0.9431524546761594,-0.8656716417849152,-0.5681818184721132,2.8596856692054082,0.5040894532445673,0.8333333351256741,9.026723224817786,-45.54522294223731,-3.181818181897756,-1.4545454547531134,-0.9090909090493774,0
tenYShareholdersEquityGrowthPerShare,1.127209592353712,1.1554063109600003,1.4514533479011016,1.3141449251009316,1.213927113014069,0.7463321210789415,1.6350180128917549,1.7454202921038633,1.6022504097649084,0.9314784639122254,0.826186942111622,0.6960837904024966,0.4763627523681514,2.3703419686220144,3.681846548869363,5.732884528388829,-1701.2497615436955,-57.93334377098649,-1.6358860077109003,-36.73390095451992,292.1802925987701,-266.21888956047366,28.930986603178994,4.865188488623497,2.101731031012006,0.5308263264718811,-1.0083176514592482,-1.2508780624440237,-23.44322046520487,-1.52198735982191,-0.93608064563965,-1.0706884728426744,-0.41700856884113385,0.20224578918919972,0.5969694161510942,1.1966653443937791,0
fiveYShareholdersEquityGrowthPerShare,0.8412164230322974,0.8392148995211605,0.6105035970042657,0.4809016946672142,0.4251183829249696,0.1553283827712186,0.17191651259521673,0.5221657079568809,0.5626593807234196,0.5535040032745329,0.5115461085532382,1.2484690543838233,0.8036277376061044,0.6652703985690209,0.24330446515810977,0.20815827699727882,-0.24567172178969743,-0.18144818823440861,1.023900725983104,2.765647659178943,4.572849730519202,-2254.9918105385877,-70.55374473875148,-1.3141883391548368,-10.489443566876696,51.60868438515308,-0.8823336942395101,-1.430328901996604,-19.667747200296443,-1.3268612125834995,-0.9709016421078969,-1.0706884728426744,-0.41700856884113385,0.20224578918919972,0.5969694161510942,1.1966653443937791,0
threeYShareholdersEquityGrowthPerShare,0.3236797021860124,0.33489859901372004,0.5972838012428703,0.47585173857453983,0.30931158488354815,0.06464372663781848,0.03434815218739636,0.14584488625125502,0.16792021293927245,0.39847272999869787,0.4400022810556822,0.37114203779271376,0.13785074106253314,0.6804893562713714,0.623635472322399,0.5864505614116603,-0.24181877681174296,-0.2378117933433504,-0.23877789231333466,0.0689495572167595,1.6576140759946094,2.784881769388363,4.189116047412521,-848.7631213325581,-20.744132051235766,-1.1498320236554216,-0.9840654159478383,-4.924915465035517,316.4947705427862,-1.8953602607577051,-0.946833372231266,-1.0442641368881334,-0.7346016166519183,0.20224578918919972,0.5969694161510942,1.1966653443937791,0
tenYDividendperShareGrowthPerShare,2.995623725055436,3.1183409815762735,5.2133950423592665,7.01002544278164,0,0,0,0,0,0,0,0,30.6167817862337,4.886102740247728,-1,-1,-1,-1,-1,-1,-1,-1,-0.6394288377833772,0.16772669530775386,0,0,0,0,0,0,0,0,0,0,0,0,0
fiveYDividendperShareGrowthPerShare,0.8009524736690032,0.8081028299058631,0.7004255557796386,0.7891775889581445,0.838177292004144,1.2186169726707572,1.2777139184006976,2.6540235597144086,3.4769314640510087,0,0,0,0,0,0,0,0,-1,-1,-1,-1,-1,-0.7474269671838891,-0.8976934539059043,0.13689251684478215,0.12637890952567066,0.20158062823653197,0.4275916878233838,10.41399783190555,0,0,0,0,0,0,0,0
threeYDividendperShareGrowthPerShare,0.33374693800835636,0.4560212759822174,0.4956342824791227,0.48164287139341433,0.2866869544054853,0.3250267098745652,0.48023950956636463,0.9514171571568926,0.8862066074933955,1.5577426431205326,1.6737620063387775,0,0,0,0,0,0,0,0,-1,-1,-1,-0.7727659090105143,0.02567430742168474,0.09181709336170524,-0.8803144731797673,-0.03542651204247758,0.013376941956201831,11.046446935509861,0.3709906468840449,0.21281598233394133,0,0,0,0,0,0
receivablesGrowth,0.04727019012733298,0.015409139213602551,0.016930835734870316,0.29932131991575006,0.0742928975487115,0.15356728538283063,0.09096661920582186,-0.008626097867001255,0.15486324941133853,0.2689037002987819,1.3455525606469003,0.08416130917592052,0.05227552275522755,-0.011550151975683891,0.13448275862068965,0.36792452830188677,0.10531803962460896,0.05733186328555678,-0.34417932031814896,0.42960512714492455,0.08465074559928243,0.32466953809594534,0.2257418532677954,0.101242983159583,0.13544274982927385,0.12439211671359099,2.61090573012939,0.4986149584487535,0.2491349480968858,0.920265780730897,0.09454545454545454,0.10887096774193548,0.3551912568306011,1.9047619047619047,-0.2125,0.45454545454545453,0
inventoryGrowth,0,0,0,0,0,0,0,0,0,0,0,0,0,0,0,0,0,0,-1,0.0539053905390539,0.036488027366020526,-0.04048140043763676,0.32926119837114604,0.06111111111111111,0.25386996904024767,0.06162695152013147,0,0,0,0,0,0,0,0,0,0,0
assetGrowth,0.0074342112469830465,0.03969037332867653,0.0466060615692694,0.34627090810862854,0.035728531855955675,0.08360248298053718,0.045406334921142974,0.0033120714299207242,-0.03732777276006086,0.0453243609727661,0.33141545885568696,0.051457869479211944,-0.0025128962899386817,-0.003526808150453636,0.02728137312621711,0.0703759719232932,-0.014785947618774714,-0.04090363598054215,-0.03488793598868308,1.9661594784405667,0.0667878974387668,0.24607817162618179,0.9359401784388625,0.15722965901813468,0.05919626755786443,0.2618185234282851,0.41657548425255064,0.3667320089727785,0.15833703972471266,0.5291738258877434,0.1371814703248392,-0.048824873194718704,0.08942506432699203,1.2907527297323413,0.02821659215101838,1.7880886426592797,0
bookValueperShareGrowth,0.06216787950970841,0.08524948567926618,0.1483126697586555,0.07117032310255228,0.298564119449521,0.061013233072157905,-0.04970419672626452,0.05590461382181446,0.03082096819408832,0.05273218142701605,0.07624719210722115,0.23430949953535185,0.08399449633675306,0.02478154900750539,0.024299408840054146,0.6009491821832446,-0.009888596949025476,0.000840644287960802,-0.23488973515200154,-0.004655863794265934,-0.0004279546054894605,0.07440951934085811,1.4746168507020216,0.42355583001193836,0.47302769756144364,-405.28637291690035,-0.9668458398545546,-0.9888216549477391,41.9957163576948,-9.166342808770672,-1.9042401368977173,-1.1212513067338918,-0.5150813282930797,0.15785387140383345,0.18702208552266295,0.40181512369472344,0
debtGrowth,-0.08587124132613724,0.015095336392185252,-0.08524918786859133,0.7309467748931161,0.057497624741997835,0.16010718154349024,0.09095244018741966,0.008088281396952788,0.1826338425033368,0.029229947340303746,0.251281235078784,0.07970167720648887,-0.10352477199901405,0.036171503368132046,0.08103537532355479,0.2397843481237431,-0.009367582231264835,-0.1260927544821455,-0.22669722142652535,1.8610532872199184,0.12861543015178564,0.17199475321690677,0.6538537389963605,-0.16642505940549668,-0.08740896320340416,0.043105901098275765,0.4076981615732767,0.12776385030602797,0.09037850616888714,1.2754118569987671,0.14046523517382414,0.020277759666166788,0.13784405371318348,1.0972459934650693,-0.08512455516014235,2.514257128564282,0
rdexpenseGrowth,0,0,0,0,0,0,0,0,0,0,0,0,0,0,0,0,0,0,0,0,0,0,0,0,0,0,0,0,0,0,0,0,0,0,0,0,0
sgaexpensesGrowth,0.07581020266392824,0.014773040733135134,0.16654152812041903,0.1010983819534664,0.0576258483574135,0.12549791461643,0.0743631054274494,-0.06986981361805751,0.19583356666853335,0,-1,0.0582003662045514,-0.0007841087297438578,-0.03554323166120494,0.21799201719373656,0.1244605558432591,0.09013925479864508,0.08118006103763988,0.9939148073022313,0.5876594100218987,0.24118634583100168,0.35086393088552914,0,0,-1,0,0,0,-1,0.4266917293233083,0.12473572938689217,0.08735632183908046,0.2844488188976378,0.2877059569074778,1.3070175438596492,0.062111801242236024,0
