,2021,2020,2019,2018,2017,2016,2015,2014,2013,2012,2011,2010,2009,2008,2007,2006,2005,2004,2003,2002,2001,2000,1999,1998
reportedCurrency,USD,USD,USD,USD,USD,USD,USD,USD,USD,USD,USD,USD,USD,USD,USD,USD,USD,USD,USD,USD,USD,USD,USD,USD
cik,0001075531,0001075531,0001075531,0001075531,0001075531,0001075531,0001075531,0001075531,0001075531,0001075531,0001075531,0001075531,0001075531,0001075531,0001075531,0001075531,0001075531,0001075531,0001075531,0001075531,0001075531,0001075531,0001075531,0001075531
fillingDate,2022-02-23,2021-02-24,2020-02-26,2019-02-27,2018-02-27,2017-02-27,2016-02-17,2015-02-19,2014-02-20,2013-02-27,2012-02-27,2011-02-25,2010-02-19,2009-02-20,2008-03-03,2007-03-01,2006-03-07,2005-03-15,2004-03-15,2003-03-31,2002-03-29,2001-03-30,1999-12-31,1998-12-31
acceptedDate,2022-02-23 17:19:51,2021-02-24 17:20:19,2020-02-26 17:08:40,2019-02-27 17:10:04,2018-02-27 17:17:39,2017-02-27 17:18:18,2016-02-17 08:32:42,2015-02-19 08:38:13,2014-02-20 16:38:33,2013-02-26 17:40:11,2012-02-27 16:59:00,2011-02-25 16:08:25,2010-02-18 19:16:19,2009-02-20 16:05:29,2008-03-03 07:02:44,2007-03-01 14:21:54,2006-03-07 16:41:25,2005-03-15 16:45:54,2004-03-15 15:13:15,2003-03-31 12:45:02,2002-03-29 00:00:00,2001-03-30 00:00:00,1999-12-31,1998-12-31
calendarYear,2021,2020,2019,2018,2017,2016,2015,2014,2013,2012,2011,2010,2009,2008,2007,2006,2005,2004,2003,2002,2001,2000,1999,1998
period,FY,FY,FY,FY,FY,FY,FY,FY,FY,FY,FY,FY,FY,FY,FY,FY,FY,FY,FY,FY,FY,FY,FY,FY
revenue,10958000000,6796000000,15066000000,14527000000,12681082000,10743006000,9223987000,8441971000,6793306000,5260956000,4355610000,3084905000,2338212000,1884806000,1409409000,1123103000,962660000,914372000,863661000,1003606000,1171753000,1235396000,482400000,35200000
costOfRevenue,0.0,0.0,0.0,0.0,250537000,428314000,632180000,857841000,1077420000,1177275000,1275730000,1175934000,1077449000,928835000,769997000,722004000,694797000,716217000,717716000,845240000,978847000,1025842000,419300000,34600000
grossProfit,0.0,0.0,0.0,0.0,12430545000,10314692000,8591807000,7584130000,5715886000,4083681000,3079880000,1908971000,1260763000,955971000,639412000,401099000,267863000,198155000,145945000,158366000,192906000,209554000,63100000,600000.0
grossProfitRatio,0.0,0.0,0.0,0.0,0.9802432473822029,0.9601308981862245,0.9314634766939719,0.89838380160273,0.8413997544052925,0.7762241311274986,0.7071064672916079,0.6188103037208601,0.539199610642662,0.5071986188498976,0.4536738448527007,0.357134652832376,0.27825296574075997,0.21671157909472294,0.16898412687385445,0.15779698407542403,0.16463025910750814,0.16962496236024724,0.13080431177446103,0.017045454545454544
researchAndDevelopmentExpenses,0.0,0.0,285000000,233000000,189344000,142393000,113617000,97498000,71890000,43685000,33813000,20998000,19139000,17956000,13779000,0.0,0.0,9171000.0,0.0,40964000,0.0,0.0,14000000,11100000
generalAndAdministrativeExpenses,3346000000,2824000000,3330000000,2974000000,2434466000,1948334000,1695263000,1400558000,1023576000,683684000,475947000,351256000,248707000,219052000,241987000,159876000,115457000,52026000,77694000,0.0,202735000,250018000,107200000,42400000
sellingAndMarketingExpenses,4682000000,2934000000,5922000000,5786000000,5095313000,4210210000,3365143000,2902440000,2161921000,1505063000,1117374000,704157000,482889000,386693000,208639000,145653000,89492000,93047000,42248000,0.0,0.0,0.0,0.0,0.0
sellingGeneralAndAdministrativeExpenses,8028000000,5758000000,9252000000,8760000000,7529779000,6158544000,5060406000,4302998000,3185497000,2188747000,1593321000,1055413000,731596000,605745000,450626000,305529000,204949000,145073000,119942000,0.0,202735000,250018000,107200000,42400000
otherExpenses,421000000,458000000,184000000,193000000,173430000,166742000,158877000,110322000,46085000,21456000,53824000,45763000,39193000,42796000,37072000,33449000,25366000,13501000,18171000,136988000,4194000.0,17385000,5300000.0,1900000.0
operatingExpenses,8449000000,6216000000,9721000000,9186000000,7892553000,6467679000,5332900000,4510818000,3303472000,2253888000,1680958000,1122174000,789928000,666497000,501477000,338978000,230315000,167745000,138113000,177952000,206929000,267403000,126500000,55400000
costAndExpenses,8449000000,6216000000,9721000000,9186000000,8143090000,6895993000,5965080000,5368659000,4380892000,3431163000,2956688000,2298108000,1867377000,1595332000,1271474000,1060982000,925112000,883962000,855829000,1023192000,1185776000,1293245000,545800000,90000000
interestIncome,16000000,54000000,152000000,187000000,157194000,94946000,55729000,13933000,4167000.0,3860000.0,8119000.0,3857000.0,2223000.0,11660000,0.0,11312000,5550000.0,5112000.0,2474000.0,0.0,0.0,9687000.0,0.0,0.0
interestExpense,334000000,356000000,266000000,269000000,253976000,207900000,160229000,88353000,83289000,62064000,31721000,29944000,24084000,9375000.0,0.0,7060000.0,5075000.0,3722000.0,907000.0,0.0,0.0,0.0,0.0,0.0
depreciationAndAmortization,599000000,642000000,641000000,426000000,362774000,309135000,272494000,207820000,117975000,65141000,53824000,50464000,39193000,43068000,40701000,36831000,28778000,14389000,11871000,18265000,16578000,17385000,5300000.0,1900000.0
ebitda,2398000000,1565000000,6865000000,5530000000,5015072000,3230273000,3561043000,3285621000,2497666000,1884603000,1450579000,826090000,505581000,344324000,185724000,105969000,70305000,49427000,24694000,-919000.0,9275000.0,-297760000,-1049800000,-110300000
ebitdaratio,0.21883555393319948,0.23028251912889935,0.45566175494490907,0.38067047566600126,0.395476663584385,0.3006861394287595,0.3860633151369359,0.3892006973253047,0.3676657580270931,0.35822443677536936,0.3330369339771008,0.2677845833178007,0.2162254748500136,0.18268405342512703,0.13177438202821182,0.09435376808716565,0.07303201545717075,0.054055679745224045,0.028592237000397147,-0.0009156979930371082,0.007915490722020767,-0.24102393078818451,-2.17620232172471,-3.133522727272727
operatingIncome,2496000000,-631000000,5345000000,5341000000,4537992000,2906313000,3258907000,3073312000,2412414000,1829793000,1398922000,786797000,470835000,289474000,137935000,61986000,35884000,30422000,8018000.0,-23324000,-13887000,-57849000,-63400000,-54800000
operatingIncomeRatio,0.2277787917503194,-0.09284873454973513,0.3547723350590734,0.3676602189027328,0.3578552681861059,0.2705307062101613,0.3533078483306622,0.3640514756565736,0.3551163454141474,0.3478061781927087,0.3211770567153625,0.255047400163052,0.2013654022817435,0.15358291516474373,0.09786726209354417,0.05519173219197171,0.03727588141192113,0.033270922556683714,0.009283735169238857,-0.023240195853751373,-0.01185147381743422,-0.04682628080388798,-0.13142620232172472,-1.5568181818181819
totalOtherIncomeExpensesNet,-1031000000,1198000000,613000000,-506000000,-139670000,-193075000,-130587000,-83864000,-115877000,-67924000,-31128000,-40514000,-28533000,6095000.0,12088000,3646000.0,-181000.0,1460000.0,-4121000.0,-26415000,-4470000.0,-266983000,-999200000,-57500000
incomeBeforeTax,1465000000,567000000,5958000000,4835000000,4398322000,2713238000,3128320000,2989448000,2296537000,1761869000,1367794000,746283000,442302000,295569000,150023000,65632000,35703000,31882000,0.0,0.0,0.0,0.0,0.0,0.0
incomeBeforeTaxRatio,0.13369227961306807,0.08343143025309005,0.3954599761051374,0.3328285261926069,0.34684122380093435,0.2525585483243703,0.33915052135264284,0.35411730270099245,0.3380588184898487,0.3348952167628849,0.31403041135455195,0.24191441875843828,0.18916248826026041,0.15681666972622116,0.10644390663036776,0.05843809517025598,0.03708786071925706,0.03486764686582704,0.0,0.0,0.0,0.0,0.0,0.0
incomeTaxExpense,300000000,508000000,1093000000,837000000,2057557000,578251000,576960000,567695000,403739000,337832000,308663000,218141000,-47168000,98408000,-12059000,-12388000,-156277000,-193000.0,0.0,0.0,0.0,0.0,0.0,0.0
netIncome,1165000000,59000000,4865000000,3998000000,2340765000,2134987000,2551360000,2421753000,1892663000,1419566000,1056371000,527541000,489472000,193473000,157082000,74466000,192729000,31509000,11916000,-19184000,-7303000.0,-315145000,-1055100000,-112200000
netIncomeRatio,0.10631502098923161,0.008681577398469689,0.32291251825302003,0.27521167481241826,0.1845871669310237,0.19873273830434424,0.2766005632922076,0.2868705661272705,0.27860705818345294,0.26983042625712894,0.24253112652418377,0.1710072109189748,0.20933602256767136,0.1026487606682067,0.11145238890911013,0.06630380294594529,0.20020464130638024,0.03445971661424453,0.013797080104346496,-0.019115071053780068,-0.006232542182524815,-0.2550963415779232,-2.1871890547263684,-3.1875
eps,28.43,1.45,112.93,84.26,47.78,43.14,50.09,46.3,37.17,28.48,21.27,11.0,11.54,4.92,4.13,1.88,4.87,0.78,0.28,-0.539892,-0.479904,-11.817636,-47.390522,-8.46
epsdiluted,28.3,1.44,111.82,83.26,46.86,42.65,49.45,45.67,36.11,27.66,20.63,10.35,9.88,3.98,3.42,1.68,4.21,0.76,0.27,-0.539892,-0.479904,-11.817636,-47.390522,-8.46
weightedAverageShsOut,40974000,40974000,43082000,47446000,48994000,49491000,50940000,52301000,50924000,49840000,49654000,47955000,42406000,39299000,37671000,38650000,39161000,38304000,37804000,37888076,34173500,27830898,22441487,23720000
weightedAverageShsOutDil,41160000,41160000,43509000,48017000,49954000,50063000,51593000,53023000,52413000,51326000,51211000,50988000,49522000,48671000,45504000,44722000,46436000,42327000,39009000,37888076,34173500,27830898,22441487,23720000
link,https://www.sec.gov/Archives/edgar/data/1075531/000107553122000008/0001075531-22-000008-index.htm,https://www.sec.gov/Archives/edgar/data/1075531/000107553121000019/0001075531-21-000019-index.htm,https://www.sec.gov/Archives/edgar/data/1075531/000107553120000011/0001075531-20-000011-index.html,https://www.sec.gov/Archives/edgar/data/1075531/000107553119000009/0001075531-19-000009-index.html,https://www.sec.gov/Archives/edgar/data/1075531/000107553118000015/0001075531-18-000015-index.html,https://www.sec.gov/Archives/edgar/data/1075531/000107553117000009/0001075531-17-000009-index.html,https://www.sec.gov/Archives/edgar/data/1075531/000107553116000084/0001075531-16-000084-index.html,https://www.sec.gov/Archives/edgar/data/1075531/000107553115000007/pcln-20141231_10k.htm,https://www.sec.gov/Archives/edgar/data/1075531/000107553114000007/pcln-20131231_10k.htm,https://www.sec.gov/Archives/edgar/data/1075531/000107553113000011/0001075531-13-000011-index.html,https://www.sec.gov/Archives/edgar/data/1075531/000107553112000005/0001075531-12-000005-index.html,https://www.sec.gov/Archives/edgar/data/1075531/000110465911010302/a11-2103_110k.htm,https://www.sec.gov/Archives/edgar/data/1075531/000110465910008002/0001104659-10-008002-index.html,https://www.sec.gov/Archives/edgar/data/1075531/000110465909011154/0001104659-09-011154-index.html,https://www.sec.gov/Archives/edgar/data/1075531/000110465908014464/a08-2574_110k.htm,https://www.sec.gov/Archives/edgar/data/1075531/000110465907015407/a07-5554_110k.htm,https://www.sec.gov/Archives/edgar/data/1075531/000110465906014649/a06-2010_110k.htm,https://www.sec.gov/Archives/edgar/data/1075531/000110465905011153/0001104659-05-011153-index.html,https://www.sec.gov/Archives/edgar/data/1075531/000110465904007430/0001104659-04-007430-index.html,https://www.sec.gov/Archives/edgar/data/1075531/000104746903011145/0001047469-03-011145-index.html,https://www.sec.gov/Archives/edgar/data/1075531/000100547702001441/0001005477-02-001441-index.html,https://www.sec.gov/Archives/edgar/data/1075531/000100547701002385/0001005477-01-002385-index.html,,
finalLink,https://www.sec.gov/Archives/edgar/data/1075531/000107553122000008/bkng-20211231.htm,https://www.sec.gov/Archives/edgar/data/1075531/000107553121000019/bkng-20201231.htm,https://www.sec.gov/Archives/edgar/data/1075531/000107553120000011/bkng1231201910k.htm,https://www.sec.gov/Archives/edgar/data/1075531/000107553119000009/bkng1231201810k.htm,https://www.sec.gov/Archives/edgar/data/1075531/000107553118000015/pcln-20171231_10k.htm,https://www.sec.gov/Archives/edgar/data/1075531/000107553117000009/pcln-20161231_10k.htm,https://www.sec.gov/Archives/edgar/data/1075531/000107553116000084/pcln-20151231_10k.htm,https://www.sec.gov/Archives/edgar/data/1075531/000107553115000007/pcln-20141231_10k.htm,https://www.sec.gov/Archives/edgar/data/1075531/000107553114000007/pcln-20131231_10k.htm,https://www.sec.gov/Archives/edgar/data/1075531/000107553113000011/pcln-20121231_10k.htm,https://www.sec.gov/Archives/edgar/data/1075531/000107553112000005/pcln-20111231_10k.htm,https://www.sec.gov/Archives/edgar/data/1075531/000110465911010302/a11-2103_110k.htm,https://www.sec.gov/Archives/edgar/data/1075531/000110465910008002/a09-35847_210k.htm,https://www.sec.gov/Archives/edgar/data/1075531/000110465909011154/a09-1364_110k.htm,https://www.sec.gov/Archives/edgar/data/1075531/000110465908014464/a08-2574_110k.htm,https://www.sec.gov/Archives/edgar/data/1075531/000110465907015407/a07-5554_110k.htm,https://www.sec.gov/Archives/edgar/data/1075531/000110465906014649/a06-2010_110k.htm,https://www.sec.gov/Archives/edgar/data/1075531/000110465905011153/a05-1832_110k.htm,https://www.sec.gov/Archives/edgar/data/1075531/000110465904007430/a04-3266_110k.htm,https://www.sec.gov/Archives/edgar/data/1075531/000104746903011145/a2107017z10-k.txt,https://www.sec.gov/Archives/edgar/data/1075531/000100547702001441/d02-36883.txt,https://www.sec.gov/Archives/edgar/data/1075531/000100547701002385/0001005477-01-002385-0001.txt,,
