,2021,2020,2019,2018,2017,2016,2015,2014,2013,2012,2011,2010,2009,2008,2007,2006,2005,2004,2003,2002,2001,2000,1999,1998,1997,1996,1995,1994,1993,1992,1991,1990,1989,1988,1987,1986
reportedCurrency,USD,USD,USD,USD,USD,USD,USD,USD,USD,USD,USD,USD,USD,USD,USD,USD,USD,USD,USD,USD,USD,USD,USD,USD,USD,USD,USD,USD,USD,USD,USD,USD,USD,USD,USD,USD
cik,0000052988,0000052988,0000052988,0000052988,0000052988,0000052988,0000052988,0000052988,0000052988,0000052988,0000052988,0000052988,0000052988,0000052988,0000052988,0000052988,0000052988,0000052988,0000052988,0000052988,0000052988,0000052988,0000052988,0000052988,0000052988,0000052988,0000052988,0000052988,0000052988,0000052988,0000052988,0000052988,0000052988,0000052988,0000052988,0000052988
fillingDate,2021-11-23,2020-11-24,2019-11-25,2018-11-21,2017-11-21,2016-11-22,2015-11-24,2014-11-24,2013-11-22,2012-11-20,2011-11-21,2010-11-23,2009-11-20,2008-11-26,2007-11-29,2006-12-08,2005-12-13,2004-12-13,2003-12-29,2002-12-27,2001-12-21,2000-12-27,1999-09-30,1998-12-28,1997-09-30,1996-12-27,1995-09-30,1994-12-28,1993-09-30,1992-09-30,1991-09-30,1990-09-30,1989-09-30,1988-09-30,1987-09-30,1986-09-30
acceptedDate,2021-11-23 07:03:48,2020-11-24 07:13:57,2019-11-25 07:28:00,2018-11-21 17:08:45,2017-11-21 17:06:49,2016-11-22 09:46:55,2015-11-23 21:36:08,2014-11-21 17:54:08,2013-11-22 15:56:16,2012-11-20 17:04:40,2011-11-21 17:26:43,2010-11-23 14:30:57,2009-11-20 15:16:24,2008-11-26 16:33:10,2007-11-28 19:49:10,2006-12-07 19:42:35,2005-12-13 16:07:52,2004-12-13 15:19:24,2003-12-29 10:12:25,2002-12-27 14:55:26,2001-12-21 00:00:00,2000-12-27 00:00:00,1999-09-30,1998-12-28 00:00:00,1997-09-30,1996-12-27 00:00:00,1995-09-30,1994-12-28 00:00:00,1993-09-30,1992-09-30,1991-09-30,1990-09-30,1989-09-30,1988-09-30,1987-09-30,1986-09-30
calendarYear,2021,2020,2019,2018,2017,2016,2015,2014,2013,2012,2011,2010,2009,2008,2007,2006,2005,2004,2003,2002,2001,2000,1999,1998,1997,1996,1995,1994,1993,1992,1991,1990,1989,1988,1987,1986
period,FY,FY,FY,FY,FY,FY,FY,FY,FY,FY,FY,FY,FY,FY,FY,FY,FY,FY,FY,FY,FY,FY,FY,FY,FY,FY,FY,FY,FY,FY,FY,FY,FY,FY,FY,FY
netIncome,477030000,491845000,847184000,162623000,292433000,210463000,302971000,328000000,423000000,379000000,331029000,246000000,400000000,420742000,287130000,196883000,151020000,128975000,128010000,109690000,87760000,50981000,65400000,54400000,46900000,40400000,32200000,18800000,28700000,26600000,20400000,14400000,10200000,6600000.0,3500000.0,900000.0
depreciationAndAmortization,250800000,181633000,169269000,198587000,122513000,129971000,149292000,145412000,98874000,100824000,95370000,88495000,86342000,73126000,55670000,48262000,47535000,34154000,35350000,35087000,38940000,40098000,31600000,23000000,18800000,17300000,14200000,11000000,8800000.0,7700000.0,6900000.0,5500000.0,4100000.0,3200000.0,2200000.0,2700000.0
deferredIncomeTax,113623000,82275000,-105939000,288126000,36663000,-27407000,-31177000,30799000,-4358000.0,-1036000.0,15853000,551000.0,342000.0,386000.0,-1450000.0,-223000.0,-4026000.0,-10923000,3036000.0,-3639000.0,0.0,14437000,-7200000.0,-5100000.0,0.0,0.0,0.0,0.0,-3600000.0,-3800000.0,-4300000.0,-3900000.0,-1700000.0,1500000.0,1900000.0,100000.0
stockBasedCompensation,56221000,48150000,69137000,79242000,38764000,32370000,41412000,43400000,39518000,32442000,29084000,24361000,24085000,0.0,0.0,0.0,0.0,0.0,0.0,0.0,0.0,0.0,0.0,0.0,0.0,0.0,0.0,0.0,0.0,0.0,0.0,0.0,0.0,0.0,0.0,0.0
changeInWorkingCapital,-31795000,559940000,-372829000,340938000,-11831000,-59728000,-400488000,-610000000,287000000,765692000,-428692000,6000000.0,348763000,171593000,224878000,224430000,154737000,38916000,124197000,-11014000,78340000,22560000,-53100000,19500000,22700000,42200000,7200000.0,5500000.0,13900000,26100000,21100000,6600000.0,10900000,-4700000.0,18900000,14200000
accountsReceivables,242154000,-107784000,0.0,0.0,0.0,0.0,0.0,0.0,0.0,0.0,0.0,0.0,0.0,0.0,0.0,0.0,0.0,0.0,0.0,0.0,0.0,0.0,0.0,0.0,0.0,0.0,0.0,0.0,0.0,0.0,0.0,0.0,0.0,-58000000,-24000000,23000000
inventory,0.0,0.0,0.0,0.0,0.0,0.0,0.0,0.0,0.0,0.0,0.0,0.0,0.0,0.0,0.0,0.0,0.0,0.0,0.0,0.0,0.0,0.0,0.0,0.0,0.0,0.0,0.0,0.0,0.0,0.0,0.0,0.0,0.0,0.0,0.0,0.0
accountsPayables,-165502000,-92838000,295146000,183057000,153961000,-44214000,-28943000,108241000,82389000,10673000,-15997000,-46920000,0.0,0.0,0.0,0.0,0.0,0.0,0.0,0.0,0.0,0.0,0.0,0.0,0.0,0.0,0.0,0.0,0.0,0.0,0.0,0.0,0.0,-44000000,-6000000.0,3000000.0
otherWorkingCapital,0.0,1598002000,1038062000,1410891000,1069953000,1081784000,1141512000,1542000000,2152000000,1865000000,1099308000,1528000000,1522000000,1173237000,1001644000,776766000,552336000,397599000,358683000,234486000,245500000,167160000,144600000,197700000,178200000,155500000,113300000,106100000,100600000,86700000,60600000,39500000,32900000,22000000,26700000,7800000.0
otherNonCashItems,-139603000,-556994000,-973258000,-588364000,96339000,394504000,422562000,784105000,-395518000,-977117000,193846000,-168437000,-326065000,-352436000,-205367000,-245821000,-187937000,-103360000,-143049000,30639000,-189932000,-46775000,45100000,-1300000.0,-44500000,-45600000,-21600000,6000000.0,-26100000,-58700000,-12000000,-20400000,-32400000,14700000,-26800000,200000.0
netCashProvidedByOperatingActivities,726276000,806849000,-366436000,481152000,574881000,680173000,484572000,721716000,448516000,299805000,236490000,196970000,533467000,313411000,360861000,223531000,161329000,87762000,147544000,160763000,15108000,81301000,81800000,90500000,43900000,54300000,32000000,41300000,21700000,-2100000.0,32100000,2200000.0,-8900000.0,21300000,-300000.0,18100000
investmentsInPropertyPlantAndEquipment,-92814000,-118269000,-135977000,-94884000,-118060000,-67688000,-88404000,-132146000,-127270000,-102574000,-98749000,-49075000,-55528000,-114786000,-64620000,-53980000,-43902000,-37110000,-25804000,-37182000,-28795000,-44369000,-240100000,-46300000,-28000000,-16700000,-39700000,-24300000,-9900000.0,-12100000,-8500000.0,-5600000.0,-6700000.0,-3900000.0,-3200000.0,-1900000.0
acquisitionsNet,-1709718000,-310919000,2225202000,-1480600000,-152226000,-68982000,-8101000.0,-1384342000,-34085000,-91575000,-711421000,-259492000,-23329000,-264067000,-88721000,-10955000,0.0,-163752000,0.0,-43529000,-28605000,-27284000,0.0,0.0,0.0,0.0,0.0,0.0,0.0,0.0,0.0,0.0,0.0,0.0,0.0,0.0
purchasesOfInvestments,0.0,0.0,0.0,0.0,0.0,-3403000.0,0.0,-25137000,-15000.0,-38000.0,-193000.0,-108492000,-34040000,0.0,-2853000.0,-3714000.0,0.0,-8772000.0,-5606000.0,-2686000.0,-4209000.0,-7772000.0,-1800000.0,-5400000.0,-20000000,-21700000,-3000000.0,-900000.0,-7500000.0,-15000000,0.0,0.0,-100000.0,0.0,0.0,0.0
salesMaturitiesOfInvestments,421315000,0.0,64708000,0.0,31701000,0.0,13000.0,58000.0,11000.0,15000.0,4667000.0,0.0,0.0,7431000.0,0.0,0.0,1564000.0,8321000.0,12443000,8499000.0,3023000.0,3169000.0,18300000,10000000,900000.0,300000.0,100000.0,18700000,2700000.0,12400000,1900000.0,1000000.0,1500000.0,0.0,0.0,0.0
otherInvestingActivites,474000.0,96000.0,-1584000.0,-2123000.0,2387000.0,452000.0,369000.0,22785000,4276000.0,13045000,3860000.0,42708000,17983000,-38488000,-9602000.0,1081000.0,-25992000,-1747000.0,1311000.0,-17633000,-5042000.0,-30449000,3000000.0,32100000,-22400000,-1900000.0,-2400000.0,-44600000,-9800000.0,700000.0,-900000.0,700000.0,200000.0,-6400000.0,-1500000.0,100000.0
netCashUsedForInvestingActivites,-1380743000,-429092000,2152349000,-1577607000,-236198000,-139621000,-96123000,-1518782000,-157083000,-181127000,-801836000,-374351000,-94914000,-409910000,-165796000,-67568000,-68330000,-203060000,-17656000,-92531000,-63628000,-106705000,-220600000,-9600000.0,-69500000,-40000000,-45000000,-51100000,-24500000,-14000000,-7500000.0,-3900000.0,-5100000.0,-10300000,-4700000.0,-1800000.0
debtRepayment,-3224640000,-2721475000,-4025536000,-4575573000,-1847499000,-1854831000,-2289299000,-681517000,-153693000,-579999000,-398583000,-217000.0,-47993000,0.0,0.0,0.0,0.0,0.0,0.0,0.0,0.0,0.0,0.0,0.0,0.0,0.0,0.0,0.0,0.0,0.0,0.0,0.0,0.0,0.0,0.0,0.0
commonStockIssued,38077000,37235000,64958000,53584000,62645000,43140000,33222000,44704000,46079000,43568000,45943000,36209000,43361000,46362000,34691000,29388000,37059000,27661000,27849000,21672000,18198000,16006000,14700000,0.0,0.0,8300000.0,6500000.0,6800000.0,6500000.0,6700000.0,4800000.0,1100000.0,9300000.0,0.0,0.0,0.0
commonStockRepurchased,-274948000,-337251000,-853676000,-2981000.0,-97180000,-152550000,-422316000,-78399000,0.0,0.0,0.0,0.0,0.0,0.0,0.0,0.0,0.0,0.0,0.0,-2003000.0,-9523000.0,-13714000,0.0,-18000000,-12100000,-3600000.0,0.0,0.0,0.0,0.0,0.0,0.0,0.0,200000.0,0.0,-1200000.0
dividendsPaid,-155972000,-143962000,-106396000,-86569000,-54234000,0.0,0.0,0.0,0.0,0.0,0.0,0.0,0.0,0.0,0.0,0.0,0.0,0.0,0.0,0.0,0.0,0.0,0.0,0.0,0.0,0.0,0.0,0.0,0.0,0.0,0.0,0.0,0.0,0.0,0.0,0.0
otherFinancingActivites,4416466000,2957138000,2951638000,5753959000,1693688000,1647215000,2125079000,1020132000,47907000,533707000,909573000,59638000,-34371000,52427000,-54986000,18931000,12603000,63691000,-82812000,-84372000,23476000,40555000,79600000,-17400000,32400000,4900000.0,100000.0,27600000,-6700000.0,0.0,-17300000,-4000000.0,800000.0,-10600000,18400000,-10200000
netCashUsedProvidedByFinancingActivities,798983000,-208315000,-1969012000,1142420000,-242580000,-317026000,-553314000,304920000,-59707000,-2724000.0,556933000,95630000,-39003000,98789000,-20295000,48319000,49662000,91352000,-54963000,-64703000,32151000,42847000,94300000,-35400000,20300000,9600000.0,6600000.0,34400000,-200000.0,6700000.0,-12500000,-2900000.0,10100000,-10400000,18400000,-11400000
effectOfForexChangesOnCash,19635000,61914000,20809000,-26758000,22332000,-28669000,-106923000,-31612000,-7778000.0,10870000,-24796000,-13026000,29649000,-11222000,4515000.0,-10064000,-2887000.0,-2134000.0,2761000.0,-4323000.0,-216000.0,-5077000.0,-3300000.0,-100000.0,-1600000.0,-100000.0,0.0,500000.0,-300000.0,300000.0,-500000.0,1100000.0,-100000.0,-100000.0,600000.0,500000.0
netChangeInCash,164151000,231356000,-162290000,19207000,118435000,194857000,-271788000,-523758000,223948000,126824000,-33209000,-94777000,429199000,-8932000.0,179285000,194218000,139774000,-26080000,77686000,-794000.0,-16585000,12366000,-47800000,-35400000,20300000,9600000.0,6600000.0,34400000,-200000.0,6700000.0,-12500000,-2900000.0,10100000,500000.0,14000000,5400000.0
cashAtEndOfPeriod,1026575000,862424000,631068000,793358000,774151000,655716000,460859000,732647000,1256405000,1032457000,905633000,938842000,1033619000,604420000,613352000,434067000,239849000,100075000,126155000,48469000,49263000,65848000,53500000,0.0,0.0,0.0,0.0,0.0,0.0,0.0,0.0,0.0,0.0,27500000,19000000,9400000.0
cashAtBeginningOfPeriod,862424000,631068000,793358000,774151000,655716000,460859000,732647000,1256405000,1032457000,905633000,938842000,1033619000,604420000,613352000,434067000,239849000,100075000,126155000,48469000,49263000,65848000,53482000,101300000,56000000,62900000,39100000,45600000,20500000,24000000,31800000,20200000,23700000,27600000,27000000,5000000.0,4000000.0
operatingCashFlow,726276000,806849000,-366436000,481152000,574881000,680173000,484572000,721716000,448516000,299805000,236490000,196970000,533467000,313411000,360861000,223531000,161329000,87762000,147544000,160763000,15108000,81301000,81800000,90500000,43900000,54300000,32000000,41300000,21700000,-2100000.0,32100000,2200000.0,-8900000.0,21300000,-300000.0,18100000
capitalExpenditure,-92814000,-118269000,-135977000,-94884000,-118060000,-77715000,-88404000,-132146000,-127270000,-102574000,-98749000,-49075000,-55528000,-114786000,-64620000,-53980000,-43902000,-37110000,-25804000,-37182000,-28795000,-44369000,-240100000,-46300000,-28000000,-16700000,-39700000,-24300000,-9900000.0,-12100000,-8500000.0,-5600000.0,-6700000.0,-3900000.0,-3200000.0,-1900000.0
freeCashFlow,633462000,688580000,-502413000,386268000,456821000,602458000,396168000,589570000,321246000,197231000,137741000,147895000,477939000,198625000,296241000,169551000,117427000,50652000,121740000,123581000,-13687000,36932000,-158300000,44200000,15900000,37600000,-7700000.0,17000000,11800000,-14200000,23600000,-3400000.0,-15600000,17400000,-3500000.0,16200000
link,https://www.sec.gov/Archives/edgar/data/52988/000005298821000065/0000052988-21-000065-index.htm,https://www.sec.gov/Archives/edgar/data/52988/000005298820000070/0000052988-20-000070-index.htm,https://www.sec.gov/Archives/edgar/data/52988/000005298819000069/0000052988-19-000069-index.html,https://www.sec.gov/Archives/edgar/data/52988/000005298818000036/0000052988-18-000036-index.html,https://www.sec.gov/Archives/edgar/data/52988/000156459017024192/0001564590-17-024192-index.html,https://www.sec.gov/Archives/edgar/data/52988/000156459016029571/0001564590-16-029571-index.html,https://www.sec.gov/Archives/edgar/data/52988/000005298815000155/0000052988-15-000155-index.html,https://www.sec.gov/Archives/edgar/data/52988/000005298814000173/0000052988-14-000173-index.html,https://www.sec.gov/Archives/edgar/data/52988/000005298813000140/0000052988-13-000140-index.html,https://www.sec.gov/Archives/edgar/data/52988/000005298812000086/0000052988-12-000086-index.html,https://www.sec.gov/Archives/edgar/data/52988/000119312511318681/0001193125-11-318681-index.html,https://www.sec.gov/Archives/edgar/data/52988/000119312510267422/0001193125-10-267422-index.html,https://www.sec.gov/Archives/edgar/data/52988/000119312509239188/0001193125-09-239188-index.html,https://www.sec.gov/Archives/edgar/data/52988/000119312508244600/0001193125-08-244600-index.html,https://www.sec.gov/Archives/edgar/data/52988/000119312507255216/0001193125-07-255216-index.html,https://www.sec.gov/Archives/edgar/data/52988/000119312506248847/d10k.htm,https://www.sec.gov/Archives/edgar/data/52988/000119312505241653/d10k.htm,https://www.sec.gov/Archives/edgar/data/52988/000119312504211891/d10k.htm,https://www.sec.gov/Archives/edgar/data/52988/000119312503099528/d10k.htm,https://www.sec.gov/Archives/edgar/data/52988/000089843002004659/d10k.htm,https://www.sec.gov/Archives/edgar/data/52988/000089843001504046/0000898430-01-504046-index.html,https://www.sec.gov/Archives/edgar/data/52988/000089843000003950/0000898430-00-003950-index.html,,https://www.sec.gov/Archives/edgar/data/52988/000089843098004557/0000898430-98-004557-index.html,,https://www.sec.gov/Archives/edgar/data/52988/000089843096005938/0000898430-96-005938-index.html,,https://www.sec.gov/Archives/edgar/data/52988/000089843094000977/0000898430-94-000977-index.html,,,,,,,,
finalLink,https://www.sec.gov/Archives/edgar/data/52988/000005298821000065/jec-20211001.htm,https://www.sec.gov/Archives/edgar/data/52988/000005298820000070/jec-20201002.htm,https://www.sec.gov/Archives/edgar/data/52988/000005298819000069/jecfy201910-k1.htm,https://www.sec.gov/Archives/edgar/data/52988/000005298818000036/jecfy201810-k.htm,https://www.sec.gov/Archives/edgar/data/52988/000156459017024192/jec-10k_20170929.htm,https://www.sec.gov/Archives/edgar/data/52988/000156459016029571/jec-10k_20160930.htm,https://www.sec.gov/Archives/edgar/data/52988/000005298815000155/fiscal2015form10-k.htm,https://www.sec.gov/Archives/edgar/data/52988/000005298814000173/fiscal2014form10-k.htm,https://www.sec.gov/Archives/edgar/data/52988/000005298813000140/fiscal2013form10-k.htm,https://www.sec.gov/Archives/edgar/data/52988/000005298812000086/jec-9282012x10k.htm,https://www.sec.gov/Archives/edgar/data/52988/000119312511318681/d219614d10k.htm,https://www.sec.gov/Archives/edgar/data/52988/000119312510267422/d10k.htm,https://www.sec.gov/Archives/edgar/data/52988/000119312509239188/d10k.htm,https://www.sec.gov/Archives/edgar/data/52988/000119312508244600/d10k.htm,https://www.sec.gov/Archives/edgar/data/52988/000119312507255216/d10k.htm,https://www.sec.gov/Archives/edgar/data/52988/000119312506248847/d10k.htm,https://www.sec.gov/Archives/edgar/data/52988/000119312505241653/d10k.htm,https://www.sec.gov/Archives/edgar/data/52988/000119312504211891/d10k.htm,https://www.sec.gov/Archives/edgar/data/52988/000119312503099528/d10k.htm,https://www.sec.gov/Archives/edgar/data/52988/000089843002004659/d10k.htm,https://www.sec.gov/Archives/edgar/data/52988/000089843001504046/d10k.txt,https://www.sec.gov/Archives/edgar/data/52988/000089843000003950/0000898430-00-003950-0001.txt,,https://www.sec.gov/Archives/edgar/data/52988/0000898430-98-004557.txt,,https://www.sec.gov/Archives/edgar/data/52988/0000898430-96-005938.txt,,https://www.sec.gov/Archives/edgar/data/52988/0000898430-94-000977.txt,,,,,,,,
