,2021,2020,2019,2018,2017,2016,2015,2014,2013,2012,2011,2010,2009,2008,2007,2006,2005,2004,2003,2002,2001,2000,1999,1998,1997,1996,1995,1994,1993,1992,1991,1990,1989,1988,1987,1986
period,FY,FY,FY,FY,FY,FY,FY,FY,FY,FY,FY,FY,FY,FY,FY,FY,FY,FY,FY,FY,FY,FY,FY,FY,FY,FY,FY,FY,FY,FY,FY,FY,FY,FY,FY,FY
revenuePerShare,108.24332918567676,103.15992974132031,92.36563771237138,76.92366362261517,53.029454636843425,91.26682094012469,96.91322885918389,97.29236758811493,91.4083286925314,85.34674563630097,82.60000318253425,79.88141846714035,93.40077542110579,92.80031866380777,71.4206368444137,63.70253527982177,49.439652742257806,40.964297312685176,41.82561654077179,42.15512712502496,37.19825902439163,32.69324315110836,27.914755347413646,20.47027582184124,17.084648224061084,17.36658408963729,16.99019407167748,11.626994642197491,11.448911144839325,11.54233080971078,10.921789207655547,9.797777777777778,9.336470588235294,9.754393917224862,4.34692854348403,2.8833333333333333
netIncomePerShare,3.663993732430066,3.7398679988442294,6.143154444661983,1.1824031526291299,2.4498031331155232,1.7519166257398051,2.4236322765925107,2.5137374217330994,3.27176536105439,2.969195575193507,2.633777827283866,1.9817294214316787,3.25807187306552,3.4699999951340725,2.4200000067425904,1.689999993733842,1.325000005702887,1.1499999991083543,1.1600000028997735,1.0149999954658584,0.8249999967097766,0.48750000119529824,0.6349999999029052,0.5300000022408088,0.4500000009594883,0.38999999845544553,0.317499999482337,0.18749999937666223,0.28749999987478225,0.27749999958270677,0.21499999984191176,0.16,0.12,0.08499999980681819,0.04749999969464286,0.0125
operatingCashFlowPerShare,5.578413751785797,6.135080675821586,-2.657124003857672,3.498371335504886,4.815958783613973,5.661833134942106,3.8763589239002614,5.531111332510749,3.469123197821917,2.3487590486039296,1.881593813153414,1.5867530249569015,4.345184569771609,2.584805340267824,3.041422430373482,1.9187405139058193,1.4154477944645814,0.7825260703372544,1.337013049198064,1.4875963558307757,0.14202483990760376,0.7774315450300885,0.7942354738846735,0.8817095625513456,0.4212153527104805,0.5241831662408587,0.31552794979611126,0.41190159437532714,0.21737804868581095,-0.021907894703897902,0.33830882328065526,0.024444444444444446,-0.10470588235294118,0.2743181811947314,-0.0040714285452551026,0.2513888888888889
freeCashFlowPerShare,4.865523756855155,5.235792387122284,-3.643129065239618,2.8084865053513264,3.826933065259278,5.014925124653509,3.1691665266745064,4.518366377229218,2.484731761648413,1.5451646767572311,1.0959136260204,1.191414117002594,3.8928990323526538,1.6381268070064439,2.4967896841062647,1.4553881693064745,1.030266028801966,0.45163636328619006,1.1031825666199393,1.1435382846172508,-0.12866653321520868,0.35315804013543783,-1.5370107031288975,0.43062500182065716,0.15255863571974124,0.36297029559219685,-0.07592391291968928,0.16954787177676905,0.11820557486140872,-0.14813909752159535,0.24872549001319205,-0.03777777777777778,-0.18352941176470589,0.22409090858161157,-0.04749999969464286,0.225
cashPerShare,7.790289875109452,9.200039539516705,4.57604037503535,5.61467543043276,6.485306190835218,5.458250439096668,3.686665546729383,5.61759003088525,9.714745374667409,8.084986368336937,7.2055201056601375,7.564406206196529,8.422115791874369,4.984853893975254,5.169476697438726,3.72593483073738,2.1043565512371325,0.8923144013240439,1.1431903786096471,0.44850063615858043,0.4631036330664737,0.6296639940116514,0.5194571864649148,0.9869301512315062,0.5373134339814786,0.6072029678922655,0.38553571365712347,0.4547872325306275,0.2053571427677016,0.23785714249946294,0.33514705857709776,0.22444444444444445,0.2788235294117647,0.39151515062534437,0.36778571192137754,0.18194444444444444
bookValuePerShare,45.62453722905818,44.2212388034734,41.4387304487807,42.565910016286644,37.09769623858591,35.50461571757968,34.33203740590527,34.251626648682205,32.58691448548976,29.162929710758046,26.35924446636857,23.031949345062593,21.388533216042745,18.516478219610303,15.538822318918461,12.216553237617855,10.007619232584773,8.961279698421183,7.63078105180728,6.435658873612245,5.611231461213183,4.788336107540888,4.4168425069699015,3.6797978096756156,3.1643923308409216,2.7357920683731005,2.3546273253534804,1.998670206121442,1.7410278738061726,1.4584398474309175,1.1266421560343318,0.9222222222222223,0.691764705882353,0.4829545443569215,0.4207142830096939,0.375
tangibleBookValuePerShare,-21.413590488040924,-3.3590644342047233,-2.776719093302008,3.5302538971614705,9.09446259529195,7.605170935546436,7.11598550481173,7.694488937256194,15.252769011818575,11.500736423176962,10.491789061629776,13.211529476211192,13.349949499885968,10.452358295185906,10.04886186758294,7.329413482370383,4.895779388043018,4.12905058799841,4.092051568701324,2.818033810002402,2.6249871704791987,2.2156430881496125,2.0331651373037976,2.927665453554468,2.44093817151586,2.344826723386825,1.941482916089197,1.6136968031459549,1.5917682919896479,1.361419170885084,1.023357842384786,0.8088888888888889,0.6223529411764706,0.40825757482971764,0.39899999743500003,0.3527777777777778
shareholdersEquityPerShare,45.62453722905818,44.2212388034734,41.4387304487807,42.565910016286644,37.09769623858591,35.50461571757968,34.33203740590527,34.251626648682205,32.58691448548976,29.162929710758046,26.35924446636857,23.031949345062593,21.388533216042745,18.516478219610303,15.538822318918461,12.216553237617855,10.007619232584773,8.961279698421183,7.63078105180728,6.435658873612245,5.611231461213183,4.788336107540888,4.4168425069699015,3.6797978096756156,3.1643923308409216,2.7357920683731005,2.3546273253534804,1.998670206121442,1.7410278738061726,1.4584398474309175,1.1266421560343318,0.9222222222222223,0.691764705882353,0.4829545443569215,0.4207142830096939,0.375
interestDebtPerShare,29.93129483693565,14.473432486275225,10.768075587171065,16.18398819218241,2.0952165535729246,3.3547068665562336,4.93813146463798,6.224328073388871,3.4859306354804778,4.228056156184388,4.589787247585252,0.72722219536952,0.17439644218551462,0.4671372711171906,0.3453807692554056,0.7909694052944761,0.8421233978769713,0.7134502805090519,0.16558612649783266,0.8484767032933396,1.7296798016706025,1.5804711597959809,1.4069036695096477,0.2572058834403925,0.532515992606644,0.357178216407215,0.3391925460308196,0.34109042439797066,0,0,0,0.1922222222222222,0.19411764705882353,0.18674242381800965,0.3406428549530102,0.09305555555555556
marketCap,18281841219.612,12493830000,12953604510,10165286310.144001,7008212580.63,6138796059.734,5017780854.993,6179675010.483,7829681409.288,4905358920,5076457414.314,4792813864.134,5192028002.771999,4506910466.987406,10291593205.10248,4355890651.131184,3499674777.39,2283979023.5099998,2455364218,1605364489.93,1748817567.895758,1073542208.90625,914055118.25,837169807.78125,703499998.5,569743592,560964567.84375,557733335.1875,589597826.34375,700945947,563372093.4375,209531250,122187500,99485294.34375,61595431.974918,38812536
enterpriseValue,21091753219.612,13472659000,13723682510,11542187310.144001,6472132580.63,5870831059.734,5154719854.993,6247407010.483,7011464409.288,4401358920,4738897414.314,3934212864.134,4176523002.7719994,3959131466.987406,9719220205.10248,4013970651.1311836,3355808777.39,2263919023.5099998,2347482218,1648589489.93,1883550567.895758,1172974208.90625,1005455118.25,762269807.78125,702999998.5,543843592,556264567.84375,546333335.1875,569097826.34375,678145947,531572093.4375,206631250,114987500,83585294.34375,59595431.974918,32412536
peRatio,38.32430081884158,25.401966066545356,15.290190218417722,62.50829409212719,23.965190592819553,29.168053575849434,16.561917988827314,18.840472592935974,18.509885128340425,12.942899525065963,15.335385764733605,19.482983187536583,12.980070006929997,10.711815000611791,35.84297428029979,22.12425984534563,23.173584805919745,17.708695665904244,19.18103443480978,14.635468045674173,19.927274018866886,21.05769225606108,13.976377954892966,15.389150878331803,14.999999968017057,14.102564158415843,17.42125987092391,29.666666765292554,20.543478269817072,26.35135139097744,27.61627909007353,14.55078125,11.979166666666668,15.073529446022727,17.59869484997657,43.12503999999999
priceToSalesRatio,1.2972623722532455,0.920900200671115,1.016936626286283,0.9608227237147716,1.1071205503065817,0.5598967672329027,0.4141849309171601,0.4867802292621504,0.6625216965043155,0.45028078942537175,0.48898301990066334,0.4833414546323114,0.4527799775679776,0.4005373961554761,1.2144948831660345,0.5869467963207353,0.6210601874587067,0.49714022541511255,0.5319706400098276,0.3523889266409419,0.4419561944880261,0.3139983681812239,0.31793221504347824,0.39844358087727855,0.3950915413343817,0.3167001623123958,0.32555543372047474,0.47841253661648653,0.5158787525975588,0.6335375515184383,0.5436380328452186,0.2376176570650941,0.15396610383064516,0.13135106198012939,0.19230543857295662,0.18695826589595374
pocfratio,25.172029944004755,15.48471894989025,-35.350250821425846,21.126975072625697,12.190718741148169,9.025345110338105,10.355077996650653,8.562474727570123,17.45686086848184,16.361831590533846,21.465843859419007,24.332709875280496,9.732613268996957,14.380192357598828,28.519549646823794,19.486740770323504,21.692781690768552,26.02469204792507,16.641572805400422,9.985907764410966,115.7544061355413,13.204538799107638,11.174267949266502,9.250495113604972,16.025056913439634,10.492515506445674,17.53014274511719,13.504439108656175,27.170406743951613,-333.78378428571426,17.550532505841122,95.24147727272727,-13.728932584269662,4.670671095950705,-205.31810658305997,2.144339005524862
pfcfRatio,28.860201905737043,18.144340526881408,-25.78278131736241,26.31666695181584,15.341266230383454,10.189583439399925,12.665790409606531,10.481664620796513,24.372852609178015,24.871135470590325,36.85509335865138,32.406868820000675,10.863369598990666,22.690549865260696,34.740610533661716,25.69073996102166,29.8029820858065,45.09158618633025,20.16891915557746,12.990382744353907,-127.77216102109723,29.068076706006988,-5.77419531427669,18.940493388716064,44.245282924528304,15.152755106382978,-72.85254127840909,32.80784324632353,49.96591748675848,-49.36239063380282,23.87169887447034,-61.626838235294116,-7.832532051282051,5.7175456519396555,-17.59869484997657,2.3958355555555557
pbRatio,3.0777298034831744,2.148288979921977,2.2667200221324304,1.7363661195477889,1.582578029169768,1.4392494318618536,1.1691703153363027,1.3827080823275915,1.8584147028392655,1.3177688380815655,1.5322897077544502,1.6763670508973616,1.9772277309918491,2.007401059702285,5.58214748967136,3.060601322872866,3.0681622957860575,2.2725548900775796,2.915822095921661,2.3082329706611837,2.9298383275826527,2.143881458912884,2.0093539640580347,2.2164940634928514,2.133110971801092,2.0103867043048695,2.349097855292085,2.783100474987525,3.3923925566383772,5.013919506437769,5.2700850648971,2.524472891566265,2.078018707482993,2.6529411825,1.986949418545742,1.4375013333333333
ptbRatio,3.0777298034831744,2.148288979921977,2.2667200221324304,1.7363661195477889,1.582578029169768,1.4392494318618536,1.1691703153363027,1.3827080823275915,1.8584147028392655,1.3177688380815655,1.5322897077544502,1.6763670508973616,1.9772277309918491,2.007401059702285,5.58214748967136,3.060601322872866,3.0681622957860575,2.2725548900775796,2.915822095921661,2.3082329706611837,2.9298383275826527,2.143881458912884,2.0093539640580347,2.2164940634928514,2.133110971801092,2.0103867043048695,2.349097855292085,2.783100474987525,3.3923925566383772,5.013919506437769,5.2700850648971,2.524472891566265,2.078018707482993,2.6529411825,1.986949418545742,1.4375013333333333
evToSales,1.4966511024776634,0.9930481186852633,1.077392426267881,1.090967387499146,1.0224334524510255,0.5354566757602979,0.4254883480838199,0.49211555813178415,0.5932868851995261,0.4040167908940701,0.4564680011136943,0.39675402018293665,0.3642210693967035,0.35185527212932255,1.1469500370077401,0.5408738195930324,0.5955294022822711,0.49277388368466124,0.508597302496468,0.3618771216580865,0.47600553447927707,0.34308104931474415,0.34972351939130436,0.36279558696932557,0.39481073711108616,0.3023032751528627,0.32282779167996634,0.46863384387330587,0.49794192522858516,0.6129301762472885,0.512951938085014,0.23432892946246314,0.14489352318548387,0.11035819163420914,0.18606129245993755,0.15612974951830444
enterpriseValueOverEBITDA,19.614305646769115,17.03235255447507,12.467155326143931,14.083859112621457,12.146871626468828,13.720036503063787,8.99569100433143,9.256748022283201,9.272633075210344,6.343002830411649,7.685055760939157,8.02874368211242,15.79987441418784,5.419481103609271,19.272236641409446,11.3533644590458,11.83314448609632,9.734020515740955,10.105869059662748,8.08762461884508,10.63275810854187,9.660469518252759,7.387620266348273,6.8181557046623436,7.300103826583593,6.458950023752969,8.240956560648149,12.88522016951651,9.778313167418386,12.651976623134328,12.656478415178572,6.819513201320132,5.298963133640553,5.886288334066902,6.850049652289425,7.537799069767442
evToOperatingCashFlow,29.04096131444795,16.697869118013408,-37.45178560512613,23.988650800877895,11.25821270946509,8.631379163439302,10.637675835568295,8.656323277415217,15.632584811440395,14.680738880272177,20.038468494710138,19.973665350733615,7.829018482440337,12.63239473722175,26.93341814466645,17.95710953349282,20.801026333703177,25.79611931713042,15.910387531854905,10.254781821252402,124.67239660416719,14.427549586182828,12.291627362469438,8.422870804212707,16.013667391799544,10.01553576427256,17.383267745117188,13.228410052966101,26.22570628312212,-322.92664142857143,16.559878300233645,93.92329545454545,-12.919943820224718,3.9241922227112678,-198.65143991639334,1.7907478453038674
evToFreeCashFlow,33.29600389543808,19.565858723750328,-27.31554022288436,29.881293066327007,14.167765012182015,9.744797246835464,13.011449321987136,10.596548349615821,21.82584190709923,22.315756245215002,34.404406925417995,26.601391961418575,8.738611000089968,19.932694610383415,32.80849107686809,23.674119593108763,28.577829437778362,44.69555049178709,19.2827519139149,13.340153340157467,-137.616027463707,31.76037606699475,-6.351580026847757,17.245923252969458,44.2138363836478,14.463925319148936,-72.24215166801947,32.13725501102941,48.22862935116525,-47.756756830985914,22.524241247351696,-60.77389705882353,-7.370993589743589,4.80375254849138,-17.027266278548,2.000773827160494
earningsYield,0.026093104861246802,0.03936703156678136,0.06540141003579242,0.015997876994149937,0.04172718744409318,0.03428408403733803,0.0603794802434477,0.053077224844929785,0.05402518670787985,0.07726244015595907,0.0652086628495303,0.051326842012557286,0.07704118694784425,0.09335486095893986,0.027899470400524914,0.04519925217793779,0.0431525811985959,0.05646943280669552,0.05213483159100105,0.0683271622662981,0.050182478499227384,0.04748858459132281,0.07154929576370764,0.06498084318661257,0.06666666680881307,0.07090909062826282,0.05740112984991403,0.0337078650564786,0.04867724865604779,0.03794871789165221,0.03621052628916409,0.06872483221476511,0.08347826086956521,0.06634146326385809,0.056822395554027766,0.023188384289034865
freeCashFlowYield,0.03464979223867497,0.05511360407497141,-0.03878557505844371,0.03799873296382619,0.06518366769618371,0.09813943876580013,0.0789528302348614,0.09540469345068675,0.04102925562449071,0.040207251541952406,0.027133291734431585,0.03085765568880959,0.09205246962166433,0.044071210523240915,0.02878475607189044,0.03892453084330049,0.033553689262399156,0.022177086338629515,0.04958123894921075,0.0769800258914339,-0.007826430984718838,0.03440200086555254,-0.17318430457790393,0.05279693508912272,0.02260127936588759,0.06599459919858125,-0.01372635713802292,0.030480516274475334,0.02001364230457714,-0.020258338122611328,0.04189060884432708,-0.016226696495152872,-0.12767263427109973,0.1749002213319895,-0.05682239555402776,0.4173909172026275
debtToEquity,0.6057687143910286,0.28834663752262835,0.2102029663546113,0.36625224512733706,0.05306714552050063,0.09034116432324661,0.13617631056831195,0.17094571690360028,0.09850236061500602,0.14184118998311068,0.000616362027269643,0.0003497667755140872,0.00038081992815451235,0.024797930825910284,0.021940030222459432,0.054575770052852204,0.07858030828252861,0.07836406385102092,0.021145184025802684,0.12326760077354977,0.275269350426119,0.2932019562773217,0.2976478346889426,0.06936722266348955,0.164038811400849,0.12808750882145378,0.0745393634840871,0.124750499001996,0,0,0,0,0.10714285714285714,0.24533333333333332,0.3967741935483871,0.03333333333333333
debtToAssets,0.5916765766105005,0.5260239852301452,0.5014538009376664,0.5370520398282591,0.4000221383446019,0.4116618129674069,0.448781686340199,0.47125621007806956,0.4208138575749244,0.4557683871911098,0.4506282246850446,0.38962425277540563,0.4070896364867916,0.47377284760688865,0.45603895178557047,0.498758533983862,0.5126028106134924,0.5119934680286851,0.49274173755320233,0.5845270922541673,0.6166450444433027,0.6382868527047565,0.6271922635633502,0.5322600619195046,0.5568395592582639,0.5049781659388646,0.552725229443716,0.6026962727993656,0.5048433048433049,0.5585727818124407,0.5890042291426374,0.6728419392983839,0.7235543018335684,0.7918978912319645,0.7359454855195912,0.6452036793692509
netDebtToEBITDA,2.613081626485016,1.2374513908905644,0.6995703982696017,1.6801044009210124,-1.0061127241128855,-0.626229837673112,0.23897728006477947,0.10035812553804029,-1.0820886442565325,-0.7263378162595908,-0.5474200422289901,-1.7521897244171618,-3.841676786247962,-0.749830604062491,-1.1349581211630895,-0.9671078124955805,-0.507295640951501,-0.08625063419583967,-0.4644300849372979,0.21205253113946654,0.7605760220383186,0.8189095700873003,0.671565025716385,-0.6699463327370304,-0.005192107995846314,-0.30760095011876487,-0.06962962962962962,-0.2688679245283019,-0.35223367697594504,-0.4253731343283582,-0.7571428571428571,-0.09570957095709572,-0.3317972350230415,-1.119718309859155,-0.22988505747126436,-1.4883720930232558
currentRatio,1.337070597310092,1.5432430071148426,1.3377232565508868,1.4485151602524469,1.55546568498936,1.6068281234047948,1.576181904999379,1.6561702127659574,2.139830508474576,2.0675443617630225,1.5341515856067287,2.2332526230831315,2.174382716049383,1.7439690754009043,1.7847205574279594,1.7460331638165763,1.7035275985708735,1.57966304813723,1.5866450555597353,1.3166945113361794,1.3503844238067306,1.2444349233691543,1.2471794871794872,1.5367906597882162,1.5471292600552655,1.6817185444980272,1.4437916177046612,1.4058913542463658,1.6122945830797322,1.5055393586005832,1.415068493150685,1.2424800491098833,1.2356733524355301,1.1795918367346938,1.420472440944882,1.2058047493403694
interestCoverage,9.462950738509779,8.616098125582742,4.828449437666225,8.441519020323085,32.59401744910677,22.188597640891217,22.84402399630826,46.17189822505902,51.83472803347281,51.007444805750474,58.97465621093306,40.51883735061779,212.81652949245543,,,,,,,,,,,,,,,,,,,,,,,
incomeQuality,1.5224954405383309,1.6404538015025059,-0.4325341366220325,2.9586958794266494,1.9658554267131274,3.2317937119588716,1.599400602697948,2.2003536585365855,1.060321513002364,0.7910422163588391,0.7144087073942162,0.8006910569105691,1.3336675,0.7449006754733305,1.2567861247518546,1.1353494207219517,1.0682624817904913,0.6804574529947665,1.1525974533239591,1.4656121797793782,0.172151321786691,1.5947313705105823,1.2507645259938838,1.6636029411764706,0.9360341151385928,1.3440594059405941,0.9937888198757764,2.1968085106382977,0.7560975609756098,-0.07894736842105263,1.5735294117647058,0.1527777777777778,-0.8725490196078431,3.227272727272727,-0.08571428571428572,20.11111111111111
dividendYield,0.008531525797996741,0.011522647578844917,0.008213621152156049,0.008516139866479932,0.007738635119302368,,,,,,,,,,,,,,,,,,,,,,,,,,,,,,,
payoutRatio,0.32696476112613465,0.2926979027945796,0.12558782979848535,0.5323293753036163,0.18545786556236812,0,0,0,0,0,0,0,0,0,0,0,0,0,0,0,0,0,0,0,0,0,0,0,0,0,0,0,0,0,0,0
salesGeneralAndAdministrativeToRevenue,0,0,0.13660661266076865,0.16740500954037482,0.16048543109568436,0,0.1127229003258155,0.12178022843639227,0.09925537315958707,0.10381861575178998,0,0.09409035901573215,0.08197436121042993,0,0,0,0,0,0,0.09028481267592123,0.09118565537012575,0.09098779680965632,0.10052173913043479,0.0875731759554519,0.08996967314388409,0.07976653696498054,0.07927572398583947,0.09401269514496483,0.0888091696561379,0.07312002892263196,0.0756537682138377,0.07564073486051259,0.07182459677419355,0.06469500924214418,0.10271620355916329,0.14017341040462428
researchAndDdevelopementToRevenue,0,0,0,0,0,0,0,0,0,0,0,0,0,0,0,0,0,0,0,0,0,0,0,0,0,0,0,0,0,0,0,0,0,0,0,0
intangiblesToTotalAssets,0.5988513736682228,0.5097337756173876,0.531952694262291,0.42455282566260166,0.4528938975802139,0.464203775477845,0.4369675488824322,0.4099834397918145,0.3080835853725598,0.3295803480040942,0.33138901727568293,0.2602476515798463,0.22284940167080605,0.22999258105790282,0.1921944780539213,0.20204640412854902,0.2503223619112036,0.2644081921967858,0.23693842000347198,0.23354643771983483,0.2040178800801521,0.19434243298063533,0.20119652515980987,0.09560371517027864,0.10131685030905671,0.07074235807860262,0.07847911593931448,0.07652656621728787,0.04245014245014245,0.029365329965266813,0.03767781622452903,0.04020496649586126,0.02773859896567936,0.03218645948945616,0.013628620102214651,0.02102496714848883
capexToOperatingCashFlow,-0.12779439221453,-0.14658133058354164,0.37107980656922357,-0.19720171588188348,-0.20536424059935882,-0.11425769620375993,-0.1824372848616924,-0.1830997234369198,-0.28375799302588983,-0.34213572155234234,-0.41756099623662735,-0.2491496166928974,-0.1040889127162505,-0.36624751524356197,-0.17907172013600806,-0.2414877578501416,-0.27212714391089016,-0.4228481575169208,-0.1748902022447541,-0.23128456174617293,-1.9059438707969287,-0.545737444803877,-2.93520782396088,-0.5116022099447514,-0.6378132118451025,-0.30755064456721914,-1.240625,-0.5883777239709443,-0.45622119815668205,5.761904761904762,-0.26479750778816197,-2.5454545454545454,0.7528089887640449,-0.18309859154929578,10.666666666666666,-0.10497237569060773
capexToRevenue,-0.0065859947240515465,-0.008717418584467061,-0.010675020340923614,-0.008968434388904186,-0.018650497636223985,-0.0070880962394099245,-0.007297170938895397,-0.01040929499803072,-0.010769165679471992,-0.009415641637598678,-0.009511866305825347,-0.004949072206534893,-0.004842417371588035,-0.010201242268261584,-0.007625705542974545,-0.00727368765723387,-0.007790948040648085,-0.008077514537240694,-0.005590604560489523,-0.008161713525216208,-0.007276990381332491,-0.01297740646082911,-0.08351304347826087,-0.02203607634096426,-0.01572503650454903,-0.009282934963868816,-0.02303987000174105,-0.020844055584148223,-0.008662175168431183,-0.010936370209689081,-0.008202258033388015,-0.0063506464050805175,-0.008442540322580645,-0.005149194613150251,-0.009990633780830472,-0.009152215799614644
capexToDepreciation,-0.3700717703349282,-0.6511426888285718,-0.8033189774855408,-0.4777956260983851,-0.9636528368418046,-0.5979410791638134,-0.5921549714653163,-0.908769565097791,-1.2871938022129175,-1.0173569784971832,-1.0354304288560343,-0.5545511045821798,-0.6431169071830627,-1.5697016109181412,-1.1607688162385486,-1.1184783059135552,-0.92357210476491,-1.0865491596884698,-0.7299575671852899,-1.0597087240288425,-0.7394709809964047,-1.1065140406005287,-7.598101265822785,-2.0130434782608697,-1.4893617021276595,-0.9653179190751445,-2.795774647887324,-2.209090909090909,-1.125,-1.5714285714285714,-1.2318840579710144,-1.018181818181818,-1.6341463414634145,-1.21875,-1.4545454545454546,-0.7037037037037037
stockBasedCompensationToRevenue,0.003989389632823734,0.0035490593886993967,0.005427674395746603,0.007489952761746401,0.006123732766140832,0.0029523473624100786,0.003418289250730014,0.003418668767231193,0.0033438822135725163,0.0029779695245089038,0.0028014776821904466,0.002456736587333602,0.002100374989099154,0,0,0,0,0,0,0,0,0,0,0,0,0,0,0,0,0,0,0,0,0,0,0
grahamNumber,61.32927861288241,61.00070415235445,75.68158115152909,33.65154512723252,45.219975461346216,37.410230522384374,43.26875621632776,44.01409890473188,48.97832791999443,44.13938084952479,39.522763775300696,32.046365817761284,39.596982406991835,38.022020395671085,29.08760694217519,21.55306092270944,17.272873231039494,15.227380339929342,14.11252585294495,12.123298184469663,10.20580636615109,7.247210622602854,7.943905670933114,6.624318007607311,5.660342076065613,4.899650528853911,4.101325264846547,2.9037716687169612,3.355931175363778,3.0176371192877647,2.3345516541316087,1.8220867158288598,1.3666618842575338,0.9610674086573775,0.6705508087207693,0.3247595264191645
roic,0.06023881425426684,0.056941133925069345,0.04825971614035276,0.06820674135919803,0.07191484228450241,0.06070962911325407,0.07675201041903541,0.08651179554390563,0.1242070181953212,0.11706068342498036,0.1300095731229,0.1161343976777939,0.19807628471113947,0.23806058030364563,0.20916172224438673,0.1663583769747596,0.1539398173943311,0.14313891114913402,0.1861162727458134,0.18463591793625952,0.16797663656713543,0.1778882047870632,0.17049748110831234,0.19694899817850636,0.17562724014336917,0.18757259001161442,0.18916008614501076,0.1308641975308642,0.24692019282271024,0.26515151515151514,0.28308501314636286,0.24008810572687225,0.20109439124487005,0.1733102253032929,0.07606679035250463,0.06806282722513089
returnOnTangibleAssets,0.0812678209378739,0.0812037863456059,0.15790673448036577,0.022347573247004565,0.07241823099056416,0.05336997447934206,0.0691126207847246,0.06575781876503609,0.08404530101331215,0.0826608505997819,0.0818423750109402,0.070995670995671,0.11621150493898896,0.12771914912992996,0.10486878527446929,0.08645582621624956,0.08558643311654308,0.08466020717545718,0.1004234715251094,0.08549286806008584,0.0708098268806238,0.04570921868177486,0.06709756848261003,0.07448993564288649,0.0701255980861244,0.07593984962406015,0.06544715447154471,0.040360669815371404,0.08539125260339185,0.08653220559531555,0.0815021973631642,0.05913757700205339,0.04932301740812379,0.03784403669724771,0.030224525043177894,0.012080536912751677
grahamNetNet,-40.84258491174708,-22.15178231975303,-21.65803947587867,-30.055981706607724,-5.03852517382927,-6.554208668725496,-8.973615477533258,-8.430216963129297,0.8256760101478869,-2.532433956942747,-2.0868632942412044,2.892036025585255,3.626641253706057,0.3780310077837765,1.8297325652623762,-0.09558466160218605,-1.7041345176644644,-2.527396392690524,-1.0279062598932114,-2.7389916916573442,-2.8014653489002637,-2.72094586149974,-2.6438914369046036,-0.31566176604048174,-0.6891524534949945,-0.18027846463256053,-0.364089673319419,-0.40043217951983984,-0.056598432031098246,-0.03181860897470886,-0.05585784309618296,-0.28805555555555556,-0.29911764705882354,-0.356742423431646,-0.7996964234305229,-0.18020833333333333
workingCapital,1081971000,1598002000,1038062000,1410891000,1069953000,1081784000,1141512000,1542000000,2152000000,1865000000,1099308000,1528000000,1522000000,1173237000,1001644000,776766000,552336000,397599000,358683000,234486000,245500000,167160000,144600000,197700000,178200000,155500000,113300000,106100000,100600000,86700000,60600000,39500000,32900000,22000000,26700000,7800000
tangibleAssetValue,-2787921000,-441764000,-382929000,485537000,1085606000,913632000,889548000,1004000000,1972000000,1468000000,1318671000,1640000000,1639000000,1267362000,1192285000,853868000,558008000,463082000,451572000,304542000,279235000,231704000,209400000,300500000,254400000,242900000,196900000,161800000,158900000,130500000,97100000,72800000,52900000,31700000,29400000,25400000
netCurrentAssetValue,-4365877000,-1959087000,-1636252000,-2234866000,43673000,-165370000,-371503000,-92000000,979000000,495000000,431310000,942000000,1015000000,723321000,732370000,394562000,130907000,23152000,146967000,-3586000,-13982000,-32606000,-35700000,136200000,89500000,94500000,73500000,63500000,87700000,81300000,53400000,31700000,18600000,1800000,3800000,-3400000
investedCapital,0.6437937044542286,0.3165997559714099,0.24518316038434973,0.3670984542250243,0.05376063149451534,0.09090877120261386,0.13929019547992716,0.1791645363712744,0.10391002153522694,0.14184118998311068,0.1714684749839118,0.028120898984557097,0.007043264571217706,0.025228192185188764,0.022226959171475033,0.06474570935923901,0.08414822529768323,0.07961477651844179,0.021699761187436394,0.1318399125802486,0.30825315505638307,0.33006688008115875,0.3185315453945922,0.0698967434471803,0.16828380836870832,0.1305575158786168,0.1440536013400335,0.17065868263473055,0,0,0,0.20843373493975903,0.28061224489795916,0.38666666666666666,0.8096774193548387,0.24814814814814815
averageReceivables,3134364000,3167310000,3003759500,2840622000,2634926500,2641486500,2858026500,3017655000,2858155000,2758155000,2622402000,2413655000,2393155000,2562541500,2349956000,2235786000,2098616500,2034877000,1972683000,2006335000,1992235000,1939144500,1876655000,1781055000,1774705000,1722005000,1729705000,1729155000,1684355000,1684355000,1661055000,1666705000,1653505000,1640055000,1583905000,1599005000
averagePayables,985097500,1061754000,1067199500,918971500,872679500,792090500,814310000,842377000,759877000,719377000,706526500,682877000,701377000,881922500,841861500,785510500,659383500,628836000,628986000,645666500,629733000,642908500,624027000,581777000,585427000,561277000,562777000,577427000,552327000,561027000,556577000,564027000,560127000,,,
averageInventory,,,,,,,,,,,,,,,,,,,,,,,,,,,,,,,,,,,,
daysSalesOutstanding,80.32690912527907,85.21193191555228,81.38538450861637,86.7302077275193,121.2342684805958,70.43104134681764,76.78944247844295,82.45923591965341,78.72609578608902,78.70249678722232,73.04082563257683,61.10326744655102,51.53353100200575,63.50666969778866,66.01389077374596,64.14746128358084,66.71194823212986,71.69682438969708,61.528377344575496,67.73032497369756,75.37627688499828,75.90281876674128,74.39652173913043,68.58407500832897,78.32556441648883,56.13979988882713,61.87481864082178,91.10910962429233,64.3197130107621,66.44161243673175,54.52282157676349,68.75311862100249,64.25214213709678,54.35965143913388,0.5697783328129878,53.976396917148364
daysPayablesOutstanding,30.01042324728524,35.29411427203265,38.1562742426546,33.642261343750185,49.21328335132446,20.735003848275934,20.391880190339638,21.409942566613314,16.757217321571773,15.0109086942293,14.534306238226396,12.927880694395899,12.564607308701797,26.924986286038614,31.258506398722993,28.654512810346567,19.4275484670088,18.19798399820845,17.951053634420912,21.096846059802857,20.90329980998285,27.78758228006805,27.799149666816565,20.555985837574685,26.059485635756822,14.102694458566345,15.32442748091603,33.532168936254195,15.872782564622401,22.47472684570612,20.421247414825295,30.717821782178216,29.747144051267764,0,0,0
daysOfInventoryOnHand,0,0,0,0,0,0,0,0,0,0,0,0,0,0,0,0,0,0,0,0,0,0,0,0,0,0,0,0,0,0,0,0,0,0,0,0
receivablesTurnover,4.543931840209865,4.283437680555424,4.484834742795337,4.208452966545661,3.010699900073387,5.182374035940507,4.753257586190526,4.426429567642956,4.636327971753629,4.637718177948063,4.997205286754137,5.973493975903614,7.082767140210006,5.74742781721885,5.529139332977511,5.690014736302982,5.471283775583223,5.090880985412945,5.932222102265133,5.389018879530614,4.842372362817564,4.808780568765041,4.906143344709897,5.32193515704154,4.660036639623136,6.501626310083123,5.899007189318726,4.006185567010309,5.674776564051639,5.493545183714002,6.694444444444445,5.308850090307044,5.680744452397995,6.714539007092198,640.6,6.762214983713355
payablesTurnover,12.162440929020157,10.341667655596305,9.565923488199731,10.84944903882946,7.416696776647333,17.603083301590463,17.89928131163273,17.048154093097914,21.78165938864629,24.315649867374006,25.112997759743124,28.23355263157895,29.04985337243402,13.55618146365642,11.676821513612415,12.737958673937246,18.787753926844168,20.057166773854366,20.333068321968423,17.301164305097593,17.46135793477381,13.135363714669534,13.129898013955986,17.756385068762278,14.006416131989,25.88157894736842,23.818181818181817,10.885069817400645,22.995337995337994,16.240464344941955,17.873540856031127,11.882352941176471,12.270085470085471,,,
inventoryTurnover,,,,,,,,,,,,,,,,,,,,,,,,,,,,,,,,,,,,
roe,0.08030752649687098,0.084571760087157,0.14824668560382354,0.02777817159733497,0.06603653006807048,0.0493433484726428,0.07059389595607381,0.07339030778060325,0.10040120130156036,0.10181403599166468,0.09991856294076526,0.08604262677646546,0.15232797126180495,0.18740064681733534,0.1557389586594506,0.13833689100866067,0.13239912259937825,0.12832988566476322,0.15201589392019552,0.15771500873478603,0.1470265488801288,0.10180989601535306,0.14376786106836667,0.1440296531638867,0.14220739842328683,0.14255469301340862,0.13484087102177555,0.09381237524950099,0.16513233601841196,0.19027181688125894,0.19083255378858746,0.17349397590361446,0.17346938775510204,0.176,0.11290322580645161,0.03333333333333333
capexPerShare,-0.712889994930642,-0.899288288699302,-0.9860050613819458,-0.6898848301535598,-0.9890257183546954,-0.6469080102885968,-0.7071923972257553,-1.0127449552815309,-0.9843914361735041,-0.8035943718466987,-0.785680187133014,-0.39533890795430743,-0.45228553741895544,-0.9466785332613803,-0.5446327462672176,-0.4633523445993447,-0.3851817656626152,-0.3308897070510644,-0.2338304825781248,-0.3440580712135249,-0.27069137312281244,-0.4242735048946507,-2.331246177013571,-0.4510845607306884,-0.2686567169907393,-0.1612128706486619,-0.3914518627158005,-0.2423537225985581,-0.09917247382440224,-0.12623120281769745,-0.08958333326746323,-0.06222222222222222,-0.07882352941176471,-0.050227272613119836,-0.04342857114938776,-0.02638888888888889
