,2021,2020,2019,2018,2017,2016,2015,2014,2013,2012,2011,2010,2009,2008,2007,2006,2005,2004,2003,2002,2001
reportedCurrency,USD,USD,USD,USD,USD,USD,USD,USD,USD,USD,USD,USD,USD,USD,USD,USD,USD,USD,USD,USD,USD
cik,0001289490,0001289490,0001289490,0001289490,0001289490,0001289490,0001289490,0001289490,0001289490,0001289490,0001289490,0001289490,0001289490,0001289490,0001289490,0001289490,0001289490,0001289490,0001289490,0001289490,0001289490
fillingDate,2022-02-28,2021-02-26,2020-02-25,2019-02-26,2018-03-01,2017-02-27,2016-02-29,2015-03-02,2014-03-03,2013-02-28,2012-02-29,2011-02-25,2010-02-26,2009-02-27,2008-02-29,2007-02-28,2006-03-13,2005-03-15,2003-12-31,2002-12-31,2001-12-31
acceptedDate,2022-02-28 16:57:00,2021-02-26 16:05:52,2020-02-25 16:20:41,2019-02-26 16:22:26,2018-03-01 16:42:49,2017-02-27 17:35:12,2016-02-29 17:35:04,2015-03-02 17:07:29,2014-03-03 16:31:45,2013-02-28 16:12:33,2012-02-29 14:16:40,2011-02-25 16:08:45,2010-02-26 17:38:10,2009-02-27 08:01:00,2008-02-29 09:00:27,2007-02-28 16:56:04,2006-03-13 07:25:22,2005-03-15 16:01:24,2003-12-31,2002-12-31,2001-12-31
calendarYear,2021,2020,2019,2018,2017,2016,2015,2014,2013,2012,2011,2010,2009,2008,2007,2006,2005,2004,2003,2002,2001
period,FY,FY,FY,FY,FY,FY,FY,FY,FY,FY,FY,FY,FY,FY,FY,FY,FY,FY,FY,FY,FY
netIncome,827649000,481779000,419967000,415289000,479013000,366127000,189474000,178355000,172076000,117309000,50449000,26331000,31977000,46888000,36094000,14876000,-4966000.0,-18462000,-18330000,-9542000.0,-4924000.0
depreciationAndAmortization,241879000,224444000,219857000,209050000,193296000,182560000,133457000,115076000,95232000,74453000,58014000,50349000,52403000,49566000,39801000,37172000,31005000,15552000,6805000.0,5652000.0,3105000.0
deferredIncomeTax,0.0,0.0,0.0,0.0,0.0,0.0,0.0,0.0,0.0,0.0,0.0,0.0,0.0,0.0,0.0,0.0,0.0,0.0,0.0,0.0,0.0
stockBasedCompensation,17303000,16281000,13051000,11176000,9561000.0,8045000.0,6055000.0,4984000.0,4819000.0,4356000.0,5757000.0,4580000.0,3809000.0,3500000.0,0.0,0.0,0.0,0.0,0.0,0.0,0.0
changeInWorkingCapital,-22434000,-460406000,-88945000,-53772000,292534000,-528474000,203753000,-205678000,183705000,142274000,-242409000,-115789000,69722000,213566000,-36300000,-4800000.0,-41400000,-31900000,0.0,0.0,0.0
accountsReceivables,0.0,0.0,0.0,0.0,0.0,0.0,0.0,0.0,0.0,0.0,0.0,0.0,0.0,0.0,10494000,10832000,-19820000,-1243000.0,1995000.0,0.0,0.0
inventory,0.0,0.0,0.0,0.0,0.0,0.0,0.0,0.0,0.0,0.0,0.0,0.0,0.0,0.0,0.0,0.0,0.0,0.0,0.0,0.0,0.0
accountsPayables,0.0,0.0,0.0,0.0,0.0,0.0,0.0,0.0,0.0,0.0,0.0,0.0,0.0,0.0,3157000.0,3371000.0,2029000.0,-3775000.0,-3212000.0,0.0,0.0
otherWorkingCapital,0.0,-704319000,-243913000,-154968000,-101196000,-393730000,134744000,-69009000,136669000,-47036000,-189310000,53099000,168888000,99166000,-114400000,-78100000,-73300000,-31900000,0.0,0.0,0.0
otherNonCashItems,-111961000,509134000,143756000,96052000,-377029000,511005000,-165410000,244844000,-184573000,-122513000,272353000,139344000,-76746000,-216856000,61737000,27272000,30132000,28652000,6183000.0,5503000.0,-2641000.0
netCashProvidedByOperatingActivities,952436000,771232000,707686000,677795000,597375000,539263000,367329000,337581000,271259000,215879000,144164000,104815000,81165000,96664000,101332000,74520000,14771000,-6158000.0,-5342000.0,1613000.0,-4460000.0
investmentsInPropertyPlantAndEquipment,-3659000.0,-7093000.0,-7764000.0,-4297000.0,-7819000.0,-4968000.0,-7380000.0,-4830000.0,-6524000.0,-3367000.0,-199975000,-71533000,-1148000.0,-2342000.0,-230397000,-210781000,-101705000,-247292000,-63430000,0.0,0.0
acquisitionsNet,-23068000,-64421000,-193777000,-16370000,-17363000,-11288000,-1159207000,0.0,-1516000.0,998000.0,0.0,0.0,0.0,0.0,-183690000,-174305000,-530972000,-245717000,0.0,0.0,0.0
purchasesOfInvestments,0.0,-300000000,0.0,0.0,0.0,0.0,0.0,0.0,0.0,0.0,-4088000.0,-9699000.0,-108732000,-241698000,-10838000,-31536000,-4505000.0,-6401000.0,-647000.0,0.0,0.0
salesMaturitiesOfInvestments,0.0,0.0,0.0,0.0,0.0,0.0,0.0,0.0,0.0,0.0,4614000.0,8802000.0,5967000.0,25067000,0.0,1811000.0,25938000,0.0,0.0,0.0,0.0
otherInvestingActivites,-810813000,-583913000,-420089000,-423231000,-344374000,-1015779000,-459077000,-560118000,-358936000,-604569000,-52470000,-11276000,-497000.0,-3781000.0,171346000,175033000,-3590000.0,238112000,6320000.0,-69249000,-11383000
netCashUsedForInvestingActivites,-837540000,-955427000,-621630000,-443898000,-369556000,-1032035000,-1625664000,-564948000,-366976000,-606938000,-251919000,-83706000,-104410000,-222754000,-253579000,-239778000,-614834000,-261298000,-57757000,-69249000,-11383000
debtRepayment,-5500290000,-2589730000,-2008733000,-1278786000,-1108595000,-1144637000,-1540782000,-533128000,-664372000,-1009494000,-452347000,-256560000,-308965000,-58296000,-32164000,-98866000,-1240191000,-325917000,-61613000,0.0,0.0
commonStockIssued,273189000,103468000,198827000,90231000,0.0,123424000,446877000,0.0,205988000,429588000,112349000,0.0,0.0,276601000,1721000.0,194474000,271537000,283604000,0.0,0.0,0.0
commonStockRepurchased,0.0,-67873000,0.0,0.0,0.0,0.0,0.0,0.0,0.0,0.0,0.0,0.0,0.0,0.0,0.0,0.0,0.0,-19129000,0.0,0.0,0.0
dividendsPaid,-600994000,-467765000,-458114000,-424907000,-393040000,-367818000,-269302000,-210091000,-163014000,-88287000,-52027000,-42443000,-32800000,-79120000,-60664000,-50005000,-34585000,-10560000,0.0,0.0,0.0
otherFinancingActivites,5661384000,3263371000,2180007000,1366211000,1285641000,1849862000,2649678000,891526000,813053000,1063553000,479514000,192694000,432988000,33500000,189930000,161803000,1607626000,352041000,129997000,66863000,21441000
netCashUsedProvidedByFinancingActivities,-166711000,241471000,-88013000,-247251000,-215994000,460831000,1286471000,148307000,191655000,395360000,87489000,-106309000,91223000,172685000,98823000,207406000,604387000,280039000,68384000,66863000,21441000
effectOfForexChangesOnCash,0.0,0.0,0.0,0.0,0.0,0.0,0.0,0.0,0.0,0.0,0.0,0.0,0.0,0.0,0.0,0.0,0.0,0.0,0.0,0.0,0.0
netChangeInCash,-51815000,57276000,-1957000.0,-13354000,11825000,-31941000,28136000,-79060000,95938000,4301000.0,-20266000,-85200000,67978000,46595000,-53424000,42148000,4324000.0,12583000,5285000.0,66863000,21441000
cashAtEndOfPeriod,76194000,128009000,70733000,72690000,55683000,43858000,75799000,47663000,126723000,30785000,26484000,46750000,131950000,63972000,17377000,70801000,28653000,24329000,11746000,0.0,0.0
cashAtBeginningOfPeriod,128009000,70733000,72690000,86044000,43858000,75799000,47663000,126723000,30785000,26484000,46750000,131950000,63972000,17377000,70801000,28653000,24329000,11746000,6461000.0,0.0,0.0
operatingCashFlow,952436000,771232000,707686000,677795000,597375000,539263000,367329000,337581000,271259000,215879000,144164000,104815000,81165000,96664000,101332000,74520000,14771000,-6158000.0,-5342000.0,1613000.0,-4460000.0
capitalExpenditure,-3659000.0,-7093000.0,-7764000.0,-4297000.0,-7819000.0,-4968000.0,-7380000.0,-4830000.0,-6524000.0,-3367000.0,-199975000,-107595000,-1148000.0,-2342000.0,-230397000,-210781000,-101705000,-247292000,-177808000,0.0,0.0
freeCashFlow,948777000,764139000,699922000,673498000,589556000,534295000,359949000,332751000,264735000,212512000,-55811000,-2780000.0,80017000,94322000,-129065000,-136261000,-86934000,-253450000,-183150000,1613000.0,-4460000.0
link,https://www.sec.gov/Archives/edgar/data/1289490/000162828022004274/0001628280-22-004274-index.htm,https://www.sec.gov/Archives/edgar/data/1289490/000162828021003458/0001628280-21-003458-index.htm,https://www.sec.gov/Archives/edgar/data/1289490/000162828020002202/0001628280-20-002202-index.html,https://www.sec.gov/Archives/edgar/data/1289490/000162828019001968/0001628280-19-001968-index.html,https://www.sec.gov/Archives/edgar/data/1289490/000162828018002649/0001628280-18-002649-index.html,https://www.sec.gov/Archives/edgar/data/1289490/000162828017001815/0001628280-17-001815-index.html,https://www.sec.gov/Archives/edgar/data/1289490/000119312516485633/0001193125-16-485633-index.html,https://www.sec.gov/Archives/edgar/data/1289490/000119312515073584/d851024d10k.htm,https://www.sec.gov/Archives/edgar/data/1289490/000104746914001686/a2218605z10-k.htm,https://www.sec.gov/Archives/edgar/data/1289490/000104746913001942/0001047469-13-001942-index.html,https://www.sec.gov/Archives/edgar/data/1289490/000104746912001880/0001047469-12-001880-index.html,https://www.sec.gov/Archives/edgar/data/1289490/000104746911001398/a2202138z10-k.htm,https://www.sec.gov/Archives/edgar/data/1289490/000104746910001564/0001047469-10-001564-index.html,https://www.sec.gov/Archives/edgar/data/1289490/000104746909001926/0001047469-09-001926-index.html,https://www.sec.gov/Archives/edgar/data/1289490/000104746908001991/a2182948z10-k.htm,https://www.sec.gov/Archives/edgar/data/1289490/000110465907014990/a07-6564_110k.htm,https://www.sec.gov/Archives/edgar/data/1289490/000104746906003235/a2168325z10-k.htm,https://www.sec.gov/Archives/edgar/data/1289490/000119312505051025/d10k.htm,,,
finalLink,https://www.sec.gov/Archives/edgar/data/1289490/000162828022004274/exr-20211231.htm,https://www.sec.gov/Archives/edgar/data/1289490/000162828021003458/exr-20201231.htm,https://www.sec.gov/Archives/edgar/data/1289490/000162828020002202/q4201910kexrdocument.htm,https://www.sec.gov/Archives/edgar/data/1289490/000162828019001968/q4201810kexrdocument.htm,https://www.sec.gov/Archives/edgar/data/1289490/000162828018002649/exr-12312017x10k.htm,https://www.sec.gov/Archives/edgar/data/1289490/000162828017001815/exr-12312016x10k.htm,https://www.sec.gov/Archives/edgar/data/1289490/000119312516485633/d103311d10k.htm,https://www.sec.gov/Archives/edgar/data/1289490/000119312515073584/d851024d10k.htm,https://www.sec.gov/Archives/edgar/data/1289490/000104746914001686/a2218605z10-k.htm,https://www.sec.gov/Archives/edgar/data/1289490/000104746913001942/a2213217z10-k.htm,https://www.sec.gov/Archives/edgar/data/1289490/000104746912001880/a2207592z10-k.htm,https://www.sec.gov/Archives/edgar/data/1289490/000104746911001398/a2202138z10-k.htm,https://www.sec.gov/Archives/edgar/data/1289490/000104746910001564/a2196671z10-k.htm,https://www.sec.gov/Archives/edgar/data/1289490/000104746909001926/a2190987z10-k.htm,https://www.sec.gov/Archives/edgar/data/1289490/000104746908001991/a2182948z10-k.htm,https://www.sec.gov/Archives/edgar/data/1289490/000110465907014990/a07-6564_110k.htm,https://www.sec.gov/Archives/edgar/data/1289490/000104746906003235/a2168325z10-k.htm,https://www.sec.gov/Archives/edgar/data/1289490/000119312505051025/d10k.htm,,,
