,2021,2020,2019,2018,2017,2016,2015,2014,2013,2012,2011,2010,2009,2008,2007,2006,2005,2004,2003,2002,2001,2000,1999,1998,1997,1996,1995,1994,1993,1992,1991,1990,1989
reportedCurrency,USD,USD,USD,USD,USD,USD,USD,USD,USD,USD,USD,USD,USD,USD,USD,USD,USD,USD,USD,USD,USD,USD,USD,USD,USD,USD,USD,USD,USD,USD,USD,USD,USD
cik,0000320193,0000320193,0000320193,0000320193,0000320193,0000320193,0000320193,0000320193,0000320193,0000320193,0000320193,0000320193,0000320193,0000320193,0000320193,0000320193,0000320193,0000320193,0000320193,0000320193,0000320193,0000320193,0000320193,0000320193,0000320193,0000320193,0000320193,0000320193,0000320193,0000320193,0000320193,0000320193,0000320193
fillingDate,2021-10-29,2020-10-30,2019-10-31,2018-11-05,2017-11-03,2016-10-26,2015-10-28,2014-10-27,2013-10-30,2012-10-31,2011-10-26,2010-10-27,2009-10-27,2008-11-05,2007-11-15,2006-12-29,2005-12-01,2004-12-03,2003-12-19,2002-12-19,2001-12-21,2000-12-14,1999-12-22,1998-09-25,1997-12-05,1996-12-19,1995-12-19,1994-12-13,1993-09-30,1992-09-30,1991-09-30,1990-09-30,1989-09-30
acceptedDate,2021-10-28 18:04:28,2020-10-29 18:06:25,2019-10-30 18:12:36,2018-11-05 08:01:40,2017-11-03 08:01:37,2016-10-26 16:42:16,2015-10-28 16:31:09,2014-10-27 17:11:55,2013-10-29 20:38:28,2012-10-31 17:07:19,2011-10-26 16:35:25,2010-10-27 16:36:21,2009-10-27 16:18:29,2008-11-05 06:16:23,2007-11-15 16:49:37,2006-12-29 06:05:58,2005-11-30 21:22:48,2004-12-02 18:05:49,2003-12-19 17:25:45,2002-12-19 17:20:21,2001-12-21 00:00:00,2000-12-14 00:00:00,1999-12-22 00:00:00,1998-09-25,1997-12-05 00:00:00,1996-12-19 00:00:00,1995-12-19 00:00:00,1994-12-13 00:00:00,1993-09-30,1992-09-30,1991-09-30,1990-09-30,1989-09-30
calendarYear,2021,2020,2019,2018,2017,2016,2015,2014,2013,2012,2011,2010,2009,2008,2007,2006,2005,2004,2003,2002,2001,2000,1999,1998,1997,1996,1995,1994,1993,1992,1991,1990,1989
period,FY,FY,FY,FY,FY,FY,FY,FY,FY,FY,FY,FY,FY,FY,FY,FY,FY,FY,FY,FY,FY,FY,FY,FY,FY,FY,FY,FY,FY,FY,FY,FY,FY
netIncome,94680000000,57411000000,55256000000,59531000000,48351000000,45687000000,53394000000,39510000000,37037000000,41733000000,25922000000,14013000000,5704000000,4834000000,3496000000,1989000000,1335000000,276000000,69000000,65000000,-25000000,786000000,601000000,309000000,-1045000000,-816000000,424000000,310178000,86600000,530400000,309800000,474900000,454000000
depreciationAndAmortization,11284000000,11056000000,12547000000,10903000000,10157000000,10505000000,11257000000,7946000000,6757000000,3277000000,1814000000,1027000000,703000000,473000000,317000000,225000000,179000000,150000000,113000000,118000000,102000000,84000000,85000000,111000000,118000000,156000000,127000000,167958000,166100000,217200000,204400000,202700000,124800000
deferredIncomeTax,-4774000000,-215000000,-340000000,-32590000000,5966000000,4938000000,1382000000,2347000000,1141000000,4405000000,2868000000,1440000000,-519000000,-368000000,78000000,53000000,505000000,20000000,-11000000,-34000000,-36000000,163000000,-35000000,1000000.0,-7000000.0,-439000000,73000000,40800000,19000000,100900000,8000000.0,138900000,111300000
stockBasedCompensation,7906000000,6829000000,6068000000,5340000000,4840000000,4210000000,3586000000,2863000000,2253000000,1740000000,1168000000,879000000,710000000,516000000,242000000,163000000,42000000,33000000,16000000,0.0,0.0,0.0,0.0,0.0,0.0,0.0,0.0,0.0,0.0,0.0,0.0,0.0,0.0
changeInWorkingCapital,-4911000000,5690000000,-3488000000,34694000000,-5550000000,484000000,11647000000,7047000000,6478000000,-299000000,5757000000,1212000000,3535000000,4119000000,1325000000,-221000000,465000000,448000000,126000000,-103000000,211000000,157000000,377000000,387000000,670000000,1109000000,-797000000,247729000,-946700000,20700000,-400700000,145300000,-109000000
accountsReceivables,-10125000000,6917000000,245000000,-5322000000,-2093000000,1095000000,611000000,-4232000000,-2172000000,-5551000000,143000000,-2142000000,-939000000,-785000000,-385000000,-357000000,-121000000,-8000000.0,-201000000,-99000000,487000000,-272000000,274000000,72000000,469000000,435000000,-350000000,-199401000,0.0,0.0,0.0,0.0,0.0
inventory,-2642000000,-127000000,-289000000,828000000,-2723000000,217000000,-238000000,-76000000,-973000000,-15000000,275000000,-596000000,54000000,-163000000,-76000000,-105000000,-64000000,-45000000,-11000000,-34000000,22000000,-13000000,58000000,359000000,225000000,1113000000,-687000000,418204000,-926500000,91600000,-316200000,119900000,-13900000
accountsPayables,12326000000,-4062000000,-1923000000,9175000000,9618000000,1791000000,5400000000,5938000000,2340000000,4467000000,2515000000,6307000000,92000000,596000000,1494000000,1611000000,328000000,297000000,243000000,110000000,-356000000,345000000,93000000,34000000,-107000000,-374000000,283000000,139095000,0.0,0.0,0.0,0.0,0.0
otherWorkingCapital,1676000000,2081000000,-625000000,-44000000,-626000000,-1554000000,1042000000,1460000000,1459000000,2824000000,1654000000,1097000000,5562000000,5150000000,81000000,-1040000000,-61000000,-39000000,-30000000,-11000000,12000000,-15000000,-3000000.0,83000000,-7000000.0,-439000000,73000000,15873000,0.0,0.0,0.0,0.0,0.0
otherNonCashItems,-147000000,-97000000,-652000000,-444000000,-166000000,0.0,0.0,0.0,0.0,0.0,0.0,24000000,26000000,22000000,12000000,11000000,9000000.0,7000000.0,-24000000,43000000,-67000000,-364000000,-230000000,-33000000,452000000,509000000,-67000000,-29670000,13200000,14500000,7200000.0,2100000.0,-73800000
netCashProvidedByOperatingActivities,104038000000,80674000000,69391000000,77434000000,63598000000,65824000000,81266000000,59713000000,53666000000,50856000000,37529000000,18595000000,10159000000,9596000000,5470000000,2220000000,2535000000,934000000,289000000,89000000,185000000,826000000,798000000,775000000,188000000,519000000,-240000000,736995000,-661800000,883700000,128700000,963900000,507300000
investmentsInPropertyPlantAndEquipment,-11085000000,-7309000000,-10495000000,-13313000000,-12451000000,-12734000000,-11247000000,-9571000000,-8165000000,-8295000000,-4260000000,-2005000000,-1144000000,-1091000000,-735000000,-657000000,-260000000,-176000000,-164000000,-174000000,-232000000,-107000000,-47000000,-46000000,-53000000,-67000000,-159000000,-159587000,-213100000,-194900000,-218300000,-224300000,-239000000
acquisitionsNet,-33000000,-1524000000,-624000000,-721000000,-329000000,-297000000,-343000000,-3765000000,-496000000,-350000000,-244000000,-638000000,0.0,-220000000,0.0,40000000,0.0,0.0,0.0,-27000000,340000000,372000000,0.0,24000000,-384000000,0.0,0.0,0.0,0.0,0.0,0.0,0.0,0.0
purchasesOfInvestments,-109689000000,-115148000000,-40631000000,-73227000000,-159881000000,-143816000000,-166402000000,-217128000000,-148489000000,-151232000000,-102317000000,-57811000000,-46825000000,-23003000000,-11736000000,-7280000000,-11470000000,-3270000000,-2648000000,-4144000000,-4269000000,-4499000000,-4348000000,-2313000000,-999000000,-437000000,-1672000000,-312073000,-1432000000,-2121300000,-610700000,-1424400000,-984700000
salesMaturitiesOfInvestments,106870000000,120483000000,98724000000,104072000000,126339000000,111794000000,121985000000,208111000000,124447000000,112805000000,69853000000,46718000000,30678000000,16243000000,9424000000,8312000000,9195000000,1947000000,3607000000,4100000000,5089000000,3331000000,3400000000,1723000000,963000000,440000000,1531000000,473595000,2153100000,1473000000,944500000,1172700000,787400000
otherInvestingActivites,-608000000,-791000000,-1078000000,-745000000,-124000000,-924000000,-267000000,-226000000,-1071000000,-1155000000,-3451000000,-118000000,-143000000,-118000000,-202000000,-58000000,-21000000,11000000,33000000,-7000000.0,-36000000,-27000000,31000000,69000000,-60000000,-55000000,-102000000,-3737000.0,-15200000,-69400000,-57200000,-97500000,33200000
netCashUsedForInvestingActivites,-14545000000,-4289000000,45896000000,16066000000,-46446000000,-45977000000,-56274000000,-22579000000,-33774000000,-48227000000,-40419000000,-13854000000,-17434000000,-8189000000,-3249000000,357000000,-2556000000,-1488000000,828000000,-252000000,892000000,-930000000,-964000000,-543000000,-533000000,-119000000,-402000000,-1802000.0,492800000,-912600000,58300000,-573500000,-403100000
debtRepayment,-8750000000,-12629000000,-8805000000,-6500000000,-3500000000,-2500000000,0.0,0.0,0.0,0.0,0.0,0.0,0.0,0.0,0.0,0.0,0.0,-300000000,0.0,0.0,0.0,0.0,0.0,-25000000,-161000000,-275000000,-2000000.0,0.0,0.0,0.0,0.0,0.0,0.0
commonStockIssued,1105000000,880000000,781000000,669000000,555000000,495000000,543000000,730000000,530000000,665000000,831000000,912000000,475000000,483000000,365000000,318000000,543000000,427000000,53000000,105000000,42000000,85000000,86000000,41000000,34000000,39000000,86000000,82081000,85300000,157200000,257700000,103500000,96000000
commonStockRepurchased,-85971000000,-72358000000,-66897000000,-72738000000,-32900000000,-29722000000,-35253000000,-45000000000,-22860000000,0.0,0.0,0.0,0.0,-124000000,-3000000.0,-355000000,0.0,0.0,-26000000,0.0,0.0,-116000000,-75000000,0.0,0.0,0.0,0.0,0.0,-273500000,-212600000,-184700000,-569600000,-12900000
dividendsPaid,-14467000000,-14081000000,-14119000000,-13712000000,-12769000000,-12150000000,-11561000000,-11126000000,-10564000000,-2488000000,0.0,0.0,0.0,0.0,0.0,0.0,0.0,0.0,0.0,0.0,0.0,0.0,0.0,0.0,0.0,-14000000,-58000000,-56572000,-55600000,-57200000,-56500000,-53800000,-50300000
otherFinancingActivites,14730000000,11368000000,-1936000000,4405000000,31267000000,23394000000,28555000000,17847000000,16515000000,125000000,613000000,345000000,188000000,757000000,377000000,361000000,0.0,0.0,0.0,0.0,0.0,0.0,0.0,3000000.0,150000000,646000000,169000000,-233627000,590700000,35900000,26000000,65900000,-71100000
netCashUsedProvidedByFinancingActivities,-93353000000,-86820000000,-90976000000,-87876000000,-17347000000,-20483000000,-17716000000,-37549000000,-16379000000,-1698000000,1444000000,1257000000,663000000,1116000000,739000000,324000000,543000000,127000000,27000000,105000000,42000000,-31000000,11000000,19000000,23000000,396000000,195000000,-208118000,346900000,-76700000,42500000,-454000000,-38300000
effectOfForexChangesOnCash,0.0,0.0,0.0,0.0,0.0,0.0,0.0,0.0,0.0,0.0,0.0,0.0,0.0,0.0,0.0,0.0,0.0,0.0,0.0,0.0,0.0,0.0,0.0,0.0,0.0,0.0,0.0,0.0,0.0,0.0,0.0,0.0,0.0
netChangeInCash,-3860000000,-10435000000,24311000000,5624000000,-195000000,-636000000,7276000000,-415000000,3513000000,931000000,-1446000000,5998000000,-6612000000,2523000000,2960000000,2901000000,522000000,-427000000,1144000000,-58000000,1119000000,-135000000,-155000000,251000000,-322000000,796000000,-447000000,527075000,346900000,-76700000,42500000,-454000000,-38300000
cashAtEndOfPeriod,35929000000,39789000000,50224000000,25913000000,20289000000,20484000000,21120000000,13844000000,14259000000,10746000000,9815000000,11261000000,5263000000,11875000000,9352000000,6392000000,3491000000,2969000000,3396000000,2252000000,2310000000,1191000000,1326000000,1481000000,1230000000,1552000000,756000000,1203488000,0.0,0.0,0.0,0.0,0.0
cashAtBeginningOfPeriod,39789000000,50224000000,25913000000,20289000000,20484000000,21120000000,13844000000,14259000000,10746000000,9815000000,11261000000,5263000000,11875000000,9352000000,6392000000,3491000000,2969000000,3396000000,2252000000,2310000000,1191000000,1326000000,1481000000,1230000000,1552000000,756000000,1203000000,676413000,498600000,604100000,374700000,438300000,372400000
operatingCashFlow,104038000000,80674000000,69391000000,77434000000,63598000000,65824000000,81266000000,59713000000,53666000000,50856000000,37529000000,18595000000,10159000000,9596000000,5470000000,2220000000,2535000000,934000000,289000000,89000000,185000000,826000000,798000000,775000000,188000000,519000000,-240000000,736995000,-661800000,883700000,128700000,963900000,507300000
capitalExpenditure,-11085000000,-7309000000,-10495000000,-13313000000,-12795000000,-13548000000,-11488000000,-9813000000,-9076000000,-9402000000,-7452000000,-2121000000,-1213000000,-1199000000,-986000000,-657000000,-260000000,-176000000,-164000000,-174000000,-232000000,-107000000,-47000000,-56000000,-53000000,-67000000,-159000000,-159587000,-213100000,-194900000,-218300000,-224300000,-239000000
freeCashFlow,92953000000,73365000000,58896000000,64121000000,50803000000,52276000000,69778000000,49900000000,44590000000,41454000000,30077000000,16474000000,8946000000,8397000000,4484000000,1563000000,2275000000,758000000,125000000,-85000000,-47000000,719000000,751000000,719000000,135000000,452000000,-399000000,577408000,-874900000,688800000,-89600000,739600000,268300000
link,https://www.sec.gov/Archives/edgar/data/320193/000032019321000105/0000320193-21-000105-index.htm,https://www.sec.gov/Archives/edgar/data/320193/000032019320000096/0000320193-20-000096-index.htm,https://www.sec.gov/Archives/edgar/data/320193/000032019319000119/0000320193-19-000119-index.html,https://www.sec.gov/Archives/edgar/data/320193/000032019318000145/0000320193-18-000145-index.html,https://www.sec.gov/Archives/edgar/data/320193/000032019317000070/0000320193-17-000070-index.html,https://www.sec.gov/Archives/edgar/data/320193/000162828016020309/0001628280-16-020309-index.html,https://www.sec.gov/Archives/edgar/data/320193/000119312515356351/0001193125-15-356351-index.html,https://www.sec.gov/Archives/edgar/data/320193/000119312514383437/0001193125-14-383437-index.html,https://www.sec.gov/Archives/edgar/data/320193/000119312513416534/0001193125-13-416534-index.html,https://www.sec.gov/Archives/edgar/data/320193/000119312512444068/0001193125-12-444068-index.html,https://www.sec.gov/Archives/edgar/data/320193/000119312511282113/0001193125-11-282113-index.html,https://www.sec.gov/Archives/edgar/data/320193/000119312510238044/0001193125-10-238044-index.html,https://www.sec.gov/Archives/edgar/data/320193/000119312509214859/0001193125-09-214859-index.html,https://www.sec.gov/Archives/edgar/data/320193/000119312508224958/0001193125-08-224958-index.html,https://www.sec.gov/Archives/edgar/data/320193/000104746907009340/0001047469-07-009340-index.html,https://www.sec.gov/Archives/edgar/data/320193/000110465906084288/a06-25759_210k.htm,https://www.sec.gov/Archives/edgar/data/320193/000110465905058421/a05-20674_110k.htm,https://www.sec.gov/Archives/edgar/data/320193/000104746904035975/a2147337z10-k.htm,https://www.sec.gov/Archives/edgar/data/320193/000104746903041604/a2124888z10-k.htm,https://www.sec.gov/Archives/edgar/data/320193/000104746902007674/0001047469-02-007674-index.html,https://www.sec.gov/Archives/edgar/data/320193/000091205701544436/a2066171z10-k405.htm,https://www.sec.gov/Archives/edgar/data/320193/000091205700053623/0000912057-00-053623-index.html,https://www.sec.gov/Archives/edgar/data/320193/000091205799010244/0000912057-99-010244-index.html,,https://www.sec.gov/Archives/edgar/data/320193/000104746997006960/0001047469-97-006960-index.html,https://www.sec.gov/Archives/edgar/data/320193/000032019396000023/0000320193-96-000023-index.html,https://www.sec.gov/Archives/edgar/data/320193/000032019395000016/0000320193-95-000016-index.html,https://www.sec.gov/Archives/edgar/data/320193/000032019394000016/0000320193-94-000016-index.html,,,,,
finalLink,https://www.sec.gov/Archives/edgar/data/320193/000032019321000105/aapl-20210925.htm,https://www.sec.gov/Archives/edgar/data/320193/000032019320000096/aapl-20200926.htm,https://www.sec.gov/Archives/edgar/data/320193/000032019319000119/a10-k20199282019.htm,https://www.sec.gov/Archives/edgar/data/320193/000032019318000145/a10-k20189292018.htm,https://www.sec.gov/Archives/edgar/data/320193/000032019317000070/a10-k20179302017.htm,https://www.sec.gov/Archives/edgar/data/320193/000162828016020309/a201610-k9242016.htm,https://www.sec.gov/Archives/edgar/data/320193/000119312515356351/d17062d10k.htm,https://www.sec.gov/Archives/edgar/data/320193/000119312514383437/d783162d10k.htm,https://www.sec.gov/Archives/edgar/data/320193/000119312513416534/d590790d10k.htm,https://www.sec.gov/Archives/edgar/data/320193/000119312512444068/d411355d10k.htm,https://www.sec.gov/Archives/edgar/data/320193/000119312511282113/d220209d10k.htm,https://www.sec.gov/Archives/edgar/data/320193/000119312510238044/d10k.htm,https://www.sec.gov/Archives/edgar/data/320193/000119312509214859/d10k.htm,https://www.sec.gov/Archives/edgar/data/320193/000119312508224958/d10k.htm,https://www.sec.gov/Archives/edgar/data/320193/000104746907009340/a2181030z10-k.htm,https://www.sec.gov/Archives/edgar/data/320193/000110465906084288/a06-25759_210k.htm,https://www.sec.gov/Archives/edgar/data/320193/000110465905058421/a05-20674_110k.htm,https://www.sec.gov/Archives/edgar/data/320193/000104746904035975/a2147337z10-k.htm,https://www.sec.gov/Archives/edgar/data/320193/000104746903041604/a2124888z10-k.htm,https://www.sec.gov/Archives/edgar/data/320193/000104746902007674/a2096490z10-k.htm,https://www.sec.gov/Archives/edgar/data/320193/000091205701544436/a2066171z10-k405.htm,https://www.sec.gov/Archives/edgar/data/320193/000091205700053623/a2032880z10-k.txt,https://www.sec.gov/Archives/edgar/data/320193/0000912057-99-010244.txt,,https://www.sec.gov/Archives/edgar/data/320193/0001047469-97-006960.txt,https://www.sec.gov/Archives/edgar/data/320193/0000320193-96-000023.txt,https://www.sec.gov/Archives/edgar/data/320193/0000320193-95-000016.txt,https://www.sec.gov/Archives/edgar/data/320193/0000320193-94-000016.txt,,,,,
