,2021,2020,2019,2018,2017,2016,2015,2014,2013,2012,2011,2010,2009,2008,2007,2006,2005,2004,2003,2002,2001,2000,1999,1998,1997,1996,1995,1994,1993,1992,1991,1990,1989,1988,1987,1986,1985
reportedCurrency,USD,USD,USD,USD,USD,USD,USD,USD,USD,USD,USD,USD,USD,USD,USD,USD,USD,USD,USD,USD,USD,USD,USD,USD,USD,USD,USD,USD,USD,USD,USD,USD,USD,USD,USD,USD,USD
cik,0000055785,0000055785,0000055785,0000055785,0000055785,0000055785,0000055785,0000055785,0000055785,0000055785,0000055785,0000055785,0000055785,0000055785,0000055785,0000055785,0000055785,0000055785,0000055785,0000055785,0000055785,0000055785,0000055785,0000055785,0000055785,0000055785,0000055785,0000055785,0000055785,0000055785,0000055785,0000055785,0000055785,0000055785,0000055785,0000055785,0000055785
fillingDate,2022-02-10,2021-02-11,2020-02-13,2019-02-07,2018-02-08,2016-12-31,2016-02-11,2015-02-18,2013-12-31,2013-02-22,2012-02-29,2011-02-23,2010-02-24,2009-02-27,2008-02-22,2007-02-22,2006-02-23,2005-02-24,2003-12-31,2002-12-31,2002-03-18,2001-03-23,1999-12-31,1998-12-31,1997-12-31,1997-03-21,1996-03-26,1995-03-24,1993-12-31,1992-12-31,1991-12-31,1990-12-31,1989-12-31,1988-12-31,1987-12-31,1986-12-31,1985-12-31
acceptedDate,2022-02-10 16:44:32,2021-02-11 13:31:23,2020-02-13 16:28:27,2019-02-07 10:35:54,2018-02-08 10:52:12,2016-12-31,2016-02-11 11:19:13,2015-02-18 09:11:32,2013-12-31,2013-02-22 11:35:40,2012-02-29 11:39:21,2011-02-23 13:08:22,2010-02-24 13:38:57,2009-02-27 14:27:11,2008-02-22 16:17:46,2007-02-22 15:08:39,2006-02-23 15:19:55,2005-02-24 17:07:23,2003-12-31,2002-12-31,2002-03-18 00:00:00,2001-03-23 00:00:00,1999-12-31,1998-12-31,1997-12-31,1997-03-21 00:00:00,1996-03-26 00:00:00,1995-03-24 00:00:00,1993-12-31,1992-12-31,1991-12-31,1990-12-31,1989-12-31,1988-12-31,1987-12-31,1986-12-31,1985-12-31
calendarYear,2021,2020,2019,2018,2017,2016,2015,2014,2013,2012,2011,2010,2009,2008,2007,2006,2005,2004,2003,2002,2001,2000,1999,1998,1997,1996,1995,1994,1993,1992,1991,1990,1989,1988,1987,1986,1985
period,FY,FY,FY,FY,FY,FY,FY,FY,FY,FY,FY,FY,FY,FY,FY,FY,FY,FY,FY,FY,FY,FY,FY,FY,FY,FY,FY,FY,FY,FY,FY,FY,FY,FY,FY,FY,FY
revenue,19440000000,19140000000,18450000000,18486000000,18259000000,18202000000,18591000000,19724000000,21152000000,21063000000,20846000000,19746000000,19115000000,19415000000,18266000000,16746900000,15902600000,15083200000,14348000000,13566300000,14524400000,13982000000,13006800000,12297800000,12546600000,13149100000,13788600000,7364200000,6972900000,7091100000,6776900000,6407300000,5733600000,5393500000,4884700000,4303100000,4072900000
costOfRevenue,13452000000,12318000000,12415000000,12889000000,11706000000,11551000000,11967000000,13041000000,13912000000,14314000000,14694000000,13196000000,12695000000,13557000000,12562100000,11664800000,10827400000,10014700000,9448100000,8750700000,8615500000,7636800000,7095400000,7088600000,7481700000,7680400000,8246400000,4595500000,4285500000,4245500000,4066900000,3982300000,3443200000,3216600000,2879900000,2709100000,2371200000
grossProfit,5988000000,6822000000,6035000000,5597000000,6553000000,6651000000,6624000000,6683000000,7240000000,6749000000,6152000000,6550000000,6420000000,5858000000,5703900000,5082100000,5075200000,5068500000,4899900000,4815600000,5908900000,6345200000,5911400000,5209200000,5064900000,5468700000,5542200000,2768700000,2687400000,2845600000,2710000000,2425000000,2290400000,2176900000,2004800000,1594000000,1701700000
grossProfitRatio,0.3080246913580247,0.35642633228840126,0.32710027100271005,0.3027696635291572,0.3588915055589025,0.3653994066586089,0.35630143617879617,0.3388257959845873,0.34228441754916794,0.32041969330104925,0.2951165691259714,0.33171275194976196,0.33586188856918653,0.30172546999742467,0.3122686959378079,0.30346511891753103,0.3191427816834983,0.33603611965630636,0.34150404237524395,0.3549678246832224,0.4068257552807689,0.45381204405664427,0.45448534612664143,0.4235879588219031,0.4036870546602267,0.4158991870166019,0.4019407336495366,0.3759675185356183,0.38540635890375596,0.4012917600936385,0.39988785432867535,0.37847455246359624,0.3994697921026929,0.4036154630573839,0.41042438634921286,0.3704306197857359,0.4178104053622726
researchAndDevelopmentExpenses,0.0,0.0,0.0,0.0,0.0,0.0,0.0,0.0,0.0,0.0,0.0,0.0,0.0,0.0,0.0,0.0,0.0,0.0,0.0,0.0,295300000,277400000,249800000,224800000,211800000,0.0,0.0,0.0,0.0,0.0,0.0,0.0,0.0,0.0,0.0,0.0,0.0
generalAndAdministrativeExpenses,0.0,0.0,3254000000,3367000000,3227000000,0.0,3443000000,3709000000,0.0,4069000000,0.0,0.0,0.0,3291000000,0.0,2948300000,2737400000,2510900000,2375600000,2278500000,767900000,2864800000,2805200000,2664300000,2577900000,2854000000,3307500000,1620000000,0.0,0.0,0.0,0.0,0.0,0.0,0.0,0.0,0.0
sellingAndMarketingExpenses,0.0,0.0,0.0,0.0,0.0,0.0,0.0,0.0,0.0,0.0,3761000000,3673000000,3498000000,0.0,0.0,0.0,0.0,0.0,0.0,0.0,2334400000,0.0,0.0,0.0,0.0,0.0,0.0,0.0,0.0,0.0,0.0,0.0,0.0,0.0,0.0,0.0,0.0
sellingGeneralAndAdministrativeExpenses,3399000000,3632000000,3254000000,3367000000,3227000000,3326000000,3443000000,3709000000,4028000000,4069000000,3761000000,3673000000,3498000000,3291000000,3105900000,2948300000,2737400000,2510900000,2375600000,2278500000,3102300000,2864800000,2805200000,2664300000,2577900000,2854000000,3307500000,1620000000,1598000000,2013500000,1702700000,1431100000,1406100000,1348700000,1232700000,939700000,1075100000
otherExpenses,28000000,-54000000,-210000000,1000000.0,27000000,8000000.0,1568000000,453000000,4000000.0,-6000000.0,-51000000,104000000,97000000,20000000,-18400000,32300000,27200000,51200000,111900000,73300000,173100000,673400000,628000000,542500000,490900000,561000000,581700000,329600000,295900000,289000000,265500000,240300000,210900000,187600000,186000000,169300000,140300000
operatingExpenses,3427000000,3578000000,3044000000,3368000000,3254000000,3334000000,5011000000,4162000000,4032000000,4063000000,3710000000,3777000000,3595000000,3311000000,3087500000,2980600000,2764600000,2562100000,2487500000,2351800000,3570700000,3815600000,3683000000,3431600000,3280600000,3415000000,3889200000,1949600000,1893900000,2302500000,1968200000,1671400000,1617000000,1536300000,1418700000,1109000000,1215400000
costAndExpenses,16879000000,15896000000,15459000000,16257000000,14960000000,14885000000,16978000000,17203000000,17944000000,18377000000,18404000000,16973000000,16290000000,16868000000,15649600000,14645400000,13592000000,12576800000,11935600000,11102500000,12186200000,11452400000,10778400000,10520200000,10762300000,11095400000,12135600000,6545100000,6179400000,6548000000,6035100000,5653700000,5060200000,4752900000,4298600000,3818100000,3586600000
interestIncome,6000000.0,8000000.0,11000000,10000000,10000000,11000000,17000000,18000000,20000000,18000000,18000000,20000000,26000000,0.0,0.0,0.0,0.0,0.0,0.0,0.0,0.0,0.0,0.0,0.0,0.0,0.0,0.0,0.0,0.0,0.0,0.0,0.0,0.0,0.0,0.0,0.0,0.0
interestExpense,256000000,252000000,261000000,263000000,318000000,319000000,295000000,284000000,283000000,284000000,277000000,243000000,275000000,0.0,0.0,0.0,0.0,0.0,0.0,0.0,0.0,0.0,0.0,0.0,0.0,0.0,0.0,0.0,0.0,0.0,0.0,0.0,0.0,0.0,0.0,0.0,0.0
depreciationAndAmortization,766000000,796000000,917000000,882000000,724000000,705000000,746000000,862000000,863000000,857000000,1091000000,813000000,783000000,775000000,806500000,932800000,844500000,800300000,745800000,706600000,739600000,673400000,628000000,542500000,490900000,561000000,581700000,329600000,295900000,289000000,265500000,240300000,210900000,0.0,0.0,0.0,0.0
ebitda,3315000000,4076000000,3911000000,3026000000,4096000000,4112000000,2472000000,3528000000,4217000000,3659000000,3619000000,3687000000,3688000000,3083000000,3165900000,2901500000,2851200000,3084400000,2954200000,3047800000,2995200000,3232500000,3026300000,2270200000,1825500000,2665600000,768400000,1141100000,1091200000,610300000,1009900000,949600000,877100000,608400000,555700000,455900000,456500000
ebitdaratio,0.1705246913580247,0.212957157784744,0.21197831978319784,0.16369144217245482,0.22432772879128102,0.22590924074277552,0.13296756495078263,0.17886838369499086,0.19936649016641453,0.17371694440488059,0.17360644728005373,0.1867213612883622,0.19293748365158253,0.15879474633015708,0.1733220190517902,0.1732559458765503,0.17929143662042685,0.2044924154025671,0.20589629216615557,0.22465963453557714,0.20621850128060368,0.2311901015591475,0.23267060306916382,0.18460212395713055,0.14549758500310842,0.20272109878242617,0.055727194929144366,0.15495233698161376,0.15649156018299415,0.08606563156632963,0.14902093877731706,0.14820595258533237,0.15297544300265103,0.1128024473903773,0.11376338362642537,0.10594687550835444,0.11208230008102335
operatingIncome,2561000000,3244000000,2991000000,2229000000,3299000000,3317000000,1613000000,2521000000,3208000000,2686000000,2442000000,2773000000,2825000000,2547000000,2616400000,2101500000,2310600000,2506400000,2412400000,2463800000,2338200000,2529600000,2228400000,1777600000,1784300000,2053700000,1653000000,819100000,793500000,543100000,741800000,753600000,673400000,640600000,586100000,485000000,486300000
operatingIncomeRatio,0.131738683127572,0.16948798328108672,0.16211382113821138,0.12057773450178513,0.18067802179746975,0.1822327216789364,0.08676241191974611,0.1278138308659501,0.1516641452344932,0.1275221953188055,0.11714477597620647,0.14043350552010533,0.1477896939576249,0.13118722637136235,0.14323880433592467,0.12548591082528707,0.1452969954598619,0.1661716346663838,0.1681349316977976,0.18161178803358322,0.1609842747376828,0.1809183235588614,0.1713257680597841,0.14454617899136432,0.14221382685349018,0.15618559445133126,0.11988164135590271,0.11122728877542706,0.11379770253409628,0.07658896363046636,0.10946007761660936,0.11761584442744993,0.1174480256732245,0.11877259664410865,0.1199868978647614,0.1127094420301643,0.11939895406221611
totalOtherIncomeExpensesNet,-336000000,-314000000,-341000000,-416000000,-308000000,-308000000,-278000000,-266000000,-263000000,-266000000,-259000000,-223000000,-249000000,-258000000,-298900000,-256600000,-341700000,-303000000,-255400000,-166400000,-173800000,29500000,169900000,-38700000,-467200000,50900000,-1466300000,-7600000.0,1800000.0,-11800000,2600000.0,-44300000,-7200000.0,-32200000,-30400000,-29100000,-29800000
incomeBeforeTax,2225000000,2930000000,2650000000,1813000000,2991000000,3009000000,1335000000,2255000000,2945000000,2420000000,2183000000,2550000000,2576000000,2289000000,2317500000,1844900000,1968900000,2203400000,2157000000,2297400000,2164400000,2559100000,2398300000,1738900000,1317100000,2104600000,186700000,811500000,795300000,531300000,744400000,709300000,666200000,608400000,555700000,455900000,456500000
incomeBeforeTaxRatio,0.11445473251028807,0.15308254963427378,0.14363143631436315,0.09807421832738289,0.16380962812859412,0.16531150423030436,0.07180893980958529,0.11432772257148652,0.1392303328290469,0.1148934149931159,0.10472033003933609,0.12914007900334246,0.13476327491498824,0.11789853206283801,0.1268750684331545,0.1101636720825944,0.12380994302818407,0.14608305929776175,0.1503345413994982,0.16934610026315208,0.14901820385007297,0.18302817908739807,0.18438816618999293,0.1413992746670136,0.10497664705976122,0.160056581819288,0.01354017086578768,0.11019526900410093,0.11405584477046853,0.07492490586791895,0.10984373386061473,0.11070185569584692,0.11619227012697084,0.1128024473903773,0.11376338362642537,0.10594687550835444,0.11208230008102335
incomeTaxExpense,479000000,676000000,576000000,471000000,776000000,922000000,418000000,856000000,929000000,768000000,660000000,788000000,746000000,618000000,536500000,469200000,438400000,483900000,514200000,666600000,645700000,758500000,730200000,561900000,433100000,700800000,153500000,276400000,284400000,186300000,236100000,277200000,242400000,229800000,230500000,186500000,189400000
netIncome,1814000000,2352000000,2157000000,1410000000,2278000000,2166000000,1013000000,1526000000,2142000000,1750000000,1591000000,1843000000,1884000000,1690000000,1822900000,1499500000,1568300000,1800200000,1694200000,1674600000,1609900000,1800600000,1668100000,1165800000,901500000,1403800000,33200000,535100000,510900000,135000000,508300000,432100000,423800000,378600000,325200000,269400000,267100000
netIncomeRatio,0.09331275720164608,0.12288401253918495,0.11691056910569106,0.0762739370334307,0.12476039213538528,0.11899791231732777,0.054488731106449355,0.07736767389981748,0.10126701966717096,0.08308408109006314,0.07632159646934664,0.0933353590600628,0.09856133926235941,0.08704609837754314,0.09979743786269572,0.0895389594492115,0.09861909373310025,0.11935133128248647,0.11807917479788124,0.12343822560314897,0.11084106744512683,0.12877985981976828,0.12824830088876588,0.09479744344516905,0.07185213523982593,0.10676015848993467,0.00240778614217542,0.07266233942587111,0.07326937142365443,0.019037948978296738,0.07500479570305006,0.06743870272969894,0.07391516673643087,0.07019560582182256,0.06657522468114725,0.0626060282122191,0.06557980799921431
eps,5.476685476685477,6.9,6.28,4.05,6.44,6.03,2.78,4.07,5.58,4.495248,3.99,4.45,4.517986,4.06,4.13,3.27,3.3,3.64,3.34,3.24,3.04,3.34,3.11,2.12,1.62,2.49,0.06,1.616505,0.42,0.42,1.59,1.35,1.32,1.18,0.94,0.74,0.73
epsdiluted,5.463703703703704,6.87,6.24,4.03,6.4,5.99,2.77,4.04,5.53,4.42,3.99,4.45,4.517986,4.04,4.09,3.25,3.28,3.61,3.33,3.22,3.02,3.31,3.09,2.11,1.61,2.49,0.06,1.616505,0.41,0.42,1.59,1.35,1.32,1.18,0.94,0.74,0.73
weightedAverageShsOut,336800000,340869565,343471338,348148148,353726708,359203980,364388489,374938575,383870968,389300000,398746867,414157303,415700000,416700000,441380145,458562691,475242424,494560440,507245509,516851852,529572368,539101796,536366559,549905660,556481481,563775100,553333333,331022823,321130435,321428571,319685535,320074074,321060606,320847458,345957447,364054054,365890411
weightedAverageShsOutDil,338200000,342500000,345600000,349600000,355900000,361700000,366300000,377400000,387300000,396100000,398746867,414157303,416814159,418600000,445696822,461384615,478140244,498670360,508768769,520062112,533079470,543987915,539838188,552511848,559937888,571189189,553333333,331022823,321130435,321428571,319685535,320074074,321060606,320847458,345957447,364054054,365890411
link,https://www.sec.gov/Archives/edgar/data/55785/000005578522000010/0000055785-22-000010-index.htm,https://www.sec.gov/Archives/edgar/data/55785/000005578521000016/0000055785-21-000016-index.htm,https://www.sec.gov/Archives/edgar/data/55785/000005578520000016/0000055785-20-000016-index.htm,https://www.sec.gov/Archives/edgar/data/55785/000005578519000013/0000055785-19-000013-index.htm,https://www.sec.gov/Archives/edgar/data/55785/000005578518000014/0000055785-18-000014-index.htm,,https://www.sec.gov/Archives/edgar/data/55785/000005578516000138/0000055785-16-000138-index.htm,https://www.sec.gov/Archives/edgar/data/55785/000005578515000014/0000055785-15-000014-index.htm,,https://www.sec.gov/Archives/edgar/data/55785/000005578513000011/0000055785-13-000011-index.htm,https://www.sec.gov/Archives/edgar/data/55785/000005578512000021/0000055785-12-000021-index.htm,https://www.sec.gov/Archives/edgar/data/55785/000119312511043300/0001193125-11-043300-index.htm,https://www.sec.gov/Archives/edgar/data/55785/000119312510038621/0001193125-10-038621-index.htm,https://www.sec.gov/Archives/edgar/data/55785/000119312509040737/0001193125-09-040737-index.htm,https://www.sec.gov/Archives/edgar/data/55785/000119312508036335/0001193125-08-036335-index.htm,https://www.sec.gov/Archives/edgar/data/55785/000119312507037015/0001193125-07-037015-index.htm,https://www.sec.gov/Archives/edgar/data/55785/000119312506037643/0001193125-06-037643-index.htm,https://www.sec.gov/Archives/edgar/data/55785/000119312505036237/0001193125-05-036237-index.htm,,,https://www.sec.gov/Archives/edgar/data/55785/000005578502000017/0000055785-02-000017-index.html,https://www.sec.gov/Archives/edgar/data/55785/000005578501000003/0000055785-01-000003-index.html,,,,https://www.sec.gov/Archives/edgar/data/55785/000005578597000014/0000055785-97-000014-index.html,https://www.sec.gov/Archives/edgar/data/55785/000005578596000012/0000055785-96-000012-index.html,https://www.sec.gov/Archives/edgar/data/55785/000005578595000007/0000055785-95-000007-index.html,,,,,,,,,
finalLink,https://www.sec.gov/Archives/edgar/data/55785/000005578522000010/kmb-20211231.htm,https://www.sec.gov/Archives/edgar/data/55785/000005578521000016/kmb-20201231.htm,https://www.sec.gov/Archives/edgar/data/55785/000005578520000016/kmb2019form10k.htm,https://www.sec.gov/Archives/edgar/data/55785/000005578519000013/kmb_2018xformx10k.htm,https://www.sec.gov/Archives/edgar/data/55785/000005578518000014/kmb_2017xformx10k.htm,,https://www.sec.gov/Archives/edgar/data/55785/000005578516000138/kmb_2015x10k.htm,https://www.sec.gov/Archives/edgar/data/55785/000005578515000014/kmb_201410k.htm,,https://www.sec.gov/Archives/edgar/data/55785/000005578513000011/kmb_2012x10k.htm,https://www.sec.gov/Archives/edgar/data/55785/000005578512000021/kmb_2011x10k.htm,https://www.sec.gov/Archives/edgar/data/55785/000119312511043300/d10k.htm,https://www.sec.gov/Archives/edgar/data/55785/000119312510038621/d10k.htm,https://www.sec.gov/Archives/edgar/data/55785/000119312509040737/d10k.htm,https://www.sec.gov/Archives/edgar/data/55785/000119312508036335/d10k.htm,https://www.sec.gov/Archives/edgar/data/55785/000119312507037015/d10k.htm,https://www.sec.gov/Archives/edgar/data/55785/000119312506037643/d10k.htm,https://www.sec.gov/Archives/edgar/data/55785/000119312505036237/d10k.htm,,,https://www.sec.gov/Archives/edgar/data/55785/000005578502000017/k10k2001.txt,https://www.sec.gov/Archives/edgar/data/55785/000005578501000003/0000055785-01-000003-0001.txt,,,,https://www.sec.gov/Archives/edgar/data/55785/0000055785-97-000014.txt,https://www.sec.gov/Archives/edgar/data/55785/0000055785-96-000012.txt,https://www.sec.gov/Archives/edgar/data/55785/0000055785-95-000007.txt,,,,,,,,,
