,2021,2020,2019,2018,2017,2016,2015,2014,2013,2012,2011,2010,2009,2008,2007,2006,2005,2004,2003,2002,2001,2000,1999,1998,1997,1996,1995,1994,1993,1992,1991,1990,1989,1988,1987,1986
period,FY,FY,FY,FY,FY,FY,FY,FY,FY,FY,FY,FY,FY,FY,FY,FY,FY,FY,FY,FY,FY,FY,FY,FY,FY,FY,FY,FY,FY,FY,FY,FY,FY,FY,FY,FY
revenueGrowth,0.22668635374572582,0.15188057393872886,0.23713035470178986,0.23673242708181397,0.24717607008709644,0.22081463268460857,0.15638075717386063,0.022688039457459928,-0.07917860460701363,0.0445154174573055,0.10947368421052632,0.2898845892735913,-0.1770949720670391,0.13367159813811857,0.22636155339805825,0.30976602238046796,0.1793641271745651,0.28725868725868725,0.11158798283261803,-0.052629866961584754,-0.028657187993680885,0.24729064039408866,0.1340782122905028,-0.01864035087719298,0.1588310038119441,0.03280839895013123,0.27467380394780866,0.9068580542264753,0.17901466716810832,0.15759686547670876,0.36158861885002963,0.3896210873146623,0.4538922155688623,1.1246819338422391,1.4409937888198758,0
grossProfitGrowth,0.24887852144267,0.1734389266939669,0.21232496350674263,0.2454286383721289,0.24957523276291174,0.24272547797019842,0.1492748936170213,0.01643598615916955,-0.1152824246567829,0.037558231868713605,0.11248527679623085,0.28199320498301245,-0.17656201429903637,0.14762233129648503,0.22785238720981166,0.23205612520237454,0.1855406269993602,0.3003327787021631,0.13289349670122527,-0.07600048420709782,-0.026065309584393553,0.28152173913043477,0.17346938775510204,-0.002544529262086514,0.21671826625386997,0.022151898734177215,0.20174938201178932,0.8498065423848048,0.2021141649048626,0.40773809523809523,0.29930394431554525,0.2016728624535316,0.492371705963939,1.310897435897436,1.0526315789473684,0
ebitgrowth,0.3693651168279443,0.29646362542880145,0.15059733436042994,0.31007589612078806,0.4515881740918933,0.6538703015740315,1.1866707021791767,-0.02364066193853428,-0.6406953691324194,0.07122292993630573,0.1067472306143001,0.4370477568740955,-0.32782101167315175,0.19793973011396743,0.5574228675136116,-0.24313186813186813,0.22972972972972974,0.5620052770448549,0.3205574912891986,-0.2650824541636792,-0.042843137254901964,0.5692307692307692,1.08,-0.4588744588744589,0.5714285714285714,0.08888888888888889,0.13732097725358045,0.4654320987654321,0.08288770053475936,-0.041025641025641026,0.2560386473429952,0.2011605415860735,0.5116959064327485,1.124223602484472,1.3333333333333333,0
operatingIncomeGrowth,0.3693651168279443,0.29646362542880145,0.15059733436042994,0.31007589612078806,0.4515881740918933,0.6538703015740315,1.1866707021791767,-0.02364066193853428,-0.6406953691324194,0.07122292993630573,0.1067472306143001,0.4370477568740955,-0.32782101167315175,0.19793973011396743,0.5574228675136116,-0.24313186813186813,0.22972972972972974,0.5620052770448549,0.3205574912891986,-0.2650824541636792,-0.042843137254901964,0.5692307692307692,1.08,-0.4588744588744589,0.5714285714285714,0.08888888888888889,0.13732097725358045,0.4654320987654321,0.08288770053475936,-0.041025641025641026,0.2560386473429952,0.2011605415860735,0.5116959064327485,1.124223602484472,1.3333333333333333,0
netIncomeGrowth,-0.08326996197718631,0.7821700325737314,0.1392186273291302,0.5294240575600045,0.44933272415215153,0.8565326716977656,1.349070895522388,-0.07586206896551724,-0.6517666836780643,-0.0002701080432172869,0.07483870967741936,1.0025839793281655,-0.5561926605504587,0.2047410428470573,0.43044861660079053,-0.16086235489220563,0.34,0.6917293233082706,0.39267015706806285,-0.07121044134523741,-0.2859583333333333,0.21008403361344538,1.2666666666666666,-0.4385026737967914,0.2222222222222222,0.6451612903225806,13.761904761904763,-0.8894736842105263,0.3073394495412844,-0.15503875968992248,0.286783042394015,0.18991097922848665,0.5971563981042654,1.3444444444444446,1.5,0
epsgrowth,-0.07595843920910417,0.8220821702430996,0.1371439393939394,0.5619822975339612,0.4585181477710086,0.8670769825669449,1.3529456365152777,-0.06676101185211392,-0.6635119047619048,0.01646922155398784,0.12176084920387138,1.0216242916535174,-0.5411498797486685,0.2809193548387098,0.4997581035316885,-0.3034599540020724,0.3083460088618477,0.6474070307960488,0.4013231552162849,-0.08604651162790693,-0.23555555555555557,0.22189638318670582,1.3851095798145177,-0.3879498969399081,0.23870688977924445,0.6259819888867599,11.692120622568092,-0.9204129032258065,0.2916666666666667,-0.17241379310344826,0.2608695652173912,0.15,0.5384615384615385,1.1666666666666667,1,0
epsdilutedGrowth,-0.0665729755260942,0.8037614171602165,0.15463846153846156,0.5383158990864769,0.4585181477710086,0.8670769825669449,1.3529456365152777,-0.06676101185211392,-0.6594578313253012,0.004368397487868926,0.12176084920387138,1.0216242916535174,-0.5411498797486685,0.31267768595041334,0.46347363328495406,-0.3034599540020724,0.3083460088618477,0.6474070307960488,0.4013231552162849,-0.053012048192771,-0.26222222222222225,0.22189638318670582,1.3851095798145177,-0.3879498969399081,0.23870688977924445,0.6259819888867599,11.692120622568092,-0.9204129032258065,0.2916666666666667,-0.17241379310344826,0.2608695652173912,0.15,0.5384615384615385,1.1666666666666667,1,0
weightedAverageSharesGrowth,-0.010395010395010396,-0.010880316518298714,-0.008710382335434317,-0.006215156229741994,-0.009457303675164796,-0.0008400766695270709,0.001801685992443765,-0.006990817197609759,0.013423456383367931,-0.005503860542063928,-0.041568650117041875,-0.010343775621103208,-0.02763022991510513,-0.07673702463013712,-0.016079157894736844,0.21193008668744553,1.0513463607853317,0.0195649018553145,-0.010927485073933641,-0.5034114593161985,1.0014184278112568,-0.5390870406189555,-0.04963235294117647,-0.08263069139966273,-0.013311148086522463,0.011784511784511785,0.1891114981907038,0.3583782197697959,0.01213376698360896,0.020994831005717553,0.020552068713492303,0.03470519881305638,0.038151657537735,0.08205128333333334,0.25,0
weightedAverageSharesDilutedGrowth,-0.010309278350515464,-0.002654789004937373,-0.023204102498177136,0.008530646311422274,-0.009457303675164796,-0.0008400766695270709,0.001801685992443765,-0.006990817197609759,-0.0026833969537775424,0.01055744177024096,-0.041568650117041875,-0.010343775621103208,-0.02763022991510513,-0.0992058786689491,0.008463157894736843,0.21193008668744553,1.0513463607853317,0.0195649018553145,-0.010927485073933641,-0.5247064962170623,1.0910899232873954,-0.5390870406189555,-0.04963235294117647,-0.08263069139966273,-0.013311148086522463,0.011784511784511785,0.1891114981907038,0.3583782197697959,0.01213376698360896,0.020994831005717553,0.020552068713492303,0.03470519881305638,0.038151657537735,0.08205128333333334,0.25,0
dividendsperShareGrowth,0,0,0,0,0,0,0,0,0,0,0,0,0,0,0,-1,-0.8757407906283796,0.007469417322892266,-0.010651751611105289,0.9926076426705662,-0.49918647200566685,1.1245583825035859,-0.20987902921799328,-0.15076333663396976,0.45297576807347684,0.17108961370907672,0.04568355896507166,-0.1425761504403953,0.16640269702085153,0.08491470676809383,0.35512803883454763,0.13558915268607938,0,0,0,0
operatingCashFlowGrowth,0.26244106862231537,0.2951701033037806,0.0974135979811898,0.3832843607281246,0.324187808674527,0.49692072552470157,0.14137673381064744,0.11791061105197076,-0.23199429173501915,-0.028337719997356337,0.3866315661795426,-0.0042736801422830414,-0.12720566073389022,-0.11020681538216762,0.5522459689465176,0.2695764924632335,0.0681673257827491,0.578589634664401,0.31519960161661065,-0.21344775042870587,-0.058305182333016965,0.3304228917501249,0.6425057379748267,-0.02481703547139427,0.05316635876313638,0.11928181196716403,0.2421122807017544,0.3231197771587744,0.33955223880597013,0.01643489254108723,0.6109979633401222,0.12100456621004566,0,0,0,0
freeCashFlowGrowth,0.2965335342878674,0.31799349147599876,0.07032376801387293,0.37590315098633104,0.37015856824136,0.5537722468133206,0.1276530746609314,0.1825151973159713,-0.215852777036135,-0.07840542527493961,0.41306594668167695,-0.05492696708008576,-0.1460445379804772,-0.10582545661506639,0.5488685279073543,0.2384684465235855,0.09824050229002221,0.5761909358314579,0.32217643483021163,-0.199902726349336,-0.10280865016032209,0.42054775285708906,1.0316231109626786,-0.17761565530855722,0.1479194719038392,0.0651717624011754,0.2537719298245614,0.22186495176848875,0.362043795620438,0.02391629297458894,0.60431654676259,0.08031088082901554,0,0,0,0
tenYRevenueGrowthPerShare,2.9129387871135175,2.654158584090163,3.0897360054149323,1.7733113991971572,1.7363843894151116,1.7088247049189125,1.3959752869530921,0.19336186311175407,0.4629625111782073,0.8095244573461056,2.2868183251964807,0.37801625804542566,1.8611234179548464,3.0343139163436064,2.514728900336284,2.3118705276533142,2.1281598076064547,4.832523473503619,5.484898702982964,5.721539896873195,2.9946578225451606,9.9813489658785,4.449877158489448,5.395975025867382,10.740020339070323,18.520261262285423,18.12290607942782,16.83928360922022,11.708074550882642,9.909339573516462,8.621984687786403,6.21197007840996,4.36999834122786,2.834447023804525,0.9527950310559008,0
fiveYRevenueGrowthPerShare,1.822819579763178,1.7824424058752368,1.757951799506137,1.2759445583694196,0.6617387562958776,0.38618097138244867,0.3132917239811551,0.48288886199797865,0.21853205474568838,0.6466995061935535,0.9541638219267874,0.8244044664271962,-0.19524524480960007,0.20059419485975882,0.09887957732429996,0.6819563888741468,-0.2446761212199564,2.55527370233174,2.3602643870978017,2.1984659400936537,0.9690585020876699,3.1414814167650595,0.6405272735199924,0.9298775203173375,1.1014886582398258,1.0287146462686987,1.6515509453755097,2.322027769033023,2.3141870188817304,4.586525672188772,8.621984687786403,6.21197007840996,4.36999834122786,2.834447023804525,0.9527950310559008,0
threeYRevenueGrowthPerShare,0.8015452412862172,0.8086598348481344,0.9554776374380674,0.914488087668734,0.7757768387105106,0.45252538205281917,0.08017335351724504,-0.01715255086548351,0.10471995108579948,0.5846532347765341,0.2768525718527969,0.35439894682973394,0.29520490496092117,0.654003278012082,-0.22556773642198993,-0.21553056695793535,-0.1842152496286233,1.7070087511129264,0.040574889343791956,1.505569052106959,0.5672372458970429,2.454491261053445,0.4992540779937033,0.2824947892542844,0.2851330739975751,0.5360518372887292,0.7528931014165728,0.8540128869529785,0.7620808756439572,1.031534998765385,1.509353924582195,2.693152616488561,4.36999834122786,2.834447023804525,0.9527950310559008,0
tenYOperatingCFGrowthPerShare,3.8960187393530306,4.552568247355735,3.2664981840886296,2.4592524542100938,1.3951174503915738,1.8265118488187175,0.9763703059968818,-0.09672215792827736,0.24228692193566378,1.179776431363293,2.533707468083107,0.14921903002455877,2.296992598014442,5.34823144436101,6.002143333255442,3.7374798157148224,4.002850061698463,9.035880240687218,5.3136361695893015,5.284022869463232,2.949688948397772,12.251054266795435,3.973594720154032,0,0,0,0,0,0,0,0,0,0,0,0,0
fiveYOperatingCFGrowthPerShare,2.441061756252583,3.041169108526622,2.5162222295576404,2.5756940300485716,0.9467704586749153,0.42282210729194747,0.37400046824077543,0.2133755791155947,-0.032564748230680104,0.23030295622105826,0.9865532270920415,0.43840584605284794,-0.25556615971280394,0.2841034267292556,0.7717395706002314,0.7788133838506924,-0.2010467468703991,3.428859113581525,3.9437072686042227,2.952128997651303,1.6632809595008482,5.2617556685596645,1.2660193027841462,0.27710558626418375,0.590034857970917,0.48301625268181336,1.1161883293097985,1.1948598204980962,0,0,0,0,0,0,0,0
threeYOperatingCFGrowthPerShare,0.8492557765507373,1.0177476213383279,1.0599907134072653,1.7877850087040936,1.281851815656014,0.9216083025043913,-0.02798141904158354,-0.16643484498398642,0.07123760453911296,0.4222237942536657,0.3065804940813296,-0.12963833616003098,0.36472299030075084,0.5927416641709504,-0.13943836715137575,-0.1554293804634596,0.07205779564251963,2.2609849109749933,-0.009015856903605539,1.1511661723223974,1.3472444881282877,4.303077100844664,0.9609833593455532,0.25519174949825824,0.23340712635537425,0.12555869759917312,0.3465995626734383,0.2833827980083448,1.079876683574926,0.7025763494317968,0,0,0,0,0,0
tenYNetIncomeGrowthPerShare,5.049803580255632,6.32392649721682,7.225268086493673,2.266679847920226,1.7697419659500644,1.752051236232245,0.02552100989666355,-0.714309368209225,-0.4906357406404645,1.087224854575104,2.883383602483289,0.2354172620442886,0.6028906652942796,7.376004131075296,2.92891002167119,2.3475720674234606,6.861306934870539,148.39937151685933,6.326182859045619,5.720600358083814,1.973724178997921,9.509575750918643,3.60348162475822,1.9694570170929744,9.511523327712197,15.971713810316139,9.437710437710438,-0.1592140921883912,9.333333346929825,7.000000007339449,8.666666665729975,6.666666670490441,5.666666666666667,3.3333333281990525,1,0
fiveYNetIncomeGrowthPerShare,3.319334557850204,7.66372879531464,10.275061579322154,8.130528871398973,1.0386362975747234,0.40063324552166824,-0.15464499521526895,-0.2704901850311518,-0.6422244654246729,0.3586248656737377,0.9648621400581127,0.2131246684436577,-0.6083800026693614,0.42369785000570637,0.5362775312816432,0.9764153032988024,0.01837617697547153,3.092974506460109,4.883273709405212,1.5574220423529122,0.6937594349912605,6.719452902186148,35.50141755856436,0.24525616534442737,1.6278808295171499,0.755694532271795,0.3614404911962518,-0.8738821138282588,1.3846153905784098,3.0000000036697245,8.666666665729975,6.666666670490441,5.666666666666667,3.3333333281990525,1,0
threeYNetIncomeGrowthPerShare,0.9181669229337017,2.1867086588053035,1.587837287438435,3.184061281370135,5.374951049083516,3.054763120438998,-0.2501450478055712,-0.6785285017481213,-0.6126163999533667,1.2812256241022415,0.03574225988836228,0.2051405361459618,-0.13414848839306315,0.3135179908958784,-0.34244279241975817,-0.24952290621290066,0.5261665811255753,3.3697517736295324,-0.060435871310977024,0.7518741453699124,1.2339748877773962,2.8326230946061677,0.8082957231893403,0.23280360531309297,24.004042598838296,0.6424239149662844,0.3047138035168197,-0.9130221474593365,0.34782608805774456,0.2000000011009173,1.2307692331961624,2.8333333352452206,5.666666666666667,3.3333333281990525,1,0
tenYShareholdersEquityGrowthPerShare,1.6740594936651307,1.7565596498574727,1.3222013938777064,1.3339631971186405,1.1531428492161313,0.7170973690400312,2.6889702712537913,1.283445093650502,1.8541207200044822,3.731733253131824,7.986230563546064,2.1657493637186906,8.415843524176788,7.620519630911671,5.601401392841354,6.375930859227276,2.238372651730196,5.517802032315809,5.346463006587338,3.6059384035181994,1.5183935966760578,9.221468275604055,4.675864156107317,5.9505020357522245,14.39234329589896,19.607989117893535,19.585416205854163,15.019645576156115,11.971648115416018,9.829170303914793,7.998811745860325,4.415803559502576,2.0565964175095846,1.3907012114061812,0.37226277372262784,0
fiveYShareholdersEquityGrowthPerShare,1.0864597899306514,0.9643934648810691,0.5910526984324748,0.42288458699562825,0.2720888447494047,0.2816252230549862,0.403262482358321,0.4595376986353555,0.6403039420412329,0.692604143258791,0.33978119199856105,1.6288526327976165,0.5644988791899564,0.7399950380249328,1.795534485707781,5.707237433406003,0.2042323423621164,5.018440568683556,3.9543357552885996,1.3614093929411835,0.09969729452110714,1.6891593406120355,0.08297190242778799,0.28099170505605825,0.9505039732993562,1.290078923739428,2.8009901909634376,4.24100777073095,4.425875911856946,6.891469849129397,7.998811745860325,4.415803559502576,2.0565964175095846,1.3907012114061812,0.37226277372262784,0
threeYShareholdersEquityGrowthPerShare,0.6288776725197829,0.6090483861311047,0.4533888707416335,0.35949399797855797,0.25923377946767856,0.11083134480475475,0.04197684387192471,0.17073421734241484,0.3407460730056323,0.4447883731660374,0.42171127803094793,0.2568242543998918,0.07467432097921928,1.1487626491635428,0.33543912171515133,0.8463989374173808,0.33651293412739397,3.6072873111447046,0.4871361248935706,1.8750355355042987,0.36385216193673986,1.6208017219045707,-0.15815046550247733,-0.192798752738918,0.31852727982696544,0.5886947390595794,0.9009227510636195,0.7801956556681549,1.3951474555711953,2.542885230735843,2.764088838423826,2.9466228066587923,2.0565964175095846,1.3907012114061812,0.37226277372262784,0
tenYDividendperShareGrowthPerShare,0,0,0,0,0,0,-1,-1,-1,-1,-1,-1,-1,-1,-1,-1,-0.7001893992255928,1.5230082954707758,1.1472487878806144,1.5315219200491346,0.37833726156252606,2.729578706857419,0.9934821083172147,0,0,0,0,0,0,0,0,0,0,0,0,0
fiveYDividendperShareGrowthPerShare,0,0,0,0,0,0,0,0,0,0,0,-1,-1,-1,-1,-1,-0.8764031250623583,1.1132339246960217,0.6573311421275145,0.4226197615702789,0.03735025224221762,1.4257134407780974,0.1939086657591389,0.29560637177443777,0.779478950337971,0.32870962202329435,0.5375182592306039,0.6697107287094465,0,0,0,0,0,0,0,0
threeYDividendperShareGrowthPerShare,0,0,0,0,0,0,0,0,0,0,0,0,0,-1,-1,-1,-0.8761461113291755,0.9861079624438622,-0.012704784337530676,1.1201496337181263,-0.15930529878358243,0.4255780306689532,-0.025053700045166546,0.4450312395469967,0.7792983682499534,0.049991947520798635,0.04578968603395069,0.08502481543034249,0.7148433076315126,0.6695412859353588,0,0,0,0,0,0
receivablesGrowth,0.34334763948497854,-0.1255444236568381,0.21521414921806234,0.08011330049261084,0.46218487394957986,0.23957226572381793,0.13552889489692463,-0.013666666666666667,-0.027919764497361613,-0.026446372239747634,0.1444043321299639,0.34793187347931875,-0.19883040935672514,0.4139593341987977,-0.11293154034229828,0.9951219512195122,0.2275449101796407,-0.040229885057471264,0.1836734693877551,0.032267125452055755,-0.10996875,1.0253164556962024,-0.4397163120567376,0.07633587786259542,0.031496062992125984,-0.045112781954887216,0.37681159420289856,0.9397590361445783,0.018404907975460124,0.29023746701846964,0.2108626198083067,0.30416666666666664,0.6438356164383562,0.9466666666666667,1.0833333333333333,0
inventoryGrowth,0,0,0,0,0,0,0,0,0,0,0,0,0,0,0,0,0,0,0,0,0,0,0,0,0,-1,-0.2708333333333333,1.3414634146341464,-0.14583333333333334,0.23076923076923078,-0.025,1.6666666666666667,0.36363636363636365,1.2,0,0
assetGrowth,0.12176741887662658,0.16961430277809886,0.10622578612605829,0.291186158503027,0.14393641300070828,0.08361662399398558,0.08721100621936431,0.03909720616570327,0.040651267233530866,0.10938972305638972,0.10440977766859108,0.11796209832463608,0.2507729302645139,0.018958187885598752,-0.04181133657554922,1.4438524590163935,0.24553343542623787,0.2598070739549839,0.4781368821292776,0.13042553214352107,-0.12944527595884003,0.32960199004975127,0.048239895697522815,-0.18404255319148935,-0.07114624505928854,0.14350282485875707,0.4148681055155875,0.7724567866251063,0.25453252755065764,0.2716998191681736,0.518188057652711,0.5483528161530287,0.4366412213740458,1.0278637770897834,0.615,0
bookValueperShareGrowth,0.12729423041834198,0.27347641131588235,0.1346457250050712,0.11357101441729366,0.15028016516570844,0.061342964728562696,0.03144717025258124,0.014718063959030227,-0.004444015893421522,0.15890338897409292,0.16207354266049173,0.07281142912362365,0.14039263386528233,0.027298746504218457,-0.08266976063198318,1.280163440397621,-0.36154189188614566,0.2683150820492556,0.6504926797014027,1.2009214165450246,-0.5906143791596589,2.1908478489626195,0.04406759330064605,-0.21331756478815161,0.02495879556637961,0.0010965487320494822,0.28501071437522324,0.23497380083242678,0.19784320971724959,0.2034000276643731,0.6615838530684862,0.7718412311414032,0.36412193148098165,0.7960271317829449,0.5413310724883427,0
debtGrowth,-0.007434154630416313,0.13767429699436987,0.0032648855702094646,1.192876129718235,-0.011041009463722398,-0.002742719681045453,0.2594678121791041,0.00042215110763465895,0.004744017539655725,-0.005073926240183013,-0.005638958260413883,0.522799,1.8571428571428572,0,0,0,0,0,0,0,0,0,0,0,0,0,0,0,0,0,-1,-0.6,-0.4444444444444444,0,0,0
rdexpenseGrowth,0.16087751371115175,0.13354484547939413,0.2551781362091075,0.25632179494615864,0.25417551668208693,0.1312774564463969,0.022191943127962084,0.020556227327690448,0.113320400687647,0.006535230352303523,0.08529411764705883,0.20353982300884957,-0.14652567975830816,0.07950857899491555,0.13563333333333333,0.4794520547945205,0.17363344051446947,0.12274368231046931,0.12601626016260162,0.09761647674034678,-0.06615833333333333,0.2182741116751269,-0.04830917874396135,0.21052631578947367,0.11764705882352941,0.10071942446043165,0.40404040404040403,0,0,0,0,0,0,0,0,0
sgaexpensesGrowth,0.12086776859504132,0.36388549561316375,-0.047202435769729545,0.1923977038799051,0.08134877360613457,0.08608641541287301,-0.02165380399196604,0.04446485036865138,0.19670699017430607,0.05022961142310794,0.0791421640789676,0.28320578273937885,-0.11420397501621458,0,-1,0.4090426393563599,0.2090572114582502,0.12460129055415514,0.1284140178398829,-0.7908273097318551,3.445998698763826,-0.7296018518518519,0.04854368932038835,0.0870712401055409,0.19558359621451105,0.053156146179401995,0.1803921568627451,0.43824027072758037,0.2424667133847232,0.9077540106951871,0.3333333333333333,0.11530815109343936,0.45375722543352603,1.5629629629629629,0.7763157894736842,0
