,2021,2020,2019,2018,2017,2016,2015,2014,2013,2012,2011,2010,2009,2008,2007,2006,2005,2004,2003,2002,2001,2000,1999,1998,1997,1996,1995,1994,1993,1992,1991,1990,1989,1988,1987,1986
reportedCurrency,USD,USD,USD,USD,USD,USD,USD,USD,USD,USD,USD,USD,USD,USD,USD,USD,USD,USD,USD,USD,USD,USD,USD,USD,USD,USD,USD,USD,USD,USD,USD,USD,USD,USD,USD,USD
cik,0000796343,0000796343,0000796343,0000796343,0000796343,0000796343,0000796343,0000796343,0000796343,0000796343,0000796343,0000796343,0000796343,0000796343,0000796343,0000796343,0000796343,0000796343,0000796343,0000796343,0000796343,0000796343,0000796343,0000796343,0000796343,0000796343,0000796343,0000796343,0000796343,0000796343,0000796343,0000796343,0000796343,0000796343,0000796343,0000796343
fillingDate,2022-01-21,2021-01-15,2020-01-21,2019-01-25,2018-01-22,2017-01-20,2016-01-19,2015-01-20,2014-01-21,2013-01-22,2012-01-26,2011-01-27,2010-01-22,2009-01-23,2008-01-24,2007-02-05,2006-02-08,2005-02-02,2004-02-05,2003-02-26,2002-02-21,2001-02-26,1999-12-03,1998-11-27,1997-11-28,1996-11-29,1996-02-22,1994-11-30,1993-11-30,1992-11-30,1991-11-30,1990-11-30,1989-11-30,1988-11-30,1987-11-30,1986-11-30
acceptedDate,2022-01-21 16:03:34,2021-01-15 16:03:42,2020-01-21 06:06:41,2019-01-25 06:24:29,2018-01-22 16:07:26,2017-01-20 16:14:43,2016-01-19 08:05:29,2015-01-20 06:42:30,2014-01-21 16:15:24,2013-01-22 17:31:15,2012-01-26 16:10:33,2011-01-27 13:14:29,2010-01-22 12:14:18,2009-01-23 15:10:49,2008-01-24 11:15:53,2007-02-05 17:21:51,2006-02-08 16:29:05,2005-02-02 13:35:09,2004-02-05 16:55:58,2003-02-26 17:18:40,2002-02-21 00:00:00,2001-02-26 00:00:00,1999-12-03,1998-11-27,1997-11-28,1996-11-29,1996-02-22 00:00:00,1994-11-30,1993-11-30,1992-11-30,1991-11-30,1990-11-30,1989-11-30,1988-11-30,1987-11-30,1986-11-30
calendarYear,2021,2020,2019,2018,2017,2016,2015,2014,2013,2012,2011,2010,2009,2008,2007,2006,2005,2004,2003,2002,2001,2000,1999,1998,1997,1996,1995,1994,1993,1992,1991,1990,1989,1988,1987,1986
period,FY,FY,FY,FY,FY,FY,FY,FY,FY,FY,FY,FY,FY,FY,FY,FY,FY,FY,FY,FY,FY,FY,FY,FY,FY,FY,FY,FY,FY,FY,FY,FY,FY,FY,FY,FY
revenue,15785000000,12868000000,11171297000,9030008000,7301505000,5854430000,4795511000,4147000000,4055000000,4403677000,4216000000,3800000000,2946000000,3580000000,3157881000,2575000000,1966000000,1667000000,1295000000,1165000000,1229720000,1266000000,1015000000,895000000,912000000,787000000,762000000,597800000,313500000,265900000,229700000,168700000,121400000,83500000,39300000,16100000
costOfRevenue,1865000000,1722000000,1672720000,1194999000,1010491000,819908000,744317000,622000000,587000000,483782000,438000000,404000000,297000000,363000000,354694000,292000000,113000000,104000000,93000000,104000000,81451000,87000000,95000000,111000000,126000000,141000000,130000000,71900000,29200000,29400000,61700000,39400000,13800000,11400000,8100000.0,900000.0
grossProfit,13920000000,11146000000,9498577000,7835009000,6291014000,5034522000,4051194000,3525000000,3468000000,3919895000,3778000000,3396000000,2649000000,3217000000,2803187000,2283000000,1853000000,1563000000,1202000000,1061000000,1148269000,1179000000,920000000,784000000,786000000,646000000,632000000,525900000,284300000,236500000,168000000,129300000,107600000,72100000,31200000,15200000
grossProfitRatio,0.8818498574596135,0.8661796705004663,0.8502662672024565,0.8676635723910765,0.8616051074401784,0.8599508406454599,0.844788803528967,0.8500120569086086,0.8552404438964242,0.8901413523289742,0.8961100569259962,0.8936842105263157,0.8991853360488798,0.8986033519553073,0.8876797447402229,0.8866019417475728,0.9425228891149542,0.937612477504499,0.9281853281853282,0.9107296137339056,0.933764596818788,0.9312796208530806,0.9064039408866995,0.8759776536312849,0.8618421052631579,0.820838627700127,0.8293963254593176,0.8797256607561057,0.9068580542264753,0.8894321173373448,0.7313887679582064,0.7664493183165383,0.886326194398682,0.8634730538922155,0.7938931297709924,0.9440993788819876
researchAndDevelopmentExpenses,2540000000,2188000000,1930228000,1537812000,1224059000,975987000,862730000,844000000,827000000,742823000,738000000,680000000,565000000,662000000,613242000,540000000,365000000,311000000,277000000,246000000,224122000,240000000,197000000,207000000,171000000,153000000,139000000,99000000,0.0,0.0,0.0,0.0,0.0,0.0,0.0,0.0
generalAndAdministrativeExpenses,1085000000,968000000,709737000,744898000,624706000,577710000,531919000,543692000,520546000,434982000,414178000,383803000,299097000,337659000,0.0,234855000,166677000,137857000,122583000,108633000,519346000,116812000,432000000,412000000,379000000,317000000,301000000,255000000,177300000,142700000,74800000,56100000,50300000,34600000,13500000,7600000.0
sellingAndMarketingExpenses,4321000000,3591000000,3244347000,2620829000,2197592000,1910197000,1683242000,1652308000,1620454000,1516159000,1385822000,1244197000,981903000,1089341000,0.0,867145000,593323000,521143000,423417000,380367000,0.0,401188000,0.0,0.0,0.0,0.0,0.0,0.0,0.0,0.0,0.0,0.0,0.0,0.0,0.0,0.0
sellingGeneralAndAdministrativeExpenses,5406000000,4559000000,3954084000,3365727000,2822298000,2487907000,2215161000,2196000000,2141000000,1951141000,1800000000,1628000000,1281000000,1427000000,1259370000,1102000000,760000000,659000000,546000000,489000000,519346000,518000000,432127000,412423000,378626000,317006000,301239000,255000000,177300000,142700000,74800000,56100000,50300000,34600000,13500000,7600000.0
otherExpenses,172000000,162000000,346144000,91101000,76562000,77026000.00000048,70208000,72000000,78000000,48657000,141000000,95000000,112000000,100000000,72435000,90000000,0.0,1000000.0,-1000000.0,39000000,14281000,13000000,31873000,38577000,5374000.0,28994000,57761000,53200000,26000000,19000000,15200000,11100000,5600000.0,3300000.0,1600000.0,700000.0
operatingExpenses,8118000000,6909000000,6230456000,4994640000,4122919000,3540920000.0000005,3148099000,3112000000,3046000000,2742621000,2679000000,2403000000,1958000000,2189000000,1945047000,1732000000,1125000000,971000000,822000000,774000000,757749000,771000000,661000000,658000000,555000000,499000000,498000000,407200000,203300000,161700000,90000000,67200000,55900000,37900000,15100000,8300000.0
costAndExpenses,9983000000,8631000000,7903176000,6189639000,5133410000,4360828000.000001,3892416000,3734000000,3633000000,3226403000,3117000000,2807000000,2255000000,2552000000,2299741000,2024000000,1238000000,1075000000,915000000,878000000,839200000,858000000,756000000,769000000,681000000,640000000,628000000,479100000,232500000,191100000,151700000,106600000,69700000,49300000,23200000,9200000.0
interestIncome,17000000,43000000,68321000,92540000,66069000,47340000,28759000,21355000,21887000,24549000,24506000,21923000,31380000,0.0,0.0,0.0,0.0,0.0,0.0,0.0,0.0,0.0,0.0,0.0,0.0,0.0,0.0,0.0,0.0,0.0,0.0,0.0,0.0,0.0,0.0,0.0
interestExpense,113000000,116000000,157214000,89242000,74402000,70442000,64184000,59732000,67508000,67487000,66952000,-50000000,3407000.0,10019000,0.0,128000000,37000000,17000000,1000000.0,-2000000.0,0.0,36000000,115000000,42000000,65000000,98000000,29000000,0.0,0.0,0.0,0.0,0.0,0.0,0.0,0.0,0.0
depreciationAndAmortization,788000000,757000000,736669000,346492000,325997000,331535000,339473000,313590000,321227000,299766000,270205000,292738000,282400000,270269000,315464000,307822000,64335000,60808000,49014000,63481000,56645000,43275000,50770000,56264000,59384000,55621000,60435000,53200000,26000000,19000000,15200000,11100000,5600000.0,3300000.0,1600000.0,700000.0
ebitda,6606000000,5049000000,4095669000,3229610000,2538040000,1837115000,1277438000,734322000,744735000,1486047000,1372157000,1185738000,987807000,1359288000,1262654000,1115822000,867335000,685808000,430014000,345481000,363576000,523275000,540770000,266264000,420384000,398621000,252435000,93200000,117000000,88500000,98800000,77400000,60400000,39100000,18500000,7900000.0
ebitdaratio,0.4184985745961356,0.39236866645943425,0.36662430512768573,0.35765306077248216,0.3476050485482103,0.3137991230572404,0.2663820393697356,0.1770730648661683,0.1836584463625154,0.33745594874465135,0.3254641840607211,0.31203631578947366,0.3353044806517312,0.3796893854748603,0.39984217264678434,0.43332893203883494,0.4411673448626653,0.4114025194961008,0.3320571428571429,0.29655021459227465,0.2956575480597209,0.4133293838862559,0.5327783251231527,0.29750167597765365,0.4609473684210526,0.5065069885641678,0.3312795275590551,0.1559049849447976,0.37320574162679426,0.3328318916886047,0.43012625163256424,0.4588026081802015,0.4975288303130148,0.4682634730538922,0.4707379134860051,0.4906832298136646
operatingIncome,5802000000,4237000000,3268121000,2840369000,2168095000,1493602000,903095000,413000000,423000000,1177274000,1099000000,993000000,691000000,1028000000,858140000,551000000,728000000,592000000,379000000,287000000,390520000,408000000,260000000,125000000,231000000,147000000,135000000,118700000,81000000,74800000,78000000,62100000,51700000,34200000,16100000,6900000.0
operatingIncomeRatio,0.3675641431738993,0.32926639726453216,0.2925462459730504,0.31454778334637135,0.2969380970087674,0.2551233851971926,0.18832091095192985,0.09959006510730649,0.10431565967940813,0.2673388625005876,0.26067362428842505,0.2613157894736842,0.23455532926001357,0.2871508379888268,0.2717455154263254,0.21398058252427185,0.37029501525940994,0.355128974205159,0.29266409266409266,0.2463519313304721,0.3175682269134437,0.3222748815165877,0.2561576354679803,0.13966480446927373,0.2532894736842105,0.18678526048284624,0.17716535433070865,0.19856139176982268,0.2583732057416268,0.28130876269274163,0.33957335655202436,0.36810906935388266,0.4258649093904448,0.4095808383233533,0.40966921119592875,0.42857142857142855
totalOtherIncomeExpensesNet,-97000000,-61000000,-63380000,-46493000,-30454000,-58464000,-29314000,-52000000,-67000000,-58480000,-64000000,-50000000,11000000,51000000,89050000,129000000,38000000,17000000,1000000.0,-2000000.0,-83589000,36000000,114000000,43000000,65000000,98000000,29000000,-78700000,10000000,-5300000.0,5600000.0,4200000.0,3100000.0,1600000.0,800000.0,300000.0
incomeBeforeTax,5705000000,4176000000,3204741000,2793876000,2137641000,1435138000,873781000,361000000,356000000,1118794000,1035000000,943000000,702000000,1079000000,947190000,680000000,766000000,609000000,380000000,285000000,306931000,444000000,374000000,168000000,296000000,245000000,164000000,40000000,91000000,69500000,83600000,66300000,54800000,35800000,16900000,7200000.0
incomeBeforeTaxRatio,0.3614190687361419,0.32452595585949645,0.28687277761928626,0.30939906144047713,0.29276717608219127,0.24513710130619035,0.18220811087702646,0.08705088015432844,0.0877928483353884,0.2540590511066093,0.24549335863377608,0.2481578947368421,0.23828920570264767,0.30139664804469274,0.2999448047599007,0.26407766990291265,0.3896236012207528,0.36532693461307736,0.29343629343629346,0.2446351931330472,0.2495942165696256,0.35071090047393366,0.36847290640394087,0.1877094972067039,0.32456140350877194,0.3113087674714104,0.2152230971128609,0.06691201070592172,0.2902711323763955,0.26137645731478,0.36395298215063127,0.3930053349140486,0.4514003294892916,0.4287425149700599,0.4300254452926209,0.4472049689440994
incomeTaxExpense,883000000,-1084000000,250328000,203102000,443687000,266356000,244230000,93000000,66000000,286019000,202000000,168000000,315000000,207000000,223383000,174000000,163000000,158000000,114000000,93000000,101287000,156000000,137000000,63000000,109000000,92000000,70000000,33700000,34000000,25900000,32000000,26200000,21100000,14700000,7900000.0,3600000.0
netIncome,4822000000,5260000000,2951458000,2590774000,1693954000,1168782000,629551000,268000000,290000000,832775000,833000000,775000000,387000000,872000000,723807000,506000000,603000000,450000000,266000000,191000000,205644000,288000000,238000000,105000000,187000000,153000000,93000000,6300000.0,57000000,43600000,51600000,40100000,33700000,21100000,9000000.0,3600000.0
netIncomeRatio,0.3054798859676908,0.4087659309916071,0.2642001192878499,0.28690716553075035,0.232000662877037,0.19964061403074254,0.13127923176487344,0.06462503014227153,0.07151664611590629,0.18910901049282225,0.1975806451612903,0.20394736842105263,0.13136456211812628,0.2435754189944134,0.22920654704847965,0.19650485436893203,0.30671414038657174,0.2699460107978404,0.20540540540540542,0.16394849785407725,0.167228312136096,0.22748815165876776,0.23448275862068965,0.11731843575418995,0.2050438596491228,0.19440914866581957,0.1220472440944882,0.01053864168618267,0.18181818181818182,0.16397141782625047,0.22464083587287767,0.23770005927682275,0.2775947281713344,0.25269461077844313,0.22900763358778625,0.2236024844720497
eps,10.10901467505241,10.94,6.00412,5.28,3.38032,2.31764,1.24132,0.52756,0.5653,1.68,1.65278,1.47338,0.72881,1.58834,1.24,0.8268,1.18701,0.90726,0.55072,0.393,0.43,0.5625,0.46035,0.19301,0.31535,0.25458,0.15657,0.012336,0.155,0.12,0.145,0.115,0.1,0.065,0.03,0.015
epsdiluted,10.10901467505241,10.83,6.00412,5.2,3.38032,2.31764,1.24132,0.52756,0.5653,1.66,1.65278,1.47338,0.72881,1.58834,1.21,0.8268,1.18701,0.90726,0.55072,0.393,0.415,0.5625,0.46035,0.19301,0.31535,0.25458,0.15657,0.012336,0.155,0.12,0.145,0.115,0.1,0.065,0.03,0.015
weightedAverageShsOut,476000000,481000000,486291000,490564000,493632000,498345000,498764000,497867000,501372000,494731000,497469000,519045000,524470000,539373000,584203000,593750000,489921000,238829000,234246000,236834000,476922000,238292000,517000000,544000000,593000000,601000000,594000000,499532635,367741935,363333333,355862069,348695652,337000000,324615385,300000000,240000000
weightedAverageShsOutDil,480000000,485000000,486291000,497843000,493632000,498345000,498764000,497867000,501372000,502721000,497469000,519045000,524470000,539373000,598775000,593750000,489921000,238829000,234246000,236834000,498290000,238292000,517000000,544000000,593000000,601000000,594000000,499532635,367741935,363333333,355862069,348695652,337000000,324615385,300000000,240000000
link,https://www.sec.gov/Archives/edgar/data/796343/000079634322000032/0000796343-22-000032-index.htm,https://www.sec.gov/Archives/edgar/data/796343/000079634321000004/0000796343-21-000004-index.htm,https://www.sec.gov/Archives/edgar/data/796343/000079634320000013/0000796343-20-000013-index.htm,https://www.sec.gov/Archives/edgar/data/796343/000079634319000019/0000796343-19-000019-index.htm,https://www.sec.gov/Archives/edgar/data/796343/000079634318000015/0000796343-18-000015-index.htm,https://www.sec.gov/Archives/edgar/data/796343/000079634317000031/0000796343-17-000031-index.htm,https://www.sec.gov/Archives/edgar/data/796343/000079634316000224/0000796343-16-000224-index.htm,https://www.sec.gov/Archives/edgar/data/796343/000079634315000022/0000796343-15-000022-index.htm,https://www.sec.gov/Archives/edgar/data/796343/000079634314000004/0000796343-14-000004-index.htm,https://www.sec.gov/Archives/edgar/data/796343/000079634313000008/0000796343-13-000008-index.htm,https://www.sec.gov/Archives/edgar/data/796343/000079634312000003/0000796343-12-000003-index.htm,https://www.sec.gov/Archives/edgar/data/796343/000079634311000003/0000796343-11-000003-index.htm,https://www.sec.gov/Archives/edgar/data/796343/000079634310000003/0000796343-10-000003-index.htm,https://www.sec.gov/Archives/edgar/data/796343/000079634309000007/0000796343-09-000007-index.htm,https://www.sec.gov/Archives/edgar/data/796343/000104746908000497/0001047469-08-000497-index.htm,https://www.sec.gov/Archives/edgar/data/796343/000110465907007286/0001104659-07-007286-index.htm,https://www.sec.gov/Archives/edgar/data/796343/000104746906001601/0001047469-06-001601-index.htm,https://www.sec.gov/Archives/edgar/data/796343/000104746905002143/0001047469-05-002143-index.htm,https://www.sec.gov/Archives/edgar/data/796343/000104746904003345/0001047469-04-003345-index.htm,https://www.sec.gov/Archives/edgar/data/796343/000117494703000004/0001174947-03-000004-index.htm,https://www.sec.gov/Archives/edgar/data/796343/000091205702007164/0000912057-02-007164-index.htm,https://www.sec.gov/Archives/edgar/data/796343/000091205701006700/0000912057-01-006700-index.htm,,,,,https://www.sec.gov/Archives/edgar/data/796343/000091205796002896/0000912057-96-002896-index.html,,,,,,,,,
finalLink,https://www.sec.gov/Archives/edgar/data/796343/000079634322000032/adbe-20211203.htm,https://www.sec.gov/Archives/edgar/data/796343/000079634321000004/adbe-20201127.htm,https://www.sec.gov/Archives/edgar/data/796343/000079634320000013/adbe10kfy19.htm,https://www.sec.gov/Archives/edgar/data/796343/000079634319000019/adbe10kfy18.htm,https://www.sec.gov/Archives/edgar/data/796343/000079634318000015/adbe10kfy17.htm,https://www.sec.gov/Archives/edgar/data/796343/000079634317000031/adbe10kfy16.htm,https://www.sec.gov/Archives/edgar/data/796343/000079634316000224/adbe10kfy15.htm,https://www.sec.gov/Archives/edgar/data/796343/000079634315000022/adbe10kfy14.htm,https://www.sec.gov/Archives/edgar/data/796343/000079634314000004/adbe10kfy13.htm,https://www.sec.gov/Archives/edgar/data/796343/000079634313000008/adbe10kfy12.htm,https://www.sec.gov/Archives/edgar/data/796343/000079634312000003/adbe10kfy11.htm,https://www.sec.gov/Archives/edgar/data/796343/000079634311000003/form_10k.htm,https://www.sec.gov/Archives/edgar/data/796343/000079634310000003/form_10k.htm,https://www.sec.gov/Archives/edgar/data/796343/000079634309000007/form_10k.htm,https://www.sec.gov/Archives/edgar/data/796343/000104746908000497/a2181848z10-k.htm,https://www.sec.gov/Archives/edgar/data/796343/000110465907007286/a07-3000_110k.htm,https://www.sec.gov/Archives/edgar/data/796343/000104746906001601/a2167302z10-k.htm,https://www.sec.gov/Archives/edgar/data/796343/000104746905002143/a2150461z10-k.htm,https://www.sec.gov/Archives/edgar/data/796343/000104746904003345/a2127850z10-k.htm,https://www.sec.gov/Archives/edgar/data/796343/000117494703000004/adobe_10kfy02.htm,https://www.sec.gov/Archives/edgar/data/796343/000091205702007164/a2069604z10-k.htm,https://www.sec.gov/Archives/edgar/data/796343/000091205701006700/a2039309z10-k.htm,,,,,https://www.sec.gov/Archives/edgar/data/796343/0000912057-96-002896.txt,,,,,,,,,
