,2021,2020,2019,2018,2017,2016,2015,2014,2013,2012,2011,2010,2009,2008,2007,2006,2005,2004,2003,2002,2001,2000,1999,1998,1997,1996,1995,1994,1993,1992,1991,1990,1989,1988,1987,1986,1985
reportedCurrency,USD,USD,USD,USD,USD,USD,USD,USD,USD,USD,USD,USD,USD,USD,USD,USD,USD,USD,USD,USD,USD,USD,USD,USD,USD,USD,USD,USD,USD,USD,USD,USD,USD,USD,USD,USD,USD
cik,0000313927,0000313927,0000313927,0000313927,0000313927,0000313927,0000313927,0000313927,0000313927,0000313927,0000313927,0000313927,0000313927,0000313927,0000313927,0000313927,0000313927,0000313927,0000313927,0000313927,0000313927,0000313927,0000313927,0000313927,0000313927,0000313927,0000313927,0000313927,0000313927,0000313927,0000313927,0000313927,0000313927,0000313927,0000313927,0000313927,0000313927
fillingDate,2022-02-17,2021-02-18,2020-02-18,2019-02-21,2018-02-23,2017-02-24,2016-02-19,2015-02-20,2014-02-21,2013-02-22,2012-02-24,2011-02-24,2010-02-24,2009-02-24,2008-02-27,2007-02-26,2006-03-13,2005-03-11,2003-12-31,2002-12-31,2002-03-28,2001-03-09,1999-12-31,1999-03-31,1998-03-31,1997-03-27,1996-03-29,1995-03-29,1993-12-31,1992-12-31,1991-12-31,1990-12-31,1989-12-31,1988-12-31,1987-12-31,1986-12-31,1985-12-31
acceptedDate,2022-02-17 14:06:45,2021-02-18 16:14:12,2020-02-18 11:12:28,2019-02-21 12:35:48,2018-02-23 11:47:48,2017-02-24 10:39:11,2016-02-19 12:27:20,2015-02-20 11:29:47,2014-02-21 12:42:51,2013-02-22 14:07:00,2012-02-24 13:07:49,2011-02-24 16:54:55,2010-02-24 16:55:45,2009-02-24 15:41:30,2008-02-27 14:03:19,2007-02-26 17:15:16,2006-03-13 15:20:24,2005-03-11 16:07:11,2003-12-31,2002-12-31,2002-03-28 00:00:00,2001-03-09 00:00:00,1999-12-31,1999-03-31 00:00:00,1998-03-31 00:00:00,1997-03-27 00:00:00,1996-03-29 00:00:00,1995-03-29 00:00:00,1993-12-31,1992-12-31,1991-12-31,1990-12-31,1989-12-31,1988-12-31,1987-12-31,1986-12-31,1985-12-31
calendarYear,2021,2020,2019,2018,2017,2016,2015,2014,2013,2012,2011,2010,2009,2008,2007,2006,2005,2004,2003,2002,2001,2000,1999,1998,1997,1996,1995,1994,1993,1992,1991,1990,1989,1988,1987,1986,1985
period,FY,FY,FY,FY,FY,FY,FY,FY,FY,FY,FY,FY,FY,FY,FY,FY,FY,FY,FY,FY,FY,FY,FY,FY,FY,FY,FY,FY,FY,FY,FY,FY,FY,FY,FY,FY,FY
cashAndCashEquivalents,240600000,183100000,155700000,316700000,278900000,187800000,330000000,423000000,496900000,343000000,251400000,189202000,447143000,197999000,249809000,110476000,126678000,145540000,75634000,76302000,52446000,21573000,19800000,16200000,14900000,22900000,11400000,4700000.0,5600000.0,17500000,4700000.0,27000000,24600000,25900000,45700000,41800000,26000000
shortTermInvestments,0.0,0.0,0.0,0.0,0.0,0.0,0.0,0.0,0.0,0.0,0.0,0.0,0.0,0.0,0.0,0.0,0.0,0.0,0.0,0.0,0.0,2990000.0,0.0,0.0,0.0,0.0,0.0,0.0,0.0,0.0,0.0,0.0,0.0,0.0,0.0,0.0,0.0
cashAndShortTermInvestments,240600000,183100000,155700000,316700000,278900000,187800000,330000000,423000000,496900000,343000000,251400000,189202000,447143000,197999000,249809000,110476000,126678000,145540000,75634000,76302000,52446000,24563000,19800000,16200000,14900000,22900000,11400000,4700000.0,5600000.0,17500000,4700000.0,27000000,24600000,25900000,45700000,41800000,26000000
netReceivables,405500000,398800000,356400000,345300000,345900000,287000000,276200000,322900000,330200000,303100000,264600000,231055000,222158000,211194000,249161000,231403000,189013000,167218000,107553000,100252000,106291000,64958000,64500000,72500000,49600000,41800000,44400000,44400000,45400000,45600000,48400000,42300000,38300000,39000000,31200000,29100000,20400000
inventory,535400000,495400000,417400000,382800000,330700000,258200000,274000000,245900000,250500000,242200000,200700000,195401000,216870000,198893000,213651000,194900000,156149000,148898000,84176000,82674000,101214000,55165000,72700000,60300000,61300000,48900000,41300000,54700000,52700000,45600000,54700000,40300000,34900000,43200000,33100000,30800000,23600000
otherCurrentAssets,51900000,35100000,26900000,33400000,44700000,23800000,25800000,40700000,38200000,45500000,38500000,33823000,42094000,57035000,22732000,19291000,22598000,32140000,21859000,26208000,33256000,17841000,18800000,17800000,23600000,21900000,22100000,20500000,19800000,14900000,8800000.0,23700000,32000000,4600000.0,7600000.0,4000000.0,2800000.0
totalCurrentAssets,1233400000,1112400000,956400000,1078200000,1000200000,756800000,906000000,1032500000,1115800000,933800000,755200000,649481000,928265000,665121000,735353000,556070000,494438000,493796000,289222000,285436000,293207000,162527000,175800000,166800000,149400000,135500000,119200000,124300000,123500000,123600000,116600000,133300000,129800000,112700000,117600000,105700000,72800000
propertyPlantEquipmentNet,652700000,612800000,573000000,598200000,607700000,588600000,609600000,616200000,594100000,586000000,506000000,468324000,455636000,383373000,350853000,340484000,326903000,332204000,258010000,240007000,231449000,168570000,182200000,161700000,142300000,138400000,144300000,138500000,122200000,120500000,113700000,103100000,102200000,111400000,107400000,100800000,68200000
goodwill,2274500000,2229600000,2079500000,1992900000,1958900000,1444100000,1354900000,1325000000,1222200000,1213800000,868400000,857361000,838078000,845230000,688842000,686301000,0.0,0.0,0.0,0.0,0.0,0.0,0.0,0.0,0.0,0.0,0.0,0.0,0.0,0.0,0.0,0.0,0.0,0.0,0.0,0.0,0.0
intangibleAssets,3494300000,3110200000,2750000000,2274000000,2320500000,1431800000,1269500000,1272400000,1204300000,1254900000,263500000,872460000,794891000,811319000,665168000,682594000,1069740000,985928000,378818000,330839000,264254000,83974000,83700000,27900000,22700000,3600000.0,3600000.0,3600000.0,3600000.0,4200000.0,4000000.0,4100000.0,4300000.0,7800000.0,8100000.0,8400000.0,4300000.0
goodwillAndIntangibleAssets,5768800000,5339800000,4829500000,4266900000,4279400000,2875900000,2624400000,2597400000,2426500000,2468700000,1131900000,1729821000,1632969000,1656549000,1354010000,1368895000,1069740000,985928000,378818000,330839000,264254000,83974000,83700000,27900000,22700000,3600000.0,3600000.0,3600000.0,3600000.0,4200000.0,4000000.0,4100000.0,4300000.0,7800000.0,8100000.0,8400000.0,4300000.0
longTermInvestments,9100000.0,9100000.0,9700000.0,8500000.0,9300000.0,8500000.0,8400000.0,24800000,24500000,23000000,12000000,9192000.0,12815000,10061000,10000000,10000000,11000000,0.0,0.0,0.0,0.0,0.0,0.0,0.0,0.0,0.0,0.0,0.0,0.0,0.0,0.0,0.0,0.0,0.0,0.0,0.0,0.0
taxAssets,0.0,0.0,0.0,0.0,0.0,0.0,0.0,0.0,0.0,0.0,0.0,0.0,0.0,0.0,0.0,0.0,0.0,0.0,0.0,0.0,0.0,0.0,0.0,0.0,0.0,0.0,0.0,0.0,0.0,0.0,0.0,0.0,0.0,0.0,0.0,0.0,0.0
otherNonCurrentAssets,332500000,340400000,288800000,117400000,118200000,124300000,108500000,110400000,98800000,86600000,712500000,88376000,88761000,86334000,82274000,58705000,60036000,66070000,193567000,131959000,160175000,40561000,34600000,35000000,36600000,30500000,26100000,29200000,32400000,14000000,10700000,13000000,8600000.0,12100000,13100000,14800000,3600000.0
totalNonCurrentAssets,6763100000,6302100000,5701000000,4991000000,5014600000,3597300000,3350900000,3348800000,3143900000,3164300000,2362400000,2295713000,2190181000,2136317000,1797137000,1778084000,1467679000,1384202000,830395000,702805000,655878000,293105000,300500000,224600000,201600000,172500000,174000000,171300000,158200000,138700000,128400000,120200000,115100000,131300000,128600000,124000000,76100000
otherAssets,0.0,0.0,0.0,0.0,0.0,0.0,0.0,0.0,0.0,0.0,0.0,0.0,0.0,0.0,0.0,0.0,0.0,0.0,0.0,0.0,0.0,0.0,0.0,0.0,0.0,0.0,0.0,0.0,0.0,0.0,0.0,0.0,0.0,0.0,0.0,0.0,0.0
totalAssets,7996500000,7414500000,6657400000,6069200000,6014800000,4354100000,4256900000,4381300000,4259700000,4098100000,3117600000,2945194000,3118446000,2801438000,2532490000,2334154000,1962117000,1877998000,1119617000,988241000,949085000,455632000,476300000,391400000,351000000,308000000,293200000,295600000,281700000,262300000,245000000,253500000,244900000,244000000,246200000,229700000,148900000
accountPayables,663800000,588100000,473300000,430200000,398900000,331600000,293900000,284100000,256700000,258900000,231800000,206278000,177778000,186998000,167495000,156554000,255438000,242024000,148958000,162907000,176176000,129268000,106100000,40200000,92100000,93400000,86800000,73000000,66800000,69700000,71600000,74500000,57400000,0.0,0.0,0.0,0.0
shortTermDebt,952200000,351400000,252900000,598300000,270900000,426800000,357200000,396600000,153800000,253800000,2600000.0,90000000,218949000,74739000,148706000,140411000,121282000,104036000,65897000,15945000,11580000,13863000,26300000,19200000,32700000,0.0,5000000.0,25000000,2000000.0,0.0,0.0,1400000.0,1400000.0,1400000.0,1500000.0,1500000.0,1500000.0
taxPayables,3300000.0,12700000,7500000.0,2900000.0,5000000.0,6200000.0,7200000.0,1000000.0,2300000.0,39800000,1700000.0,1771000.0,15633000,1760000.0,0.0,0.0,0.0,0.0,0.0,0.0,0.0,0.0,0.0,0.0,0.0,0.0,0.0,0.0,0.0,0.0,0.0,0.0,0.0,0.0,0.0,0.0,0.0
deferredRevenue,0.0,0.0,0.0,0.0,0.0,0.0,0.0,0.0,0.0,0.0,0.0,0.0,0.0,0.0,0.0,0.0,0.0,0.0,0.0,0.0,0.0,0.0,0.0,0.0,0.0,0.0,0.0,0.0,0.0,0.0,0.0,0.0,0.0,0.0,0.0,0.0,0.0
otherCurrentLiabilities,459200000,449100000,366100000,297800000,265200000,243500000,221600000,224600000,240700000,212900000,149200000,150814000,170305000,125384000,141587000,147439000,32990000,11479000,17199000,12315000,8260000.0,6007000.0,8200000.0,64800000,1400000.0,5400000.0,5300000.0,1800000.0,0.0,6900000.0,7100000.0,8100000.0,1000000.0,49700000,44600000,38500000,29900000
totalCurrentLiabilities,2075200000,1388600000,1092300000,1326300000,935000000,1001900000,872700000,905300000,651200000,725600000,383600000,447092000,567032000,387121000,457788000,444404000,409710000,357539000,232054000,191167000,196016000,149138000,140600000,124200000,126200000,98800000,97100000,99800000,68800000,76600000,78700000,84000000,59800000,51100000,46100000,40000000,31400000
longTermDebt,1610700000,1812500000,1810200000,1508800000,2103400000,693400000,692800000,698600000,649500000,649400000,249700000,249673000,597347000,781402000,707311000,792925000,635261000,754706000,331149000,352488000,406564000,20136000,58100000,29600000,6800000.0,7500000.0,7500000.0,7500000.0,7600000.0,7700000.0,7800000.0,29600000,52200000,55600000,56800000,59200000,20800000
deferredRevenueNonCurrent,0.0,0.0,0.0,0.0,0.0,0.0,0.0,0.0,0.0,0.0,0.0,0.0,0.0,0.0,0.0,0.0,0.0,0.0,0.0,0.0,0.0,0.0,0.0,0.0,0.0,0.0,0.0,0.0,0.0,0.0,0.0,0.0,0.0,0.0,0.0,0.0,0.0
deferredTaxLiabilitiesNonCurrent,745100000,707300000,579600000,576400000,561200000,512200000,484800000,484100000,476000000,470000000,292300000,254261000,201256000,171981000,162746000,134269000,124882000,108216000,61000000,57103000,27032000,17852000,20400000,21200000,20600000,20000000,19600000,20000000,22500000,16700000,17000000,18600000,20500000,24600000,26700000,25400000,22300000
otherNonCurrentLiabilities,332300000,485700000,507500000,203900000,197200000,168700000,183400000,191400000,183000000,192000000,151200000,123309000,151039000,129229000,124186000,98402000,95128000,97220000,56623000,39623000,35044000,30401000,27100000,21600000,18100000,16400000,15300000,14400000,13400000,2200000.0,2300000.0,2600000.0,800000.0,700000.0,500000.0,300000.0,300000.0
totalNonCurrentLiabilities,2688100000,3005500000,2897300000,2289100000,2861800000,1374300000,1361000000,1374100000,1308500000,1311400000,693200000,627243000,949642000,1082612000,994243000,1025596000,855271000,960142000,448772000,449214000,468640000,68389000,105600000,72400000,45500000,43900000,42400000,41900000,43500000,26600000,27100000,50800000,73500000,80900000,84000000,84900000,43400000
otherLiabilities,0.0,0.0,0.0,0.0,0.0,0.0,0.0,0.0,0.0,0.0,0.0,0.0,0.0,0.0,0.0,0.0,0.0,0.0,0.0,0.0,0.0,0.0,0.0,0.0,0.0,0.0,0.0,0.0,0.0,0.0,0.0,0.0,0.0,0.0,0.0,0.0,0.0
capitalLeaseObligations,0,0.0,0.0,0.0,0.0,0.0,0.0,0.0,0.0,0.0,0.0,0.0,0.0,0.0,0.0,0.0,0.0,0.0,0.0,0.0,0,0,0,0,0,0,0,0,0,0,0,0,0,0,0,0,0
totalLiabilities,4763300000,4394100000,3989600000,3615400000,3796800000,2376200000,2233700000,2279400000,1959700000,2037000000,1076800000,1074335000,1516674000,1469733000,1452031000,1470000000,1264981000,1317681000,680826000,640381000,664656000,217527000,246200000,196600000,171700000,142700000,139500000,141700000,112300000,103200000,105800000,134800000,133300000,132000000,130100000,124900000,74800000
preferredStock,0.0,0.0,0.0,0.0,0.0,0.0,0.0,0.0,0.0,0.0,0.0,0.0,0.0,0.0,0.0,0.0,0.0,0.0,0.0,0.0,0,0,0,0,0,0,0,0,0,0,0,0,0,0,0,0,0
commonStock,292800000,292800000,292800000,292800000,292800000,292800000,146400000,146400000,146400000,146400000,146400000,73214000,73214000,73214000,69991000,69991000,69991000,69991000,46661000,46661000,46661000,46661000,46700000,0.0,0.0,0.0,0.0,0.0,0.0,0.0,0.0,0.0,0.0,0.0,0.0,0.0,0.0
retainedEarnings,5366000000,4786000000,4237400000,3832600000,3479000000,2926000000,2650000000,2414900000,2168500000,1929300000,1714000000,1501795000,1275117000,1063928000,891868000,740130000,618071000,510480000,435677000,367211000,312409000,276700000,253900000,218600000,197600000,182100000,169400000,167900000,170400000,152600000,130900000,111100000,94800000,91500000,80100000,70800000,62300000
accumulatedOtherComprehensiveIncomeLoss,-68200000,-77600000,-66700000,-53600000,-36400000,-63800000,-45900000,-34700000,200000.0,2500000.0,2900000.0,16307000,10078000,-20454000,39128000,12153000,-454000.0,-3110000.0,-13962000,-16919000,-169919000,-158469000,-157300000,-130000000,-116800000,-104700000,-95600000,-83900000,-74200000,-70700000,-64600000,-58500000,-52800000,-48200000,-44000000,-36700000,-32000000
othertotalStockholdersEquity,-2357400000,-1980800000,-1795700000,-1618000000,-1517400000,-1177100000,-727300000,-424700000,-15200000,-17300000,177300000,279373000,243174000,214825000,79278000,41563000,9270000.0,-17331000,-29882000,-49307000,95278000,73213000,86800000,106200000,98500000,87900000,79900000,69900000,73200000,77200000,72900000,66100000,69600000,68700000,80000000,70700000,43800000
totalStockholdersEquity,3233200000,3020400000,2667800000,2453800000,2218000000,1977900000,2023200000,2101900000,2299900000,2060900000,2040600000,1870689000,1601583000,1331513000,1080265000,863837000,696878000,560030000,438494000,347646000,284429000,238105000,230100000,194800000,179300000,165300000,153700000,153900000,169400000,159100000,139200000,118700000,111600000,112000000,116100000,104800000,74100000
totalLiabilitiesAndStockholdersEquity,7996500000,7414500000,6657400000,6069200000,6014800000,4354100000,4256900000,4381300000,4259600000,4097900000,3117400000,2945024000,3118257000,2801246000,2532296000,2333837000,1961859000,1877711000,1119320000,988027000,949085000,455632000,476300000,391400000,351000000,308000000,293200000,295600000,281700000,262300000,245000000,253500000,244900000,244000000,246200000,229700000,148900000
minorityInterest,0,0,0,0,0,0,0,0,100000,200000,200000,170000,189000,192000,194000,317000,258000,287000,297000,214000,0,0,0,0,0,0,0,0,0,0,0,0,0,0,0,0,0
totalEquity,3233200000,3020400000,2667800000,2453800000,2218000000,1977900000,2023200000,2101900000,2300000000,2061100000,2040800000,1870859000,1601772000,1331705000,1080459000,864154000,697136000,560317000,438791000,347860000,284429000,238105000,230100000,194800000,179300000,165300000,153700000,153900000,169400000,159100000,139200000,118700000,111600000,112000000,116100000,104800000,74100000
totalLiabilitiesAndTotalEquity,7996500000,7414500000,6657400000,6069200000,6014800000,4354100000,4256900000,4381300000,4259700000,4098100000,3117600000,2945194000,3118446000,2801438000,2532490000,2334154000,1962117000,1877998000,1119617000,988241000,949085000,455632000,476300000,391400000,351000000,308000000,293200000,295600000,281700000,262300000,245000000,253500000,244900000,244000000,246200000,229700000,148900000
totalInvestments,0.0,0.0,0.0,0.0,0.0,0.0,0.0,0.0,0.0,0.0,0.0,0.0,0.0,0.0,0.0,0.0,0.0,0.0,0.0,0.0,0.0,0.0,0.0,0.0,0.0,0.0,0.0,0.0,0.0,0.0,0.0,0.0,0.0,0.0,0.0,0.0,0.0
totalDebt,2562900000,2163900000,2063100000,2107100000,2374300000,1120200000,1050000000,1095200000,803300000,903200000,252300000,339673000,816296000,856141000,856017000,933336000,756543000,858742000,397046000,368433000,418144000,33999000,84400000,48800000,39500000,7500000.0,12500000,32500000,9600000.0,7700000.0,7800000.0,31000000,53600000,57000000,58300000,60700000,22300000
netDebt,2322300000,1980800000,1907400000,1790400000,2095400000,932400000,720000000,672200000,306400000,560200000,900000.0,150471000,369153000,658142000,606208000,822860000,629865000,713202000,321412000,292131000,365698000,12426000,64600000,32600000,24600000,-15400000,1100000.0,27800000,4000000.0,-9800000.0,3100000.0,4000000.0,29000000,31100000,12600000,18900000,-3700000.0
link,https://www.sec.gov/Archives/edgar/data/313927/000156459022005528/0001564590-22-005528-index.htm,https://www.sec.gov/Archives/edgar/data/313927/000156459021006669/0001564590-21-006669-index.htm,https://www.sec.gov/Archives/edgar/data/313927/000156459020004956/0001564590-20-004956-index.html,https://www.sec.gov/Archives/edgar/data/313927/000156459019003587/0001564590-19-003587-index.html,https://www.sec.gov/Archives/edgar/data/313927/000156459018002984/0001564590-18-002984-index.html,https://www.sec.gov/Archives/edgar/data/313927/000156459017002326/0001564590-17-002326-index.html,https://www.sec.gov/Archives/edgar/data/313927/000156459016012917/0001564590-16-012917-index.html,https://www.sec.gov/Archives/edgar/data/313927/000156459015000786/chd-10k_20141231.htm,https://www.sec.gov/Archives/edgar/data/313927/000119312514062315/d638344d10k.htm,https://www.sec.gov/Archives/edgar/data/313927/000119312513071188/0001193125-13-071188-index.html,https://www.sec.gov/Archives/edgar/data/313927/000119312512077495/0001193125-12-077495-index.html,https://www.sec.gov/Archives/edgar/data/313927/000119312511045474/d10k.htm,https://www.sec.gov/Archives/edgar/data/313927/000119312510038997/0001193125-10-038997-index.html,https://www.sec.gov/Archives/edgar/data/313927/000119312509036152/0001193125-09-036152-index.html,https://www.sec.gov/Archives/edgar/data/313927/000119312508039878/d10k.htm,https://www.sec.gov/Archives/edgar/data/313927/000119312507039869/d10k.htm,https://www.sec.gov/Archives/edgar/data/313927/000119312506052189/d10k.htm,https://www.sec.gov/Archives/edgar/data/313927/000119312505047881/d10k.htm,,,https://www.sec.gov/Archives/edgar/data/313927/000095012302003119/0000950123-02-003119-index.html,https://www.sec.gov/Archives/edgar/data/313927/000031392701000084/0000313927-01-000084-index.html,,https://www.sec.gov/Archives/edgar/data/313927/000095012399002800/0000950123-99-002800-index.html,https://www.sec.gov/Archives/edgar/data/313927/000095012398003168/0000950123-98-003168-index.html,https://www.sec.gov/Archives/edgar/data/313927/000095012397002608/0000950123-97-002608-index.html,https://www.sec.gov/Archives/edgar/data/313927/000095012396001450/0000950123-96-001450-index.html,https://www.sec.gov/Archives/edgar/data/313927/000095012395000782/0000950123-95-000782-index.html,,,,,,,,,
finalLink,https://www.sec.gov/Archives/edgar/data/313927/000156459022005528/chd-10k_20211231.htm,https://www.sec.gov/Archives/edgar/data/313927/000156459021006669/chd-10k_20201231.htm,https://www.sec.gov/Archives/edgar/data/313927/000156459020004956/chd-10k_20191231.htm,https://www.sec.gov/Archives/edgar/data/313927/000156459019003587/chd-10k_20181231.htm,https://www.sec.gov/Archives/edgar/data/313927/000156459018002984/chd-10k_20171231.htm,https://www.sec.gov/Archives/edgar/data/313927/000156459017002326/chd-10k_20161231.htm,https://www.sec.gov/Archives/edgar/data/313927/000156459016012917/chd-10k_20151231.htm,https://www.sec.gov/Archives/edgar/data/313927/000156459015000786/chd-10k_20141231.htm,https://www.sec.gov/Archives/edgar/data/313927/000119312514062315/d638344d10k.htm,https://www.sec.gov/Archives/edgar/data/313927/000119312513071188/d445489d10k.htm,https://www.sec.gov/Archives/edgar/data/313927/000119312512077495/d259084d10k.htm,https://www.sec.gov/Archives/edgar/data/313927/000119312511045474/d10k.htm,https://www.sec.gov/Archives/edgar/data/313927/000119312510038997/d10k.htm,https://www.sec.gov/Archives/edgar/data/313927/000119312509036152/d10k.htm,https://www.sec.gov/Archives/edgar/data/313927/000119312508039878/d10k.htm,https://www.sec.gov/Archives/edgar/data/313927/000119312507039869/d10k.htm,https://www.sec.gov/Archives/edgar/data/313927/000119312506052189/d10k.htm,https://www.sec.gov/Archives/edgar/data/313927/000119312505047881/d10k.htm,,,https://www.sec.gov/Archives/edgar/data/313927/000095012302003119/y59049e10-k.txt,https://www.sec.gov/Archives/edgar/data/313927/000031392701000084/0000313927-01-000084-0001.txt,,https://www.sec.gov/Archives/edgar/data/313927/0000950123-99-002800.txt,https://www.sec.gov/Archives/edgar/data/313927/0000950123-98-003168.txt,https://www.sec.gov/Archives/edgar/data/313927/0000950123-97-002608.txt,https://www.sec.gov/Archives/edgar/data/313927/0000950123-96-001450.txt,https://www.sec.gov/Archives/edgar/data/313927/0000950123-95-000782.txt,,,,,,,,,
