,2021,2020,2019,2018,2017,2016,2015,2014,2013,2012,2011,2010,2009,2008,2007,2006,2005,2004,2003,2002,2001,2000,1999,1998,1997,1996,1995,1994,1993,1992,1991,1990,1989
reportedCurrency,USD,USD,USD,USD,USD,USD,USD,USD,USD,USD,USD,USD,USD,USD,USD,USD,USD,USD,USD,USD,USD,USD,USD,USD,USD,USD,USD,USD,USD,USD,USD,USD,USD
cik,0000313927,0000313927,0000313927,0000313927,0000313927,0000313927,0000313927,0000313927,0000313927,0000313927,0000313927,0000313927,0000313927,0000313927,0000313927,0000313927,0000313927,0000313927,0000313927,0000313927,0000313927,0000313927,0000313927,0000313927,0000313927,0000313927,0000313927,0000313927,0000313927,0000313927,0000313927,0000313927,0000313927
fillingDate,2022-02-17,2021-02-18,2020-02-18,2019-02-21,2018-02-23,2017-02-24,2016-02-19,2015-02-20,2014-02-21,2013-02-22,2012-02-24,2011-02-24,2010-02-24,2009-02-24,2008-02-27,2007-02-26,2006-03-13,2005-03-11,2003-12-31,2002-12-31,2002-03-28,2001-03-09,1999-12-31,1999-03-31,1998-03-31,1997-03-27,1996-03-29,1995-03-29,1993-12-31,1992-12-31,1991-12-31,1990-12-31,1989-12-31
acceptedDate,2022-02-17 14:06:45,2021-02-18 16:14:12,2020-02-18 11:12:28,2019-02-21 12:35:48,2018-02-23 11:47:48,2017-02-24 10:39:11,2016-02-19 12:27:20,2015-02-20 11:29:47,2014-02-21 12:42:51,2013-02-22 14:07:00,2012-02-24 13:07:49,2011-02-24 16:54:55,2010-02-24 16:55:45,2009-02-24 15:41:30,2008-02-27 14:03:19,2007-02-26 17:15:16,2006-03-13 15:20:24,2005-03-11 16:07:11,2003-12-31,2002-12-31,2002-03-28 00:00:00,2001-03-09 00:00:00,1999-12-31,1999-03-31 00:00:00,1998-03-31 00:00:00,1997-03-27 00:00:00,1996-03-29 00:00:00,1995-03-29 00:00:00,1993-12-31,1992-12-31,1991-12-31,1990-12-31,1989-12-31
calendarYear,2021,2020,2019,2018,2017,2016,2015,2014,2013,2012,2011,2010,2009,2008,2007,2006,2005,2004,2003,2002,2001,2000,1999,1998,1997,1996,1995,1994,1993,1992,1991,1990,1989
period,FY,FY,FY,FY,FY,FY,FY,FY,FY,FY,FY,FY,FY,FY,FY,FY,FY,FY,FY,FY,FY,FY,FY,FY,FY,FY,FY,FY,FY,FY,FY,FY,FY
netIncome,827500000,785900000,615900000,568600000,743400000,459000000,410400000,413900000,394400000,349800000,309600000,270717000,243533000,195174000,169025000,138927000,122906000,88808000,80961000,66690000,46984000,33559000,45400000,30300000,24500000,21200000,10200000,6100000.0,26300000,29500000,26500000,23200000,8600000.0
depreciationAndAmortization,219100000,189700000,176400000,141100000,125400000,107600000,101000000,91200000,90500000,85000000,77100000,71572000,85352000,71404000,56671000,51727000,44158000,39093000,30224000,27890000,27843000,23454000,19300000,16500000,14200000,13600000,13100000,11700000,10600000,11500000,11200000,10500000,10100000
deferredIncomeTax,20300000,25700000,5600000.0,11100000,-237600000,24900000,24000000,12700000,11100000,13200000,59400000,38853000,23145000,15155000,16519000,9025000.0,2390000.0,12863000,12490000,17817000,7295000.0,-4067000.0,1900000.0,-100000.0,2700000.0,-300000.0,-200000.0,-3300000.0,1500000.0,-300000.0,-1600000.0,-2200000.0,-4100000.0
stockBasedCompensation,23700000,21500000,20800000,23300000,18100000,16000000,16100000,17000000,17000000,12400000,0.0,11846000,0.0,0.0,0.0,0.0,0.0,0.0,0.0,0.0,0.0,0.0,0.0,0.0,0.0,0.0,0.0,0.0,0.0,0.0,0.0,0.0,0.0
changeInWorkingCapital,-17300000,-140300000,112200000,-313300000,310300000,-278400000,-93900000,-337400000,256400000,-163400000,169211000,-158844000,83233000,435000.0,165899000,26938000,-51529000,79089000,-37101000,-2922000.0,83802000,-21811000,-7400000.0,19400000,-13500000,14600000,-2400000.0,-30200000,7700000.0,9100000.0,-11400000,-20700000,3800000.0
accountsReceivables,2400000.0,-13400000,-9200000.0,-3400000.0,-9700000.0,-12700000,33500000,-1800000.0,-31200000,-9000000.0,-35300000,-12702000,6201000.0,26473000,0.0,0.0,0.0,0.0,0.0,0.0,0.0,0.0,0.0,0.0,0.0,0.0,0.0,0.0,0.0,0.0,0.0,0.0,0.0
inventory,-29100000,-61900000,-33800000,-55100000,-25200000,19200000,-38500000,1800000.0,-7300000.0,-1100000.0,-9000000.0,24052000,-10552000,2443000.0,-13758000,-13061000,-9815000.0,4876000.0,16508000,16771000,-14544000,17110000,-5600000.0,2100000.0,-7100000.0,-7400000.0,13800000,-2000000.0,-7800000.0,8800000.0,-13900000,-3400000.0,900000.0
accountsPayables,47500000,168000000,72800000,54900000,30300000,50500000,21800000,2400000.0,67900000,30700000,0.0,0.0,0.0,0.0,0.0,0.0,0.0,0.0,0.0,0.0,0.0,0.0,0.0,0.0,0.0,0.0,0.0,0.0,0.0,0.0,0.0,0.0,0.0
otherWorkingCapital,-16000000,-276200000,-135900000,-248100000,65200000,-245100000,33300000,127200000,464600000,208200000,371600000,202389000,361233000,278000000,277565000,111666000,84728000,136257000,57168000,94269000,97191000,13389000,35200000,42600000,23200000,36700000,22100000,24500000,54700000,47000000,37900000,49300000,70000000
otherNonCashItems,-79500000,107800000,-66400000,332800000,-278100000,326200000,148500000,342900000,-269800000,226600000,-177511000,194338000,-34314000,53999000,-159437000,-40173000,72182000,-24965000,31296000,4541000.0,-124279000,71624000,4800000.0,-16000000,-10300000,-15400000,26300000,31200000,-25700000,-1200000.0,-12500000,34300000,11200000
netCashProvidedByOperatingActivities,993800000,990300000,864500000,763600000,681500000,655300000,606100000,540300000,499600000,523600000,437800000,428482000,400949000,336167000,248677000,186444000,190107000,194888000,117870000,114016000,41645000,102759000,64000000,50100000,17600000,33700000,47000000,15500000,20400000,48600000,12200000,45100000,29600000
investmentsInPropertyPlantAndEquipment,-118800000,-98900000,-73700000,-60400000,-45000000,-49800000,-61800000,-70500000,-67100000,-74500000,-76600000,-63833000,-135379000,-98319000,-48876000,-47598000,-37737000,-34977000,-32211000,-38739000,-165759000,-26646000,-87900000,-43200000,-9900000.0,-7100000.0,-19700000,-28400000,-28800000,-17400000,-20300000,-10600000,-11600000
acquisitionsNet,-556000000,-512700000,-475000000,-49800000,-1260000000,-305300000,-74900000,-216800000,-6400000.0,-666000000,-69100000,-126025000,543000.0,-384381000,-211000.0,-337471000,-83540000,-194201000,-110674000,0.0,0.0,0.0,0.0,0.0,0.0,0.0,0.0,0.0,0.0,0.0,0.0,0.0,0.0
purchasesOfInvestments,0.0,0.0,0.0,0.0,0.0,0.0,0.0,0.0,0.0,0.0,0.0,0.0,0.0,0.0,0.0,0.0,0.0,0.0,0.0,0.0,-16380000,0.0,-2000000.0,0.0,0.0,0.0,0.0,0.0,0.0,-9600000.0,14700000,0.0,-7900000.0
salesMaturitiesOfInvestments,0.0,0.0,0.0,0.0,0.0,0.0,0.0,0.0,0.0,0.0,1600000.0,1838000.0,0.0,0.0,0.0,0.0,0.0,0.0,0.0,0.0,6077000.0,1009000.0,0.0,0.0,0.0,0.0,0.0,0.0,4100000.0,0.0,0.0,0.0,0.0
otherInvestingActivites,-7200000.0,3500000.0,-4800000.0,-1900000.0,1600000.0,500000.0,-4500000.0,-1100000.0,-3600000.0,-800000.0,-3700000.0,7572000.0,30696000,16539000,6565000.0,-447000.0,16163000,3513000.0,1669000.0,369000.0,-201096000,-1554000.0,13000000,800000.0,-37300000,600000.0,7800000.0,10300000,10300000,500000.0,900000.0,6600000.0,11100000
netCashUsedForInvestingActivites,-682000000,-608100000,-553500000,-112100000,-1303400000,-354600000,-141200000,-288400000,-77100000,-741300000,-147800000,-180448000,-104140000,-466161000,-42522000,-385516000,-105114000,-225665000,-141216000,-38370000,-377158000,-27191000,-76900000,-42400000,-47200000,-6500000.0,-11900000,-18100000,-14400000,-26500000,-4700000.0,-4000000.0,-8400000.0
debtRepayment,-300000000,0.0,-600000000,-268800000,-200000000,0.0,-250000000,-7900000.0,-1100000.0,0.0,0.0,-781402000,-71491000,-149928000,0.0,0.0,0.0,0.0,0.0,0.0,0.0,0.0,0.0,0.0,0.0,0.0,0.0,0.0,0.0,0.0,0.0,0.0,0.0
commonStockIssued,0.0,0.0,0.0,0.0,0.0,0.0,0.0,0.0,0.0,0.0,0.0,0.0,0.0,0.0,16069000,12195000,17167000,18633000,12640000,10868000,9168000.0,7465000.0,6700000.0,3800000.0,1700000.0,900000.0,1400000.0,2300000.0,2900000.0,1500000.0,0.0,1900000.0,500000.0
commonStockRepurchased,-500000000,-300000000,-250000000,-200000000,-400000000,-400000000,-363100000,-478800000,-50100000,-250400000,-80200000,-87000.0,-389000.0,-403000.0,-246000.0,0.0,0.0,0.0,0.0,0.0,0.0,-20484000,-9100000.0,-10300000,-3000000.0,-3000000.0,-1100000.0,-15100000,-10900000,-3000000.0,-21200000,-11100000,-3900000.0
dividendsPaid,-247500000,-237300000,-224100000,-213300000,-190400000,-183000000,-175300000,-167500000,-155200000,-134500000,-97400000,-44039000,-32344000,-23114000,-19746000,-16868000,-15315000,-14005000,-12495000,-11888000,-11275000,-10744000,-10100000,-9300000.0,-9000000.0,-8600000.0,-8600000.0,-8700000.0,-8500000.0,-7700000.0,-6700000.0,-6100000.0,-5400000.0
otherFinancingActivites,795400000,177200000,601200000,73100000,1489300000,143400000,253400000,347600000,-53400000,690100000,-48900000,321804000,45909000,260667000,-69696000,182326000,-103076000,91753000,21714000,-50770000,368493000,-49997000,28900000,9300000.0,32000000,-5000000.0,-20000000,23100000,2000000.0,0.0,-1900000.0,-23500000,-2900000.0
netCashUsedProvidedByFinancingActivities,-252100000,-360100000,-472900000,-609000000,698900000,-439600000,-535000000,-306600000,-259800000,305200000,-226500000,-503724000,-58315000,87222000,-73619000,177653000,-101224000,96381000,21859000,-51790000,366386000,-73760000,16400000,-6500000.0,21700000,-15700000,-28300000,1600000.0,-14500000,-9200000.0,-29800000,-38800000,-11700000
effectOfForexChangesOnCash,-2200000.0,5300000.0,900000.0,-4700000.0,14100000,-3300000.0,-22900000,-19200000,-8800000.0,4100000.0,-1300000.0,-2251000.0,10650000,-9038000.0,6797000.0,5217000.0,-2631000.0,4302000.0,819000.0,0.0,0.0,0.0,0.0,0.0,0.0,0.0,0.0,0.0,0.0,0.0,0.0,0.0,0.0
netChangeInCash,57500000,27400000,-161000000,37800000,91100000,-142200000,-93000000,-73900000,153900000,91600000,62200000,-257941000,249144000,-51810000,139333000,-16202000,-18862000,69906000,-668000.0,23856000,30873000,1808000.0,3600000.0,-6500000.0,21700000,-15700000,-28300000,1600000.0,-14500000,-9200000.0,-29800000,-38800000,-11700000
cashAtEndOfPeriod,240600000,183100000,155700000,316700000,278900000,187800000,330000000,423000000,496900000,343000000,251400000,189202000,447143000,197999000,249809000,110476000,126678000,145540000,75634000,76302000,52446000,21573000,19800000,0.0,0.0,0.0,0.0,0.0,0.0,0.0,0.0,0.0,0.0
cashAtBeginningOfPeriod,183100000,155700000,316700000,278900000,187800000,330000000,423000000,496900000,343000000,251400000,189200000,447143000,197999000,249809000,110476000,126678000,145540000,75634000,76302000,52446000,21573000,19765000,16200000,14900000,22900000,11400000,4700000.0,5600000.0,14000000,4700000.0,27000000,24600000,15100000
operatingCashFlow,993800000,990300000,864500000,763600000,681500000,655300000,606100000,540300000,499600000,523600000,437800000,428482000,400949000,336167000,248677000,186444000,190107000,194888000,117870000,114016000,41645000,102759000,64000000,50100000,17600000,33700000,47000000,15500000,20400000,48600000,12200000,45100000,29600000
capitalExpenditure,-118800000,-98900000,-73700000,-60400000,-45000000,-49800000,-61800000,-70500000,-67100000,-74500000,-76600000,-63833000,-135950000,-98659000,-48876000,-47598000,-37737000,-34977000,-32211000,-38739000,-165759000,-26646000,-87900000,-43200000,-9900000.0,-7100000.0,-19700000,-28400000,-28800000,-17400000,-20300000,-10600000,-11600000
freeCashFlow,875000000,891400000,790800000,703200000,636500000,605500000,544300000,469800000,432500000,449100000,361200000,364649000,264999000,237508000,199801000,138846000,152370000,159911000,85659000,75277000,-124114000,76113000,-23900000,6900000.0,7700000.0,26600000,27300000,-12900000,-8400000.0,31200000,-8100000.0,34500000,18000000
link,https://www.sec.gov/Archives/edgar/data/313927/000156459022005528/0001564590-22-005528-index.htm,https://www.sec.gov/Archives/edgar/data/313927/000156459021006669/0001564590-21-006669-index.htm,https://www.sec.gov/Archives/edgar/data/313927/000156459020004956/0001564590-20-004956-index.html,https://www.sec.gov/Archives/edgar/data/313927/000156459019003587/0001564590-19-003587-index.html,https://www.sec.gov/Archives/edgar/data/313927/000156459018002984/0001564590-18-002984-index.html,https://www.sec.gov/Archives/edgar/data/313927/000156459017002326/0001564590-17-002326-index.html,https://www.sec.gov/Archives/edgar/data/313927/000156459016012917/0001564590-16-012917-index.html,https://www.sec.gov/Archives/edgar/data/313927/000156459015000786/chd-10k_20141231.htm,https://www.sec.gov/Archives/edgar/data/313927/000119312514062315/d638344d10k.htm,https://www.sec.gov/Archives/edgar/data/313927/000119312513071188/0001193125-13-071188-index.html,https://www.sec.gov/Archives/edgar/data/313927/000119312512077495/0001193125-12-077495-index.html,https://www.sec.gov/Archives/edgar/data/313927/000119312511045474/d10k.htm,https://www.sec.gov/Archives/edgar/data/313927/000119312510038997/0001193125-10-038997-index.html,https://www.sec.gov/Archives/edgar/data/313927/000119312509036152/0001193125-09-036152-index.html,https://www.sec.gov/Archives/edgar/data/313927/000119312508039878/d10k.htm,https://www.sec.gov/Archives/edgar/data/313927/000119312507039869/d10k.htm,https://www.sec.gov/Archives/edgar/data/313927/000119312506052189/d10k.htm,https://www.sec.gov/Archives/edgar/data/313927/000119312505047881/d10k.htm,,,https://www.sec.gov/Archives/edgar/data/313927/000095012302003119/0000950123-02-003119-index.html,https://www.sec.gov/Archives/edgar/data/313927/000031392701000084/0000313927-01-000084-index.html,,https://www.sec.gov/Archives/edgar/data/313927/000095012399002800/0000950123-99-002800-index.html,https://www.sec.gov/Archives/edgar/data/313927/000095012398003168/0000950123-98-003168-index.html,https://www.sec.gov/Archives/edgar/data/313927/000095012397002608/0000950123-97-002608-index.html,https://www.sec.gov/Archives/edgar/data/313927/000095012396001450/0000950123-96-001450-index.html,https://www.sec.gov/Archives/edgar/data/313927/000095012395000782/0000950123-95-000782-index.html,,,,,
finalLink,https://www.sec.gov/Archives/edgar/data/313927/000156459022005528/chd-10k_20211231.htm,https://www.sec.gov/Archives/edgar/data/313927/000156459021006669/chd-10k_20201231.htm,https://www.sec.gov/Archives/edgar/data/313927/000156459020004956/chd-10k_20191231.htm,https://www.sec.gov/Archives/edgar/data/313927/000156459019003587/chd-10k_20181231.htm,https://www.sec.gov/Archives/edgar/data/313927/000156459018002984/chd-10k_20171231.htm,https://www.sec.gov/Archives/edgar/data/313927/000156459017002326/chd-10k_20161231.htm,https://www.sec.gov/Archives/edgar/data/313927/000156459016012917/chd-10k_20151231.htm,https://www.sec.gov/Archives/edgar/data/313927/000156459015000786/chd-10k_20141231.htm,https://www.sec.gov/Archives/edgar/data/313927/000119312514062315/d638344d10k.htm,https://www.sec.gov/Archives/edgar/data/313927/000119312513071188/d445489d10k.htm,https://www.sec.gov/Archives/edgar/data/313927/000119312512077495/d259084d10k.htm,https://www.sec.gov/Archives/edgar/data/313927/000119312511045474/d10k.htm,https://www.sec.gov/Archives/edgar/data/313927/000119312510038997/d10k.htm,https://www.sec.gov/Archives/edgar/data/313927/000119312509036152/d10k.htm,https://www.sec.gov/Archives/edgar/data/313927/000119312508039878/d10k.htm,https://www.sec.gov/Archives/edgar/data/313927/000119312507039869/d10k.htm,https://www.sec.gov/Archives/edgar/data/313927/000119312506052189/d10k.htm,https://www.sec.gov/Archives/edgar/data/313927/000119312505047881/d10k.htm,,,https://www.sec.gov/Archives/edgar/data/313927/000095012302003119/y59049e10-k.txt,https://www.sec.gov/Archives/edgar/data/313927/000031392701000084/0000313927-01-000084-0001.txt,,https://www.sec.gov/Archives/edgar/data/313927/0000950123-99-002800.txt,https://www.sec.gov/Archives/edgar/data/313927/0000950123-98-003168.txt,https://www.sec.gov/Archives/edgar/data/313927/0000950123-97-002608.txt,https://www.sec.gov/Archives/edgar/data/313927/0000950123-96-001450.txt,https://www.sec.gov/Archives/edgar/data/313927/0000950123-95-000782.txt,,,,,
