,2021,2020,2019,2018,2017,2016,2015,2014,2013,2012,2011,2010,2009,2008,2007,2006,2005,2004,2003,2002,2001,2000,1999,1998,1997,1996,1995,1994,1993,1992,1991,1990,1989,1988,1987,1986,1985
reportedCurrency,USD,USD,USD,USD,USD,USD,USD,USD,USD,USD,USD,USD,USD,USD,USD,USD,USD,USD,USD,USD,USD,USD,USD,USD,USD,USD,USD,USD,USD,USD,USD,USD,USD,USD,USD,USD,USD
cik,0000313927,0000313927,0000313927,0000313927,0000313927,0000313927,0000313927,0000313927,0000313927,0000313927,0000313927,0000313927,0000313927,0000313927,0000313927,0000313927,0000313927,0000313927,0000313927,0000313927,0000313927,0000313927,0000313927,0000313927,0000313927,0000313927,0000313927,0000313927,0000313927,0000313927,0000313927,0000313927,0000313927,0000313927,0000313927,0000313927,0000313927
fillingDate,2022-02-17,2021-02-18,2020-02-18,2019-02-21,2018-02-23,2017-02-24,2016-02-19,2015-02-20,2014-02-21,2013-02-22,2012-02-24,2011-02-24,2010-02-24,2009-02-24,2008-02-27,2007-02-26,2006-03-13,2005-03-11,2003-12-31,2002-12-31,2002-03-28,2001-03-09,1999-12-31,1999-03-31,1998-03-31,1997-03-27,1996-03-29,1995-03-29,1993-12-31,1992-12-31,1991-12-31,1990-12-31,1989-12-31,1988-12-31,1987-12-31,1986-12-31,1985-12-31
acceptedDate,2022-02-17 14:06:45,2021-02-18 16:14:12,2020-02-18 11:12:28,2019-02-21 12:35:48,2018-02-23 11:47:48,2017-02-24 10:39:11,2016-02-19 12:27:20,2015-02-20 11:29:47,2014-02-21 12:42:51,2013-02-22 14:07:00,2012-02-24 13:07:49,2011-02-24 16:54:55,2010-02-24 16:55:45,2009-02-24 15:41:30,2008-02-27 14:03:19,2007-02-26 17:15:16,2006-03-13 15:20:24,2005-03-11 16:07:11,2003-12-31,2002-12-31,2002-03-28 00:00:00,2001-03-09 00:00:00,1999-12-31,1999-03-31 00:00:00,1998-03-31 00:00:00,1997-03-27 00:00:00,1996-03-29 00:00:00,1995-03-29 00:00:00,1993-12-31,1992-12-31,1991-12-31,1990-12-31,1989-12-31,1988-12-31,1987-12-31,1986-12-31,1985-12-31
calendarYear,2021,2020,2019,2018,2017,2016,2015,2014,2013,2012,2011,2010,2009,2008,2007,2006,2005,2004,2003,2002,2001,2000,1999,1998,1997,1996,1995,1994,1993,1992,1991,1990,1989,1988,1987,1986,1985
period,FY,FY,FY,FY,FY,FY,FY,FY,FY,FY,FY,FY,FY,FY,FY,FY,FY,FY,FY,FY,FY,FY,FY,FY,FY,FY,FY,FY,FY,FY,FY,FY,FY,FY,FY,FY,FY
revenue,5190100000,4895800000,4357700000,4145900000,3776200000,3493100000,3394800000,3297600000,3194300000,2921900000,2749300000,2589220000,2520922000,2422398000,2220940000,1945661000,1736506000,1462062000,1056874000,1047149000,1080864000,795725000,730000000,684400000,574900000,527800000,485800000,491000000,507700000,516400000,485500000,428500000,387600000,346800000,318800000,275400000,231400000
costOfRevenue,2926600000,2681600000,2373700000,2305100000,2046600000,1902500000,1883000000,1844700000,1756300000,1630500000,1534800000,1431455000,1419932000,1450680000,1353042000,1184524000,1099506000,928674000,738883000,735928000,680211000,426867000,385000000,362100000,316500000,292400000,276600000,276500000,262200000,267000000,272500000,253200000,251700000,228300000,207400000,177100000,145700000
grossProfit,2263500000,2214200000,1984000000,1840800000,1729600000,1590600000,1511800000,1452900000,1438000000,1291400000,1214500000,1157765000,1100990000,971718000,867898000,761137000,637000000,533388000,317991000,311221000,400653000,368858000,345000000,322300000,258400000,235400000,209200000,214500000,245500000,249400000,213000000,175300000,135900000,118500000,111400000,98300000,85700000
grossProfitRatio,0.4361187645710102,0.4522652069120471,0.4552860453909172,0.44400492052389107,0.45802658757481063,0.45535484240359564,0.44532814893366324,0.44059315866084425,0.4501768775631594,0.44197268900373043,0.4417488087876914,0.4471481758985332,0.4367410019032719,0.4011388714818952,0.39077957981755473,0.39119713043536364,0.3668285626424556,0.3648190022037369,0.3008788180994139,0.29720794270920375,0.3706784572342126,0.463549593138333,0.4726027397260274,0.47092343658679137,0.4494694729518177,0.4460022735884805,0.43062988884314535,0.43686354378818737,0.4835532794957652,0.48295894655305965,0.4387229660144181,0.4091015169194866,0.3506191950464396,0.3416955017301038,0.349435382685069,0.35693536673928833,0.3703543647363872
researchAndDevelopmentExpenses,0.0,0.0,0.0,0.0,0.0,0.0,0.0,0.0,0.0,0.0,0.0,0.0,0.0,0.0,0.0,0.0,0.0,0.0,0.0,0.0,0.0,0.0,0.0,0.0,0.0,0.0,0.0,0.0,0.0,0.0,0.0,0.0,0.0,0.0,0.0,0.0,0.0
generalAndAdministrativeExpenses,606700000,593300000,628800000,565900000,542700000,439200000,420100000,394800000,416000000,389000000,367800000,374834000,354510000,337256000,562864000,509035000,424224000,200452000,117333000,120512000,111832000,271332000,263200000,264000000,213700000,194500000,187700000,201400000,199200000,193100000,161500000,130900000,95700000,81700000,78900000,73700000,58600000
sellingAndMarketingExpenses,577700000,591200000,515000000,483200000,454200000,427200000,417500000,416900000,399800000,357300000,354100000,337978000,353588000,294130000,0.0,0.0,0.0,161183000,88807000,86195000,195960000,0.0,0.0,0.0,0.0,0.0,0.0,0.0,0.0,0.0,0.0,0.0,0.0,0.0,0.0,0.0,0.0
sellingGeneralAndAdministrativeExpenses,1184400000,1184500000,1143800000,1049100000,996900000,866400000,837600000,811700000,815800000,746300000,721900000,712812000,708098000,631386000,562864000,509035000,424224000,361635000,206140000,206707000,307792000,271332000,263200000,264000000,213700000,194500000,187700000,201400000,199200000,193100000,161500000,130900000,95700000,81700000,78900000,73700000,58600000
otherExpenses,0.0,0.0,0.0,0.0,0.0,0.0,0.0,0.0,0.0,0.0,0.0,0.0,-20000000,0.0,0.0,0.0,0.0,0.0,0.0,0.0,-660000.0,23454000,19300000,16500000,14200000,13600000,13100000,11700000,10600000,11500000,11200000,10500000,10100000,9700000.0,9300000.0,6300000.0,5600000.0
operatingExpenses,1184400000,1184500000,1143800000,1049100000,996900000,866400000,837600000,811700000,815800000,746300000,721900000,712812000,688098000,631386000,562864000,509035000,424224000,361635000,206140000,206707000,307132000,294786000,282500000,280500000,227900000,208100000,200800000,213100000,209800000,204600000,172700000,141400000,105800000,91400000,88200000,80000000,64200000
costAndExpenses,4111000000,3866100000,3517500000,3354200000,3043500000,2768900000,2720600000,2656400000,2572100000,2376800000,2256700000,2144267000,2108030000,2082066000,1915906000,1693559000,1523730000,1290309000,945023000,942635000,987343000,721653000,667500000,642600000,544400000,500500000,477400000,489600000,472000000,471600000,445200000,394600000,357500000,319700000,295600000,257100000,209900000
interestIncome,0,0.0,0.0,0.0,0.0,0.0,0.0,0.0,0.0,0.0,1900000.0,597000.0,0.0,0.0,0.0,0.0,0.0,0.0,0.0,0.0,0.0,0.0,0.0,0.0,0.0,0.0,0.0,0.0,0.0,0.0,0.0,0.0,0.0,0.0,0.0,0.0,0.0
interestExpense,54500000,61000000,73600000,79400000,52600000,27700000,30500000,27400000,27700000,14000000,8700000.0,27777000,35568000,46945000,0.0,0.0,0.0,0.0,0.0,0.0,0.0,0.0,0.0,0.0,0.0,0.0,0.0,0.0,0.0,0.0,0.0,0.0,0.0,0.0,0.0,0.0,0.0
depreciationAndAmortization,219100000,189700000,176400000,141100000,125400000,107600000,101000000,91200000,90500000,85000000,77100000,71572000,85352000,71404000,56671000,51727000,44158000,39093000,30224000,27890000,27843000,23454000,19300000,16500000,14200000,13600000,13100000,11700000,10600000,11500000,11200000,10500000,10100000,9700000.0,9300000.0,6300000.0,5600000.0
ebitda,1305300000,1224500000,1023700000,940000000,870700000,841200000,766900000,743500000,716000000,641500000,580400000,517628000,513168000,426601000,321596000,264825000,219132000,166532000,147159000,128982000,101698000,75328000,91500000,62700000,52900000,46700000,29400000,21400000,55200000,58600000,53200000,49500000,27100000,34700000,32600000,26000000,12700000
ebitdaratio,0.25149804435367334,0.2501123411904081,0.23491750235215825,0.2267300224318001,0.23057571103225466,0.24081761186338782,0.22590432426063392,0.22546700630761765,0.22414926587984849,0.21954892364557307,0.21110828210817298,0.19991657719313152,0.20356361680369325,0.1761068990314556,0.14480175061010203,0.13611055574429462,0.12619132902506527,0.11390214642060323,0.13923987154570933,0.12317444795344311,0.0940895431802706,0.09466587074680323,0.12534246575342467,0.09161309175920514,0.09201600278309272,0.08848048503220916,0.06051873198847262,0.043584521384928715,0.10872562536931259,0.11347792408985283,0.10957775489186405,0.11551925320886815,0.06991744066047471,0.10005767012687428,0.10225846925972397,0.0944081336238199,0.05488331892826275
operatingIncome,1079100000,1029700000,840200000,791700000,732700000,724200000,674200000,641200000,622200000,545100000,492600000,444953000,412892000,340332000,305034000,252102000,212776000,171753000,111851000,104514000,93521000,74072000,62500000,41800000,30500000,27300000,8400000.0,1400000.0,35700000,44800000,40300000,33900000,30100000,27100000,23200000,18300000,21500000
operatingIncomeRatio,0.2079150690738136,0.21032313411495568,0.19280813273056888,0.1909597433609108,0.19403103649171125,0.20732300821619765,0.19859785554377282,0.19444444444444445,0.19478445981905268,0.1865566925630583,0.17917288036954862,0.17184827863217494,0.16378610682916805,0.14049384122675135,0.13734454780408295,0.1295713898772705,0.12253110556485264,0.11747313041444207,0.10583191563043466,0.09980814573666212,0.08652429907925512,0.09308743598605046,0.08561643835616438,0.06107539450613676,0.053052704818229254,0.05172413793103448,0.01729106628242075,0.0028513238289205704,0.07031711640732716,0.08675445391169635,0.08300720906282183,0.07911318553092182,0.07765737874097008,0.07814302191464821,0.07277289836888332,0.0664488017429194,0.09291270527225583
totalOtherIncomeExpensesNet,-47400000,-55900000,-66500000,-72200000,-40000000,-18300000,-38800000,-16300000,-24400000,-2600000.0,2000000.0,-26697000,-20656000,-32080000,-40109000,-39004000,-37893000,-44310000,5114000.0,-3422000.0,-19666000,-22198000,9700000.0,4400000.0,8200000.0,5800000.0,7900000.0,8300000.0,12100000,2300000.0,1700000.0,5100000.0,-13100000,-2100000.0,100000.0,1400000.0,-14400000
incomeBeforeTax,1031700000,973800000,773700000,719500000,692700000,705900000,635400000,624900000,597800000,542500000,494600000,418256000,392236000,308252000,264925000,213098000,174883000,127443000,116965000,101092000,73855000,51874000,72200000,46200000,38700000,33100000,16300000,9700000.0,47800000,47100000,42000000,39000000,17000000,25000000,23300000,19700000,7100000.0
incomeBeforeTaxRatio,0.19878229706556713,0.19890518403529556,0.1775477889712463,0.17354494802093634,0.1834383772045972,0.2020841086713807,0.18716861081654296,0.1895014556040757,0.18714585355163885,0.18566686060440124,0.17990033826792273,0.16153745143325016,0.15559227933272032,0.12725076556371,0.11928507748971157,0.10952473221182929,0.1007097009742552,0.08716661810511456,0.11067071382208286,0.09654022493456041,0.06832959558279303,0.06519086367777813,0.0989041095890411,0.06750438340151958,0.06731605496608106,0.06271314892004547,0.03355290242898312,0.019755600814663953,0.09415008863502068,0.09120836560805577,0.08650875386199794,0.09101516919486581,0.043859649122807015,0.07208765859284891,0.07308657465495609,0.07153231663035585,0.030682800345721694
incomeTaxExpense,204200000,187900000,157800000,150900000,-50700000,246900000,225000000,211000000,203400000,192700000,185000000,147562000,148715000,113078000,95900000,74171000,52068000,38631000,35974000,34402000,26871000,18315000,26800000,15900000,14200000,11900000,6100000.0,3600000.0,18300000,17600000,15500000,15800000,8400000.0,8500000.0,9300000.0,6900000.0,2400000.0
netIncome,827500000,785900000,615900000,568600000,743400000,459000000,410400000,413900000,394400000,349800000,309600000,270717000,243533000,195174000,169025000,138927000,122906000,88808000,80961000,66690000,46984000,33559000,45400000,30300000,24500000,21200000,10200000,6100000.0,26300000,29500000,26500000,23200000,8600000.0,16500000,14000000,12800000,4700000.0
netIncomeRatio,0.1594381611144294,0.16052534825769027,0.14133602588521468,0.13714754335608673,0.19686457285101425,0.13140190661589993,0.12089077412513255,0.12551552644347405,0.12346993081426291,0.11971662274547383,0.11261048266831557,0.10455542595839673,0.09660473429959356,0.0805705751078064,0.0761051626788657,0.07140349732044791,0.07077775717446412,0.060741610136916216,0.07660421204419826,0.06368721165755781,0.04346892856085502,0.042174117942756606,0.06219178082191781,0.044272355347749856,0.0426161071490694,0.04016672982190224,0.02099629477151091,0.012423625254582484,0.05180224542052393,0.05712625871417506,0.05458290422245108,0.05414235705950992,0.02218782249742002,0.04757785467128028,0.043914680050188205,0.04647785039941903,0.02031114952463267
eps,3.38,3.18,2.5,2.32,2.97,1.78,1.565,1.53,1.425,1.25,1.08,0.9525,0.865,0.72,0.6425,0.535,0.48,0.36,0.335,0.28,0.201667,0.146667,0.195,0.13,0.105,0.090833,0.043333,0.025833,0.108388,0.121728,0.108388,0.088378,0.035018,0.063365,0.05336,0.050025,0.02001
epsdiluted,3.32,3.12,2.44,2.27,2.9,1.75,1.535,1.505,1.395,1.225,1.06,0.9375,0.8525,0.695,0.615,0.5175,0.4575,0.34,0.32,0.266667,0.191667,0.14,0.185,0.125833,0.1025,0.090833,0.043333,0.025833,0.10672,0.118393,0.108388,0.088378,0.035018,0.061698,0.05336,0.050025,0.02001
weightedAverageShsOut,244900000,246800000,246200000,245500000,250600000,257600000,262200000,270200000,277200000,280200000,286400000,284124000,281516000,271480000,263360000,259424000,255428000,247472000,241362000,237780000,233274000,229926000,232752000,232404000,233532000,234408000,234804000,236472000,242647907,242344581,244493138,262510254,245591490,260396118,262368816,255872064,234882559
weightedAverageShsOutDil,249600000,252200000,252100000,250700000,256100000,262100000,267200000,275000000,282400000,285400000,291600000,288804000,285908000,284464000,281248000,275784000,277156000,272264000,253194000,250854000,244914000,239598000,246258000,240300000,239652000,234408000,234804000,236472000,246439280,249171189,244493138,262510254,245591490,267433851,262368816,255872064,234882559
link,https://www.sec.gov/Archives/edgar/data/313927/000156459022005528/0001564590-22-005528-index.htm,https://www.sec.gov/Archives/edgar/data/313927/000156459021006669/0001564590-21-006669-index.htm,https://www.sec.gov/Archives/edgar/data/313927/000156459020004956/0001564590-20-004956-index.html,https://www.sec.gov/Archives/edgar/data/313927/000156459019003587/0001564590-19-003587-index.html,https://www.sec.gov/Archives/edgar/data/313927/000156459018002984/0001564590-18-002984-index.html,https://www.sec.gov/Archives/edgar/data/313927/000156459017002326/0001564590-17-002326-index.html,https://www.sec.gov/Archives/edgar/data/313927/000156459016012917/0001564590-16-012917-index.html,https://www.sec.gov/Archives/edgar/data/313927/000156459015000786/chd-10k_20141231.htm,https://www.sec.gov/Archives/edgar/data/313927/000119312514062315/d638344d10k.htm,https://www.sec.gov/Archives/edgar/data/313927/000119312513071188/0001193125-13-071188-index.html,https://www.sec.gov/Archives/edgar/data/313927/000119312512077495/0001193125-12-077495-index.html,https://www.sec.gov/Archives/edgar/data/313927/000119312511045474/d10k.htm,https://www.sec.gov/Archives/edgar/data/313927/000119312510038997/0001193125-10-038997-index.html,https://www.sec.gov/Archives/edgar/data/313927/000119312509036152/0001193125-09-036152-index.html,https://www.sec.gov/Archives/edgar/data/313927/000119312508039878/d10k.htm,https://www.sec.gov/Archives/edgar/data/313927/000119312507039869/d10k.htm,https://www.sec.gov/Archives/edgar/data/313927/000119312506052189/d10k.htm,https://www.sec.gov/Archives/edgar/data/313927/000119312505047881/d10k.htm,,,https://www.sec.gov/Archives/edgar/data/313927/000095012302003119/0000950123-02-003119-index.html,https://www.sec.gov/Archives/edgar/data/313927/000031392701000084/0000313927-01-000084-index.html,,https://www.sec.gov/Archives/edgar/data/313927/000095012399002800/0000950123-99-002800-index.html,https://www.sec.gov/Archives/edgar/data/313927/000095012398003168/0000950123-98-003168-index.html,https://www.sec.gov/Archives/edgar/data/313927/000095012397002608/0000950123-97-002608-index.html,https://www.sec.gov/Archives/edgar/data/313927/000095012396001450/0000950123-96-001450-index.html,https://www.sec.gov/Archives/edgar/data/313927/000095012395000782/0000950123-95-000782-index.html,,,,,,,,,
finalLink,https://www.sec.gov/Archives/edgar/data/313927/000156459022005528/chd-10k_20211231.htm,https://www.sec.gov/Archives/edgar/data/313927/000156459021006669/chd-10k_20201231.htm,https://www.sec.gov/Archives/edgar/data/313927/000156459020004956/chd-10k_20191231.htm,https://www.sec.gov/Archives/edgar/data/313927/000156459019003587/chd-10k_20181231.htm,https://www.sec.gov/Archives/edgar/data/313927/000156459018002984/chd-10k_20171231.htm,https://www.sec.gov/Archives/edgar/data/313927/000156459017002326/chd-10k_20161231.htm,https://www.sec.gov/Archives/edgar/data/313927/000156459016012917/chd-10k_20151231.htm,https://www.sec.gov/Archives/edgar/data/313927/000156459015000786/chd-10k_20141231.htm,https://www.sec.gov/Archives/edgar/data/313927/000119312514062315/d638344d10k.htm,https://www.sec.gov/Archives/edgar/data/313927/000119312513071188/d445489d10k.htm,https://www.sec.gov/Archives/edgar/data/313927/000119312512077495/d259084d10k.htm,https://www.sec.gov/Archives/edgar/data/313927/000119312511045474/d10k.htm,https://www.sec.gov/Archives/edgar/data/313927/000119312510038997/d10k.htm,https://www.sec.gov/Archives/edgar/data/313927/000119312509036152/d10k.htm,https://www.sec.gov/Archives/edgar/data/313927/000119312508039878/d10k.htm,https://www.sec.gov/Archives/edgar/data/313927/000119312507039869/d10k.htm,https://www.sec.gov/Archives/edgar/data/313927/000119312506052189/d10k.htm,https://www.sec.gov/Archives/edgar/data/313927/000119312505047881/d10k.htm,,,https://www.sec.gov/Archives/edgar/data/313927/000095012302003119/y59049e10-k.txt,https://www.sec.gov/Archives/edgar/data/313927/000031392701000084/0000313927-01-000084-0001.txt,,https://www.sec.gov/Archives/edgar/data/313927/0000950123-99-002800.txt,https://www.sec.gov/Archives/edgar/data/313927/0000950123-98-003168.txt,https://www.sec.gov/Archives/edgar/data/313927/0000950123-97-002608.txt,https://www.sec.gov/Archives/edgar/data/313927/0000950123-96-001450.txt,https://www.sec.gov/Archives/edgar/data/313927/0000950123-95-000782.txt,,,,,,,,,
