,2021,2020,2019,2018,2017,2016,2015,2014,2013,2012,2011,2010,2009,2008,2007,2006,2005,2004,2003,2002,2001,2000,1999,1998,1997,1996,1995,1994,1993,1992,1991,1990,1989,1988,1987,1986
period,FY,FY,FY,FY,FY,FY,FY,FY,FY,FY,FY,FY,FY,FY,FY,FY,FY,FY,FY,FY,FY,FY,FY,FY,FY,FY,FY,FY,FY,FY,FY,FY,FY,FY,FY,FY
revenuePerShare,21.192731727235607,19.83711507293355,17.69983753046304,16.887576374745418,15.068635275339187,13.560170807453416,12.947368421052632,12.204293116210215,11.523448773448774,10.42790863668808,9.599511173184357,9.112992918584844,8.954808962900865,8.92293354943274,8.433095382746052,7.499926760823979,6.798416774981599,5.907989590741579,4.378792021942145,4.4038565060139625,4.633452506494509,3.460787383766951,3.1363855090396644,2.944871861069517,2.4617611290957986,2.251629637213747,2.0689596429362362,2.076355763050171,2.0923320801609058,2.1308502045688407,1.9857408022633338,1.6323171894077708,1.57823058119807,1.1799931949642735,1.2089495638983694,1.0715953307392996
netIncomePerShare,3.3789301755818704,3.184359805510535,2.5016246953696184,2.3160896130346234,2.9664804469273744,1.781832298136646,1.565217391304348,1.5318282753515915,1.4227994227994227,1.2483940042826553,1.0810055865921788,0.9528128563584913,0.8650769405646571,0.718925887726536,0.6418020959902795,0.5355210003700506,0.4811766916704512,0.3588608004137842,0.33543391254629973,0.2804693414080242,0.20141121599492443,0.14595565529779148,0.19505740015123393,0.13037641348685908,0.10491067605296062,0.09044059929695232,0.043440486533449174,0.025795865895327987,0.10838749991773058,0.12172750006735245,0.10838750002055272,0.0883775001032912,0.035017499995622814,0.0561415447431099,0.05309063329541145,0.049805447470817124
operatingCashFlowPerShare,4.057982850142915,4.0125607779578605,3.5113728675873275,3.110386965376782,2.7194732641660018,2.543866459627329,2.3115942028985508,1.9996299037749814,1.8023088023088023,1.8686652391149179,1.5286312849162011,1.5080809787275977,1.4242494209920573,1.2382753794017975,0.9442474179829891,0.7186844702109288,0.744268443553565,0.7875153552725157,0.48835359335769507,0.4795020607284044,0.17852396752317018,0.44692205318232825,0.2749707843541624,0.21557288170599473,0.07536440402171865,0.1437664243541176,0.20016694775216776,0.06554687235698095,0.08407243339626251,0.20054089841604505,0.04989915095285823,0.17180281270079453,0.12052534882214364,0.05035726437563797,0.09177095183921123,0.054863813229571984
freeCashFlowPerShare,3.5728868926092283,3.6118314424635334,3.2120227457351747,2.864358452138493,2.539904229848364,2.3505434782608696,2.0758962623951183,1.7387120651369357,1.5602453102453102,1.6027837259100643,1.261173184357542,1.2834149878222185,0.9413283792040239,0.8748637100338883,0.7586611482381531,0.5352087701985938,0.5965281801525283,0.6461781534880714,0.35489845128893527,0.3165825553032215,-0.5320524361909171,0.33103259309516975,-0.10268440228225752,0.029689678318789693,0.03297192675950191,0.11347735572164773,0.11626718454540809,-0.05455191312290673,-0.03461806081022574,0.12874230515597954,-0.03312976415722555,0.13142343765360115,0.07329244185130356,0.007825791085403199,0.04361016306408798,-0.09494163424124513
cashPerShare,0.9824418129848917,0.7418962722852512,0.632412672623883,1.290020366598778,1.1129289704708698,0.7290372670807453,1.2585812356979404,1.5655070318282753,1.7925685425685425,1.22412562455389,0.8777932960893855,0.665913474398502,1.5883395615169298,0.729331810814793,0.9485457168894289,0.4258511163192303,0.49594406251468126,0.5881069373504881,0.3133633297702207,0.320893262679788,0.22482574140281386,0.10683002357280168,0.08506908640956898,0.06970620127020188,0.06380281931384135,0.0976929115047268,0.048551132007972606,0.019875503230826482,0.02307870720681716,0.07221122885351416,0.019223443399871615,0.1028531251202096,0.10016633719678153,0.051378019734603604,0.12627986348122866,0.01634241245136187
bookValuePerShare,13.202123315639037,12.238249594813615,10.835905767668562,9.995112016293279,8.85075818036712,7.678183229813665,7.7162471395881,7.779052553663953,8.296897546897547,7.355103497501784,7.125,6.584058368881193,5.6891366742920475,4.90464490938559,4.10185677399757,3.3298268471691133,2.728275678469079,2.2630034913040666,1.816748286805711,1.4620489528135252,1.2192914769755738,1.035572314570775,0.9886058981233244,0.8381955560145264,0.7677748659712588,0.7051807105559538,0.6545885078618763,0.6508170100477012,0.6981308930062191,0.6565032291768059,0.5693411321834316,0.45217281302847695,0.4544131394780821,0.3810820006805036,0.4402730375426621,0.40778210116731517
tangibleBookValuePerShare,-10.353613719885667,-9.397893030794165,-8.780259951259138,-7.385336048879837,-8.22585794094174,-3.4860248447204967,-2.2929061784897025,-1.8338267949666913,-0.45634920634920634,-1.4546752319771592,3.1735335195530725,0.496395939800932,-0.11081785759956805,-1.1965669662590246,-1.0386960814094774,-1.9456218391513507,-1.4587437555788716,-1.7198349712290684,0.24847739080716932,0.07158297586003869,0.0864862779392474,0.6703504605829702,0.6289956692101464,0.7181459871602899,0.670571913056883,0.6898228729394901,0.6392565714383059,0.635593220338983,0.6832945812304081,0.6391725342519625,0.5529807548218388,0.4365543755102229,0.43690438948027066,0.8036747192922763,0.9029199848312476,0.8610894941634242
shareholdersEquityPerShare,13.202123315639037,12.238249594813615,10.835905767668562,9.995112016293279,8.85075818036712,7.678183229813665,7.7162471395881,7.779052553663953,8.296897546897547,7.355103497501784,7.125,6.584058368881193,5.6891366742920475,4.90464490938559,4.10185677399757,3.3298268471691133,2.728275678469079,2.2630034913040666,1.816748286805711,1.4620489528135252,1.2192914769755738,1.035572314570775,0.9886058981233244,0.8381955560145264,0.7677748659712588,0.7051807105559538,0.6545885078618763,0.6508170100477012,0.6981308930062191,0.6565032291768059,0.5693411321834316,0.45217281302847695,0.4544131394780821,0.3810820006805036,0.4402730375426621,0.40778210116731517
interestDebtPerShare,10.687627603103307,9.014991896272285,8.678716490658001,8.90631364562118,9.684357541899441,4.4561335403726705,4.120900076277651,4.154700222057735,2.997835497835498,3.273376159885796,0.9113128491620112,1.2932733595190833,3.025987865698575,3.3265286577280095,3.2503683171324425,3.5977241889724927,2.9618640086443144,3.4700572185944267,1.6450228287800068,1.5494700984102951,1.7925015218155473,0.147869314475092,0.3626177218670516,0.20997917419665754,0.16914170220783448,0.03199549503429917,0.053235890359619085,0.1374369904259278,0.03956349806882942,0.03177294069554623,0.031902735855106085,0.11809062513801842,0.2182486046238817,0.17386866281047975,0.1975729996207812,0.21634241245136188
marketCap,25224700000,20837324000,17918435753.8,15515600245.5,12304459498.8,11671856257.6,11012400000,10932291729.800001,8939700000,8086572280.2,6486960000,4896877424.124001,4243149910,3612720100,3428288800,2923059920,2210090770,2110936159.9999998,1603046030.454,1113206779.26,1137988252.2419999,939630996.6420001,860697577.584,757733952.4679999,543691687.5,495675171.864,384002453.26799995,354708000,553540537.84375,595763680.8434731,550109560.5,426579162.75,306989362.5,13137329.999999998,10363410,10331400
enterpriseValue,27547000000,22818124000,19825835753.8,17306000245.5,14399859498.8,12604256257.6,11732400000,11604491729.800001,9246100000,8646772280.2,6487860000,5047348424.124001,4612302910,4270862100,4034496800,3745919920,2839955770,2824138160,1924458030.454,1405337779.26,1503686252.2419999,952056996.6420001,925297577.584,790333952.4679999,568291687.5,480275171.864,385102453.26799995,382508000,557540537.84375,585963680.8434731,553209560.5,430579162.75,335989362.5,53637330,33863410,65331400
peRatio,30.48302114803625,26.513963608601607,29.093092634843316,27.287372925606753,16.551600079096044,25.428880735511985,26.833333333333332,26.412881685914474,22.66658215010142,23.11770234476844,20.952713178294573,18.08854790842097,17.42330571216221,18.510252902538248,20.282732140215945,21.040257977211052,17.981959953134915,23.76966219259526,19.80022517575129,16.69225939811066,24.220761370721945,27.999374136356863,18.958096422555066,25.00772120356436,22.191497448979593,23.38090433320755,37.64729934,58.148852459016396,21.047168739306084,20.195379011643155,20.75885133962264,18.38703287715517,35.6964375,0.7962018181818181,0.7402435714285714,0.807140625
priceToSalesRatio,4.860156837055163,4.256163241962499,4.111902093719164,3.7423961613883594,3.2584236795720565,3.341403411754602,3.24390243902439,3.3152267496967496,2.7986413298688286,2.7675732503507993,2.359495144218528,1.8912558315338208,1.6831738189440213,1.491381721748449,1.5436206291029924,1.5023480040973223,1.2727227950839215,1.4438075539888184,1.5167806478861245,1.0630834573303323,1.0528505457134292,1.1808489071500834,1.1790377775123289,1.1071507195616597,0.9457152330840145,0.9391344673436909,0.790453794293948,0.7224195519348269,1.090290600440713,1.1536864462499479,1.133078394438723,0.9955172992998832,0.7920262190402477,0.03788157439446367,0.03250755959849436,0.03751416122004357
pocfratio,25.3820688267257,21.0414258305564,20.72693551625217,20.319015512702986,18.054966249156273,17.81146994903098,18.169278996865202,20.23374371608366,17.893714971977584,15.444179297555387,14.81717679305619,11.428432055778307,10.582767159913105,10.746801738421677,13.786111301004919,15.677951127416275,11.62550968665015,10.831534830261482,13.600119033290914,9.763601417871175,27.325927536126784,9.144026281318425,13.448399649749998,15.124430188982036,30.89157315340909,14.708462073115728,8.170264963148936,22.884387096774194,27.1343400903799,12.25851195151179,45.090947581967214,9.458518021064302,10.37126224662162,0.8876574324324323,0.4282400826446281,0.7327234042553191
pfcfRatio,28.82822857142857,23.375952434372895,22.658618808548304,22.06427793728669,19.331436761665355,19.27639348901734,20.232224875987505,23.270097338867604,20.669826589595377,18.006172968603874,17.959468438538206,13.429016462746368,16.011946875271228,15.210940684103273,17.15851672414052,21.05253244601933,14.504763207980574,13.200693885974072,18.71427439561517,14.788139528142725,-9.168895146736064,12.345210366717907,-36.012450944937235,109.81651485043477,70.60931006493506,18.634404957293235,14.066023929230766,-27.496744186046513,-65.89768307663691,19.09498977062414,-67.91476055555556,12.364613413043479,17.054964583333334,5.711882608695651,0.9011660869565218,-0.4234180327868852
pbRatio,7.8017753309414815,6.898862402330817,6.716558870155184,6.323090816488712,5.547547113976555,5.901135678042368,5.443060498220641,5.201147404633903,3.8869950867429015,3.9238062400892817,3.1789473684210523,2.6176865444357666,2.649347495571569,2.7132443318240225,3.1735627832059725,3.3838095844470657,3.1714170486082214,3.769326928914522,3.655799236600729,3.20212739182962,4.00095718876064,3.9462883880724893,3.740537060338983,3.8898046841273097,3.03230165923034,2.998639878185118,2.498389416187378,2.304795321637427,3.267653706279516,3.74458630322736,3.951936497844828,3.5937587426284754,2.7508007392473117,0.11729758928571428,0.08926279069767443,0.09858206106870229
ptbRatio,7.8017753309414815,6.898862402330817,6.716558870155184,6.323090816488712,5.547547113976555,5.901135678042368,5.443060498220641,5.201147404633903,3.8869950867429015,3.9238062400892817,3.1789473684210523,2.6176865444357666,2.649347495571569,2.7132443318240225,3.1735627832059725,3.3838095844470657,3.1714170486082214,3.769326928914522,3.655799236600729,3.20212739182962,4.00095718876064,3.9462883880724893,3.740537060338983,3.8898046841273097,3.03230165923034,2.998639878185118,2.498389416187378,2.304795321637427,3.267653706279516,3.74458630322736,3.951936497844828,3.5937587426284754,2.7508007392473117,0.11729758928571428,0.08926279069767443,0.09858206106870229
evToSales,5.307604863104757,4.660754932799542,4.54961005893017,4.174244493475482,3.813320136327525,3.608329637742979,3.4559915164369035,3.5190719704633677,2.894562188898976,2.9592978131352887,2.359822500272797,1.9493702443685745,1.8296095277838822,1.7630720055085911,1.816571721883527,1.9252685436980028,1.6354425323033723,1.9316131326852075,1.8208963702901197,1.3420609476397343,1.3911891341019775,1.1964648548707155,1.2675309281972602,1.154783682741087,0.9885052835275701,0.9099567485107996,0.7927181005928364,0.7790386965376782,1.0981692689457356,1.1347089094567644,1.1394635643666324,1.0048521884480748,0.8668456204850361,0.1546635813148789,0.10622148682559598,0.2372236746550472
enterpriseValueOverEBITDA,21.103960775300695,18.634645977950182,19.366841607697566,18.410638559042553,16.5382559995406,14.983661742272943,15.29847437736341,15.607924317148623,12.91354748603352,13.478990304286828,11.178256374913852,9.750918466783096,8.987900473139401,10.011373859883122,12.545233149666041,14.144887831586898,12.96002304547031,16.95853145341436,13.077406277930674,10.895611629994884,14.785799644457116,12.638819517868523,10.112541831519126,12.605007216395533,10.742754017013233,10.284264922141329,13.098722900272106,17.874205607476636,10.100372062386775,9.999380219171895,10.39867594924812,8.698568944444444,12.398131457564576,1.6814210031347963,1.155747781569966,2.9165803571428572
evToOperatingCashFlow,27.71885691285973,23.04162778955872,22.933297575245806,22.66369859284966,21.129654436977255,19.234329707920036,19.35720178188418,21.477867351101242,18.507005604483588,16.514079985103134,14.819232526267703,11.779604333726972,11.503465303567287,12.70458462609358,16.22384378129059,20.09139430606509,14.93872277191266,14.491082878371166,16.326953681632308,12.325794443411452,36.107245821635246,9.264949996029546,14.45777464975,15.775128791776446,32.289300426136364,14.251488779347183,8.193669218468084,24.677935483870968,27.330418521752453,12.056865860976812,45.34504594262295,9.54720981707317,11.35099197635135,3.624143918918919,1.3993144628099174,4.633432624113476
evToFreeCashFlow,31.482285714285716,25.598074938299305,25.07060666894284,24.610353022610923,22.623502747525528,20.816277882080925,21.55502480249862,24.70091896509153,21.378265895953756,19.253556624805167,17.961960132890365,13.841662596425605,17.404982320688003,17.98197155464237,20.19257561273467,26.97895452515737,18.638549386362143,17.660687257286867,22.466501248602015,18.668886635492914,-12.115363715954686,12.508467628946436,-38.71537981523012,114.5411525315942,73.80411525974026,18.05545758887218,14.106316969523808,-29.651782945736436,-66.37387355282738,18.780887206521573,-68.29747660493827,12.480555442028985,18.666075694444444,23.320578260869564,2.944644347826087,-2.677516393442623
earningsYield,0.03280514733574631,0.03771597542947453,0.03437242002943169,0.0366469869681588,0.060417119506346505,0.03932536435248911,0.037267080745341616,0.037860314216804386,0.044117811559672024,0.04325689400643663,0.04772651596433461,0.055283597393379395,0.05739438982017961,0.054024113299007026,0.04930302254582519,0.04752793435722659,0.05561129057156327,0.04207043381169803,0.05050447614225461,0.05990800742727413,0.04128689369809819,0.03571508402759301,0.05274791190587402,0.039987649888605994,0.04506230380798308,0.042769945325840754,0.026562330300742364,0.017197243930218657,0.04751232873105998,0.049516277927909864,0.04817222223135677,0.05438615390971767,0.02801399999649825,1.255962969644517,1.35090669962879,1.2389414793735603
freeCashFlowYield,0.03468822225834202,0.04277900559592009,0.04413331670607985,0.04532212669013238,0.0517292124909733,0.05187692399876287,0.049426101485598055,0.042973606231105826,0.04837969954249024,0.05553650971495338,0.0556809352917237,0.0744656172530665,0.06245336733813395,0.06574215367528749,0.058280095889237805,0.047500223669722105,0.06894286970846904,0.07575359360938703,0.053435146822166074,0.06762175851106486,-0.10906439478217604,0.08100307490068795,-0.02776817388877509,0.009106098489484534,0.014162438339651827,0.053664176682422834,0.0710932958049281,-0.03636794208193782,-0.015175040355167448,0.05236975835087416,-0.014724339625433578,0.08087596163298531,0.05863395348104285,0.17507362607165994,1.1096733604093634,-2.361732195055849
debtToEquity,0.4981751824817518,0.6000860813137333,0.6785366219356773,0.6148830385524493,0.948331830477908,0.3505738409424137,0.3424278370897588,0.33236595461249346,0.28240358276446803,0.3151050511912271,0.12236597079290405,0.1334657978958555,0.3729728649717186,0.5868527006495619,0.6547569346410371,0.9179104391221955,0.911581367183352,1.3476170919415031,0.7551961942466716,1.0139279612019123,1.429404174679797,0.08456773272295835,0.2524989135158627,0.15195071868583163,0.03792526491912995,0.045372050816696916,0.048796356538711776,0.04873294346978557,0.0448642266824085,0.04839723444374607,0.05603448275862069,0.2493681550126369,0.46774193548387094,1.1785714285714286,1.119724375538329,1.191793893129771
debtToAssets,0.5956731069843056,0.5926360509811855,0.5992729894553429,0.5956963026428524,0.6312429340958968,0.5457384993454445,0.5247245648241678,0.5202565448611143,0.4600558724792826,0.49705961299138623,0.3453938927380036,0.3647756310789714,0.48635570409107615,0.5246352052053267,0.5733610004383038,0.6297784979054509,0.644702125306493,0.7016413223017277,0.6080883016245734,0.6480008418999009,0.7003124061596169,0.47741817958352356,0.5169011127440689,0.5022994379151763,0.4891737891737892,0.4633116883116883,0.4757844474761255,0.4793640054127199,0.39865104721334754,0.39344262295081966,0.43183673469387757,0.5317554240631164,0.5443037974683544,0.5409836065573771,0.5280259951259139,0.543752720940357
netDebtToEBITDA,1.7791312341990346,1.617639853001225,1.8632411839406076,1.9046808510638298,2.406569426897898,1.108416547788873,0.938844699439301,0.9041022192333558,0.42793296089385474,0.873265783320343,0.0015506547208821502,0.2906933164357415,0.7193609110466748,1.542757752560355,1.8849985696339506,3.10718398942698,2.8743633974043044,4.282672399298633,2.1841137816919116,2.26489742754803,3.5959212570552026,0.1649585811384877,0.7060109289617487,0.5199362041467305,0.46502835538752363,-0.3297644539614561,0.03741496598639456,1.2990654205607477,0.07246376811594203,-0.16723549488054607,0.05827067669172932,0.08080808080808081,1.070110701107011,1.2695924764890283,0.8020477815699659,2.455357142857143
currentRatio,0.5943523515805705,0.801094627682558,0.87558363087064,0.8129382492648722,1.0697326203208557,0.7553648068669528,1.0381574424200757,1.1405059096432122,1.7134520884520885,1.2869349503858876,1.9687174139728885,1.4526786433217325,1.6370592841321125,1.718121724215426,1.6063177715449073,1.2512713656942782,1.2067999316589784,1.3810968873325706,1.2463564515155956,1.493123813210439,1.4958319729001714,1.0897759122423527,1.2503556187766713,1.3429951690821256,1.1838351822503963,1.3714574898785425,1.227600411946447,1.245490981963928,1.7950581395348837,1.6135770234986946,1.4815756035578145,1.5869047619047618,2.17056856187291,2.2054794520547945,2.5565217391304347,2.6425
interestCoverage,19.8,16.880327868852458,11.415760869565217,9.97103274559194,13.929657794676807,26.144404332129962,22.104918032786884,23.401459854014597,22.462093862815884,38.93571428571428,56.62068965517241,16.018756525182706,11.608524516419253,7.249589945681116,,,,,,,,,,,,,,,,,,,,-5.911111111111111,-5.276595744680851,-5.472222222222222
incomeQuality,1.2009667673716011,1.2600839801501462,1.4036369540509823,1.3429475905733381,0.9167339252085015,1.427668845315904,1.4768518518518519,1.3053877748248368,1.2667342799188641,1.4968553459119496,1.4140826873385013,1.5827672440223555,1.6463846788730891,1.7223964257534303,1.4712438988315337,1.3420285473666027,1.546767448293818,2.194486983154671,1.45588616741394,1.709641625431099,0.8863655712583007,3.062039989272624,1.4096916299559472,1.6534653465346534,0.7183673469387755,1.5896226415094339,4.607843137254902,2.540983606557377,0.7756653992395437,1.647457627118644,0.46037735849056605,1.9439655172413792,3.441860465116279,0.896969696969697,1.7285714285714286,1.1015625
dividendYield,0.009811811438788173,0.011388218563957636,0.012506672071108364,0.013747453957629744,0.015474064506333568,0.01567874003595971,0.01591841923649704,0.015321581617092858,0.01736076154680806,0.016632510702875147,0.015014737257513537,0.008993282082791385,0.007622639003107954,0.0063979492903422,0.005759724793313796,0.0057706651459953654,0.006929579638939445,0.0066344971796778555,0.0077945360037236615,0.010679058214056606,0.00990783514485904,0.01143427583636161,0.011734667626637172,0.012273437094522633,0.016553499358034605,0.01735007216048257,0.02239569025356709,0.024527216752934806,0.015355695597490868,0.012924587798132405,0.012179392035852464,0.014299807709020592,0.017590186044312856,0.3882067360719416,0.45351867773252236,0.4162069032270554
payoutRatio,0.2990936555891239,0.301946812571574,0.36385776911836337,0.3751319029194513,0.256120527306968,0.39869281045751637,0.42714424951267055,0.40468712249335587,0.3935091277890467,0.384505431675243,0.3145994832041344,0.1626754138085159,0.13281156968460126,0.11842765942184923,0.11682295518414436,0.12141628337184276,0.12460742355946822,0.1576997567786686,0.15433356801422907,0.1782576098365572,0.2399753107440831,0.3201525671205936,0.22246696035242292,0.3069306930693069,0.3673469387755102,0.4056603773584906,0.8431372549019608,1.4262295081967213,0.3231939163498099,0.26101694915254237,0.2528301886792453,0.2629310344827586,0.627906976744186,0.3090909090909091,0.3357142857142857,0.3359375
salesGeneralAndAdministrativeToRevenue,0.11689562821525597,0.12118550594387026,0.14429630309566974,0.13649629754697412,0.1437159048779196,0.1257335890756062,0.12374808530694002,0.11972343522561864,0.13023197570672762,0.1331325507375338,0.1337795075110028,0.14476714995249534,0.14062711976015124,0.1392240251189111,0.2534350320134718,0.2616257405580931,0.24429745707760295,0.1371022569494317,0.11101891048507201,0.1150858187325777,0.10346537584747018,0.3409871500832574,0.36054794520547945,0.38573933372296904,0.3717168203165768,0.3685107995452823,0.38637299300123507,0.41018329938900205,0.392357691550128,0.37393493415956625,0.33264675592173015,0.3054842473745624,0.24690402476780185,0.0,0.0,0.0
researchAndDdevelopementToRevenue,0.0,0.0,0.0,0.0,0.0,0.0,0.0,0.0,0.0,0.0,0.0,0.0,0.0,0.0,0.0,0.0,0.0,0.0,0.0,0.0,0.0,0.0,0.0,0.0,0.0,0.0,0.0,0.0,0.0,0.0,0.0,0.0,0.0,0.0,0.0,0.0
intangiblesToTotalAssets,0.7214156193334584,0.7201834243711646,0.7254333523597801,0.7030415870295921,0.7114783533949591,0.6605038928825705,0.6165049684042379,0.592837742222628,0.5696410545343569,0.6024011127107683,0.3630677444187837,0.5873368613408828,0.5236483171425768,0.5913209573083538,0.5346556156194101,0.5864630182927091,0.5451968460596387,0.5249888445035618,0.338346059411388,0.3347756265931084,0.27843027758314587,0.18430224391614286,0.17572958219609489,0.07128257537046499,0.06467236467236467,0.011688311688311689,0.01227830832196453,0.012178619756427604,0.012779552715654952,0.016012199771254287,0.0163265306122449,0.016173570019723867,0.017558187015108206,0.031967213114754096,0.03290008123476848,0.03656943839791032
capexToOperatingCashFlow,-0.11954115516200443,-0.09986872664849035,-0.08525159051474841,-0.07909900471451022,-0.06603081438004402,-0.0759957271478712,-0.10196337238079525,-0.13048306496390893,-0.13430744595676541,-0.14228418640183346,-0.17496573777980814,-0.1489747527317367,-0.33907055510800627,-0.2934821085948353,-0.19654411143772846,-0.2552938147647551,-0.19850400037873409,-0.17947231230245064,-0.2732756426571647,-0.3397681027224249,-3.9802857485892664,-0.2593057542405045,-1.3734375,-0.8622754491017964,-0.5625,-0.21068249258160238,-0.41914893617021276,-1.832258064516129,-1.411764705882353,-0.35802469135802467,-1.6639344262295082,-0.23503325942350334,-0.3918918918918919,-1.184,-1.905511811023622,-0.36623376623376624
capexToRevenue,-0.022889732375098747,-0.02020098860247559,-0.016912591504692844,-0.014568609952000771,-0.011916741698003283,-0.014256677449829664,-0.018204312477907388,-0.021379184861717613,-0.021006167235388035,-0.025497108046134365,-0.02786163750772924,-0.024653370513127507,-0.053928681649015715,-0.040727824246882635,-0.022006897980134537,-0.024463665561472427,-0.021731569024236022,-0.023923062086286355,-0.030477616063977354,-0.03699473522870193,-0.15335786926014744,-0.033486443180747116,-0.12041095890410959,-0.06312098188194039,-0.017220386154113757,-0.013452065176203107,-0.04055166735282009,-0.05784114052953157,-0.056726413236163085,-0.03369481022463207,-0.04181256436663234,-0.024737456242707116,-0.029927760577915376,-27.744,-25.10236220472441,-7.153246753246753
capexToDepreciation,-0.5422181652213601,-0.5213494992092778,-0.4178004535147392,-0.42806520198440823,-0.3588516746411483,-0.4628252788104089,-0.6118811881188119,-0.7730263157894737,-0.7414364640883978,-0.8764705882352941,-0.993514915693904,-0.8918711227854468,-1.592815634080045,-1.3817013052490057,-0.8624516948703923,-0.9201770835347111,-0.8545903347071878,-0.8947126083953649,-1.0657424563260984,-1.3889924704195051,-5.953345544661135,-1.1360961882834484,-4.55440414507772,-2.618181818181818,-0.6971830985915493,-0.5220588235294118,-1.5038167938931297,-2.427350427350427,-2.7169811320754715,-1.5130434782608695,-1.8125,-1.0095238095238095,-1.1485148514851484,-0.776,-0.7244094488188977,-0.16363636363636364
stockBasedCompensationToRevenue,0.004566386004123234,0.0043915192614077374,0.004773160153291874,0.005620010130490364,0.004793178327419098,0.004580458618419169,0.0047425474254742545,0.005155264434740417,0.005321979776476849,0.004243813956672029,0.0,0.004575123010018461,0.0,0.0,0.0,0.0,0.0,0.0,0.0,0.0,0.0,0.0,0.0,0.0,0.0,0.0,0.0,0.0,0.0,0.0,0.0,0.0,0.0,0.0,0.0,0.0
grahamNumber,31.681282947376495,29.61160713705736,24.69647369493668,22.822476645759206,24.305370278133704,17.545021646398602,16.484723076713443,16.374183484553974,16.297498992695626,14.373465480220535,13.16429671879811,11.880696438757543,10.523054278328225,8.907115941646213,7.696301461584015,6.3341790782814735,5.434851420318766,4.274613783155471,3.702901184745294,3.037490395917783,2.350643960316555,1.8441317211853745,2.082975075678416,1.5680627965296692,1.3462262274685148,1.197907232090595,0.7998762237785917,0.6146045371259056,1.3048160396915065,1.3409236293172428,1.178330553989519,0.9482314135683958,0.59835547333329,0.6938133569771934,0.7252057802346682,0.6759954329968756
roic,0.18224038640163479,0.17087903881577857,0.15097662216312374,0.1669231904530983,0.14423796212449308,0.2160372292822624,0.1992199042609775,0.18446490218642117,0.17242621587917417,0.1616308376575241,0.18017556693489392,0.17811642599061206,0.1618286957741864,0.14096409046533656,0.14702545233002137,0.13340494774441064,0.13706199469597857,0.11296128340192008,0.12602035010472495,0.13112207900395698,0.12418649552697031,0.2416752040822985,0.18617813523979743,0.156437125748503,0.1356761565836299,0.13049713193116635,0.04283528811830699,0.007150153217568948,0.16768435885392202,0.2412493268712978,0.2423331328923632,0.2,0.16261480280929227,0.13789528252980818,0.12387612387612387,0.10384818133895625
returnOnTangibleAssets,0.3714593526956053,0.3788017544705259,0.3369440341375349,0.3154857681850968,0.4283738619338481,0.3105127858205926,0.2513935681470138,0.23201973204776052,0.21514291948505346,0.21468025039891986,0.1559147907538903,0.2227439641986452,0.16394262583668412,0.1704741682381436,0.1434262779173172,0.14392717395020405,0.1377287850314385,0.0995527256829621,0.10928875443946334,0.10144477808099155,0.06860670734823628,0.09029537908507283,0.11563932755985736,0.08335625859697386,0.07462686567164178,0.06964520367936924,0.03522099447513812,0.02089041095890411,0.0945702984537936,0.11429678419217358,0.10995850622406639,0.09302325581395349,0.03574397339983375,0.06985605419136325,0.05879882402351953,0.057840036150022596
grahamNetNet,-16.132605144957125,-14.846839546191248,-13.638911454102356,-11.60213849287169,-12.342877094972067,-7.158579192546584,-5.947940503432494,-5.519152479644708,-3.9318181818181817,-4.802194860813705,-1.8386871508379887,-2.1615254255184357,-2.822139771806931,-3.7346839546191246,-3.4497484431956256,-4.195917686875539,-3.595802926852185,-3.928842454903989,-1.998820236822698,-1.8822146521995122,-2.0657456467501736,-0.5073936831850248,-0.6086950917714993,-0.41253592881361767,-0.38088998509840194,-0.27302822429268625,-0.3157953016132604,-0.3228712067390642,-0.1908114542277919,-0.11842641531976322,-0.1531740330479132,-0.21303929712398967,-0.2545894403751531,-0.1879891119428377,-0.16818354190367843,-0.17850194552529183
workingCapital,-841800000,-276200000,-135900000,-248100000,65200000,-245100000,33300000,127200000,464600000,208200000,371600000,202389000,361233000,278000000,277565000,111666000,84728000,136257000,57168000,94269000,97191000,13389000,35200000,42600000,23200000,36700000,22100000,24500000,54700000,47000000,37900000,49300000,70000000,61600000,71600000,65700000
tangibleAssetValue,-2535600000,-2319400000,-2161700000,-1813100000,-2061400000,-898000000,-601200000,-495500000,-126500000,-407600000,908900000,141038000,-31197000,-324844000,-273551000,-504741000,-372604000,-425611000,59973000,17021000,20175000,154131000,146400000,166900000,156600000,161700000,150100000,150300000,165800000,154900000,135200000,114600000,107300000,104200000,108100000,96400000
netCurrentAssetValue,-3529900000,-3281700000,-3033200000,-2537200000,-2796600000,-1619400000,-1327700000,-1246900000,-843900000,-1103200000,-321600000,-424854000,-588409000,-804612000,-716678000,-913930000,-770543000,-823885000,-391604000,-354945000,-371449000,-55000000,-70400000,-29800000,-22300000,-7200000.0,-20300000,-17400000,11200000,20400000,10800000,-1500000.0,-3500000.0,-19300000,-12400000,-19200000
investedCapital,0.79268217246072,0.7164282876440207,0.7733338331209236,0.8587089412340044,1.070468890892696,0.5663582587592901,0.5189798339264532,0.5210523811789334,0.3492760554806731,0.43825513125333593,0.12364010585122023,0.18157641382399747,0.5096807346231822,0.642983583337151,0.792413898441586,1.0804538356194513,1.085617568641857,1.5333857114797422,0.9054764717419167,1.0597935831276644,1.47011732277651,0.1427899456122299,0.36679704476314645,0.25051334702258726,0.22030117122141663,0.045372050816696916,0.08132726089785296,0.2111760883690708,0.05667060212514758,0.04839723444374607,0.05603448275862069,0.2611625947767481,0.48028673835125446,,,
averageReceivables,402150000,398800000,377600000,372050000,372350000,342900000,337500000,360850000,364500000,350950000,331700000,314927500,310479000,304997000,323980500,315101500,293906500,283009000,253176500,249526000,252545500,231879000,231650000,235650000,224200000,220300000,221600000,221600000,222100000,222200000,223600000,220550000,218550000,192150000,188250000,187200000
averagePayables,625950000,588100000,530700000,509150000,493500000,459850000,441000000,436100000,422400000,423500000,409950000,397189000,382939000,387549000,377797500,372327000,421769000,415062000,368529000,375503500,382138000,358684000,347100000,314150000,340100000,340750000,337450000,330550000,327450000,328900000,329850000,331300000,322750000,,,
averageInventory,515400000,495400000,456400000,439100000,413050000,376800000,384700000,370650000,372950000,368800000,348050000,345400500,356135000,347146500,354525500,345150000,325774500,322149000,289788000,289037000,298307000,275282500,284050000,277850000,278350000,272150000,268350000,275050000,274050000,270500000,275050000,267850000,265150000,213000000,207950000,206800000
daysSalesOutstanding,28.517273270264543,29.732015196699212,29.851986139477248,30.39979256614969,33.43400773264128,29.989121410781255,29.696300223871802,35.74069019893256,37.73064521178349,37.862863205448505,35.12857818353763,32.57161423131291,32.16587819853213,31.822107680075693,40.948321431465956,43.410488774766,39.72905650772298,41.7455415707405,37.144300077398064,34.944387092954294,35.89370633123131,29.796311539790757,32.25,38.66525423728813,31.490694033744997,28.906782872300113,33.359407163441745,33.0061099796334,32.639353949182585,32.23082881487219,36.38722966014418,36.03150525087515,36.066821465428276,41.04671280276817,35.72145545796738,38.567538126361654
daysPayablesOutstanding,82.7878767170095,80.04791915274463,72.77857353498757,68.11982126588867,71.14164956513241,63.61839684625493,56.969463621879974,56.21320539925191,53.34823207880202,57.956761729530825,55.12574928329424,52.597860219147655,45.69864613235,47.04984558965451,45.18387086284092,48.2406519412017,84.7970543134826,95.12354173800495,73.58359848582252,80.79738099379287,94.53572494417173,110.53283575446217,100.58831168831168,40.52195526097763,106.21327014218011,116.59028727770178,114.5408532176428,96.36528028933093,92.9900839054157,95.28277153558054,95.9045871559633,107.39533965244867,83.23798172427493,0.0,0.0,0.0
daysOfInventoryOnHand,66.77407230233034,67.43026551312649,64.18292117790791,60.6142900524923,58.97854978989544,49.53639947437582,53.11205523101434,48.65479481758551,52.0597278369299,54.21833793314934,47.72967161845192,49.82438497892005,55.747423116036536,50.04270066451595,57.63502906783381,60.05661345823301,51.83635650919595,58.52190327283848,41.58200960097877,41.00402485025709,54.31125047963059,47.1697859052117,68.92337662337661,60.782932891466444,70.69352290679305,61.04138166894665,54.49927693420101,72.20795660036165,73.36193745232646,62.337078651685395,73.26788990825688,58.09439178515008,50.6098529996027,66.2242755144897,55.752191970466086,61.264305177111716
receivablesTurnover,12.799260172626386,12.276328986960882,12.22699214365881,12.006660874601796,10.917028042786933,12.171080139372823,12.29109341057205,10.212449674821926,9.673834039975771,9.640052787858792,10.390400604686318,11.206076475298088,11.347428406809568,11.470013352652064,8.913674290920328,8.408106204327515,9.18723050795448,8.743448671793706,9.826541333110187,10.445168176195986,10.16891364273551,12.249838357092274,11.317829457364342,9.44,11.590725806451612,12.626794258373206,10.941441441441441,11.058558558558559,11.182819383259911,11.324561403508772,10.03099173553719,10.130023640661939,10.120104438642297,8.892307692307693,10.217948717948717,9.463917525773196
payablesTurnover,4.40885808978608,4.559768746811767,5.015212338897105,5.358205485820549,5.130609175231887,5.737334137515078,6.406941136440967,6.493136219640972,6.841838722243865,6.297798377752028,6.621225194132873,6.939445796449451,7.987107516115604,7.757730029198173,8.078103823994747,7.566232737585753,4.304394804218636,3.8371153274055465,4.960344526645095,4.51747315953274,3.8609742530197075,3.302186155893183,3.628652214891612,9.007462686567164,3.436482084690554,3.1306209850107067,3.186635944700461,3.787671232876712,3.9251497005988023,3.830703012912482,3.8058659217877095,3.3986577181208055,4.385017421602788,,,
inventoryTurnover,5.466193500186776,5.41299959628583,5.686871106851941,6.021682340647858,6.188690656183852,7.36831913245546,6.872262773722627,7.501830012200081,7.011177644710579,6.732039636663914,7.647234678624813,7.325730165147569,6.5473878360308015,7.293771022610147,6.33295421037112,6.077598768599282,7.041389954466567,6.236981020564413,8.777834537160235,8.901565183733702,6.720522852569802,7.738004169310251,5.295735900962861,6.0049751243781095,5.1631321370309955,5.979550102249489,6.697336561743342,5.0548446069469835,4.975332068311196,5.855263157894737,4.9817184643510055,6.28287841191067,7.212034383954155,5.511574074074074,6.546827794561934,5.957792207792208
roe,0.25593838921192624,0.26019732485763475,0.2308643826373791,0.2317222267503464,0.3351668169522092,0.232064310632489,0.20284697508896798,0.1969170750273562,0.17148571677029437,0.1697316706293367,0.15172008232872686,0.14471512902465347,0.15205768292995117,0.14658061919034962,0.15646623745099583,0.16082547980695433,0.17636659501376137,0.15857721907754943,0.18463422532577412,0.19183307157280682,0.16518709414300228,0.14094202137712353,0.19730551933941765,0.1555441478439425,0.13664249860568878,0.12825166364186327,0.06636304489264802,0.0396361273554256,0.1552538370720189,0.18541797611565053,0.1903735632183908,0.1954507160909857,0.07706093189964158,0.14732142857142858,0.12058570198105081,0.12213740458015267
capexPerShare,-0.4850959575336872,-0.4007293354943274,-0.2993501218521527,-0.2460285132382892,-0.17956903431763768,-0.19332298136645962,-0.23569794050343248,-0.2609178386380459,-0.24206349206349206,-0.2658815132048537,-0.2674581005586592,-0.22466599090537934,-0.48292104178803336,-0.36341166936790925,-0.18558626974483597,-0.183475700012335,-0.1477402634010367,-0.1413372017844443,-0.13345514206875977,-0.16291950542518294,-0.7105764037140873,-0.11588946008715847,-0.3776551866364199,-0.18588320338720504,-0.04239247726221674,-0.03028906863246988,-0.08389976320675968,-0.12009878547988768,-0.11869049420648825,-0.0717985932600655,-0.08302891511008378,-0.0403793750471934,-0.04723290697084007,-0.042531473290234774,-0.048160788775123246,-0.14980544747081712
