,2021,2020,2019,2018,2017,2016,2015,2014,2013,2012,2011,2010,2009,2008,2007,2006,2005,2004,2003,2002,2001,2000,1999,1998,1997,1996,1995,1994,1993,1992,1991,1990,1989,1988,1987,1986,1985
period,FY,FY,FY,FY,FY,FY,FY,FY,FY,FY,FY,FY,FY,FY,FY,FY,FY,FY,FY,FY,FY,FY,FY,FY,FY,FY,FY,FY,FY,FY,FY,FY,FY,FY,FY,FY,FY
revenueGrowth,0.7319125070106562,-0.5938959116273773,0.06256050338818973,0.04172444220345393,0.3375484741190356,0.0594855305466238,0.042846497764530554,0.041117145073700546,0.10715052608975735,0.07855852517485756,0.12668632413955067,0.12721336549208778,-0.0717523071042429,0.044666286366229324,0.05146353166986564,0.1206937115584983,0.09233423893090535,0.11411976439790576,0.09923114967852165,0.03886216077350647,-0.016672790740400515,0.045725264169068205,0.09711756336618012,0.09100839369897666,0.09245069714859942,0.12324514991181658,0.0774387741141059,0.16601967561818665,0.011565357719203874,0.010326086956521738,0.054441260744985676,0.14238952536824878,0.12536836935166995,0.14736545505776275,0.515695067264574,0.08102493074792244,0.0
grossProfitGrowth,15.917874396135266,-1.2091965639211724,0.18290496114763896,-0.27260869565217394,0.11867704280155641,0.0838165524512388,0.3182765809589993,0.11119691119691119,0.36603375527426163,-0.5705938306835168,-0.22971982833815988,0.06356686952649547,0.2510677808727948,-0.1771088019559902,0.1788335960369286,1.6362341208595512,-0.06129499609940934,0.069614971987126,0.1476060191518468,0.07944477259303012,-0.06734609557912133,-0.19438588705203594,0.07412704087713026,0.18333098293611622,0.3718320758367189,-0.0007732456988208003,0.0828518797622038,0.208499873513787,0.06664867781975176,-0.13854021385402138,0.0403869407496977,0.03426713356678339,-0.03429951690821256,0.23655913978494625,0.395,0.18635689569945627,0.0
ebitgrowth,1.3859154929577464,-2.6698024459078082,0.6531881804043546,-0.48968253968253966,-0.06597479614529281,0.039291217257318954,0.3492723492723493,0.14797136038186157,0.575187969924812,0.18511918021831142,-0.04813401187446989,0.7636499626028422,2.5528455284552845,-1.8122641509433963,3.4284077892325313,-10.797297297297296,0.9072681704260651,-6.1891891891891895,0.875140607424072,0.27011494252873564,-4.912621359223301,-1.1030515257628815,-0.05260663507109005,0.5179856115107914,0.5617977528089888,0.1725955204216074,0.012026987386330302,0.0,0.0,0.0,0.0,0.0,0.0,0.0,0.0,0.0,0.0
operatingIncomeGrowth,1.3859154929577464,-2.6698024459078082,0.6531881804043546,-0.48968253968253966,-0.06597479614529281,0.039291217257318954,0.3492723492723493,0.14797136038186157,0.575187969924812,0.18511918021831142,-0.04813401187446989,0.7636499626028422,2.5528455284552845,-1.8122641509433963,3.4284077892325313,-10.797297297297296,0.9072681704260651,-6.1891891891891895,0.875140607424072,0.27011494252873564,-4.912621359223301,-1.1030515257628815,-0.05260663507109005,0.5179856115107914,0.5617977528089888,0.1725955204216074,0.012026987386330302,0.0,0.0,0.0,0.0,0.0,0.0,0.0,0.0,0.0,0.0
netIncomeGrowth,1.3610271903323263,-2.7217165149544864,0.7597254004576659,-0.5773694390715667,0.2702702702702703,-0.04009433962264151,0.40165289256198344,0.19094488188976377,0.6075949367088608,0.29243353783231085,-0.026284348864994027,1.064967105263158,1.894775570272259,-2.0872,3.376425855513308,-7.915254237288136,0.6143790849673203,-2.1333333333333333,1.1138279932546373,-2.0025316455696203,0.43812233285917496,-1.5238450074515648,0.07877813504823152,0.7182320441988951,0.9052631578947369,1.1965317919075145,-0.23216901158403977,1.72915857605178,0.6360424028268551,-9.242718446601941,-0.4011627906976744,-0.5990675990675991,0.144,1.8195488721804511,-0.24858757062146894,-0.3166023166023166,0.0
epsgrowth,1.0,-2.697115384615384,0.7577464788732395,-0.5449320038682062,0.18376813353566016,-0.00302571860816951,0.4787472035794185,0.23140495867768593,0.6241610738255033,0.31277533039647576,-0.028530670470756088,1.0678466076696165,1.9064171122994653,-2.198717948717949,3.244604316546763,-5.619047619047619,0.6315789473684211,-2.1176470588235294,1.1140939597315436,-1.9999999999999998,0.43984962406015043,-1.5225933202357564,-0.043233082706767,0.08571428571428569,0.849056603773585,1.0703124999999998,-0.23809523809523805,1.6693227091633465,0.6346433770014557,-26.444444444444446,-0.6707317073170731,-0.6974169741697418,0.1434599156118143,1.7882352941176471,-0.39716312056737585,-0.3285714285714286,0.0
epsdilutedGrowth,1.0,-2.7108239095315025,0.7585227272727274,-0.5458064516129033,0.18501529051987767,-0.003048780487804813,0.48416289592760176,0.23463687150837984,0.6272727272727272,0.3213213213213214,-0.024890190336749624,1.0327380952380953,1.8983957219251335,-2.2103559870550162,3.223021582733813,-5.619047619047619,0.6315789473684211,-2.1285966593538883,1.1129870246085012,-1.9999999999999998,0.43984962406015043,-1.5256916996047432,0.05197505197505198,0.3626062322946175,0.7219512195121952,0.6269841269841269,-0.22222222222222227,1.6454183266932272,0.6346433770014557,-26.444444444444446,-0.6707317073170731,-0.6733067729083666,0.09130434782608694,1.7058823529411762,-0.3461538461538462,-0.2972972972972973,0.0
weightedAverageSharesGrowth,-1.0,0.0013870975591949966,0.00039763044713138037,0.0013762483500207433,-0.004017271380820188,-0.03751567697257211,-0.05221307541806637,-0.03191337288256736,-0.010649431464615037,-0.014605050448742963,0.001563285132041762,0.00019544883428730979,-0.014528244778912033,-0.09425545171339564,0.057618809140989484,0.3741533557897787,0.027923601027588518,0.007918042629840888,0.0038423868002712275,0.0017736518359183365,0.0022314674735249623,0.002578492340360989,0.1275867966478536,0.5818735204599256,0.03391608391608392,0.05925925925925926,0.009119449843025863,0.0053526876876910726,-0.0019920187624501173,0.0,-0.023809523809523808,-0.13718801776338677,0.0004723252017948358,0.01123060907533181,0.24646061123181304,0.01782634471504287,0.0
weightedAverageSharesDilutedGrowth,-1.0,-0.006750396253892139,0.0025327687033676145,0.0008398416649169965,-0.004164612626518422,-0.03851683517298952,-0.05430515858802202,-0.0357842653547414,-0.01177142538727293,-0.022282756742032145,-0.002066003370847605,0.017480776677546054,-0.00520045125608783,-0.10095487829012467,0.06549988138854478,0.1185836011439691,0.26277970140362633,0.004826038159371493,0.0069313644240186845,0.0017736518359183365,0.0022314674735249623,-0.0025276342098313653,0.0053096673872643834,0.16210498479439375,0.0084,0.08173076923076923,0.061332789060108174,0.4727838221934048,-0.0019920187624501173,0.0,-0.023809523809523808,-0.2008641830519008,0.04828685955867201,0.04200719192672553,0.14921901397643234,-0.027472535714285713,0.0
dividendsperShareGrowth,0.0,-0.7402446990075784,0.09450150173923695,0.06610034872168281,0.09262466390995071,0.38530394878477153,0.5826341987801172,1.508630282191506,0.0,0.0,0.0,0.0,0.0,0.0,0.0,0.0,0.0,0.0,0.0,0.0,0.0,0.0,0.0,0.0,0.0,0.0,0.0,-1.0,-0.7017869063030998,-0.06666666666666675,0.09756097560975624,2.1405189950314694,0.0,0.0,0.0,0.0,0.0
operatingCashFlowGrowth,-5.401709401709402,-1.1358885017421603,0.4410041841004184,-0.24842767295597484,0.1471861471861472,-0.125,0.537864077669903,0.04994903160040775,0.30278884462151395,0.08189655172413793,0.2569983745710674,0.8136259416966918,0.8581862446743761,-0.6591286307053942,0.07158737216540685,0.6542846634792203,-0.18592814371257485,-0.059684684684684686,1.853012048192771,-0.5526410348544736,0.050188679245283016,-0.1972129657679491,0.06415215989684075,0.5116959064327485,-0.07940780619111709,0.7760956175298804,-0.12927643218416324,1.9718144329896907,1.400990099009901,-0.7551515151515151,-0.2005813953488372,-0.040892193308550186,0.0,0.0,0.0,0.0,0.0
freeCashFlowGrowth,2.6772727272727272,-1.428849902534113,3.3659574468085105,-0.5833333333333334,-0.2033898305084746,-0.05976095617529881,1.2410714285714286,-0.19036144578313252,1.318435754189944,-0.4199611147116008,-0.16752090639330997,3.7851239669421486,0.46438631790744467,0.2948354143019296,-0.5170038743004736,-0.4600879949717159,-2.17939214232765,10.635714285714286,0.8167539267015707,0.2737642585551331,0.42701525054466233,0.21839080459770116,0.22526385224274406,-0.2968349016253208,-3.985074626865672,-3.1126126126126126,1.498932464321834,-3.3542328042328045,1.0733410942956927,-3.1834415584415585,0.3383458646616541,-65.5,0.0,0.0,0.0,0.0,0.0
tenYRevenueGrowthPerShare,0.0,0.08004180576459906,2.001417784424448,1.66173695551507,1.9510829498460203,1.1846845764860798,0.6185984099509807,0.5632345483381612,0.6067393361701109,0.5722169001509502,0.489592234025236,0.2991903759800033,0.2024049513704686,0.24203617343958264,-0.2572909267599348,-0.21064886887508177,0.026338892252181403,0.031207590154537248,0.08199904485120428,0.00152850339708237,-0.02425449897600052,0.07422278723736293,0.36361945473339646,0.5764479187811521,1.5934319392984428,1.9846374113629273,1.9893813279085872,1.7998276221964244,1.4140366444031809,1.3816828242778303,1.3573407190270084,1.1824009024687798,0.6483008701319076,0.46536853983469767,0.2915026459309516,0.062091717669749406,0.0
fiveYRevenueGrowthPerShare,0.0,-0.33758365359612463,0.7972369741594825,0.8197415354877352,0.9575398099034239,0.5954612620231169,0.6304576594885196,0.6700178260176999,0.46270055587957964,0.507546837574462,0.369312203616778,-0.007273570993103364,-0.06394139991557603,0.09847455086520775,0.042897547833762706,0.08783974179939472,0.30870936646633557,0.2845402534221924,0.13069180570573924,-0.2878408096914496,-0.2743865655990346,-0.21576255313017786,-0.19721660149827303,-0.04306457392617486,0.4063267272632678,0.34471807544403055,0.36976727077363897,0.6986144173862895,0.6473921602517129,0.8441176499185924,1.2195265058643534,1.1824009024687798,0.6483008701319076,0.46536853983469767,0.2915026459309516,0.062091717669749406,0.0
threeYRevenueGrowthPerShare,0.0,-0.5519030863759401,0.48386470612778637,0.5378524059307882,0.6265550348871134,0.30255603973888207,0.32419369158976646,0.3172712840594597,0.3778897637463972,0.3876478473223667,0.19416841307348592,0.22437034808892026,0.08008167136620982,-0.06483416634338765,-0.13838849380984375,-0.042027371301051004,0.28624845310070274,0.25521603711061047,0.1141453252073437,0.061249654687460714,-0.00429101848346262,-0.3000633445688838,-0.2909512822377512,-0.22723903996351405,0.19629658093672306,0.31313610429453553,0.25515509346422816,0.18770596019401575,0.10613803434207236,0.4449320918499744,0.6087016030062515,0.6898152778429993,0.5519383521305607,0.46536853983469767,0.2915026459309516,0.062091717669749406,0.0
tenYOperatingCFGrowthPerShare,0.0,-1.4905237734616852,5.554539526469678,7.580145622822576,3.30235220679483,2.7846201305541243,4.011675546537342,1.446119168507092,1.1041267842068359,3.541362372042904,0.8471292811145014,0.5421984803267309,-0.31898074452159414,-0.6591462463458652,-0.13448227699744342,-0.23939436154926083,0.05937220367687131,0.15420883155349066,2.657121146864661,2.095691151516926,0.6973386730316867,0.3265050063988669,0.8415274030094578,0.0,0.0,0.0,0.0,0.0,0.0,0.0,0.0,0.0,0.0,0.0,0.0,0.0,0.0
fiveYOperatingCFGrowthPerShare,0.0,-1.1536184137854855,0.8368335239578517,0.3830287430670691,1.4265069228703386,1.3129958447211156,2.193131353033356,2.56839062494162,5.2038809141412665,0.7730640560899517,0.6362416470360959,0.5695175025532337,-0.31450353237403456,-0.6608370126172729,1.561307560459908,0.12888538466210622,-0.017406000367667932,-0.006531342405111444,0.004985114338257259,-0.6620797375668761,-0.32623307132424184,0.07813827895679007,0.16179692507637006,2.638980413429038,8.161010734387608,1.5191777761602034,0.23036630114125742,0.585068236334337,0.0,0.0,0.0,0.0,0.0,0.0,0.0,0.0,0.0
threeYOperatingCFGrowthPerShare,0.0,-1.1467056369013504,0.24522596809847697,-0.21409514790032932,0.6990404356590448,0.5998365869542956,1.3173149285496886,0.5680258729950615,0.8144940488910756,1.4985875395033572,3.291056419406308,0.28674562746970905,-0.2810010151098224,-0.540951832018293,-0.03400391739884725,-0.11054243309969612,1.0998499848937564,0.18405780913854478,0.3299150915074515,-0.6253137084203324,-0.2081644188901548,-0.2778483705060264,-0.19697618305424333,0.4267200055601096,0.2882014777426255,3.2766631125369474,5.1361691341217455,0.7412335234439626,-0.5176153711827455,-0.7771111394178183,0.0,0.0,0.0,0.0,0.0,0.0,0.0
tenYNetIncomeGrowthPerShare,0.0,-7.120120864712076,6.349006116207951,-4.793379537548224,9.788632511396537,-20.007157639193696,-124.64621263223022,-32.365397574733684,27.668554652858848,-3.000612260804023,-5.571755830765442,-3.636349651385986,-0.33279518672395997,-1.7030260010176357,-0.3638233421111513,-1.5217378034823215,-1.1667588917662561,-1.3382301480076524,-1.2181641657655504,-0.2983562797231678,-2.929608127271335,-3.1113955158454423,0.8777603154277847,1.2442898613534006,4.76100576178356,0.8846401841096759,-0.3897707272272273,-0.19800810685049683,-2.105774150867747,-4.032142855606298,-0.6321428573292713,-0.40034013635830346,0.2904761860433034,0.12857142523451728,-0.5952380960708964,-0.3285714336771155,0.0
fiveYNetIncomeGrowthPerShare,0.0,-2.6235838739998623,0.39651254002293657,-0.023325086372642904,2.7602164301422882,2.866930826971674,2.7695132125416726,4.262398944220902,-4.8839735562160245,1.869152005430786,-5.915308416333595,-33.80163927290208,-6.960285015863109,-8.38124352236561,-1.6972834680829827,-0.0698944107813308,-0.9196275030814112,-1.1119417631036594,-0.9047550729240371,-1.9123644643947562,-1.560944702977868,-3.074825321591913,2.021483123277652,-3.290559428866517,-1.7690388519705094,2.4399257485233217,0.01762567377260973,-0.37853026516632565,-1.9797998834127553,-8.49117648220519,-0.45212765568596736,-0.40034013635830346,0.2904761860433034,0.12857142523451728,-0.5952380960708964,-0.3285714336771155,0.0
threeYNetIncomeGrowthPerShare,0.0,-2.2764256252345327,-0.05315217257640538,-0.4631625228327456,0.8810874211607629,0.8144378389163877,1.9561987432390209,1.6218132292999803,1.0719442415632672,1.6325698647960625,-2.822434613154931,1.2501004969013456,-3.4488870510635294,16.498360022702716,-6.468816810213182,-3.7367222041620414,-0.9521683088774543,-0.6178498968594078,-1.1905352238743507,-1.877962871411917,-1.2802465760705162,-1.5429710028334767,0.9149696248812534,3.1506389818997143,1.9075551518715423,-2.144357783963609,-1.2012534705099682,1.1801721378219134,-2.8440022718086393,-3.349631003190438,-0.6740506321128165,0.4815126073394753,0.9219858236158571,0.12857142523451728,-0.5952380960708964,-0.3285714336771155,0.0
tenYShareholdersEquityGrowthPerShare,0.0,2.1374720058671435,4.771088591739788,5.685270739916835,3.7393151377229983,3.065423271086139,1.506188344782212,1.5378347053095336,1.2928157337065076,0.6272318146837879,0.05633240398025698,-0.05382232777962987,-0.3100228885648091,-0.4604737770698804,-0.20615004263580372,0.22481985205125277,0.9043406561798902,0.73112066616407,1.0183702234999754,0.2770076100790255,0.19532329121600098,0.3082296462608381,0.6340131448936974,0.7426552957017597,0.8520360373689548,0.3499600166340433,0.20581242954911433,0.09528823041885777,-0.03976421141193352,0.4817236017335987,0.9838664586219915,0.9097105136728802,0.6544958848995238,0.4838915069996573,0.3296937969808266,0.08134469472841087,0.0
fiveYShareholdersEquityGrowthPerShare,0.0,0.28874199005872747,1.23714723971735,1.0989269565174964,2.00915791066633,1.9017809551181306,1.4345229922431333,1.5796641764486319,2.185089752246035,0.5749639196148243,0.40100970196099334,0.0294371229055624,-0.01621508393262407,-0.2801409341480317,0.033186725370665165,-0.24602063604434113,-0.08087861689910153,-0.29865044669180835,-0.2505113173901908,-0.23164909316910226,0.6244739718410699,1.0719142119782858,1.4682708615105793,1.6929962657631719,0.6620109363130814,-0.26417824358164277,-0.36858889296785774,-0.3379927744665417,-0.3528935342924041,0.11433444684630971,0.8346291134486555,0.9097105136728802,0.6544958848995238,0.4838915069996573,0.3296937969808266,0.08134469472841087,0.0
threeYShareholdersEquityGrowthPerShare,0.0,-0.1995227543517581,0.4809848552357773,0.620716657703021,0.9254666255421979,0.6357433863638652,0.8690804324153634,0.9209704088518207,0.8798519666620701,0.6506469332341434,0.7954454791022212,0.209162638139621,0.043274626423052194,-0.39242233325314485,0.03105952742445194,-0.0774741220095782,0.21356686944991388,-0.20042732266525362,-0.2242403382936302,-0.3000944347848992,-0.08296866197897557,0.014496258911880734,0.8519795112135888,1.1445386774514834,1.2483952281060227,0.5202225530764201,-0.18620960877026702,-0.4479022387526763,-0.49718254064524253,-0.10442593707413028,0.33693497756669194,0.4362032206279572,0.5300356056355046,0.4838915069996573,0.3296937969808266,0.08134469472841087,0.0
tenYDividendperShareGrowthPerShare,0.0,0.0,0.0,0.0,0.0,0.0,0.0,0.0,0.0,0.0,0.0,0.0,0.0,0.0,0.0,0.0,0.0,0.0,-1.0,-1.0,-1.0,-1.0,-1.0,0.0,0.0,0.0,0.0,0.0,0.0,0.0,0.0,0.0,0.0,0.0,0.0,0.0,0.0
fiveYDividendperShareGrowthPerShare,0.0,-0.5412300764777356,1.7951882697449069,5.406655383081579,0.0,0.0,0.0,0.0,0.0,0.0,0.0,0.0,0.0,0.0,0.0,0.0,0.0,0.0,0.0,0.0,0.0,0.0,0.0,-1.0,-1.0,-1.0,-1.0,-1.0,0.0,0.0,0.0,0.0,0.0,0.0,0.0,0.0,0.0
threeYDividendperShareGrowthPerShare,0.0,-0.6969049341565137,0.2749273765914999,0.6136678902673625,1.3955024418411468,4.499994797080353,0.0,0.0,0.0,0.0,0.0,0.0,0.0,0.0,0.0,0.0,0.0,0.0,0.0,0.0,0.0,0.0,0.0,0.0,0.0,-1.0,-1.0,-1.0,-0.6945134162129315,2.2171170193005296,0.0,0.0,0.0,0.0,0.0,0.0,0.0
receivablesGrowth,0.1375,0.48606811145510836,-0.11748633879781421,0.07331378299120235,0.1291390728476821,0.42452830188679247,-0.18146718146718147,0.7039473684210527,0.16923076923076924,-0.0469208211143695,0.1357202331390508,0.0742397137745975,-0.04198800342759212,-0.15434782608695652,0.0,-1.0,0.24949698189134809,-0.17647058823529413,-0.037480063795853266,0.5017964071856288,0.01705237515225335,0.10053619302949061,0.056657223796033995,-0.027548209366391185,0.04160688665710186,-0.21242937853107344,0.26329312682892014,-0.0696547144754316,-0.10781990521327015,0.3768352365415987,-0.06269113149847094,0.10472972972972973,0.12761904761904763,0.06060606060606061,0.22524752475247525,0.06596306068601583,0.0
inventoryGrowth,0.08771929824561403,-0.20833333333333334,0.2,0.05263157894736842,0.2127659574468085,-0.0784313725490196,-0.1206896551724138,-0.03333333333333333,0.034482758620689655,0.309255079006772,-0.017738359201773836,-0.015283842794759825,-0.11753371868978806,0.11373390557939914,0.0,-1.0,0.047619047619047616,-0.08296943231441048,-0.36300417246175243,0.005594405594405594,0.12244897959183673,0.1731123388581952,0.23129251700680273,-0.06567796610169492,-0.012552301255230125,0.06696428571428571,0.11304347826086956,-0.025423728813559324,-0.019002375296912115,0.05513784461152882,0.24299065420560748,0.4330357142857143,0.19148936170212766,0.3925925925925926,-0.04929577464788732,1.7843137254901962,0.0
assetGrowth,-0.006763491385447814,0.08104363888247518,0.1907074780058651,0.01601489757914339,0.07809676771732584,0.5248737180468391,0.05694871380035593,0.05875299760191847,0.060490463215258854,0.059672762271414825,0.035561934377865485,0.0063390170511534605,0.030895855736620067,0.07675521610367632,0.10149370876358196,0.07518459915611814,0.13703148425787107,0.023257241040746196,0.1313916756343944,-0.01809939327834208,0.11551330798479087,0.20636668042750334,0.25886361011664166,0.12960667927728134,0.1690559707183163,-0.0015227653418608193,-0.0018019852998736102,0.1592696035242291,-0.06074147633234028,-0.002641135688345989,0.18621499902095162,0.16851618807916716,0.19706929608326487,0.03457069991499008,0.05045393659770799,0.25121042830540036,0.0
bookValueperShareGrowth,0.0,-0.31104569532206294,0.1541665014757622,0.006676911392651419,0.2746532105996812,0.2630627977669498,0.19596647962979769,0.08285728326180128,0.443237356114778,0.22916926286507078,0.059678683322741816,0.267267507254765,0.3369948179884037,-0.28634765732482853,0.09340794489270657,-0.22136686602724956,0.2110682920980216,-0.02168876041179093,0.02427844832239614,-0.2020735394770935,-0.05082499967822863,-0.07587591660304126,0.04546042509437922,0.05005624884876453,0.6870036269092481,0.21061291649526687,0.10090878004595369,0.14064508263056008,-0.35194675480325566,-0.25311323486822945,0.038830987428816285,0.15425522124453922,0.18893860823315192,0.20214061956143453,0.3638418079096066,0.0,0.0
debtGrowth,0.4623513870541612,1.1408371040723981,-0.15929624346172136,-0.18139353834176722,-0.13326585695006748,3.3206997084548107,-0.14570361145703611,-0.07807118254879448,-0.1560077519379845,-0.21034509143775346,-0.14815539043149525,-0.17302716688227684,-0.1620217715343963,0.32966966966966965,0.44681960375391033,-0.03666499246609744,0.14534995206136145,-0.06339798850574713,0.23008947310283884,-0.0013237727523441808,0.34117472998964343,0.675092936802974,1.030699547055863,-0.5380144152522669,-0.09490740740740741,-0.24331210191082803,-0.08575954020110378,0.18228743545611015,0.04458827759798634,0.06490522688110281,0.5218531468531469,0.45918367346938777,0.3206064008983717,-0.15712257453857076,-0.32036024445159217,0.2720949263502455,0.0
rdexpenseGrowth,0.0,0.0,0.0,0.0,0.0,0.0,0.0,0.0,0.0,0.0,0.0,0.0,0.0,0.0,0.0,0.0,0.0,0.0,0.0,0.0,0.0,0.0,0.0,0.0,0.0,0.0,0.0,0.0,0.0,0.0,0.0,0.0,0.0,0.0,0.0,0.0,0.0
sgaexpensesGrowth,0.0,0.0,0.0,0.0,0.0,0.0,0.0,0.0,0.0,-1.0,-0.003470593752931245,-0.03073006636966997,0.1396746451144959,-0.013895984469193828,0.005031834052166769,0.8450170519136037,0.0975254730713246,0.045662100456621,0.002616088947024199,0.005039439088518843,0.058196151170878736,-0.046218487394957986,0.05457089552238806,0.05745992601726264,-0.5609571242962321,0.17491413306195142,0.04257294429708223,1.1317500706813683,-0.13457303645705898,0.18877254217568354,0.059802712700369916,0.14346140289037715,-0.05338672005338672,0.16072811773818746,0.5296208530805687,0.12758851035404142,0.0
