,2021,2020,2019,2018,2017,2016,2015,2014,2013,2012,2011,2010,2009,2008,2007,2006,2005,2004,2003,2002,2001,2000,1999,1998,1997,1996
period,FY,FY,FY,FY,FY,FY,FY,FY,FY,FY,FY,FY,FY,FY,FY,FY,FY,FY,FY,FY,FY,FY,FY,FY,FY,FY
revenueGrowth,0.005903847106177305,0.01423587820638735,-0.0014355294952998509,0.048564381223087955,-0.26235628705255065,0.06989402065921982,0.07711784490101137,0.08764464618902504,0.43704466497603306,0.17244759327055859,0.08295184827475176,0.055426761393399686,0.07926029822763368,0.07522998485415787,0.07857315257643328,0.6411555395945685,0.2937981680113287,0.12322848997614368,0.10340919384546368,0.12350666635165891,0.11064440470375468,0.02833291013739915,0.19956095941571914,1.7496576905522592,0.6057163796262367,2.0423634336677816
grossProfitGrowth,0.023692367555111733,0.0253302107027243,0.08246435869328815,-0.008431920989399773,-0.21026413190222745,0.03572552257352345,0.07650087695171746,0.03088561402013028,0.36750635780023755,0.13295360039488285,0.16667173597423982,0.06049248117875505,0.06923433309229367,0.03935877911850052,0.12312597840316551,0.5876751804405146,0.2624659560875559,0.08407376410998131,0.07679602855496612,0.15787282698995275,0.21127867726230817,0.004505520755918887,0.04607126330402592,1.96636925188744,0.6389201349831272,1.7523219814241486
ebitgrowth,0.060623048253430234,0.031228910794448058,0.07700298330606938,-0.1582844896304244,-0.04317030545097155,0.6183062198096003,-0.35503908511790544,0.17095747851476065,0.19509145128611563,0.14706813514895,0.13415383936443045,0.060361321363734496,0.14420911087719726,-0.046907420358636945,0.1660423135595971,0.5889086341864878,0.13471080627031404,0.08344802990476442,-0.03270113356433923,0.23063473294925657,0.7738061370773857,1.3643353599831185,-0.65535,1.753441802252816,0.6406570841889117,1.6324324324324324
operatingIncomeGrowth,0.060623048253430234,0.031228910794448058,0.07700298330606938,-0.1582844896304244,-0.04317030545097155,0.6183062198096003,-0.35503908511790544,0.17095747851476065,0.19509145128611563,0.14706813514895,0.13415383936443045,0.060361321363734496,0.14420911087719726,-0.046907420358636945,0.1660423135595971,0.5889086341864878,0.13471080627031404,0.08344802990476442,-0.03270113356433923,0.23063473294925657,0.7738061370773857,1.3643353599831185,-0.65535,1.753441802252816,0.6406570841889117,1.6324324324324324
netIncomeGrowth,0.2647322663454156,-0.046041769165985395,4.0879016776039245,-0.7598106139375363,-0.24578064586520343,2.262030459863865,-0.6269855098919396,0.14155587058723237,0.18176475746105067,0.1213721310206464,0.1782623378352063,-0.04022153665622545,0.12968783408167628,-0.01995400468335001,0.31788008602269313,0.2670013951881317,0.028746389266334913,0.2643081841504969,0.11734645233872967,0.14575246695554017,9.182795698924732,1.0915752159504537,-33.245581395348836,-1.1162162162162161,1.3125,0.7582417582417582
epsgrowth,0.43962848297213636,0.22117202268431,4.688172043010753,-0.7357954545454545,-0.19266055045871566,2.4330708661417324,-0.6275659824046921,0.12913907284768217,0.08243727598566307,0.104950495049505,0.26249999999999996,-0.01960784313725492,0.14606741573033707,-0.013850415512465325,0.2892857142857143,0.23348017621145364,0.008888888888888898,0.20967741935483863,0.2739726027397261,0.33536503941156126,8.647007958776713,1.0939232563111914,-35.1992560148797,-1.06024209609386,1.231635410364993,0.4869565217391304
epsdilutedGrowth,0.41045958795562615,0.19734345351043645,4.728260869565217,-0.7348703170028819,-0.1911421911421911,2.432,-0.6246246246246246,0.12881355932203387,0.07861060329067653,0.10282258064516125,0.25888324873096447,-0.029556650246305338,0.15014164305949004,-0.005633802816901414,0.29562043795620424,0.24545454545454545,0.018518518518518535,0.30120481927710857,0.2704088114330669,0.28947217797883046,8.500065625410159,1.0883972864073406,-35.1992560148797,-1.0609769036303702,1.2047428917120386,0.616257088846881
weightedAverageSharesGrowth,-0.12159736888235932,-0.21793778634606345,-0.10308275328822476,-0.09457657856430793,-0.06454839458804378,-0.04826852004454062,-0.0020447916352599265,0.011253073053989055,0.09322990154995933,0.014366578758291677,-0.06744877878315647,-0.02026479991556301,-0.014698726711337562,-0.007021729481646568,0.022923106646058733,0.027371429705643,0.020612395798515096,0.046441006725281016,-0.12437526973033927,-0.14250071626396715,0.02680771258013508,0.0052863761829653,0.012589995383252436,0.8089337305886601,0.03039912313741648,0.18182498841660127
weightedAverageSharesDilutedGrowth,-0.1033656002544384,-0.20277384744021118,-0.10763532097119187,-0.09921137989597234,-0.06615819896254578,-0.052471936107336206,-0.003115665077339761,0.010075222749158008,0.09605756617156819,0.014906646089057828,-0.0633331409195985,-0.010641630367421528,-0.016726869925327823,-0.013761892792641828,0.01536018451126256,0.016575700503516932,0.011734282186640223,-0.09580696202531645,-0.16180371352785147,-0.12540839406886153,0.24408047428358406,0.024706723186119873,-0.006719623994810345,0.8034744602887289,0.05361008207771852,0.08727898655398438
dividendsperShareGrowth,0.0,0.0,0.0,0.0,0.0,0.0,0.0,0.0,0.0,0.0,-1.0,0.2593728608726247,0.0,0.0,0.0,0.0,0.0,0.0,0.0,-1.0,0.0,0.0,0.0,0.0,0.0,0.0
operatingCashFlowGrowth,-0.024331136295191378,-0.045034272602908286,0.16973820866541736,-0.07119928239234706,-0.028518766005040122,0.2608810685846391,0.06700872340615058,-0.1770296857739149,0.6108863348981876,-0.06711433283109303,0.40534701786269345,0.25944263622864516,0.1992675349998471,0.04295207077945955,0.025915611148428223,0.07005811917932918,0.1562323637619212,0.4300965782160955,-0.1413675638532727,0.253955333604661,-0.11349009257333056,0.8210165558797938,8.599034090909091,2.0344827586206895,-0.6847826086956522,1.9206349206349207
freeCashFlowGrowth,-0.01155703353118889,-0.0010123992099916603,0.6645069101162266,-0.217219334683032,-0.11649853792792166,0.33578229914672836,0.03933987631248172,-0.2930449995846831,1.0986740560230397,-0.2938722127479516,0.37770036443547833,0.4449098464428653,0.6467818952182393,-0.07979252165100781,0.028921541314781946,-0.22493977278686197,0.11169444854038002,0.5080309862651001,-0.19185232548906525,0.0802844243792325,-0.16904261704681872,3.2796133962688243,1.1543260654112983,-11.97749196141479,-1.13013698630137,-10.125
tenYRevenueGrowthPerShare,1.9937524191973808,2.035914191139003,1.5218033416291572,1.4811021138634588,1.319865917418892,2.1020170516169143,3.4079850581399667,4.177184412335221,4.166778258881632,3.95312898895794,4.614654253932325,4.229648229019535,3.9658891957827254,4.370671116144491,6.539159133547149,10.142423231120652,5.9752116780897975,4.502394173984233,4.126232952785657,3.0679888944364184,2.1048303207250605,1.870463044761395,1.8061315200441688,1.368750567132778,0.5583440858694272,0.0
fiveYRevenueGrowthPerShare,0.5099165284219073,0.4822328152405482,0.2335902530543792,0.19172038109571032,0.3526634501906436,0.982727099706835,1.048203332110355,1.044279561536055,1.0819498879277745,0.7150355597262064,0.564520428492442,1.1521227844103856,1.532522708608957,1.4817015475930966,1.8880619768307736,2.5887382175907763,1.4299952897214903,0.9608468579183431,1.1641083801367218,1.6104561446497339,2.1048303207250605,1.870463044761395,1.8061315200441688,1.368750567132778,0.5583440858694272,0.0
threeYRevenueGrowthPerShare,0.6534240187803628,0.6721097432361993,0.016699082039081662,0.026585256726977417,-0.04323821950551581,0.3049854509726594,0.5259422886385132,0.63412187897458,0.7643864927360753,0.4459535761449439,0.37029161189234067,0.2777272871676186,0.25062007682606946,0.8238557966938759,1.1351803736162764,1.1736084438116932,0.7146584858256224,0.7722044703232854,0.7858557566665246,0.44967862888065485,0.31074599571843503,0.8419956611571531,1.8061315200441688,1.368750567132778,0.5583440858694272,0.0
tenYOperatingCFGrowthPerShare,1.9437662420437245,2.9939753875933963,3.2046377132915764,2.9240931994268324,3.0178442894288557,2.8801512966365306,2.0504847130389354,2.2321850315865386,4.427783504169033,2.612088587248939,4.743454766471907,2.290461359900271,3.6367236513228467,35.1125437903025,56.67604777366352,16.592660972308177,15.890855675492423,13.909647245958718,9.909799038497033,10.1257034305046,6.60815195489652,7.812207331609074,3.864750924950415,-0.4868235626643462,-0.6940822403414354,0.0
fiveYOperatingCFGrowthPerShare,0.8844104767676657,1.2476380831657383,0.9680531378909903,0.22807484249789192,0.7640358735790418,0.562168263409984,0.7769655255031043,1.1364452170216095,2.1953208905780257,1.2776431871972511,1.4838241740788731,0.7166819891878687,0.5128799024823515,0.698666171580395,0.5858886973836263,1.3123435331737476,0.91675649923777,2.0648326041709293,20.259353011489203,35.36828225638819,6.60815195489652,7.812207331609074,3.864750924950415,-0.4868235626643462,-0.6940822403414354,0.0
threeYOperatingCFGrowthPerShare,0.768852424988933,0.6336296278968786,0.38937733452219253,0.4113788282409168,0.4710576799044408,0.1527653820660248,0.2821375867118086,0.10283667453086105,1.042197620552089,0.7816157773584679,1.3579120082815446,0.6433925686863722,0.28215428621158983,0.09716801336027989,0.1834034051786137,0.6125559151208522,0.5181831675632167,0.9596936725695963,0.23803249605396484,1.2870037134774792,13.825606558237686,27.805805002770672,3.864750924950415,-0.4868235626643462,-0.6940822403414354,0.0
tenYNetIncomeGrowthPerShare,2.6826267688089716,2.231633012387566,1.5953519991769416,-0.47543496303140576,0.9516591269116191,2.1186061105244405,0.12211290451898106,2.0260032382185513,2.2386966369283323,2.8231432710230506,3.620859689515002,35.26864987783341,-4.372541129514918,-100.48068307146896,5.475541927202906,10.280269457279694,8.146814363270318,8.074493207095703,6.510765117395305,4.885919865116559,3.4051156022175832,-0.5557991332732193,-5.876309326430649,-1.144185084240046,1.2442759781848143,0.0
fiveYNetIncomeGrowthPerShare,1.1308741343569928,4.072550795370614,0.5543649752601905,-0.6906828613290702,0.2604378293991984,0.7282235066972792,-0.3629175649976998,0.6697185284572542,0.695880930563819,0.5483977720994767,0.8045155030232467,0.7613307836919561,0.8122834397809814,0.9097429415941265,1.469096339398138,1.560720415963904,19.591617550571655,-2.860934694587563,-53.09113797715053,1.6226363969181417,3.4051156022175832,-0.5557991332732193,-5.876309326430649,-1.144185084240046,1.2442759781848143,0.0
threeYNetIncomeGrowthPerShare,8.962752975738026,0.8355933643768712,0.2132904257186675,-0.26691891651976724,0.03291498789816145,0.44619064732816244,-0.543887994583263,0.34899915242026963,0.5098842686973422,0.36831603541830155,0.41912613227356993,0.10855797336894099,0.45790433694041355,0.5681558736465594,0.6015112757576622,0.5018802054073066,0.5540161220134424,1.0599897997063923,15.90848820881529,-2.207043989849783,-31.551812106193626,-0.8020738665633924,-5.876309326430649,-1.144185084240046,1.2442759781848143,0.0
tenYShareholdersEquityGrowthPerShare,-0.36517348149137213,0.18508569113706053,0.351649896532973,1.3356543653850603,2.0399165808601847,2.830487090839548,4.446663370780436,8.192484195323532,11.98219556322981,59.09909767500371,4.42019750022885,5.477072883771385,6.1882631468113045,3.418432409663484,2.7128417829132503,2.2933388914235047,1.309948667246734,0.44992701307547495,-0.10997174793224676,-0.8215572807858817,0.14190100560528485,-0.17657408639716862,-0.21552261052892854,0.14994116775279878,0.20560768987148306,0.0
fiveYShareholdersEquityGrowthPerShare,-0.6885357529112607,-0.4976340388575764,-0.4281401835625643,0.027071015970253683,0.26884138177148637,1.038200289254257,1.3590087362648402,1.3636035575177543,1.2740923743998498,1.3958208051317025,0.879347731935147,1.3088779990719595,2.889181908736606,4.708737124918203,24.084971942089787,1.8840844129722192,1.8052902259776429,0.8482712599952413,-0.22602279401211825,-0.8519893986134577,0.14190100560528485,-0.17657408639716862,-0.21552261052892854,0.14994116775279878,0.20560768987148306,0.0
threeYShareholdersEquityGrowthPerShare,-0.6689098855699976,-0.5355072386525418,-0.3958035243858942,-0.05676577713862503,0.020927930669500838,0.091788426388617,0.17318385941334313,1.1534533393776274,1.1664497755999421,0.9017892414027966,0.21814708201066468,0.19149126301143088,0.7122531552786058,1.1995888466479616,2.0872109867528583,2.700263316105161,11.945042966280761,0.26974843349657573,0.08088443339548167,-0.7725329988995195,-0.00699180303565089,-0.31700343277454707,-0.21552261052892854,0.14994116775279878,0.20560768987148306,0.0
tenYDividendperShareGrowthPerShare,0.0,-1.0,-1.0,0.0,0.0,0.0,0.0,0.0,0.0,0.0,-1.0,0.0,0.0,0.0,0.0,0.0,0.0,0.0,0.0,0.0,0.0,0.0,0.0,0.0,0.0,0.0
fiveYDividendperShareGrowthPerShare,0.0,0.0,0.0,0.0,0.0,0.0,-1.0,-1.0,0.0,0.0,0.0,0.0,0.0,0.0,0.0,-1.0,0.0,0.0,0.0,0.0,0.0,0.0,0.0,0.0,0.0,0.0
threeYDividendperShareGrowthPerShare,0.0,0.0,0.0,0.0,0.0,0.0,0.0,0.0,-1.0,-1.0,0.0,0.0,0.0,0.0,0.0,0.0,0.0,-1.0,0.0,0.0,0.0,0.0,0.0,0.0,0.0,0.0
receivablesGrowth,-0.011609298099368507,0.058026997069496954,-0.03836141405696578,0.12161710048481383,-0.10257577430910887,0.07260572664505584,0.10423683629396938,0.09001348825307606,0.05861935184696297,0.18937470776350773,0.05117631695262587,0.01775502260546723,0.01678027265437049,0.1953211744459227,0.04205037425073551,0.11446020326125049,1.0995249894502213,0.19117218694980834,0.12675577707294972,0.032217445269917794,0.13744279468834614,-0.3273864955249625,0.04600287907869482,1.7241830065359478,0.6757940854326396,0.0
inventoryGrowth,-0.037599104143337066,0.1396236817119113,-0.08783676814334007,-0.4093421856005809,0.10276116415339262,-0.11163680452647178,0.3636697652202667,0.5324024548167333,0.1366894503750352,0.03162509408300432,-0.003644353225976213,0.0851929584100741,-0.16790220258036923,0.049904581342846095,-0.10038263445505448,0.28915087516273685,1.1709637911000847,-0.030743006726935137,-0.05943485356007902,0.0008022692759519785,0.6908580010658398,-0.37291894519382673,0.4006808510638298,1.7011494252873562,0.45,0.0
assetGrowth,0.007827169836376527,-0.018651184300929203,-0.09413052219300928,0.00855274167832257,0.011041735354250785,0.012227033668874352,0.031888150706289434,0.0493504924329241,0.06743918131152069,0.8014266930509216,0.09584759189315224,0.07358701157254154,0.03735130401198668,0.04927030109620447,0.06964830796190156,0.033767840246174935,1.4999460580367754,0.2911438014320005,0.09564547475267403,0.0679684582088107,0.04136895665375616,-0.2236991167481395,0.07366778032992274,1.7550697540629945,0.8585939588345363,0.0
bookValueperShareGrowth,-0.3783505433543278,-0.17075195699590964,-0.3577321245726057,-0.12787588598166674,0.07865781059649052,0.0026689409795750754,-0.05603948051133883,0.15352521785807774,0.07742030366019008,0.7326993690059839,0.16048692752254087,-0.054200856605385345,0.10984047780156736,0.13509284338620275,0.3591770395732227,0.4257195140829207,0.5931482387841363,0.6290797620265868,3.98775324646216,-0.8437318836412341,0.38676836220637095,0.04964900793127985,-0.31781084852880853,-0.046172998551977165,0.20560768987148823,0.0
debtGrowth,0.06979462426693799,0.3243939468154005,-0.16333743012424204,0.08204434958817965,0.02456694022892842,-0.001968928884943559,0.07372445061606875,0.010397664999035163,-0.01617859971417967,0.8988643429066882,0.04554159891680681,0.1763291691135178,-0.008734431602973198,-0.003283236021296258,-0.011711559690353965,-0.09765005405077742,2.021591298937661,0.17838327656246922,-0.1149693381745412,0.608377711454432,-0.15933265141716255,29.22465227223444,-0.9741255210003206,2.479085331846068,2.4250238777459407,0.0
rdexpenseGrowth,0.0,0.0,0.0,0.0,0.0,0.0,0.0,0.0,0.0,0.0,0.0,0.0,0.0,0.0,0.0,0.0,0.0,0.0,0.0,0.0,0.0,0.0,0.0,0.0,0.0,0.0
sgaexpensesGrowth,-0.04188014594608459,0.13076264918717462,-0.028307619683404173,0.06712993855413307,-0.3319348677527064,0.09679747406405052,0.15111224203452064,0.07226696472968207,0.31513288433054804,0.2941541541831165,0.1938566493955095,0.08930617405193676,-0.18784388565386595,0.042284183603591555,0.08314200500587353,0.7337183256125535,0.43484436281871935,0.19308035714285715,0.07719627199029394,0.4289204097714736,-0.222774126769276,-0.381091551431344,1.1947420965058235,2.1059431524547803,0.5604838709677419,0.0
