,2021,2020,2019,2018,2017,2016,2015,2014,2013,2012,2011,2010
period,FY,FY,FY,FY,FY,FY,FY,FY,FY,FY,FY,FY
revenueGrowth,0.3718257430349561,0.21596390228722576,0.26610910132884413,0.3735271689666199,0.47090961719371877,0.5416108879964302,0.43815177282207607,0.5835873983739838,0.546865788956573,0.37132848288870923,0.8799392097264438,0.0
grossProfitGrowth,0.37542765579663073,0.19586721218084832,0.24619753458253554,0.32057728912753203,0.47591093966204034,0.5834937919128876,0.46038979928245904,0.719693179923295,0.6099328859060402,0.3065591020694493,0.925050641458474,0.0
ebitgrowth,0.4310244559395182,0.3620862169598933,-0.03720948902179585,0.23313369301588874,0.6257342882433411,0.9963052208835341,0.24649579495394475,0.7810271041369472,4.211895910780669,-0.693621867881549,0.7015503875968992,0.0
operatingIncomeGrowth,0.4310244559395182,0.3620862169598933,-0.03720948902179585,0.23313369301588874,0.6257342882433411,0.9963052208835341,0.24649579495394475,0.7810271041369472,4.211895910780669,-0.693621867881549,0.7015503875968992,0.0
netIncomeGrowth,0.3507856995814177,0.5767378955910197,-0.16402858176555715,0.3877243629973641,0.5595576000783009,1.7703362255965294,0.254421768707483,0.96,27.30188679245283,-0.947,0.6501650165016502,0.0
epsgrowth,0.36895895139900187,0.5771604938271605,-0.15294117647058822,0.39344262295081966,0.5421348314606742,1.7175572519083968,0.16964285714285707,0.806451612903226,30.0,-0.9591836734693877,1.8003840526700803,0.0
epsdilutedGrowth,0.36477196660624384,0.5692068429237948,-0.15059445178335543,0.404452690166976,0.5444126074498565,1.7054263565891474,0.17272727272727267,0.8333333333333336,58.99999999999999,-0.9767441860465116,1.5254453299817345,0.0
weightedAverageSharesGrowth,-0.012977902490354262,-0.001051156271899089,-0.01245674740484429,-0.003791795932437091,0.013272790778903249,0.021405636817695327,0.07230298393267023,0.08016528925619834,0.20638085742771686,-0.011822660098522168,-0.045155221072436504,0.0
weightedAverageSharesDilutedGrowth,-0.010041551246537396,0.004172461752433936,-0.015405682985279013,-0.011840324763193504,0.0105982905982906,0.025236593059936908,0.07094594594594594,0.058402860548271755,0.16204986149584488,-0.0711835334476844,-0.01228293096145701,0.0
dividendsperShareGrowth,0.0,0.0,0.0,0.0,0.0,0.0,0.0,0.0,0.0,0.0,0.0,0.0
operatingCashFlowGrowth,0.488708803262188,0.06699895357162527,0.24048643847783016,0.20887016848364717,0.5033523714924262,0.8732410745435516,0.5757742349276159,0.29251539554713407,1.619106699751861,0.040671400903808906,1.2191977077363896,0.0
freeCashFlowGrowth,0.6552132701421801,0.1140863662078069,0.3810794973631096,-0.1214894468912658,0.5049496427649135,0.9119486504279131,0.6756756756756757,0.26783216783216784,6.586206896551724,-0.6002120890774125,1.328395061728395,0.0
tenYRevenueGrowthPerShare,21.924591539741336,31.474357101811446,25.678605686112878,19.808852101541493,14.092492998431522,9.396840377934454,5.888503091021669,4.136149437717101,2.503368584993343,1.73223238087157,0.9688427388563643,0.0
fiveYRevenueGrowthPerShare,3.341214633828469,3.714283592924251,4.194281437802343,4.939669662700087,4.523868725110814,4.280686046044305,5.888503091021669,4.136149437717101,2.503368584993343,1.73223238087157,0.9688427388563643,0.0
threeYRevenueGrowthPerShare,1.1690247676335894,1.1516893932093473,1.566030131878694,2.0208089953045554,1.9384840105313963,1.9676695802061062,1.5211995653255042,1.6087149249414,2.503368584993343,1.73223238087157,0.9688427388563643,0.0
tenYOperatingCFGrowthPerShare,25.86385695794751,40.39507778399777,37.75501934649604,29.85262093376032,24.42509104162284,16.13673616650337,8.34399696600143,5.35852243704277,4.313867247626039,1.447608464006262,1.3241449884963374,0.0
fiveYOperatingCFGrowthPerShare,2.6433716382082633,3.4301253451403833,5.094972492464819,4.80605790397637,9.387728027385098,6.373350738152701,8.34399696600143,5.35852243704277,4.313867247626039,1.447608464006262,1.3241449884963374,0.0
threeYOperatingCFGrowthPerShare,1.0236691934388125,0.6281191566327465,1.2615169522332523,2.3018654699930905,2.9985847802477164,2.2249085963069883,2.8176028165497975,1.735854461969936,4.313867247626039,1.447608464006262,1.3241449884963374,0.0
tenYNetIncomeGrowthPerShare,27.401243781094525,34.865127515908384,21.72250052615633,25.842367558555164,18.26937905786442,11.519664226289901,3.6159218847321766,2.9457756028089426,1.1745356353817202,-0.9073094248607314,0.7282023768879352,0.0
fiveYNetIncomeGrowthPerShare,2.920480303776215,6.769873150266566,4.75869051194409,11.3439538638985,206.88930297295013,6.244327628361859,3.6159218847321766,2.9457756028089426,1.1745356353817202,-0.9073094248607314,0.7282023768879352,0.0
threeYNetIncomeGrowthPerShare,0.8285680986220437,0.8612497791552203,0.8149448831416426,4.81516937003205,3.8835466071985496,4.7573966701595065,48.79925820717694,1.2831675592960978,1.1745356353817202,-0.9073094248607314,0.7282023768879352,0.0
tenYShareholdersEquityGrowthPerShare,17.388822371100204,43.24896923389913,33.818263734881725,27.624975912985857,24.201320097283748,19.33124204538882,14.512563353061323,12.578789794085358,5.286117843135755,4.762345249173848,1.373116025573839,0.0
fiveYShareholdersEquityGrowthPerShare,1.1463916942637558,1.8524601786826436,1.5641654567808274,3.553681083825598,3.373448484520584,7.567319012761947,14.512563353061323,12.578789794085358,5.286117843135755,4.762345249173848,1.373116025573839,0.0
threeYShareholdersEquityGrowthPerShare,0.5245011626539626,0.7558194992598177,0.7125497624370963,0.8452769707681398,0.8559327067763376,2.234308129872223,1.69205725833338,4.721924106429603,5.286117843135755,4.762345249173848,1.373116025573839,0.0
tenYDividendperShareGrowthPerShare,0.0,0.0,0.0,0.0,0.0,0.0,0.0,0.0,0.0,0.0,0.0,0.0
fiveYDividendperShareGrowthPerShare,0.0,0.0,0.0,0.0,0.0,0.0,0.0,0.0,0.0,0.0,0.0,0.0
threeYDividendperShareGrowthPerShare,0.0,0.0,0.0,0.0,0.0,0.0,0.0,0.0,0.0,0.0,0.0,0.0
receivablesGrowth,0.23855315394794882,0.1909014498844295,0.254514300777646,0.30092592592592593,0.46055597295266715,0.5603751465416178,0.5250297973778307,0.44655172413793104,-0.008547008547008548,1.1389396709323583,0.46648793565683644,0.0
inventoryGrowth,0.0,0.0,0.0,0.0,0.0,0.0,0.0,0.0,0.0,0.0,0.0,0.0
assetGrowth,0.04187275603203696,0.19448776391554704,0.37029198430147736,0.15155458804599878,0.30114992072166374,0.31481369036776163,0.229519211626518,1.245543447890472,0.18486393431768522,1.3855631021955457,1.117391304347826,0.0
bookValueperShareGrowth,-0.01378925168595994,0.27085513427166047,0.21635958195116523,0.13585224117173028,0.23953667174010387,0.3106307179964909,0.14241133328525807,1.1601233277726408,0.09089573278119717,0.0,0.0,0.0
debtGrowth,0.3021400412990426,0.004999528346382417,20.202,0.0,0.0,-1.0,0.351931330472103,-0.5105042016806722,-0.7447721179624665,1.7548005908419497,0.901685393258427,0.0
rdexpenseGrowth,0.33653168536889466,0.3563970588235294,0.32385865861968266,0.32486458602011864,0.3100185842203075,0.2290282392026578,0.8064516129032258,0.8840989399293286,0.01143674052894925,2.6056701030927836,1.6944444444444444,0.0
sgaexpensesGrowth,0.4974101157830591,-0.3727663640707119,2.032454361054767,0.3710766785856178,0.4540727902946274,0.3366795366795367,0.33093525179856115,0.24583866837387963,-0.12443946188340807,2.1857142857142855,1.0289855072463767,0.0
