,2021,2020,2019,2018,2017,2016,2015,2014,2013,2012,2011,2010,2009,2008,2007,2006,2005,2004,2003,2002,2001,2000,1999,1998,1997
reportedCurrency,USD,USD,USD,USD,USD,USD,USD,USD,USD,USD,USD,USD,USD,USD,USD,USD,USD,USD,USD,USD,USD,USD,USD,USD,USD
cik,0001031296,0001031296,0001031296,0001031296,0001031296,0001031296,0001031296,0001031296,0001031296,0001031296,0001031296,0001031296,0001031296,0001031296,0001031296,0001031296,0001031296,0001031296,0001031296,0001031296,0001031296,0001031296,0001031296,0001031296,0001031296
fillingDate,2022-02-16,2021-02-18,2020-02-10,2019-02-19,2018-02-20,2017-02-21,2016-02-16,2015-02-17,2014-02-27,2013-02-25,2012-02-28,2011-02-16,2010-02-19,2009-02-25,2008-02-29,2007-02-28,2006-03-02,2005-03-10,2004-03-15,2003-03-26,2002-04-01,2001-03-28,2000-03-29,1999-03-29,1997-12-31
acceptedDate,2022-02-16 16:21:58,2021-02-18 06:50:45,2020-02-10 07:13:59,2019-02-19 16:50:00,2018-02-20 16:54:49,2017-02-21 17:10:38,2016-02-16 16:59:25,2015-02-17 16:32:21,2014-02-27 15:10:55,2013-02-25 15:09:18,2012-02-28 16:23:58,2011-02-16 16:16:59,2010-02-18 19:40:30,2009-02-24 20:28:15,2008-02-28 17:51:17,2007-02-27 21:08:21,2006-03-02 08:46:34,2005-03-09 18:40:07,2004-03-15 12:36:19,2003-03-26 15:26:19,2002-04-01 00:00:00,2001-03-28 00:00:00,2000-03-29 00:00:00,1999-03-29 00:00:00,1997-12-31
calendarYear,2021,2020,2019,2018,2017,2016,2015,2014,2013,2012,2011,2010,2009,2008,2007,2006,2005,2004,2003,2002,2001,2000,1999,1998,1997
period,FY,FY,FY,FY,FY,FY,FY,FY,FY,FY,FY,FY,FY,FY,FY,FY,FY,FY,FY,FY,FY,FY,FY,FY,FY
revenue,11132000000,10790000000,11035000000,11261000000,14017000000,14562000000,15026000000,15049000000,14917000000,15303000000,16258000000,13339000000,12967000000,13627000000,12802000000,11501000000,11989000000,12453000000,12307000000,12151997000,7999362000,7028961000,6319700000,5861200000,2821400000
costOfRevenue,3445000000,3070000000,3424000000,3647000000,4577000000,5479000000,6173000000,6996000000,6459000000,6708000000,7303000000,6056000000,5883000000,5631000000,5014000000,4253000000,4011000000,4469000000,5155000000,4265726000,2241556000,801292000,877000000,983700000,486300000
grossProfit,7687000000,7720000000,7611000000,7614000000,9440000000,9083000000,8853000000,8053000000,8458000000,8595000000,8955000000,7283000000,7084000000,7996000000,7788000000,7248000000,7978000000,7984000000,7152000000,7886271000,5757806000,6227669000,5442700000,4877500000,2335100000
grossProfitRatio,0.6905318002155947,0.7154772937905468,0.6897145446307205,0.676138886422165,0.6734679317971035,0.6237467380854278,0.5891787568215093,0.5351186125323942,0.567004089294094,0.5616545775338169,0.550805757165703,0.5459929529949772,0.5463098634996529,0.5867762530270786,0.6083424464927355,0.630206069037475,0.6654433230461256,0.6411306512486951,0.5811326887137401,0.6489691365131179,0.7197831527064283,0.8860013592336051,0.8612275899172429,0.8321674742373575,0.8276387608988446
researchAndDevelopmentExpenses,0.0,0.0,0.0,0.0,0.0,0.0,0.0,0.0,0.0,0.0,0.0,0.0,0.0,0.0,0.0,0.0,0.0,0.0,0.0,0.0,0.0,0.0,0.0,0.0,0.0
generalAndAdministrativeExpenses,-382000000,477000000,674000000,144000000,141000000,147000000,242000000,835000000,-256000000,609000000,0.0,0.0,0.0,0.0,0.0,0.0,0.0,0.0,0.0,0.0,0.0,0.0,0.0,0.0,0.0
sellingAndMarketingExpenses,0.0,0.0,0.0,0.0,0.0,0.0,0.0,0.0,0.0,0.0,0.0,0.0,0.0,0.0,0.0,0.0,0.0,0.0,0.0,0.0,0.0,0.0,0.0,0.0,0.0
sellingGeneralAndAdministrativeExpenses,-382000000,477000000,674000000,144000000,141000000,147000000,242000000,835000000,-256000000,609000000,3909000000,2850000000,0.0,0.0,0.0,0.0,0.0,0.0,0.0,0.0,0.0,0.0,0.0,0.0,0.0
otherExpenses,5840000000,5558000000,5101000000,5112000000,6721000000,6533000000,6277000000,6156000000,6312000000,6185000000,2428000000,2244000000,5205000000,5550000000,5497000000,5142000000,5912000000,5773000000,5513000000,5704088000,4072684000,4722762000,3907300000,3513500000,1595400000
operatingExpenses,5458000000,6035000000,5775000000,5256000000,6862000000,6680000000,6519000000,6991000000,6056000000,6794000000,6337000000,5094000000,5205000000,5550000000,5497000000,5142000000,5912000000,5773000000,5513000000,5704088000,4072684000,4722762000,3907300000,3513500000,1595400000
costAndExpenses,8903000000,9105000000,9199000000,8903000000,11439000000,12159000000,12692000000,13987000000,12515000000,13502000000,13640000000,11150000000,11088000000,11181000000,10511000000,9395000000,9923000000,10242000000,10668000000,9969814000,6314240000,5524054000,4784300000,4497200000,2081700000
interestIncome,0.0,0.0,0.0,0.0,0.0,0.0,0.0,0.0,0.0,0.0,70000000,165000000,130000000,0.0,0.0,0.0,0.0,0.0,0.0,0.0,0.0,0.0,0.0,0.0,0.0
interestExpense,1066000000,988000000,962000000,1051000000,1099000000,1054000000,1015000000,955000000,941000000,929000000,1008000000,845000000,848000000,0.0,0.0,0.0,0.0,0.0,0.0,0.0,0.0,0.0,0.0,0.0,0.0
depreciationAndAmortization,1601000000,1199000000,1217000000,1384000000,1700000000,1997000000,1836000000,1500000000,1411000000,1334000000,1121000000,746000000,736000000,0.0,0.0,0.0,0.0,0.0,0.0,0.0,0.0,0.0,0.0,0.0,0.0
ebitda,4270000000,3392000000,3304000000,4273000000,1970000000,-6181000000,3744000000,2712000000,2939000000,3586000000,3588000000,2857000000,2835000000,2119000000,2192000000,2049000000,1615000000,1549000000,829000000,1178756000,1120904000,975772000,963100000,732600000,489600000
ebitdaratio,0.3835788717211642,0.3143651529193698,0.2994109651110104,0.3794512032679158,0.14054362559748876,-0.42446092569701965,0.24916810861173966,0.18021130972157617,0.19702353020044244,0.23433313729334118,0.22069135194980932,0.2141839718119799,0.21863191177604688,0.15550011007558523,0.17122324636775504,0.17815842100686896,0.1347068145800317,0.12438769774351562,0.06736003900219387,0.09700101143869605,0.1401241749029485,0.13882165514931724,0.1523964745161954,0.12499146932368799,0.17353087119869567
operatingIncome,1726000000,2162000000,2510000000,2502000000,172000000,-8262000000,2292000000,1062000000,1607000000,2176000000,1698000000,1805000000,1879000000,2446000000,2291000000,2106000000,2066000000,2211000000,1639000000,2182183000,1685122000,1504907000,1535400000,1364000000,739700000
operatingIncomeRatio,0.1550485088034495,0.20037071362372566,0.2274580879021296,0.22218275463990764,0.012270814011557395,-0.5673671199011124,0.15253560495141755,0.07056947305468803,0.10772943621371589,0.14219434097889302,0.10444089063845491,0.13531749006672164,0.14490630060923884,0.17949658765685772,0.1789564130604593,0.18311451178158422,0.17232463091166902,0.1775475788966514,0.13317624116356544,0.17957402392380445,0.2106570498997295,0.21410091761783853,0.2429545706283526,0.2327168497918515,0.26217480683348693
totalOtherIncomeExpensesNet,-167000000,-1033000000,-1393000000,-990000000,-1001000000,-970000000,-1399000000,-891000000,-1037000000,-852000000,-255000000,-563000000,-644000000,-327000000,-99000000,-53000000,-439000000,-666000000,-811000000,-946306000,-555719000,-529135000,-572300000,-600900000,-250100000
incomeBeforeTax,1559000000,1129000000,1117000000,1512000000,-829000000,-9232000000,893000000,171000000,570000000,1324000000,1443000000,1242000000,1235000000,2119000000,2192000000,2053000000,1627000000,1545000000,828000000,1235877000,1129403000,975772000,963100000,763100000,489600000
incomeBeforeTaxRatio,0.14004671218109954,0.1046339202965709,0.10122338015405528,0.1342687150341888,-0.05914246985802953,-0.6339788490591952,0.059430320777319315,0.01136288125456841,0.03821143661594154,0.08651898320590734,0.08875630458851028,0.09311042806807107,0.09524176756381585,0.15550011007558523,0.17122324636775504,0.17850621685070864,0.1357077320877471,0.12406649000240906,0.06727878443162427,0.10170155571960723,0.14118663463411207,0.13882165514931724,0.1523964745161954,0.13019518187401896,0.17353087119869567
incomeTaxExpense,320000000,126000000,213000000,490000000,895000000,-3055000000,315000000,-42000000,195000000,553000000,574000000,482000000,245000000,777000000,883000000,795000000,754000000,671000000,406000000,549476000,474457000,376802000,394800000,321700000,183800000
netIncome,1283000000,1079000000,912000000,1348000000,-1724000000,-6177000000,578000000,299000000,392000000,770000000,885000000,784000000,1006000000,1342000000,1309000000,1254000000,861000000,878000000,423000000,629280000,646447000,598970000,568300000,410900000,305800000
netIncomeRatio,0.11525332375134746,0.1,0.08264612596284548,0.11970517716011012,-0.12299350788328459,-0.4241862381540997,0.038466657793158526,0.019868429795999735,0.02627874237447208,0.05031693132065608,0.054434739820396115,0.0587750206162381,0.07758155317344027,0.09848095692375432,0.10224964849242306,0.10903399704373533,0.07181583117858037,0.07050509917289007,0.03437068335093849,0.05178408125018464,0.08081231978250265,0.08521458576879286,0.08992515467506369,0.07010509793216406,0.10838590770539448
eps,2.358455882352941,1.99,1.7,1.99,-3.88,-14.49,1.37,0.71,0.94,1.85,2.22,2.58,3.31,4.41,4.27,3.84,2.62,2.68,1.39,2.15,2.82,2.69,2.5,1.82,1.94
epsdiluted,2.3541284403669724,1.99,1.68,1.99,-3.88,-14.49,1.37,0.71,0.94,1.84,2.21,2.57,3.29,4.38,4.22,3.81,2.61,2.67,1.39,2.14,2.81,2.69,2.5,1.82,1.94
weightedAverageShsOut,544000000,542000000,535000000,492000000,444000000,426000000,422000000,420000000,418000000,418000000,399000000,304000000,304000000,304000000,306000000,324000000,328000000,327387000,303582000,293194000,229512000,222444000,227227000,226373000,157464000
weightedAverageShsOutDil,545000000,543000000,542000000,494000000,444000000,426000000,424000000,421000000,419000000,419000000,401000000,305000000,306000000,307000000,310000000,327000000,330000000,328982000,304972000,294421000,230430000,222444000,227360406,226373000,157464000
link,https://www.sec.gov/Archives/edgar/data/1031296/000103129622000013/0001031296-22-000013-index.htm,https://www.sec.gov/Archives/edgar/data/1031296/000103129621000020/0001031296-21-000020-index.htm,https://www.sec.gov/Archives/edgar/data/1031296/000103129620000008/0001031296-20-000008-index.html,https://www.sec.gov/Archives/edgar/data/1031296/000103129619000010/0001031296-19-000010-index.html,https://www.sec.gov/Archives/edgar/data/1031296/000103129618000015/0001031296-18-000015-index.html,https://www.sec.gov/Archives/edgar/data/1031296/000103129617000015/0001031296-17-000015-index.html,https://www.sec.gov/Archives/edgar/data/1031296/000103129616000071/0001031296-16-000071-index.html,https://www.sec.gov/Archives/edgar/data/1031296/000103129615000011/fe-12312014x10k.htm,https://www.sec.gov/Archives/edgar/data/1031296/000103129614000010/fe-12312013x10k.htm,https://www.sec.gov/Archives/edgar/data/1031296/000103129613000010/0001031296-13-000010-index.html,https://www.sec.gov/Archives/edgar/data/1031296/000103129612000012/0001031296-12-000012-index.html,https://www.sec.gov/Archives/edgar/data/1031296/000095012311014700/c11256e10vk.htm,https://www.sec.gov/Archives/edgar/data/1031296/000103129610000011/0001031296-10-000011-index.html,https://www.sec.gov/Archives/edgar/data/1031296/000103129609000008/0001031296-09-000008-index.html,https://www.sec.gov/Archives/edgar/data/1031296/000103129608000049/form10k_2007.htm,https://www.sec.gov/Archives/edgar/data/1031296/000004077907000024/form_10k.htm,https://www.sec.gov/Archives/edgar/data/1031296/000103129606000044/form10-k.htm,https://www.sec.gov/Archives/edgar/data/1031296/000103129605000087/0001031296-05-000087-index.html,https://www.sec.gov/Archives/edgar/data/1031296/000103129604000074/0001031296-04-000074-index.html,https://www.sec.gov/Archives/edgar/data/1031296/000103129603000070/0001031296-03-000070-index.html,https://www.sec.gov/Archives/edgar/data/1031296/000103129602000017/0001031296-02-000017-index.html,https://www.sec.gov/Archives/edgar/data/1031296/000103129601500009/0001031296-01-500009-index.html,https://www.sec.gov/Archives/edgar/data/1031296/000103129600000008/0001031296-00-000008-index.html,https://www.sec.gov/Archives/edgar/data/20947/000103129699000005/0001031296-99-000005-index.html,
finalLink,https://www.sec.gov/Archives/edgar/data/1031296/000103129622000013/fe-20211231.htm,https://www.sec.gov/Archives/edgar/data/1031296/000103129621000020/fe-20201231.htm,https://www.sec.gov/Archives/edgar/data/1031296/000103129620000008/fe-12312019x10k.htm,https://www.sec.gov/Archives/edgar/data/1031296/000103129619000010/fe-12312018x10k.htm,https://www.sec.gov/Archives/edgar/data/1031296/000103129618000015/fe-12312017x10k.htm,https://www.sec.gov/Archives/edgar/data/1031296/000103129617000015/fe-12312016x10k.htm,https://www.sec.gov/Archives/edgar/data/1031296/000103129616000071/fe-12312015x10k.htm,https://www.sec.gov/Archives/edgar/data/1031296/000103129615000011/fe-12312014x10k.htm,https://www.sec.gov/Archives/edgar/data/1031296/000103129614000010/fe-12312013x10k.htm,https://www.sec.gov/Archives/edgar/data/53456/000103129613000010/fe-12312012x10k.htm,https://www.sec.gov/Archives/edgar/data/20947/000103129612000012/fe-12312011x10k.htm,https://www.sec.gov/Archives/edgar/data/1031296/000095012311014700/c11256e10vk.htm,https://www.sec.gov/Archives/edgar/data/20947/000103129610000011/form10k.htm,https://www.sec.gov/Archives/edgar/data/20947/000103129609000008/form10k_2008.htm,https://www.sec.gov/Archives/edgar/data/1031296/000103129608000049/form10k_2007.htm,https://www.sec.gov/Archives/edgar/data/1031296/000004077907000024/form_10k.htm,https://www.sec.gov/Archives/edgar/data/1031296/000103129606000044/form10-k.htm,https://www.sec.gov/Archives/edgar/data/20947/000103129605000087/form10k.htm,https://www.sec.gov/Archives/edgar/data/20947/000103129604000074/fe_10-k.txt,https://www.sec.gov/Archives/edgar/data/20947/000103129603000070/fe_10k.txt,https://www.sec.gov/Archives/edgar/data/20947/000103129602000017/main.txt,https://www.sec.gov/Archives/edgar/data/1031296/000103129601500009/tenk.txt,https://www.sec.gov/Archives/edgar/data/1031296/0001031296-00-000008.txt,https://www.sec.gov/Archives/edgar/data/20947/0001031296-99-000005.txt,
