,2021,2020,2019,2018,2017,2016,2015,2014,2013,2012,2011,2010,2009,2008,2007,2006,2005,2004,2003,2002,2001,2000,1999,1998,1997,1996,1995,1994,1993,1992,1991,1990
period,FY,FY,FY,FY,FY,FY,FY,FY,FY,FY,FY,FY,FY,FY,FY,FY,FY,FY,FY,FY,FY,FY,FY,FY,FY,FY,FY,FY,FY,FY,FY,FY
currentRatio,1.4895837300529382,1.7201452765386285,1.5058968213925328,2.287294248196782,3.0345865206830296,3.1600096342981012,3.133777549974372,3.3880559341713363,2.952460346070656,3.492922001015171,3.2692219810350736,2.6735818645037175,3.2352251922372757,2.5760571511040555,2.3636771971852073,2.269601343587024,1.3700977815161393,1.648052395725612,1.617434289848083,2.08155223880597,1.585350790513834,2.138183217859892,1.5367965367965368,2.129032258064516,2.76875,2.8088426527958386,2.9467455621301775,2.470559610705596,2.2358333333333333,3.15581098339719,5.361216730038023,5.924242424242424
quickRatio,1.3201812849906691,1.6241759109391654,1.415237134207871,2.1102644719807655,2.918246746184244,3.0458432017984025,3.0006406970784214,3.098793477712151,2.7089491708723865,3.2003835091083412,2.9929167142693935,2.3288098580564656,2.7958989381179054,2.168855534709193,1.9654888456355741,1.8666136303367806,0.9657238986436757,1.2057911065149949,1.2055702917771882,1.671641791044776,1.0842391304347827,1.6189376443418013,1.0849150849150848,1.6921335597057159,2.1839285714285714,2.1599479843953184,2.437869822485207,1.4170316301703163,1.3025,1.3320561941251596,2.8517110266159698,3.9166666666666665
cashRatio,0.3494306280230034,0.4661876751806087,0.37118440968718464,0.3304605141483262,0.42446434397998767,0.30633053671069005,0.2937382538868956,0.33954263213690744,0.35711067051189616,0.5526479047995037,0.4376785102250657,0.2381843706130089,0.4187477114610033,0.37458507721171885,0.2790836951639467,0.2914346327234155,0.49858059089475343,0.4276686200160864,0.4732336628888353,1.1324179104477612,0.6019021739130435,0.8148575827559661,0.2753912753912754,0.3027730616864743,0.24107142857142858,0.3641092327698309,0.606508875739645,0.2608272506082725,0.22666666666666666,0.5108556832694764,1.532319391634981,2.712121212121212
daysOfSalesOutstanding,74.33638443935926,86.7912415569664,80.49071362515413,77.7132576525441,76.04895323403812,74.99817247751132,73.02078883667947,72.0832803020661,71.39002612792396,63.631922884870065,65.95133971956129,44.932192807192806,32.10690256665836,35.272255943348505,41.69248611190653,42.3253405420587,32.613201080601584,30.216602404173283,29.272698379065577,25.934972244250595,30.633606961826583,55.6717561284869,37.29883166035873,56.00780234070221,66.31211180124224,55.516357421875,70.82364830722588,69.76991150442478,72.60631741140216,69.10924617196703,69.13482532751092,83.14469914040116
daysOfInventoryOutstanding,31.747098861861193,26.55976841866273,26.239473957791873,35.98536637470626,33.17248748664305,24.290752993930113,30.485369609856264,29.975481340009292,28.107685083737675,34.001512435581446,32.63674107948734,33.64277279988886,30.10135913384013,32.06993454752419,38.33863022405848,51.393139570709664,58.229397293972944,63.67321867321867,56.44729849424269,46.53723558388873,54.77764905088673,66.6587607471094,56.12735849056604,45.28101439342015,41.532797858099066,77.91843971631207,40.24068322981366,26.658376963350786,43.56272219400711,31.784688995215312,37.42016806722689,58.97379912663756
operatingCycle,106.08348330122045,113.35100997562913,106.730187582946,113.69862402725036,109.22144072068117,99.28892547144143,103.50615844653574,102.0587616420754,99.49771121166164,97.63343532045151,98.58808079904863,78.57496560708167,62.2082617004985,67.3421904908727,80.03111633596501,93.71848011276836,90.84259837457452,93.88982107739196,85.71999687330826,72.47220782813932,85.41125601271331,122.33051687559629,93.42619015092477,101.28881673412236,107.84490965934131,133.43479713818707,111.06433153703955,96.42828846777557,116.16903960540927,100.89393516718235,106.5549933947378,142.11849826703872
daysOfPayablesOutstanding,48.099196607900026,45.95129980701555,39.065131510552035,37.11600085451827,28.430628198639,21.077268004593428,20.68583162217659,19.44355546378981,19.59539834089842,17.563018149226977,19.239424754798723,22.690491074529415,18.91845196959226,22.565808195788275,22.794374702049897,32.98757317448906,32.99815498154982,34.65891024714554,38.4074402125775,24.855114459576935,20.94822208359326,39.984435220871624,31.076650943396228,31.146333104866347,33.714859437751,39.86524822695036,25.50465838509317,30.289267015706805,45.78720162519045,56.93301435406699,47.23529411764706,79.69432314410481
cashConversionCycle,57.98428669332043,67.39971016861358,67.66505607239397,76.5826231727321,80.79081252204217,78.21165746684801,82.82032682435914,82.61520617828559,79.90231287076321,80.07041717122453,79.3486560442499,55.88447453255225,43.289809730906235,44.77638229508442,57.236741633915116,60.730906938279304,57.844443393024704,59.230910830246415,47.31255666073076,47.61709336856238,64.46303392912004,82.34608165472466,62.34953920752854,70.14248362925602,74.13005022159031,93.56954891123671,85.55967315194638,66.13902145206876,70.38183798021882,43.96092081311536,59.31969927709075,62.4241751229339
grossProfitMargin,0.6402103657312618,0.6426441654327498,0.6293541923551171,0.6204338130954794,0.6296010832204979,0.6286677361057527,0.6037509407863957,0.5890501039412838,0.60567407986504,0.612426998979614,0.6154611504465732,0.6404345654345655,0.6394218788935958,0.6445118866970156,0.6395968157608385,0.6581589664372981,0.6721906374742954,0.6861419823089135,0.7009746795211357,0.6351044144858577,0.4966581438119589,0.643596787827557,0.6511436564094125,0.6550419671355953,0.6520186335403727,0.65576171875,0.6745831227892876,0.6926790024135157,0.6966101694915254,0.6922850412249706,0.6752183406113537,0.671919770773639
operatingProfitMargin,0.25759765546589586,0.27626214478408145,0.27394805795314425,0.24952361646057167,0.24941151963337152,0.2570714967409182,0.2190760969060841,0.198230876925035,0.23033719423128357,0.21851457849373657,0.17756490351242538,0.22887112887112887,0.20273001633579754,0.23879615579160343,0.24686444075367964,0.24561157140851003,0.2990202007983549,0.28541619414833297,0.25860790337959527,0.15432196669310072,-0.08989368860180326,0.17091081994928148,0.24551587954582854,0.24877101312211847,0.25268540372670806,0.34199365234375,0.32488074785245075,0.39267900241351567,0.4061633281972265,0.38103651354534745,0.361353711790393,0.30802292263610315
pretaxProfitMargin,0.2662090007627765,0.2833613922638486,0.2807298088779285,0.2643219136428137,0.2559525049474013,0.26235100615265905,0.22784320904782246,0.20607950447583895,0.23097496245396754,0.22055535051344954,0.18105881808505714,0.23513986013986013,0.21300218733560372,0.259357612544259,0.2709180459309318,0.2679750035107429,0.3240191927744849,0.31716942617373556,0.26554719779637675,0.14327253502511234,-0.03920513165567667,0.2294484361792054,0.27283198946848775,0.27213618631043857,0.2933229813664596,0.357666015625,0.3431025770591208,0.4098954143201931,0.4240369799691834,0.4007656065959953,0.3864628820960699,0.336676217765043
netProfitMargin,0.21259384158336345,0.22745988925173932,0.22389411220715166,0.0022298803973241437,0.2001666493073638,0.2180640445103255,0.1826854620532536,0.1665818166390904,0.2053819408727138,0.17457284904800155,0.1501689111018557,0.193981018981019,0.16983691890245592,0.20364188163884675,0.20998224614855965,0.1958994523241118,0.2314826015080037,0.19963710591970968,0.1895327894904121,0.10007930214115782,-0.04548512986139147,0.14095519864750633,0.17245351324666777,0.1595933325452181,0.16288819875776397,0.222900390625,0.21273370389085397,0.2533386967015286,0.2650231124807396,0.24852767962308597,0.23580786026200873,0.1991404011461318
effectiveTaxRate,0.20140250339315338,0.19727988546886185,0.14261203760894928,0.9915637702277782,0.21795393505330837,0.16880804953560372,0.19819658959021516,0.1916623777663407,0.11080431103589561,0.2084850871148735,0.1706070287539936,0.17503983005841742,0.20265176134147928,0.21482203803022915,0.22492336962266146,0.2689637102056858,0.2855898456943753,0.2894736842105263,0.2862557350887692,0.3014760147601476,-0.16018306636155608,0.38567810269399033,0.36791314837153194,0.4135534317984361,0.4446797247220752,0.37679180887372016,0.3799705449189985,0.3819430814524043,0.375,0.3798677443056576,0.3898305084745763,0.4085106382978723
returnOnAssets,0.1086289834559012,0.11822504296121367,0.11883263628276053,0.0010111781144285924,0.07401901123110817,0.08827639496268043,0.07921639190989037,0.07469515095021592,0.09865501872696189,0.087631730947373,0.07451633274011138,0.09573523973869098,0.09003640206669798,0.13709265502094187,0.13747656542932132,0.12882373311785755,0.1694360003541599,0.12364443445524527,0.0964238553372679,0.05008599021034529,-0.02877575344798229,0.08116823851536355,0.14234295415959253,0.1513962094874958,0.19240645634629494,0.2515151515151515,0.2396129766647695,0.29885166555945714,0.28897849462365593,0.26057425131213335,0.28033744321868914,0.16807738814993953
returnOnEquity,0.2565960024227741,0.29572784810126584,0.3461618658961604,0.0025460605499490786,0.14528932367661068,0.16888937816500488,0.15044055077222018,0.13861333709888093,0.1688599458728011,0.15678742736809265,0.13742430017363316,0.17545801612939663,0.15871865862809534,0.23439000960614795,0.2329415501905972,0.23335563733690198,0.2477345300768102,0.17040966467900565,0.1276535017303507,0.06605946398659966,-0.03738938053097345,0.1006906442238744,0.17880907694932605,0.18995356690586745,0.24452214452214452,0.32375886524822695,0.3052936910804931,0.3712567790615421,0.36195286195286197,0.34364820846905536,0.3388235294117647,0.20086705202312138
returnOnCapitalEmployed,0.18013756316676025,0.19590920859584016,0.21517531514353597,0.150570649182253,0.11711253484618771,0.13086488665612306,0.1197185447027045,0.10952241429827131,0.14172331295332852,0.13596206840654887,0.11027604937561972,0.14805240964828667,0.13441521487709507,0.21040199661288886,0.21562202991346105,0.21861133679145053,0.30428360413589367,0.23398162954148227,0.16943740672613056,0.09921821889870837,-0.07383391054454351,0.11689672616896726,0.2545640675652619,0.29431524475524473,0.37564496768236383,0.4896211114994757,0.45309302325581396,0.5754539023815138,0.5547138047138047,0.5268729641693811,0.5179968701095462,0.30935251798561153
netIncomePerEBT,0.7985974966068466,0.8027201145311381,0.7975430649921076,0.008436229772221797,0.7820460649466916,0.8311919504643963,0.8018034104097849,0.8083376222336592,0.8891956889641044,0.7915149128851265,0.8293929712460064,0.8249601699415826,0.7973482386585208,0.7851779619697709,0.7750766303773385,0.7310362897943141,0.7144101543056247,0.629433638443936,0.7137442649112308,0.6985239852398524,1.160183066361556,0.6143218973060097,0.632086851628468,0.5864465682015638,0.5553202752779248,0.6232081911262799,0.6200294550810015,0.6180569185475957,0.625,0.6201322556943424,0.6101694915254238,0.5914893617021276
ebtPerEbit,1.033429439725707,1.025697503671072,1.0247556086925944,1.0593061987163863,1.0262256744341436,1.0205371248025277,1.0400185701021356,1.039593365436062,1.0027688460164343,1.0093392945851962,1.0196768308574407,1.0273897861195984,1.0506692160611855,1.0861046388477018,1.0974364922862776,1.091052029731275,1.0836030204962244,1.1112523839796566,1.0268332650553051,0.9284001370332305,0.436127744510978,1.3425038639876352,1.111260053619303,1.0939224103929281,1.1608228138246683,1.0458264741870038,1.056087747049098,1.0438434746978078,1.0440060698027314,1.0517774343122102,1.0694864048338368,1.0930232558139534
ebitPerRevenue,0.25759765546589586,0.27626214478408145,0.27394805795314425,0.24952361646057167,0.24941151963337152,0.2570714967409182,0.2190760969060841,0.198230876925035,0.23033719423128357,0.21851457849373657,0.17756490351242538,0.22887112887112887,0.20273001633579754,0.23879615579160343,0.24686444075367964,0.24561157140851003,0.2990202007983549,0.28541619414833297,0.25860790337959527,0.15432196669310072,-0.08989368860180326,0.17091081994928148,0.24551587954582854,0.24877101312211847,0.25268540372670806,0.34199365234375,0.32488074785245075,0.39267900241351567,0.4061633281972265,0.38103651354534745,0.361353711790393,0.30802292263610315
debtRatio,0.5766536406248397,0.600223503737362,0.6567136707126277,0.6028460067657009,0.4905406029980434,0.4773123335415776,0.4734372381431205,0.4611258013582666,0.41575831842752814,0.4410793491646596,0.45776451001779667,0.45414766424257363,0.4327295678722405,0.41510879558688324,0.40982377202849646,0.44795105621609144,0.31605820027742526,0.27189975838624486,0.24464386773385075,0.24180447149093795,0.23037629831431977,0.1938850015211439,0.20393887945670627,0.20298306605360547,0.21313279530447543,0.2234159779614325,0.21570859419464997,0.19502704754674005,0.20161290322580644,0.2417412781722754,0.17261518494484102,0.16324062877871826
debtEquityRatio,1.3621320411871594,1.5013976793248944,1.9130201662148878,1.5179150078696417,0.9628649621240758,0.9131884377064133,0.8991088478676003,0.8557206905072898,0.7116204330175914,0.7891627344694458,0.8442171685088722,0.832335599882531,0.7628276450953502,0.7097196751375425,0.6944091486658196,0.8114335898293744,0.4621127125226547,0.37473863548362113,0.3238788397730922,0.3189209938581798,0.2993362831858407,0.24051779446729818,0.25618495137348574,0.2546784859997186,0.27086247086247084,0.2875886524822695,0.27483683828861494,0.24227776467814194,0.25252525252525254,0.31881107491856675,0.20862745098039215,0.19508670520231214
longTermDebtToCapitalization,0.17930924780784602,0.2339084407450806,0.30127377929484245,0.31999685212874796,0.2800396246543729,0.27799793343855383,0.26439529295792,0.26475893842060866,0.17943593160115479,0.24114052350443158,0.2558146864166404,0.21588876096005669,0.21035102774712924,0.15689883669562657,0.16913006756756757,0.209363840761804,,,,,,,,,,,,,,,,
totalDebtToCapitalization,0.21829132024014697,0.27775555682532427,0.42354516887889143,0.3717883471711282,0.33766298796242517,0.3105639224105216,0.29809998589098435,0.2695744104792233,0.21519693087839004,0.24148844913775253,0.2626467649263053,0.2566539604708569,,0.1671192358046841,,,,,,,,,,,,,,,,,,
interestCoverage,29.569124423963135,23.28205128205128,16.552968568102443,13.053022269353129,13.905923344947736,18.727810650887573,19.02826855123675,16.569148936170212,19.2041166380789,16.88758389261745,12.219745222929935,14.709470304975923,-14.673346693386774,10.18554476806904,9.32,9.57045143638851,11.462132921174652,,34.871428571428574,3.2614525139664803,-10.547368421052632,2.9196750902527078,,10.628050505050505,6.211045801526717,21.88759375,,,,,,
cashFlowToDebtRatio,1.340794724969634,1.057807035589385,0.6418146436390173,0.534475341233525,0.41154313847613966,0.4737632231260692,0.4950698114695906,0.5897938686689942,0.7953858491147986,0.7037604115629593,0.5991558673166092,0.665598010991887,0.9613404565322973,1.7538082112287827,1.5767790262172285,1.2474731522425775,,,,,,,,,,,,,,,,
companyEquityMultiplier,2.3621320411871594,2.5013976793248944,2.913020166214888,2.5179150078696417,1.9628649621240757,1.9131884377064134,1.8991088478676001,1.8557206905072898,1.7116204330175913,1.7891627344694458,1.8442171685088722,1.8327422233266315,1.7628276450953502,1.7097196751375425,1.6944091486658195,1.8114335898293743,1.4621127125226547,1.3782234957020056,1.323878839773092,1.3189209938581798,1.2993362831858406,1.2405177944672983,1.2561849513734857,1.2546784859997187,1.270862470862471,1.2872340425531914,1.2741116751269035,1.242277764678142,1.2525252525252526,1.3188110749185669,1.2086274509803923,1.1950867052023122
receivablesTurnover,4.910112359550562,4.20549347436663,4.534684605975887,4.696753308578502,4.799540091981604,4.866785255460026,4.998576512455516,5.063587540279269,5.112759019669717,5.736114570361146,5.5343834037648865,8.123351592615135,11.36827195467422,10.348076419785396,8.754575081474053,8.62367544656373,11.191787003610107,12.07945205479452,12.468956406869221,14.073660714285714,11.915018706574024,6.556286802909595,9.785829307568438,6.516949152542373,5.504273504273504,6.574638844301766,5.153645833333333,5.231481481481482,5.0271107668474055,5.2814930015552095,5.279538904899136,4.389937106918239
payablesTurnover,7.58848433530906,7.9431920649233545,9.343370568237008,9.834033613445378,12.83826714801444,17.317234848484848,17.644927536231883,18.772286821705425,18.626822157434404,20.78230500582072,18.97146118721461,16.086033519553073,19.293333333333333,16.174913693901036,16.012722646310433,11.064772727272727,11.061224489795919,10.531202435312025,9.503367003367003,14.685106382978724,17.42391304347826,9.128552097428958,11.745152354570637,11.718875502008032,10.826086956521738,9.155844155844155,14.311111111111112,12.050473186119874,7.97165991902834,6.411042944785276,7.7272727272727275,4.58
inventoryTurnover,11.49711353431687,13.742589703588143,13.910339840925523,10.143011917659805,11.00309405940594,15.026294165981923,11.972956361401351,12.17661847894406,12.985772357723578,10.734816596512328,11.18371467025572,10.849284099472495,12.125698324022347,11.381376518218623,9.520423600605143,7.102115244347192,6.268311488049345,5.732394366197183,6.466208476517755,7.843181818181818,6.6633016627078385,5.47564935064935,6.5030674846625764,8.060773480662984,8.788235294117648,4.6843853820598005,9.070422535211268,13.691756272401435,8.37872340425532,11.483516483516484,9.754098360655737,6.1891891891891895
fixedAssetTurnover,21.307955517536357,14.612033195020746,18.610254571531016,16.4105123087159,14.450632149307646,14.046491728465488,14.754201680672269,14.49630996309963,14.631848284166164,13.53938859494415,11.03626149131767,10.159857904085257,8.933217907494434,9.525415562515057,8.97045979964038,8.280232558139534,7.470180722891566,6.7006079027355625,5.073367374361731,4.611165285226718,8.604013894249325,13.273492286115006,15.173533083645443,14.216806722689075,13.819742489270386,12.374622356495468,14.445255474452555,16.059431524547804,13.326488706365502,12.128571428571428,14.4251968503937,17.024390243902438
assetTurnover,0.5109695682944091,0.5197621582870336,0.530753734929903,0.45346742167965876,0.36978693247469535,0.40481866307171277,0.4336217617951364,0.4483991858009778,0.48034904289907204,0.5019780076068833,0.49621677478615306,0.49352890422778256,0.5301344527947394,0.673204617427725,0.654705661792276,0.6576012928546693,0.7319599799309389,0.619345957183795,0.5087449807313984,0.5004630242095516,0.6326408990294569,0.5758442348646182,0.8253989813242785,0.9486374341146125,1.1812179016874542,1.1283746556473828,1.126351735913489,1.179652652557654,1.0903897849462365,1.0484717505402903,1.1888384166125892,0.8440145102781137
operatingCashFlowPerShare,3.660350544765514,3.641643059490085,3.5824847250509166,2.8253049410791813,2.7696606786427145,2.6855333465268156,2.459247648902821,2.3561329766908674,2.4195909176205666,2.139851024208566,1.8229336227165853,1.7747732030704815,1.698181194234729,2.0195456064149684,1.6687035507844756,1.2827216628775577,1.1666409742562047,1.0410818713450292,0.7355418304323413,0.9022051773729626,0.8882712618121178,0.8878126355356368,0.690631808278867,0.4694851712352041,0.23245534924888026,0.17714243423454237,0.079287946140574,0.07057796125081824,0.04093023255813953,0.029739336492890994,0.010185185185185186,0.0024666893082780014
freeCashFlowPerShare,3.4964471814306015,3.4598677998111427,3.3767820773930755,2.6528840190200538,2.577245508982036,2.458737383732436,2.218847962382445,2.112533435231181,2.2019140551698255,1.9301675977653632,1.6105986616024597,1.5989183531053734,1.5257378174330816,1.8077180086869362,1.4620974401321223,1.157356284507957,1.0599660860181903,0.9514619883040936,0.6348961257720381,0.5404739076838789,0.5721234018899388,0.6666184762180136,0.5997510115157174,0.4018713463147556,0.17921488051572962,0.12999672960428213,0.05686481691177001,0.05732931088688511,0.03304651162790698,0.02462085308056872,0.007569444444444445,0.001402118133126443
cashPerShare,5.807200378967314,6.944995278564684,7.5659651504865355,9.623320239818069,14.070259481037924,13.013259449831784,11.836990595611285,9.949178448605274,9.497091386751736,9.071880819366854,8.063845179960209,6.954117236566644,6.005662319835278,4.382726361510191,3.6772914946325352,2.892822344917181,1.074302451055958,1.2673976608187134,1.1910443571027514,1.7334611697027804,0.9598387993329628,0.7987566864247506,0.3137254901960784,0.2757732244858872,0.2056780355361999,0.17302093553319953,0.08815225657756076,0.011914893615886164,0.006325581395348837,0.009478672985781991,0.009328703703703704,0.009295523919616048
payoutRatio,0.5819091681616467,0.5364722668093455,0.5144996127699853,54.25454545454546,0.5735248204807992,0.44231306453114816,0.4549604721077831,0.4785432318859035,0.33156365821897227,0.1866683248352195,0.10138674884437596,0,0,0,0,0,0,0,0,0,0,0,0,0,0,0,0,0,0,0,0,0
operatingCashFlowSalesRatio,0.3102091613473042,0.31289426177967994,0.30500539457459924,0.2770322319075613,0.2890532236225393,0.2755497796820111,0.25532434246658936,0.2615926350176064,0.26527043429958647,0.24947352423959532,0.23321301309639503,0.2540709290709291,0.27402608190049005,0.30574102175012646,0.28933050798923315,0.2773135795534335,0.3051489859279868,0.3230210932184169,0.27757177667125754,0.34824213587100183,0.2867267752209214,0.32443998309382927,0.36514727661675167,0.34052665799739923,0.22393214285714286,0.25945458984375,0.19997726124305204,0.25543041029766694,0.2711864406779661,0.36955241460541816,0.24017467248908297,0.1361031518624642
freeCashFlowOperatingCashFlowRatio,0.955221949009965,0.95008427330481,0.9425810119386014,0.9389726328113567,0.93052752954742,0.9155490051584377,0.902246653919694,0.8966104443723646,0.9100356755079883,0.9020102689061005,0.8835201904950888,0.9009141846063108,0.8984540769930282,0.8951112581685831,0.876187648456057,0.9022661096341309,0.9085623678646935,0.9139165847493329,0.8631679389312977,0.599058752087445,0.6440863579474343,0.7508549096238397,0.868409193330329,0.8559830446986042,0.7709647512729497,0.7338542578237476,0.7171937183358391,0.8122834645669291,0.8073863636363636,0.8278884462151395,0.7431818181818182,0.5684210526315789
cashFlowCoverageRatios,1.340794724969634,1.057807035589385,0.6418146436390173,0.534475341233525,0.41154313847613966,0.4737632231260692,0.4950698114695906,0.5897938686689942,0.7953858491147986,0.7037604115629593,0.5991558673166092,0.665598010991887,,1.7538082112287827,,,,,,,,,,,,,,,,,,
shortTermCoverageRatios,6.1618819776714515,5.133444259567388,1.55342949661466,2.609011072928599,1.7362362362362362,3.262019230769231,3.220939183987683,24.275590551181104,3.9275053304904053,370.6774193548387,17.141156462585034,3.2858527131782944,,24.178,,,,,,,,,,,,,,,,,,
capitalExpenditureCoverageRatio,-22.332369942196532,-20.033766233766233,-17.415841584158414,-16.38609112709832,-14.394190871369295,-11.841186736474695,-10.229828850855746,-9.672156862745098,-11.11551724137931,-10.205150976909414,-8.585178875638842,-10.092261904761905,-9.84776119402985,-9.53391167192429,-8.07673860911271,-10.231865284974093,-10.936416184971097,-11.616639477977161,-7.308228730822873,-2.494131010980689,-2.80967032967033,-4.013725490196078,-7.5993150684931505,-6.943626866067404,-4.366140170815963,-3.757339838778108,-3.535989349725702,-5.327181208053691,-5.191740412979351,-5.810185185185185,-3.893805309734513,-2.317073170731707
dividendPaidAndCapexCoverageRatio,2.8247121184426978,2.940526115135341,3.1224852071005915,2.6618620958317103,3.0516824279744887,3.765260821309656,4.390346274921301,4.9665726943213855,5.997209302325581,30.642666666666667,-19.532945736434108,,,,,,,,,,,,,,,,,,,,,
dividendPayoutRatio,0.5819091681616467,0.5364722668093455,0.5144996127699853,54.25454545454546,0.5735248204807993,0.44231306453114816,0.4549604721077831,0.4785432318859035,0.33156365821897227,0.1866683248352195,0.10138674884437596,,,,,,,,,,,,,,,,,,,,,
priceBookValueRatio,6.048379508709872,4.711879746835443,6.199841862381222,5.216087167854829,2.3892133754176936,2.509573491020036,2.1536695551609766,2.281918403537261,2.148005243572395,2.027126415980969,1.8427658493202899,2.631175367655364,3.3266663433642973,4.218585102145373,5.98190914866582,5.513665941786551,4.937890459696211,5.040083901494618,4.824057939990724,3.6917744974874376,4.77875958702065,17.245511284296338,18.29617386111585,14.819991486816006,12.563200305944056,13.00079054376383,12.643302370111675,7.69768579080981,12.504964646464646,11.067139006514658,10.676464941176471,4.782866971213872
priceToBookRatio,6.048379508709872,4.711879746835443,6.199841862381222,5.216087167854829,2.3892133754176936,2.509573491020036,2.1536695551609766,2.281918403537261,2.148005243572395,2.027126415980969,1.8427658493202899,2.631175367655364,3.3266663433642973,4.218585102145373,5.98190914866582,5.513665941786551,4.937890459696211,5.040083901494618,4.824057939990724,3.6917744974874376,4.77875958702065,17.245511284296338,18.29617386111585,14.819991486816006,12.563200305944056,13.00079054376383,12.643302370111675,7.69768579080981,12.504964646464646,11.067139006514658,10.676464941176471,4.782866971213872
priceToSalesRatio,5.011177972259023,3.6241552909677286,4.009997132436806,4.568332252179201,3.2916447247161753,3.2402733161410846,2.6152796953682795,2.7423487597895724,2.6125881045939883,2.257076602114587,2.0136623629043457,2.908947052947053,3.5596997029653625,3.6651758728882147,5.392317163965409,4.6286610026681645,4.6139540144752225,5.904522877750056,7.162491789384469,5.59299444885012,5.813482259005069,24.141711353550296,17.64585733091986,12.451315698877094,8.368964178959628,8.950739583353029,8.810062641932289,5.252757110028062,9.156177503852081,8.00379664310954,7.4304,4.7417535015472785
priceEarningsRatio,23.571604590879048,15.933162118780096,17.91023932208932,2048.689363636364,16.444521283172026,14.859273675388769,14.315751598262999,16.46247360677448,12.720632074526694,12.92913883472205,13.409315870570108,14.996039654950431,20.959516493642,17.99814381693989,25.679871812355106,23.62773835125448,19.93218490036579,29.576279672801636,37.790251537171606,55.885625990491285,-127.81061143984222,171.27223107196403,102.3223998091603,78.01902184948248,51.3785789442326,40.155782402424975,41.41357237145843,20.73412857340388,34.5486,32.20485,31.5104,23.811107511366906
priceToFreeCashFlowsRatio,16.9114526637312,12.191217248908297,13.948189998793728,17.562019170822946,12.237872135223048,12.843990663232454,11.352738640529802,11.692123110608664,10.822402420317026,10.030217594790159,9.772763615946097,12.708591380250954,14.458577842105264,13.392574994362812,21.270812154072065,18.499057106777045,16.642040941390345,20.000800067609095,29.89465399071413,26.809804865686772,31.47922273500122,99.10091357623075,55.64809289050337,42.71682506708165,48.47532735562939,47.00972877242828,61.427367389922956,25.31670061172889,41.818150598170305,26.16062887391723,41.62841834862385,61.29155452
priceToOperatingCashFlowsRatio,16.154190774039083,11.582683780630104,13.147299043774872,16.49025537831114,11.387676924906314,11.759302873986735,10.24297045124283,10.483279697859228,9.848772297192493,9.047359269863373,8.63443397162417,11.44935024083358,12.990368209760534,11.9878446533212,18.637222882026922,16.691072287631346,15.120332123810782,18.279062890043534,25.80410687022901,16.06064824654623,20.275337922403008,74.41040750692069,48.325315457413254,36.564877980778206,37.372768697607626,34.49828961878603,44.05532202596051,20.564337284298837,33.76340454545455,21.65808239043825,30.937483636363634,34.839409937684216
priceCashFlowRatio,16.154190774039083,11.582683780630104,13.147299043774872,16.49025537831114,11.387676924906314,11.759302873986735,10.24297045124283,10.483279697859228,9.848772297192493,9.047359269863373,8.63443397162417,11.44935024083358,12.990368209760534,11.9878446533212,18.637222882026922,16.691072287631346,15.120332123810782,18.279062890043534,25.80410687022901,16.06064824654623,20.275337922403008,74.41040750692069,48.325315457413254,36.564877980778206,37.372768697607626,34.49828961878603,44.05532202596051,20.564337284298837,33.76340454545455,21.65808239043825,30.937483636363634,34.839409937684216
priceEarningsToGrowthRatio,-4.54459758410897,11.056133996961917,0.001560385883825868,-20.732438742772537,-1.672705004642265,0.7096959248306142,0.8244433638962488,-0.8288546133566299,0.5148912953383609,0.4694130809491838,-0.9431459238712934,0.5022289779742585,-1.056392943989978,1.5485362682603359,0.8136257676388168,9.586568401048481,0.5588381450139793,1.0129221445463925,0.3983364546669854,0.19930762466958893,0.917629077149605,16.51735166124282,1.864979922177382,3.101524320464965,4.966595964609157,0.3748860866351852,8.602225715139738,0.27645504764538503,0.345486,0.3220485,-0.32437176470588236,0.09524443004546765
priceSalesRatio,5.011177972259023,3.6241552909677286,4.009997132436806,4.568332252179201,3.2916447247161753,3.2402733161410846,2.6152796953682795,2.7423487597895724,2.6125881045939883,2.257076602114587,2.0136623629043457,2.908947052947053,3.5596997029653625,3.6651758728882147,5.392317163965409,4.6286610026681645,4.6139540144752225,5.904522877750056,7.162491789384469,5.59299444885012,5.813482259005069,24.141711353550296,17.64585733091986,12.451315698877094,8.368964178959628,8.950739583353029,8.810062641932289,5.252757110028062,9.156177503852081,8.00379664310954,7.4304,4.7417535015472785
dividendYield,0.024686871269969227,0.033670169349310546,0.02872656269508555,0.02648256315356918,0.03487634638946271,0.02976680248266413,0.03178041117750225,0.02906873191213366,0.026065030124008914,0.014437800322316091,0.007560918828595349,,,,,,,,,,,,,,,,,,,,,
enterpriseValueMultiple,16.19731740725029,11.088949459145633,13.43238475612276,14.961718189687154,11.664144422055204,11.468673948939413,10.348846864944754,11.286508160962946,9.552720146882281,8.272232190611664,8.79298473352226,10.538385813722241,14.856357305512162,11.34326582190933,16.18700737350623,13.966840633737185,11.31744464640941,16.07056518047788,19.467455516014233,17.315262495505213,80.36530927835052,71.70103143807412,56.19167543398211,37.06343734423973,22.692167109216317,21.89598020540156,23.362549617475022,11.985151004562061,20.48185318559557,18.754127030812324,17.899041734417345,12.047934465632652
priceFairValue,6.048379508709872,4.711879746835443,6.199841862381222,5.216087167854829,2.3892133754176936,2.509573491020036,2.1536695551609766,2.281918403537261,2.148005243572395,2.027126415980969,1.8427658493202899,2.631175367655364,3.3266663433642973,4.218585102145373,5.98190914866582,5.513665941786551,4.937890459696211,5.040083901494618,4.824057939990724,3.6917744974874376,4.77875958702065,17.245511284296338,18.29617386111585,14.819991486816006,12.563200305944056,13.00079054376383,12.643302370111675,7.69768579080981,12.504964646464646,11.067139006514658,10.676464941176471,4.782866971213872
