,2021,2020,2019,2018,2017,2016,2015,2014,2013,2012,2011,2010,2009,2008,2007,2006,2005,2004,2003,2002,2001,2000,1999,1998,1997,1996,1995,1994,1993,1992,1991,1990
period,FY,FY,FY,FY,FY,FY,FY,FY,FY,FY,FY,FY,FY,FY,FY,FY,FY,FY,FY,FY,FY,FY,FY,FY,FY,FY,FY,FY,FY,FY,FY,FY
revenuePerShare,11.79962103268593,11.638574126534467,11.745643810816928,10.198470126111227,9.581836327345309,9.746091430833168,9.63185736677116,9.006878104700037,9.121223494088948,8.577467411545625,7.816603364080303,6.985345429169574,6.197151681537406,6.60541262946876,5.767464905037159,4.62552776875609,3.823184831200863,3.222953216374269,2.649915777653004,2.5907409943843307,3.097971095052807,2.736446436316322,1.891378773731715,1.3787031358901418,1.0380615586623254,0.6827492793294655,0.39648480856134716,0.27630993963706163,0.15093023255813953,0.0804739336492891,0.04240740740740741,0.018123675128189947
netIncomePerShare,2.508526764566556,2.6473087818696883,2.6297804933242817,0.022741368616911308,1.9179640718562874,2.125272115574906,1.7596003134796239,1.50038211692778,1.8733345843497842,1.4973929236499068,1.1738108156990414,1.3550244242847174,1.0525051475634866,1.3451386568660206,1.211065235342692,0.9061383566092888,0.8850007707723139,0.6434210526315789,0.5022459292532285,0.2592795507464731,-0.14091161756531406,0.38571635101922797,0.3261749144102085,0.2200318280472504,0.16908797749018314,0.1521850810614751,0.08434568186171156,0.06999999999333122,0.04,0.02,0.01,0.003609155935269918
operatingCashFlowPerShare,3.660350544765514,3.641643059490085,3.5824847250509166,2.8253049410791813,2.7696606786427145,2.6855333465268156,2.459247648902821,2.3561329766908674,2.4195909176205666,2.139851024208566,1.8229336227165853,1.7747732030704815,1.698181194234729,2.0195456064149684,1.6687035507844756,1.2827216628775577,1.1666409742562047,1.0410818713450292,0.7355418304323413,0.9022051773729626,0.8882712618121178,0.8878126355356368,0.690631808278867,0.4694851712352041,0.23245534924888026,0.17714243423454237,0.079287946140574,0.07057796125081824,0.04093023255813953,0.029739336492890994,0.010185185185185186,0.0024666893082780014
freeCashFlowPerShare,3.4964471814306015,3.4598677998111427,3.3767820773930755,2.6528840190200538,2.577245508982036,2.458737383732436,2.218847962382445,2.112533435231181,2.2019140551698255,1.9301675977653632,1.6105986616024597,1.5989183531053734,1.5257378174330816,1.8077180086869362,1.4620974401321223,1.157356284507957,1.0599660860181903,0.9514619883040936,0.6348961257720381,0.5404739076838789,0.5721234018899388,0.6666184762180136,0.5997510115157174,0.4018713463147556,0.17921488051572962,0.12999672960428213,0.05686481691177001,0.05732931088688511,0.03304651162790698,0.02462085308056872,0.007569444444444445,0.001402118133126443
cashPerShare,5.807200378967314,6.944995278564684,7.5659651504865355,9.623320239818069,14.070259481037924,13.013259449831784,11.836990595611285,9.949178448605274,9.497091386751736,9.071880819366854,8.063845179960209,6.954117236566644,6.005662319835278,4.382726361510191,3.6772914946325352,2.892822344917181,1.074302451055958,1.2673976608187134,1.1910443571027514,1.7334611697027804,0.9598387993329628,0.7987566864247506,0.3137254901960784,0.2757732244858872,0.2056780355361999,0.17302093553319953,0.08815225657756076,0.011914893615886164,0.006325581395348837,0.009478672985781991,0.009328703703703704,0.009295523919616048
bookValuePerShare,9.776172430127902,8.951841359773372,7.596967639737497,8.931982633863965,13.200998003992016,12.583811597071048,11.696316614420063,10.824226213221246,11.094013886282605,9.550465549348232,8.541508410200759,7.722784368457781,6.631262868908717,5.738890745071834,5.199009083402147,3.883078921727834,3.572375520271312,3.7757309941520467,3.9344469399213926,3.924941788796055,3.7687604224569204,3.8307069538817404,1.8241518829754124,1.1583453347643027,0.69150374016481,0.47005687688210274,0.2762771859555825,0.18854874561557172,0.11051162790697674,0.05819905213270142,0.029513888888888888,0.017967884224509234
tangibleBookValuePerShare,-0.12126954050213169,0.5991501416430595,-0.4885720751301199,1.849493487698987,6.752894211576846,6.819711062735009,6.4367163009404385,5.566488345433703,6.342278100957028,6.020297951582868,5.040151926207271,4.245812979762736,4.121482498284146,3.3197460741730707,2.777704376548307,2.033777200389737,2.6714968398335133,3.1276315789473683,3.288882650196519,3.327489385015751,3.1213173985547527,3.239843862946364,1.7525676937441643,1.1583453347643027,0.69150374016481,0.4698901900463289,0.2760768399179062,0.18854874561557172,0.11051162790697674,0.05819905213270142,0.029513888888888888,0.017967884224509234
shareholdersEquityPerShare,9.776172430127902,8.951841359773372,7.596967639737497,8.931982633863965,13.200998003992016,12.583811597071048,11.696316614420063,10.824226213221246,11.094013886282605,9.550465549348232,8.541508410200759,7.722784368457781,6.631262868908717,5.738890745071834,5.199009083402147,3.883078921727834,3.572375520271312,3.7757309941520467,3.9344469399213926,3.924941788796055,3.7687604224569204,3.8307069538817404,1.8241518829754124,1.1583453347643027,0.69150374016481,0.47005687688210274,0.2762771859555825,0.18854874561557172,0.11051162790697674,0.05819905213270142,0.029513888888888888,0.017967884224509234
interestDebtPerShare,2.8327806726669826,3.5807365439093486,5.776193708983933,5.481083316105024,6.901796407185628,5.802295665941025,5.078369905956113,4.102598395108903,3.151435541377369,3.151582867783985,3.1560860915174533,2.775122121423587,1.6808510638297873,1.3063815569662547,1.211065235342692,1.1469632997726535,0.09973793741328811,0.0,0.019651880965749578,0.12258594713053006,0.0264035575319622,0.16018505132282782,0.0,0.032271334780263394,0.042231696951790264,0.010667957489522898,0.0,0.0,0.0,0.0,0.0,0.0
marketCap,249646864222,178674480000,208134891162,225355830000.00003,158015405010,159573740000,128569765104,129279805234,126990069999.99998,103963205370,87026460000,116474240000,128565674172,144921054014,188310500000,131842780000,114430673513,130165206839.99998,135213520000,105791490000,129599960000.00002,456954312500,214467750000,105325679496.80135,53896129312.5,36662229333.414,17435113968.384003,6529177087.764881,5942359200,2718089340,1361249280,330974394.408
enterpriseValue,251997864222,181448480000,221029891162,241990830000.00003,180024405010,180585740000,147046765104,143462805234,135276069999.99998,110492205370,96186460000,127177240000,133142674172,146623054014,190990500000,134877780000,109688673513,126443206839.99998,131288520000,96307490000,124726960000.00002,452720312500,213640750000,104790679496.80135,53626129312.5,36382229333.414,17230113968.384003,6475577087.764881,5915159200,2678089340,1320949280,295174394.408
peRatio,23.571604590879048,15.933162118780096,17.91023932208932,2048.689363636364,16.444521283172026,14.859273675388769,14.315751598262999,16.46247360677448,12.720632074526694,12.92913883472205,13.409315870570108,14.996039654950431,20.959516493642,17.99814381693989,25.679871812355106,23.62773835125448,19.93218490036579,29.576279672801636,37.790251537171606,55.885625990491285,-127.81061143984222,171.27223107196403,102.3223998091603,78.01902184948248,51.3785789442326,40.155782402424975,41.41357237145843,20.73412857340388,34.5486,32.20485,31.5104,23.811107511366906
priceToSalesRatio,5.011177972259023,3.6241552909677286,4.009997132436806,4.568332252179201,3.2916447247161753,3.2402733161410846,2.6152796953682795,2.7423487597895724,2.6125881045939883,2.257076602114587,2.0136623629043457,2.908947052947053,3.5596997029653625,3.6651758728882147,5.392317163965409,4.6286610026681645,4.6139540144752225,5.904522877750056,7.162491789384469,5.59299444885012,5.813482259005069,24.141711353550296,17.64585733091986,12.451315698877094,8.368964178959628,8.950739583353029,8.810062641932289,5.252757110028062,9.156177503852081,8.00379664310954,7.4304,4.7417535015472785
pocfratio,16.154190774039083,11.582683780630104,13.147299043774872,16.49025537831114,11.387676924906314,11.759302873986735,10.24297045124283,10.483279697859228,9.848772297192493,9.047359269863373,8.63443397162417,11.44935024083358,12.990368209760534,11.9878446533212,18.637222882026922,16.691072287631346,15.120332123810782,18.279062890043534,25.80410687022901,16.06064824654623,20.275337922403008,74.41040750692069,48.325315457413254,36.564877980778206,37.372768697607626,34.49828961878603,44.05532202596051,20.564337284298837,33.76340454545455,21.65808239043825,30.937483636363634,34.839409937684216
pfcfRatio,16.9114526637312,12.191217248908297,13.948189998793728,17.562019170822946,12.237872135223048,12.843990663232454,11.352738640529802,11.692123110608664,10.822402420317026,10.030217594790159,9.772763615946097,12.708591380250954,14.458577842105264,13.392574994362812,21.270812154072065,18.499057106777045,16.642040941390345,20.000800067609095,29.89465399071413,26.809804865686772,31.47922273500122,99.10091357623075,55.64809289050337,42.71682506708165,48.47532735562939,47.00972877242828,61.427367389922956,25.31670061172889,41.818150598170305,26.16062887391723,41.62841834862385,61.29155452
pbRatio,6.048379508709872,4.711879746835443,6.199841862381222,5.216087167854829,2.3892133754176936,2.509573491020036,2.1536695551609766,2.281918403537261,2.148005243572395,2.027126415980969,1.8427658493202899,2.631175367655364,3.3266663433642973,4.218585102145373,5.98190914866582,5.513665941786551,4.937890459696211,5.040083901494618,4.824057939990724,3.6917744974874376,4.77875958702065,17.245511284296338,18.29617386111585,14.819991486816006,12.563200305944056,13.00079054376383,12.643302370111675,7.69768579080981,12.504964646464646,11.067139006514658,10.676464941176471,4.782866971213872
ptbRatio,6.048379508709872,4.711879746835443,6.199841862381222,5.216087167854829,2.3892133754176936,2.509573491020036,2.1536695551609766,2.281918403537261,2.148005243572395,2.027126415980969,1.8427658493202899,2.631175367655364,3.3266663433642973,4.218585102145373,5.98190914866582,5.513665941786551,4.937890459696211,5.040083901494618,4.824057939990724,3.6917744974874376,4.77875958702065,17.245511284296338,18.29617386111585,14.819991486816006,12.563200305944056,13.00079054376383,12.643302370111675,7.69768579080981,12.504964646464646,11.067139006514658,10.676464941176471,4.782866971213872
evToSales,5.058369750331206,3.6804218981359402,4.258436559070592,4.90555098317454,3.7501178004374545,3.666938899831462,2.991126403124428,3.043205745068092,2.783057378566873,2.398823416122099,2.225611087972604,3.176254745254745,3.6864267290195754,3.708220890591806,5.469059618578546,4.735212048869541,4.4227520468126285,5.735686406894986,6.954577815446552,5.091593444356331,5.594893464316153,23.918021581783602,17.57781388843179,12.388069452275841,8.327038713121118,8.882380208353029,8.706474971391613,5.2096356297384405,9.11426687211094,7.886011012956419,7.210421834061135,4.228859518739255
enterpriseValueOverEBITDA,16.19731740725029,11.088949459145633,13.43238475612276,14.961718189687154,11.664144422055204,11.468673948939413,10.348846864944754,11.286508160962946,9.552720146882281,8.272232190611664,8.79298473352226,10.538385813722241,14.856357305512162,11.34326582190933,16.18700737350623,13.966840633737185,11.31744464640941,16.07056518047788,19.467455516014233,17.315262495505213,80.36530927835052,71.70103143807412,56.19167543398211,37.06343734423973,22.692167109216317,21.89598020540156,23.362549617475022,11.985151004562061,20.48185318559557,18.754127030812324,17.899041734417345,12.047934465632652
evToOperatingCashFlow,16.306319672706096,11.762510047970958,13.961840134040806,17.70750987853066,12.97379684419141,13.307718496683862,11.715006780114722,11.633377005676289,10.49139677369319,9.615543065877644,9.543254291100308,12.501448933451293,13.452831582499748,12.128633800479776,18.90246437054632,17.075298139004936,14.493746500132135,17.756383491082712,25.05506106870229,14.620842568695917,19.512978723404256,73.72094325028498,48.13897025687246,36.37914730414573,37.18554472295359,34.23481624935685,43.53732478018977,20.395518386661042,33.60885909090909,21.339357290836652,30.021574545454545,31.070988885052632
evToFreeCashFlow,17.070712926568216,12.380491266375547,14.81235029902158,18.85838762468828,13.942410549101611,14.535233419188668,12.984261819337748,12.974839941575473,11.528555479802282,10.66012594018331,10.80139921392476,13.876403709765412,14.973310185784975,13.549861751594122,21.573534395120298,18.9249024835134,15.95239579886562,19.42888857406269,29.026867123590538,24.40635833755702,30.295593879038137,98.18267458252006,55.433510638297875,42.49984567971788,48.23248360130092,46.65070194030153,60.70511169731498,25.10886811851447,41.62673610133709,25.775643310875843,40.39600244648318,54.66192489037037
earningsYield,0.04242392562392407,0.06276218069866497,0.05583398312085452,0.00048811694820586623,0.060810526666003825,0.06729804039185897,0.0698531259875545,0.060744212800954135,0.07861244583926917,0.07734467181328693,0.07457502005711826,0.06668427284865736,0.04771102426448372,0.05556128510645625,0.038941004351855046,0.0423231366935679,0.0501701145658973,0.03381087855074621,0.026461850856334485,0.017893688802379095,-0.007824076488912497,0.005838658104359174,0.009773031143377034,0.012817387046062194,0.019463364315416766,0.024903013717387082,0.024146673245923213,0.048229661374952694,0.028944732926949282,0.03105122365109603,0.0317355539758302,0.041997206535757385
freeCashFlowYield,0.059131525829512525,0.08202626362757569,0.0716938900378101,0.05694106072161523,0.08171355191085872,0.07785742190413034,0.08808447297729147,0.08552766597989939,0.09240092552118447,0.09969873440426802,0.10232520086419694,0.07868692682605184,0.0691630954939337,0.0746682397090118,0.04701277942547017,0.05405680917832588,0.06008878379291236,0.049997999910987585,0.033450796932141105,0.03729978658963968,0.031766985113267004,0.010090724332533791,0.01797006776077056,0.023409979520472787,0.020629050994616357,0.021272192503831482,0.01627938885370575,0.039499617874246745,0.023913061330927285,0.0382253807742758,0.024022051273371474,0.01631546153187697
debtToEquity,0.21848576620230165,0.3053270042194093,0.4311757171368145,0.47058142764558836,0.3889653295432209,0.38503758689019596,0.35942577640791984,0.36009813958414233,0.21867388362652232,0.3177670319385407,0.34375132342353787,0.2753292520387648,0.2663854891712164,0.18609728407999301,0.20355781448538754,0.2648042823686852,0.0,0.0,0.0,0.0,0.0,0.0,0.0,0.0,0.0,0.0,0.0,0.0,0.0,0.0,0.0,0.0
debtToAssets,0.5766536406248397,0.600223503737362,0.6567136707126277,0.6028460067657009,0.4905406029980434,0.4773123335415776,0.4734372381431205,0.4611258013582666,0.41575831842752814,0.4410793491646596,0.45776451001779667,0.45414766424257363,0.4327295678722405,0.41510879558688324,0.40982377202849646,0.44795105621609144,0.31605820027742526,0.27189975838624486,0.24464386773385075,0.24180447149093795,0.23037629831431977,0.1938850015211439,0.20393887945670627,0.20298306605360547,0.21313279530447543,0.2234159779614325,0.21570859419464997,0.19502704754674005,0.20161290322580644,0.2417412781722754,0.17261518494484102,0.16324062877871826
netDebtToEBITDA,0.15111196811929553,0.1695288150094726,0.7836523852932239,1.0285025349326078,1.4260075158740444,1.3344341420043186,1.300373003026251,1.1158052080874832,0.5851281689146247,0.4888073669237104,0.8373708748514489,0.8868909512761021,0.5107118946663691,0.13167259786476868,0.2271378930417832,0.31427979703841774,-0.48926950061906727,-0.4730554143365531,-0.5819988137603797,-1.7051420352391227,-3.139819587628866,-0.6705733291099145,-0.2175170962651236,-0.18922426187506036,-0.11425186188219363,-0.16851288581927956,-0.2779623327141327,-0.09920414584490098,-0.09418282548476455,-0.2801120448179272,-0.5460704607046071,-1.4612244897959183
currentRatio,1.4895837300529382,1.7201452765386285,1.5058968213925328,2.287294248196782,3.0345865206830296,3.1600096342981012,3.133777549974372,3.3880559341713363,2.952460346070656,3.492922001015171,3.2692219810350736,2.6735818645037175,3.2352251922372757,2.5760571511040555,2.3636771971852073,2.269601343587024,1.3700977815161393,1.648052395725612,1.617434289848083,2.08155223880597,1.585350790513834,2.138183217859892,1.5367965367965368,2.129032258064516,2.76875,2.8088426527958386,2.9467455621301775,2.470559610705596,2.2358333333333333,3.15581098339719,5.361216730038023,5.924242424242424
interestCoverage,29.569124423963135,23.28205128205128,16.552968568102443,13.053022269353129,13.905923344947736,18.727810650887573,19.02826855123675,16.569148936170212,19.2041166380789,16.88758389261745,12.219745222929935,14.709470304975923,-14.673346693386774,10.18554476806904,9.32,9.57045143638851,11.462132921174652,,34.871428571428574,3.2614525139664803,-10.547368421052632,2.9196750902527078,,10.628050505050505,6.211045801526717,21.88759375,,,,,,
incomeQuality,1.4591634406571616,1.375601926163724,1.3622751914637294,124.23636363636363,1.4440628577375376,1.2636185864605642,1.39761719184946,1.5703552782376162,1.2915957127116098,1.4290511130456411,1.553004622496148,1.309772112784859,1.6134659276165635,1.5013661202185793,1.3778808127642166,1.4155913978494623,1.3182372408987981,1.6180413542376733,1.4645053102291783,3.479661912308505,-6.3037475345167655,2.3017241379310347,2.1173664122137406,2.1337148148148146,1.374759771210677,1.1639934282584885,0.9400356294536817,1.0082565893934583,1.0232558139534884,1.4869668246445498,1.0185185185185186,0.6834532374100719
dividendYield,0.024686871269969227,0.033670169349310546,0.02872656269508555,0.02648256315356918,0.03487634638946271,0.02976680248266413,0.03178041117750225,0.02906873191213366,0.026065030124008914,0.014437800322316091,0.007560918828595349,,,,,,,,,,,,,,,,,,,,,
payoutRatio,0.5819091681616467,0.5364722668093455,0.5144996127699853,54.25454545454546,0.5735248204807992,0.44231306453114816,0.4549604721077831,0.4785432318859035,0.33156365821897227,0.1866683248352195,0.10138674884437596,0.0,0.0,0.0,0.0,0.0,0.0,0.0,0.0,0.0,0.0,0.0,0.0,0.0,0.0,0.0,0.0,0.0,0.0,0.0,0.0,0.0
salesGeneralAndAdministrativeToRevenue,0.043197237946123894,0.03912699539563092,0.03598951911220715,0.04263125886884249,0.04130819706280596,0.03618494527585437,0.041496308049063284,0.04102498833312121,0.04657765342440389,0.050411410955037886,0.044148271553519365,0.049925074925074926,0.04333139518786167,0.050758725341426406,0.04332512456331253,0.041040584187614096,0.038667795653401074,0.03932864595146292,0.03718614259985168,0.03267248215701824,0.2724622078679406,0.2419167371090448,0.034391969721902255,0.21551010757772787,0.21195652173913043,0.21630859375,0.2177867609903992,0.20378117457763475,0.26949152542372884,0.2915194346289753,0.29748908296943233,0.3495702005730659
researchAndDdevelopementToRevenue,0.13145850897266048,0.1287397821545202,0.12671470406905055,0.12836002432596796,0.12621601916467035,0.12784535098584685,0.12625861963751756,0.13351151839124348,0.12224576707058654,0.11914634940622218,0.13473552686380674,0.1316933066933067,0.14419802309161892,0.13032372281234192,0.12882996391959223,0.1427819126527173,0.13394621184629651,0.14493082331594465,0.16606632058480772,0.18228918847475548,0.175929664020096,0.14285714285714285,0.16990291262135923,0.12058162903416479,0.10838509316770187,0.097412109375,0.0833754421424962,0.07144006436041835,0.0,0.0,0.0,0.0
intangiblesToTotalAssets,0.4285978030093234,0.37301930355392027,0.36536357407994435,0.31491763494631564,0.24884838774284,0.23942064248840955,0.23678477238848755,0.2617516692982289,0.250239645818304,0.20659553831231814,0.22227452781445547,0.24587698755084433,0.2146988022545796,0.24655225252834814,0.274859392575928,0.2629112316749394,0.17247587285659474,0.12707197842332976,0.12393887945670629,0.11541209154650087,0.13221522220330326,0.12433830240340736,0.03123938879456706,0.0,0.0,0.0,0.0,0.0,0.0,0.0,0.0,0.0
capexToOperatingCashFlow,-0.04477805099003494,-0.04991572669518994,-0.05741898806139852,-0.06102736718864335,-0.06947247045258,-0.08445099484156227,-0.09775334608030593,-0.10338955562763542,-0.08996432449201179,-0.09798973109389958,-0.1164798095049112,-0.09908581539368917,-0.10154592300697181,-0.10488874183141698,-0.12381235154394299,-0.0977338903658691,-0.09143763213530655,-0.08608341525066704,-0.1368320610687023,-0.40094124791255503,-0.3559136420525657,-0.24914509037616023,-0.13159080666967102,-0.14401695530139574,-0.22903524872705033,-0.2661457421762524,-0.2828062816641609,-0.18771653543307087,-0.19261363636363638,-0.17211155378486057,-0.25681818181818183,-0.43157894736842106
capexToRevenue,-0.013890561644385563,-0.015618344455487718,-0.01751310110974106,-0.016906547739712143,-0.02008124153733986,-0.02327045302251914,-0.024958808811863062,-0.027045946289932545,-0.02386487542946489,-0.024445843555285382,-0.027164607339534453,-0.025174825174825177,-0.027826231414569316,-0.03206879109762266,-0.03582269056755054,-0.02710293498104199,-0.02790210072174509,-0.027806758902245408,-0.037980718296429704,-0.13962463653185303,-0.10204997084286548,-0.08083262890955199,-0.04805002468323186,-0.049041612483745126,-0.05128835403726708,-0.069052734375,-0.056554825669530066,-0.04794851166532582,-0.052234206471494606,-0.0636042402826855,-0.06168122270742358,-0.05873925501432665
capexToDepreciation,-0.3716433941997852,-0.4258849557522124,-0.47917764891934633,-0.38047445255474455,-0.4216972878390201,-0.5330232558139535,-0.5024570024570024,-0.5242598684210527,-0.49340706082518077,-0.4327440430438125,-0.47224456958970235,-0.496551724137931,-0.5684389140271493,-0.7270642201834863,-0.8853503184713376,-0.597061098221191,-0.6858275520317145,-0.4248094248094248,-0.45065996228786925,-1.3495145631067962,-1.0174418604651163,-1.772885283893395,-1.2016460905349795,-1.267342431102272,-1.5565362865221488,-2.133128195845966,-1.9128695949410357,-1.9350649350649352,-2.4926470588235294,-3.2238805970149254,-3.7666666666666666,-4.1
stockBasedCompensationToRevenue,0.03534866915572685,0.031824912273584714,0.03024815043156597,0.031948104601662274,0.031788355379647956,0.029605864316608117,0.029291511564044668,0.02859445929319927,0.023041948690517827,0.03041618722997764,0.037484381507705125,0.037887112887112884,0.03156408339563087,0.025923115832068792,0.02665941240478781,0.03686280016851566,0.006652957542034595,0.0,0.0,0.0,0.0,0.0,0.0,0.0,0.0,0.0,0.0,0.0,0.0,0.0,0.0,0.0
grahamNumber,23.490110246864617,23.091372534492784,21.20172255776505,2.137831603523157,23.867936596966718,24.53040027466577,21.519037003988718,19.115718594855554,21.624361206280152,17.937892558798982,15.01957344505011,15.344465857818307,12.531454897512633,13.17919137300738,11.9024212276592,8.897676771841576,8.434156122629329,7.393318486376549,6.667934394350523,4.785110838148343,3.456717787909822,5.7658687057279625,3.6588704741718217,2.3947106159532843,1.621977743113545,1.2686812003082764,0.7240944149251642,0.5449442855157159,0.3153735326819279,0.1618319296669098,0.08149003006503311,0.03819816958763116
roic,0.18013756316676025,0.19590920859584016,0.21517531514353597,0.150570649182253,0.11711253484618771,0.13086488665612306,0.1197185447027045,0.10952241429827131,0.14172331295332852,0.13596206840654887,0.11027604937561972,0.14805240964828667,0.13441521487709507,0.21040199661288886,0.21562202991346105,0.21861133679145053,0.30428360413589367,0.23398162954148227,0.16943740672613056,0.09921821889870837,-0.07383391054454351,0.11689672616896726,0.2545640675652619,0.29431524475524473,0.37564496768236383,0.4896211114994757,0.45309302325581396,0.5754539023815138,0.5547138047138047,0.5268729641693811,0.5179968701095462,0.30935251798561153
returnOnTangibleAssets,0.19010949560222581,0.1885624926434733,0.18724521856822907,0.0014759949547808817,0.09854070739286044,0.11606467371333463,0.10379299186390532,0.10117889583199124,0.13158206909277834,0.11045026235542979,0.09581315696232431,0.126949102677258,0.11465206257826957,0.1819537658463833,0.18958608030197266,0.1747737025088483,0.20475052605299762,0.14164333301148982,0.11006521471637751,0.056620704094756676,-0.03316001177278524,0.09269360386339158,0.14693305292674377,0.1513962094874958,0.19240645634629494,0.2515151515151515,0.2396129766647695,0.29885166555945714,0.28897849462365593,0.26057425131213335,0.28033744321868914,0.16807738814993953
grahamNetNet,-5.522264329701564,-4.268354579792256,-4.868069699026929,-2.1153090758734754,3.018063872255489,3.144221254700178,2.92530368338558,2.172716851356515,3.078860949521486,2.811359404096834,2.0466178332429013,1.2868545010467551,1.4481382978723405,0.8916221182759773,0.6703137902559868,0.25556187073725234,-0.22036380453214122,0.14082602339181285,0.13742279618192027,0.6800438296123819,0.14372568093385213,0.2794925545756831,0.04209461562402739,0.16893554797850005,0.18037125530173015,0.14080870451991356,0.07703305148652753,0.008947284851481682,0.0036686046511627906,0.0034300947867298578,0.00990162037037037,0.009366928083803043
workingCapital,12855000000,18242000000,16043000000,34802000000,56120000000,53808000000,49956000000,47305000000,43329000000,44202000000,39725000000,32188000000,30522000000,21841000000,18216000000,14363000000,3520000000,5640000000,5121000000,9058000000,4739000000,5914000000,1612000000,1995000000,1981000000,1391000000,658000000,302200000,148300000,168800000,114700000,65000000
tangibleAssetValue,-512000000,2538000000,-2159000000,8946000000,33832000000,34460000000,32853000000,29135000000,33798000000,32329000000,27867000000,24337000000,24020000000,19872000000,16819000000,12524000000,17330000000,21393000000,23430000000,24294000000,22461000000,22410000000,11262000000,,,,,,,,,
netCurrentAssetValue,-17110000000,-13360000000,-16467000000,-3743000000,20022000000,20653000000,19693000000,18634000000,23450000000,21460000000,17362000000,14576000000,14696000000,11318000000,9714000000,6273000000,2322000000,4665000000,4337000000,8294000000,4717000000,4737000000,1612000000,1952000000,1939000000,1349000000,617000000,302200000,148300000,168800000,114400000,64700000
investedCapital,0.2792489400363416,0.3845727848101266,0.7347412945697179,0.5918202018331636,0.5098054039342577,0.45046079325637717,0.4247043452041944,0.3690648497899531,0.2742050067658999,0.31837148539562454,0.3562020920679287,0.34526848442406305,0.2663854891712164,0.20065205367799027,0.20355781448538754,0.2648042823686852,0.0,0.0,0.0,0.0,0.0,0.0,0.0,0.0,0.0,0.0,0.0,0.0,0.0,0.0,0.0,0.0
averageReceivables,10934500000,11723000000,11584500000,11113000000,10862500000,10921000000,10779000000,10516500000,10615000000,9876500000,9766000000,8326000000,7450000000,7772000000,7856000000,7513000000,6969500000,6774000000,6618500000,6533500000,6797000000,7305000000,6482500000,6510500000,6446500000,6173000000,6053500000,5980300000,5926050000,5893650000,5878850000,5869450000
averagePayables,2290000000,2218000000,2138500000,2061000000,1801500000,1637000000,1661000000,1625000000,1623500000,1538500000,1547000000,1556500000,1446500000,1543500000,1502000000,1549000000,1476500000,1437500000,1406000000,1344000000,1431000000,1478500000,1289500000,1233500000,1212500000,1186000000,1131500000,1124850000,1121350000,1117150000,1112850000,1111500000
averageInventory,1420500000,1282000000,1332500000,1564000000,1449000000,1249500000,1454500000,1436500000,1379000000,1472500000,1384000000,1304500000,1178000000,1258500000,1302000000,1326500000,1289500000,1244500000,1077500000,1081000000,1483000000,1257000000,967000000,822000000,768500000,791500000,676500000,654950000,652750000,645550000,644050000,642850000
daysSalesOutstanding,74.33638443935926,86.7912415569664,80.49071362515413,77.7132576525441,76.04895323403812,74.99817247751132,73.02078883667947,72.0832803020661,71.39002612792396,63.631922884870065,65.95133971956129,44.932192807192806,32.10690256665836,35.272255943348505,41.69248611190653,42.3253405420587,32.613201080601584,30.216602404173283,29.272698379065577,25.934972244250595,30.633606961826583,55.6717561284869,37.29883166035873,56.00780234070221,66.31211180124224,55.516357421875,70.82364830722588,69.76991150442478,72.60631741140216,69.10924617196703,69.13482532751092,83.14469914040116
daysPayablesOutstanding,48.099196607900026,45.95129980701555,39.065131510552035,37.11600085451827,28.430628198639,21.077268004593428,20.68583162217659,19.44355546378981,19.59539834089842,17.563018149226977,19.239424754798723,22.690491074529415,18.91845196959226,22.565808195788275,22.794374702049897,32.98757317448906,32.99815498154982,34.65891024714554,38.4074402125775,24.855114459576935,20.94822208359326,39.984435220871624,31.076650943396228,31.146333104866347,33.714859437751,39.86524822695036,25.50465838509317,30.289267015706805,45.78720162519045,56.93301435406699,47.23529411764706,79.69432314410481
daysOfInventoryOnHand,31.747098861861193,26.55976841866273,26.239473957791873,35.98536637470626,33.17248748664305,24.290752993930113,30.485369609856264,29.975481340009292,28.107685083737675,34.001512435581446,32.63674107948734,33.64277279988886,30.10135913384013,32.06993454752419,38.33863022405848,51.393139570709664,58.229397293972944,63.67321867321867,56.44729849424269,46.53723558388873,54.77764905088673,66.6587607471094,56.12735849056604,45.28101439342015,41.532797858099066,77.91843971631207,40.24068322981366,26.658376963350786,43.56272219400711,31.784688995215312,37.42016806722689,58.97379912663756
receivablesTurnover,4.910112359550562,4.20549347436663,4.534684605975887,4.696753308578502,4.799540091981604,4.866785255460026,4.998576512455516,5.063587540279269,5.112759019669717,5.736114570361146,5.5343834037648865,8.123351592615135,11.36827195467422,10.348076419785396,8.754575081474053,8.62367544656373,11.191787003610107,12.07945205479452,12.468956406869221,14.073660714285714,11.915018706574024,6.556286802909595,9.785829307568438,6.516949152542373,5.504273504273504,6.574638844301766,5.153645833333333,5.231481481481482,5.0271107668474055,5.2814930015552095,5.279538904899136,4.389937106918239
payablesTurnover,7.58848433530906,7.9431920649233545,9.343370568237008,9.834033613445378,12.83826714801444,17.317234848484848,17.644927536231883,18.772286821705425,18.626822157434404,20.78230500582072,18.97146118721461,16.086033519553073,19.293333333333333,16.174913693901036,16.012722646310433,11.064772727272727,11.061224489795919,10.531202435312025,9.503367003367003,14.685106382978724,17.42391304347826,9.128552097428958,11.745152354570637,11.718875502008032,10.826086956521738,9.155844155844155,14.311111111111112,12.050473186119874,7.97165991902834,6.411042944785276,7.7272727272727275,4.58
inventoryTurnover,11.49711353431687,13.742589703588143,13.910339840925523,10.143011917659805,11.00309405940594,15.026294165981923,11.972956361401351,12.17661847894406,12.985772357723578,10.734816596512328,11.18371467025572,10.849284099472495,12.125698324022347,11.381376518218623,9.520423600605143,7.102115244347192,6.268311488049345,5.732394366197183,6.466208476517755,7.843181818181818,6.6633016627078385,5.47564935064935,6.5030674846625764,8.060773480662984,8.788235294117648,4.6843853820598005,9.070422535211268,13.691756272401435,8.37872340425532,11.483516483516484,9.754098360655737,6.1891891891891895
roe,0.2565960024227741,0.29572784810126584,0.3461618658961604,0.0025460605499490786,0.14528932367661068,0.16888937816500488,0.15044055077222018,0.13861333709888093,0.1688599458728011,0.15678742736809265,0.13742430017363316,0.17545801612939663,0.15871865862809534,0.23439000960614795,0.2329415501905972,0.23335563733690198,0.2477345300768102,0.17040966467900565,0.1276535017303507,0.06605946398659966,-0.03738938053097345,0.1006906442238744,0.17880907694932605,0.18995356690586745,0.24452214452214452,0.32375886524822695,0.3052936910804931,0.3712567790615421,0.36195286195286197,0.34364820846905536,0.3388235294117647,0.20086705202312138
capexPerShare,-0.16390336333491237,-0.1817752596789424,-0.20570264765784113,-0.17242092205912757,-0.19241516966067865,-0.22679596279437958,-0.2403996865203762,-0.24359954145968665,-0.21767686245074122,-0.20968342644320298,-0.21233496111412553,-0.17585484996510817,-0.17244337680164723,-0.21182759772803209,-0.20660611065235343,-0.12536537836960052,-0.10667488823801449,-0.08961988304093567,-0.1006457046603032,-0.3617312696890837,-0.316147859922179,-0.22119415931762323,-0.09088079676314971,-0.06761382492044853,-0.053240468733150643,-0.047145704630260264,-0.02242312922880399,-0.013248650363933124,-0.007883720930232558,-0.0051184834123222745,-0.0026157407407407405,-0.0010645711751515587
