,2021,2020,2019,2018,2017,2016,2015,2014,2013,2012,2011,2010,2009
reportedCurrency,USD,USD,USD,USD,USD,USD,USD,USD,USD,USD,USD,USD,USD
cik,0001463101,0001463101,0001463101,0001463101,0001463101,0001463101,0001463101,0001463101,0001463101,0001463101,0001463101,0001463101,0001463101
fillingDate,2022-02-11,2021-02-16,2020-02-21,2019-03-15,2018-04-02,2017-03-16,2016-03-01,2015-03-04,2014-03-04,2013-03-05,2011-12-31,2010-12-31,2009-12-31
acceptedDate,2022-02-11 16:32:09,2021-02-12 17:59:37,2020-02-21 17:26:14,2019-03-15 13:07:20,2018-04-02 16:37:17,2017-03-16 13:08:16,2016-03-01 08:23:43,2015-03-03 17:57:42,2014-03-04 16:05:46,2013-03-05 15:54:29,2011-12-31,2010-12-31,2009-12-31
calendarYear,2021,2020,2019,2018,2017,2016,2015,2014,2013,2012,2011,2010,2009
period,FY,FY,FY,FY,FY,FY,FY,FY,FY,FY,FY,FY,FY
netIncome,145449000,133995000,161148000,-11627000,-45192000,-67462000,-22082000,-8052000.0,-25913000,-38218000,-32290000,-21777000,-16925000
depreciationAndAmortization,32439000,18103000,14119000,9667000.0,9004000.0,10638000,10539000,8259000.0,6981000.0,5568000.0,3032000.0,1550000.0,803000.0
deferredIncomeTax,-31241000,-17117000,-73375000,123000.0,-1394000.0,651000.0,642000.0,0.0,0.0,0.0,0.0,0.0,0.0
stockBasedCompensation,114286000,42503000,20176000,11432000,6727000.0,10326000,12696000,9740000.0,6849000.0,4766000.0,2120000.0,829000.0,180000.0
changeInWorkingCapital,15063000,975605000,98675000,225205000,36436000,3613000.0,-13828000,-7270000.0,-954000.0,-3999000.0,30327000,-8937000.0,-3269000.0
accountsReceivables,-151160000,-34321000,-68745000,-13515000,-4803000.0,-18017000,-2482000.0,-13746000,-5019000.0,-11040000,-9874000.0,-1655000.0,-5691000.0
inventory,-29258000,-9708000.0,-15789000,9732000.0,5961000.0,8840000.0,-19210000,-5010000.0,3263000.0,-8615000.0,-6708000.0,-3038000.0,-700000.0
accountsPayables,117183000,35695000,22200000,23082000,-5078000.0,8897000.0,-2620000.0,25325000,7641000.0,16774000,0.0,0.0,0.0
otherWorkingCapital,78167000,1374626000,399021000,300346000,75141000,38705000,35092000,48920000,56190000,57144000,61143000,30816000,39753000
otherNonCashItems,76032000,-936755000,-81676000,-218668000,-34023000,9281000.0,-9127000.0,21545000,12165000,-12762000,-3556000.0,10483000,324000.0
netCashProvidedByOperatingActivities,352028000,216334000,139067000,16132000,-28442000,-32953000,-21160000,24222000,-872000.0,-44645000,-367000.0,-17852000,-18887000
investmentsInPropertyPlantAndEquipment,-52258000,-20558000,-14788000,-4151000.0,-4121000.0,-12167000,-12525000,-13249000,-6257000.0,-12990000,-14662000,-3262000.0,-2134000.0
acquisitionsNet,-235652000,-5010000.0,0.0,-15000000,0.0,1050000.0,0.0,-2235000.0,0.0,0.0,0.0,0.0,0.0
purchasesOfInvestments,-992956000,-5010000.0,0.0,0.0,0.0,0.0,0.0,0.0,0.0,0.0,0.0,0.0,0.0
salesMaturitiesOfInvestments,61569000,0.0,0.0,0.0,0.0,0.0,0.0,0.0,0.0,0.0,0.0,0.0,0.0
otherInvestingActivites,-250000.0,5010000.0,0.0,0.0,0.0,-678000.0,63000.0,-1050000.0,0.0,0.0,0.0,0.0,12000.0
netCashUsedForInvestingActivites,-1219547000,-25568000,-14788000,-19151000,-4121000.0,-11795000,-12462000,-16534000,-6257000.0,-12990000,-14662000,-3262000.0,-2122000.0
debtRepayment,-291941000,-43303000,-51855000,-9976000.0,-10100000,-16900000,-29000000,-8708000.0,-2487000.0,-14199000,-2032000.0,-243000.0,-230000.0
commonStockIssued,0.0,0.0,0.0,19766000,26425000,16142000,0.0,0.0,0.0,58609000,1858000.0,0.0,0.0
commonStockRepurchased,-500000000,0.0,0.0,0.0,0.0,0.0,0.0,0.0,0.0,0.0,0.0,0.0,0.0
dividendsPaid,0.0,0.0,0.0,0.0,0.0,0.0,0.0,0.0,0.0,0.0,0.0,0.0,0.0
otherFinancingActivites,1101352000,234981000,117705000,70824000,26972000,35133000,49564000,5366000.0,2429000.0,7026000.0,26656000,52708000,25745000
netCashUsedProvidedByFinancingActivities,309411000,191678000,65850000,80614000,43297000,34375000,20564000,-3342000.0,-58000.0,51436000,26482000,52465000,25515000
effectOfForexChangesOnCash,-1955000.0,826000.0,-257000.0,-502000.0,646000.0,-315000.0,-522000.0,-504000.0,83000.0,-31000.0,78000.0,0.0,0.0
netChangeInCash,-560063000,383270000,189872000,77093000,11380000,-10688000,-13580000,3842000.0,-7104000.0,-6230000.0,11531000,31351000,4506000.0
cashAtEndOfPeriod,119316000,679379000,296109000,106237000,29144000,17764000,28452000,42032000,38190000,45294000,51524000,39993000,8642000.0
cashAtBeginningOfPeriod,679379000,296109000,106237000,29144000,17764000,28452000,42032000,38190000,45294000,51524000,39993000,8642000.0,4136000.0
operatingCashFlow,352028000,216334000,139067000,16132000,-28442000,-32953000,-21160000,24222000,-872000.0,-44645000,-367000.0,-17852000,-18887000
capitalExpenditure,-52508000,-20558000,-14788000,-4151000.0,-4121000.0,-12845000,-12762000,-13999000,-6257000.0,-12990000,-14662000,-3262000.0,-2170000.0
freeCashFlow,299520000,195776000,124279000,11981000,-32563000,-45798000,-33922000,10223000,-7129000.0,-57635000,-15029000,-21114000,-21057000
link,https://www.sec.gov/Archives/edgar/data/1463101/000146310122000016/0001463101-22-000016-index.htm,https://www.sec.gov/Archives/edgar/data/1463101/000146310121000016/0001463101-21-000016-index.htm,https://www.sec.gov/Archives/edgar/data/1463101/000146310120000021/0001463101-20-000021-index.htm,https://www.sec.gov/Archives/edgar/data/1463101/000146310119000033/0001463101-19-000033-index.htm,https://www.sec.gov/Archives/edgar/data/1463101/000146310118000030/0001463101-18-000030-index.htm,https://www.sec.gov/Archives/edgar/data/1463101/000146310117000024/0001463101-17-000024-index.htm,https://www.sec.gov/Archives/edgar/data/1463101/000146310116000040/0001463101-16-000040-index.htm,https://www.sec.gov/Archives/edgar/data/1463101/000146310115000017/0001463101-15-000017-index.htm,https://www.sec.gov/Archives/edgar/data/1463101/000146310114000007/0001463101-14-000007-index.htm,https://www.sec.gov/Archives/edgar/data/1463101/000144530513000492/0001445305-13-000492-index.htm,,,
finalLink,https://www.sec.gov/Archives/edgar/data/1463101/000146310122000016/enph-20211231.htm,https://www.sec.gov/Archives/edgar/data/1463101/000146310121000016/enph-20201231.htm,https://www.sec.gov/Archives/edgar/data/1463101/000146310120000021/a2019q410-kdoc.htm,https://www.sec.gov/Archives/edgar/data/1463101/000146310119000033/a2018form10-k.htm,https://www.sec.gov/Archives/edgar/data/1463101/000146310118000030/a10-k12312017.htm,https://www.sec.gov/Archives/edgar/data/1463101/000146310117000024/a10-k12312016.htm,https://www.sec.gov/Archives/edgar/data/1463101/000146310116000040/a10-k12312015.htm,https://www.sec.gov/Archives/edgar/data/1463101/000146310115000017/enph-20141231x10k.htm,https://www.sec.gov/Archives/edgar/data/1463101/000146310114000007/enph-20131231x10k.htm,https://www.sec.gov/Archives/edgar/data/1463101/000144530513000492/enph-20121231x10k.htm,,,
