,2021,2020,2019,2018,2017,2016,2015,2014,2013,2012,2011,2010,2009,2008,2007,2006,2005,2004,2003,2002,2001,2000,1999,1998,1997,1996
period,FY,FY,FY,FY,FY,FY,FY,FY,FY,FY,FY,FY,FY,FY,FY,FY,FY,FY,FY,FY,FY,FY,FY,FY,FY,FY
revenueGrowth,0.10595811900036453,0.09978172747115685,0.014552356849098386,-0.15244953460757651,-0.14093451793353076,-0.06890529734366861,0.31132985134592206,1.2219865434566648,0.1545136174458648,0.15707471988465646,0.05484236585813808,0.13378772775642123,0.3140388886285902,0.26139320030874375,0.39783565791260744,0.4918847367383159,0.5313059358110735,0.526300203718555,0.8592172068810385,0.9968002600858112,0.19541305515072485,0.1571301775147929,4.184049079754601,-0.185,0.19760479041916168,11.37037037037037
grossProfitGrowth,0.029179301088631506,0.13182176212445146,0.0289452356142179,-0.20528156054471844,-0.16812736805847908,-0.08745154192714699,0.35688560326035446,1.5292496175921284,0.15378347633033398,0.15495653632221817,0.029842863214741104,0.12255178112291294,0.2868765242946187,0.21588293790090007,0.3349462496225151,0.4664652045106709,0.5267893688786339,0.5334684900016288,0.9018828104143896,1.0897660587879265,0.0916627884930279,0.14431952662721895,3.3706896551724137,-0.1674641148325359,0.12972972972972974,5.271186440677966
ebitgrowth,1.436256448047163,-0.05038488453463961,-0.4771951219512195,-0.4194279241008213,-0.19900187149095447,-0.20547019330419503,0.45384867343596463,2.3742270942146537,0.1281300691366337,0.05813805909007792,-0.04350614377488187,0.1226902480745751,0.31759080783157695,0.23748317746258155,3.852716233082439,-1.6828832996430572,0.7589383383278797,4.981024105876792,-2.9587813398842076,1.671204500824433,-1.3068351236668068,-0.01195357833655706,0.3041722745625841,-0.6187363834422658,-0.27146814404432135,-0.128125
operatingIncomeGrowth,1.436256448047163,-0.05038488453463961,-0.4771951219512195,-0.4194279241008213,-0.19900187149095447,-0.20547019330419503,0.45384867343596463,2.3742270942146537,0.1281300691366337,0.05813805909007792,-0.04350614377488187,0.1226902480745751,0.31759080783157695,0.23748317746258155,3.852716233082439,-1.6828832996430572,0.7589383383278797,4.981024105876792,-2.9587813398842076,1.671204500824433,-1.3068351236668068,-0.01195357833655706,0.3041722745625841,-0.6187363834422658,-0.27146814404432135,-0.128125
netIncomeGrowth,49.609756097560975,-0.9771630152246565,-0.012648945921173235,0.17869490060501297,-0.6572105769942967,-0.25441793682350344,0.4964052557639865,2.9355302835168895,0.18646717853220793,-0.07564139009436671,-0.03364748452136436,0.10073091011873259,0.3105684597002517,0.24506685453705757,2.3574423277479775,-2.4620181001924037,0.8112294740871129,7.241003847061928,-1.998696200951496,0.37929253314457345,1.9206530928561365,0.14622556390977443,-0.18538324420677363,-1.0035714285714286,-0.2903225806451613,0.20802919708029197
epsgrowth,48.3710191082803,-0.9764150943396227,0.009523809523809532,0.18644067796610173,-0.6488095238095238,-0.18512530315278894,0.5559748427672955,2.9552238805970155,0.17543859649122798,-0.05524861878453043,0.06784660766961652,0.16494845360824742,0.3348623853211009,0.2528735632183909,2.343629343629344,-2.446927374301676,0.7211538461538461,6.777777777777778,-1.972972972972973,0.3214285714285713,1.9032258064516132,0.20000825797927252,0.16216075969072702,-0.947352465642684,-0.2179692307692307,0.390625
epsdilutedGrowth,48.1362916006339,-0.9763033175355451,0.01199040767386087,0.1880341880341881,-0.6468812877263581,-0.165407220822838,0.6204081632653062,3.060773480662983,0.10365853658536595,-0.07605633802816902,0.06927710843373494,0.1773049645390071,0.34285714285714275,0.2500000000000001,2.2972972972972974,-2.505813953488372,0.7373737373737373,6.5,-2.0285714285714285,0.34615384615384603,1.838709677419355,0.20000825797927252,0.16216075969072702,-0.947352465642684,-0.2179692307692307,0.390625
weightedAverageSharesGrowth,-0.0007955449482895784,-0.010236220472440945,-0.02157164869029276,-0.006885998469778117,-0.02389843166542196,-0.08538251366120218,-0.03810775295663601,-0.0043307035103557455,0.009242576195629137,-0.02270284151693825,-0.09480293437375885,-0.05366326038797087,-0.0174748803347044,-0.009083737204469113,0.011893767452396614,0.01049216554158899,0.05171064814814815,0.07406578652942493,0.02844387168039766,0.02784830087518726,0.04472817133443163,0.06302246298977257,0.41046668642755985,0.03536111300552411,0.055423594615993665,0.30610134436401243
weightedAverageSharesDilutedGrowth,-0.000791765637371338,-0.01096319498825372,-0.023700305810397553,-0.008339651250947688,-0.028718703976435934,-0.1071663379355687,-0.07650273224043716,-0.028173526786004047,0.07089701487916014,0.0014637054212155653,-0.09534964666657507,-0.06499562684868683,-0.025777383777018745,-0.005735433802454695,0.05025418966426054,-0.0320019228985165,0.021622157218371296,0.15423783595634122,-0.02601742566968718,0.020541614562996427,0.11104338275672708,0.06302246298977257,0.41046668642755985,0.03536111300552411,0.055423594615993665,0.30610134436401243
dividendsperShareGrowth,0.04606269148446989,0.08152385128692094,0.10839320783320139,0.09542297842665878,0.1396597048323533,0.4323277617617124,0,0,0,0,0,0,0,0,0,0,0,0,0,0,0,0,0,0,0,0
operatingCashFlowGrowth,0.39373163565132224,-0.10673665791776028,0.08857142857142856,-0.2939989914271306,-0.28621992920991063,-0.18003836883270205,0.5859728506787331,3.12819630864918,-0.028086377631063295,-0.12209199754878387,0.2840937601119018,-0.07991450799239234,0.39706594080989394,0.24881698064685698,0.4493534385444383,0.7033884320635453,0.3983393888669438,1.1797218326818892,2.152938488623688,-1.8442903826079062,1.3069996335270404,-0.3897444089456869,0.3404710920770878,1.3467336683417086,0.20606060606060606,-0.2826086956521739
freeCashFlowGrowth,0.43721734503857407,-0.09628561125135232,0.11276083467094702,-0.33887513264945174,-0.2897431065887821,-0.18695740986620366,0.5970964847891689,3.207320964955806,0.04165466262997423,-0.2022853030390299,0.26517651871607406,-0.027357221779531697,0.3638607156974312,0.23886408774270046,0.5157015629226195,0.6681196590164721,0.4502426023668948,1.3470239492239717,2.4499401534886998,1.4963437327998184,-1.1266187317689464,0.2833155792276964,-0.5264227642276422,-1.0672268907563025,-0.1782178217821782,0.1440677966101695
tenYRevenueGrowthPerShare,3.0179716869686017,3.2302592068344147,3.5611891980725643,4.882977768861043,7.774942411159782,12.77317958870811,18.974787823022375,20.333511506761482,12.584545613642371,20.467978692143717,34.2258911521055,33.588541612242736,30.42577365853296,85.36299481507525,52.40475461317164,42.86775968426636,28.712769619002867,19.406918998669326,13.360460315439827,6.943626678616807,3.088963401903911,2.573539070129921,2.282908334547455,-0.10679224497354477,0.13471481642865799,0
fiveYRevenueGrowthPerShare,-0.042139160132712114,-0.11900700664044457,0.08089382258314533,1.326290294280642,2.1181782879373388,3.194734265914132,3.801694495551952,3.2198309424806664,1.528909561856825,1.8141246589733548,2.283445080330162,3.1599455861937926,4.055537010262403,4.371700838391415,6.628652349741904,9.728332678116063,7.31466202996421,5.216109899846591,15.077402188491407,6.00054900456677,3.088963401903911,2.573539070129921,2.282908334547455,-0.10679224497354477,0.13471481642865799,0
threeYRevenueGrowthPerShare,0.27527750199413403,-0.016698185872905023,-0.2211691319927555,-0.2353686928929919,0.2214371851294894,2.097178161928458,2.480289162809661,2.022487927236099,0.5782750534140709,0.6529710466027985,0.8672180338384653,1.039689855840066,1.3517940055690154,1.5961934112934273,1.9695402001279112,2.054759995200251,2.7404539288063106,3.990731633637859,3.0185541653858934,1.4196918917968588,3.5778413576165193,2.149283871499176,2.282908334547455,-0.10679224497354477,0.13471481642865799,0
tenYOperatingCFGrowthPerShare,2.860106940613459,2.9257997083741936,3.229243253527373,4.405153163626225,8.582164618112524,17.76867458126816,34.290703577512524,27.458192493818295,12.929395769383067,43.34402145044387,-41.5485682262859,-64.11987723360728,-38.2694504515721,-25.910036622888224,-45.80066717019979,-36.74270614629302,-22.20345768247938,-16.947417629629633,-8.858147495089629,-3.5632163974164253,2.120487539751373,0.4131173640856672,1.461551394012983,1.5900866185818265,0.14272659073859387,0
fiveYOperatingCFGrowthPerShare,-0.2719247330851387,-0.5320434696497979,-0.14507723513808704,2.1859885082604493,3.315887286483183,4.301796553219336,7.389240140395655,3.946930210953594,0.696538813499186,1.2202073367677277,2.5400593728689045,3.206662699710028,4.752697386109385,7.210478686693336,18.972919067550592,-12.454205694133565,-16.004739324110353,-7.478604374630221,-4.033932316669885,-3.2430705806536864,2.120487539751373,0.4131173640856672,1.461551394012983,1.5900866185818265,0.14272659073859387,0
threeYOperatingCFGrowthPerShare,0.40055656657567484,-0.28619090965864313,-0.4216329713840062,-0.5339530668121117,0.08091803284951113,5.128703073772455,5.583345627584011,2.5867384105829334,0.22717945437375883,0.23896332719684713,0.961143272227818,0.7422784445589156,1.5666961907605814,2.0428599661195266,2.2102322048115712,3.548490107703856,7.272207412472568,-6.110553215315916,-6.560859766360671,-2.041301190643719,0.20478115185968634,0.23661895639647976,1.461551394012983,1.5900866185818265,0.14272659073859387,0
tenYNetIncomeGrowthPerShare,1.7397142680743884,-0.9422545416436866,1.9110260277886284,2.8478627460446613,3.0735494077071968,-16.560625550321205,26.617915688276888,29.573510268906137,-45.944932098829206,36.12559020488655,51.67285692274216,-44.47976032035064,-31.02288241042489,-19.91612986081845,-30.13329132673763,25.5506149304275,-19.350790851342932,-11.65559191500256,0.8338086294421477,-2.8884313818231924,-2.4072583882558423,0.596912554756717,0.9882932134985833,1.3658351458868432,0.22256370544248968,0
fiveYNetIncomeGrowthPerShare,-0.5084537852114752,-0.9920888353253589,-0.466596305244507,1.089303816488138,1.0694715630550844,4.573665681167092,6.2992360456626715,4.4574538129568335,0.841696126565472,0.968400764924533,-3.791811787868644,2.783672087805396,4.6021564848281304,-25.404097641583117,17.860788344750475,-19.86690827498592,-12.49141873591106,-6.359165259259259,-0.2248789470262363,-2.5446486538218482,-2.4072583882558423,0.596912554756717,0.9882932134985833,1.3658351458868432,0.22256370544248968,0
threeYNetIncomeGrowthPerShare,0.1793145422594827,-0.9723654707363913,-0.5793922526590332,-0.660225600684542,-0.5546400554830305,4.012644385925642,6.228881564400779,3.3950332358720585,0.18704303476815787,0.1744695461068695,0.6563188891294138,0.9494281198606608,-3.2483205568961426,1.4387202279954523,2.342592779478018,13.478400038124104,8.717478235098008,6.571880191958999,0.14834630360929246,-1.949775098060273,-1.5948252103289833,0.3061998713422766,0.9882932134985833,1.3658351458868432,0.22256370544248968,0
tenYShareholdersEquityGrowthPerShare,2.8578509588586236,3.2280892114534616,4.03976509875491,6.306539430837673,7.40002993228795,13.266155853009257,6.598783343028084,8.361346866359531,10.930220452192428,15.829468553002679,13.626956262518453,13.209510182349526,15.222335009630141,7.100108440561407,4.506805014566394,2.013804102002948,4.078361358066852,2.3001973991543827,0.9002747607606472,0.11327565065159644,-0.09386176497435099,-0.2653167083375927,-0.3387327736294682,-0.151382092247738,0.030639644827216407,0
fiveYShareholdersEquityGrowthPerShare,0.18924649583729444,0.14381490200683877,0.7499369609137246,1.2153884570907918,1.5445691918550375,2.243945617970886,2.696480264451199,1.8799695139437544,2.298084996087995,2.3011599602698065,3.3977789806269474,1.0556807555839187,2.25050206991266,2.6173174634199516,4.098046976077824,2.3259871237169896,5.912313667261674,3.9907167141308824,1.239258379302781,0.08017933934438716,-0.09386176497435099,-0.2653167083375927,-0.3387327736294682,-0.151382092247738,0.030639644827216407,0
threeYShareholdersEquityGrowthPerShare,0.018073438266415106,-0.07415979564434272,0.2574151115898991,0.30150875840062735,0.5431534772075206,0.8965186372218032,1.0596553309899892,1.3309332463511117,1.171628828361787,0.7465569354213666,0.928170320603265,0.8393853677533066,2.559388106858847,0.35356596207488133,0.7197551776144354,0.5859833347450102,3.5616387595421717,2.642046292264632,1.5865223591253772,0.6835488078881261,0.06778118485119096,-0.28715793599655803,-0.3387327736294682,-0.151382092247738,0.030639644827216407,0
tenYDividendperShareGrowthPerShare,0,0,0,0,0,0,0,0,0,0,0,0,0,0,0,0,0,0,0,0,0,0,0,0,0,0
fiveYDividendperShareGrowthPerShare,0.5654698587310442,1.1435292139897046,0,0,0,0,0,0,0,0,0,0,0,0,0,0,0,0,0,0,0,0,0,0,0,0
threeYDividendperShareGrowthPerShare,0.25397151230472065,0.3131423384593694,0.38372853087865044,0.7881314821422992,0,0,0,0,0,0,0,0,0,0,0,0,0,0,0,0,0,0,0,0,0,0
receivablesGrowth,-0.08156173344235486,0.3657174762702401,0.07664562669071236,-0.13606855362243572,-0.14687638458130262,-0.22890331397335156,0.26299892125134844,1.2068423062382934,0.19921228191582904,-0.1023894930572319,0.20296418050686635,0.16727334487677165,0.3577663409214606,0.28708621390042094,0.30494157421387774,0.5382013253392237,0.06701773761262778,0.5783085406241896,0.34382069974176743,1.3580858975049845,0.5206293276519032,0.07048245614035088,0,0,0,0
inventoryGrowth,-0.038621509209744505,0.8253796095444685,0.13267813267813267,0.016229712858926344,-0.4952741020793951,-0.18823529411764706,0.41053391053391053,-0.32580596831969055,0.1781141581976204,0.25539808760251026,0.15465410210423747,0.1445542803519017,0.13353515801816637,0.5465343036105379,0.06349608699890985,1.600909162160044,0.5949805501834681,0.3862204644145889,0.9001704501433331,0.3143584521384929,0.9103200077813443,-0.02085714285714286,0,0,0,0
assetGrowth,-0.006651366088265821,0.11001671345351875,-0.03216332940714566,-0.09401989101205128,0.23353282903627778,0.09911456625320704,0.4954708054465728,0.5408423914794936,0.05917874703187472,0.22751392897957098,0.4925977970486421,0.19529406378823905,0.3818418100314964,0.2028989928558648,0.4279841242531475,0.08535452555894292,0.7461575175455237,0.3867192977265389,0.20691081934787217,0.6207922635778688,0.17207959309776302,0.5524244505494506,0.44206008583690987,-0.13973303038909402,0.13324750563244286,0
bookValueperShareGrowth,0.158431748243525,-0.18356285820492732,0.07643026947343175,0.0534826331901622,0.10883108653815096,0.11417733937982752,0.2490775633218798,0.3627411998940853,0.21001779348900546,0.41359400080728814,0.2696065320270253,-0.026829566083931364,0.5605846809006909,0.21114595161068767,0.8831786580201197,-0.4065400452026536,0.5388053330894922,0.7366948545027163,0.7069220544331691,0.22859361587372473,0.23337259103208882,0.11102329340414024,-0.22077153884009817,-0.17661045544727594,0.030639644827217632,1.3155313178461923
debtGrowth,-0.14989491115215592,0.2768674012930509,-0.09988287826659835,-0.1854391509152704,0.11761961881913902,0.3532329335377401,0.7879716220574008,0.8692681703595915,-0.19312795589031917,0.08107193269207259,1.117880489751647,1.8772073023911158,-0.08344633510832386,0.0382524449458415,-0.06997335874106937,3.68860185603744,723.9542168674699,-0.9987987101330972,-0.4198469436593464,1.364080657135711,-0.013283869754614685,1.9008181818181817,61.857142857142854,-0.5625,-0.5076923076923077,0
rdexpenseGrowth,0.06429847191903156,-0.4466285965297606,0.8146671980868873,0.3438671665773969,-0.26755590427618675,0.6914399469143995,0.05606166783461808,0.3463813759696871,0.20444445707110165,0.4318379108832031,0.14560222940918793,0.14151447253909383,0.302243934339012,0.22121192637887335,0.5396875431471287,0.38216718756751306,0.2423239335814486,0.35590424144644667,0.22347467311773697,-0.27374927918168934,0.41032013863553446,0.1653498671390611,0.49933598937583,0.2719594594594595,0.4128878281622912,0
sgaexpensesGrowth,0,-1,0.08012820512820513,0.04589994842702424,0.14125956444967627,-0.008172796263864565,0.1485082132081797,0.7552933893756204,0.1631700562752133,0.17637197932660914,0.18919237221273238,0.10320845560196305,0.18729933378817676,0.12979690849759332,0.23024265244221315,0.5126249841792179,0.25249923214869563,0.21041186135107154,0.37978830784165557,0.4487737831725813,0.5114925174833621,0.05738186462324393,1.5258064516129033,0.21568627450980393,-0.0449438202247191,0
