Date,Open,High,Low,Close,Volume,Dividends,Stock Splits
2019-03-20,44.86801371314748,45.50594755741023,42.10363372134218,42.35880661010742,2350800,0.0,0
2019-03-21,42.52041720942398,42.52892156606954,40.99788103863088,41.66133117675781,1764700,0.0,0
2019-03-22,41.508224388065116,42.48639082513644,40.963854742797224,41.33810806274414,844700,0.0,0
2019-03-25,41.33810281548947,42.01856803039847,40.82775714900634,41.80592346191406,440900,0.0,0
2019-03-26,41.67834643449567,42.316280308493056,40.98087232516782,41.550758361816406,504700,0.0,0
2019-03-27,41.678344336057634,43.19237294914534,41.678344336057634,42.61397933959961,1788600,0.0,0
2019-03-28,43.29444267989688,43.37949922363219,42.45662242083761,43.25191116333008,585400,0.0,0
2019-03-29,42.12063872570371,44.63834976998823,41.83144196759678,43.91535949707031,1769000,0.0,0
2019-04-01,44.48525605237799,46.26296529317466,43.59214925320349,45.505950927734375,19663400,0.0,0
2019-04-02,46.88388851748236,48.81470220505053,46.186414369777516,47.84504318237305,17414200,0.0,0
2019-04-03,48.551021497363514,48.65309000708154,47.215610290346994,48.38090515136719,15066200,0.0,0
2019-04-04,48.65307864522124,51.476998297317635,48.568018869737216,50.788028717041016,13309200,0.0,0
2019-04-05,49.66527415137232,50.16711555630346,47.8620487831025,48.687110900878906,17000800,0.0,0
2019-04-08,48.057687832951636,49.66528076520286,47.86205515680093,48.610565185546875,10764600,0.0,0
2019-04-09,48.31285078605954,48.65308343207294,47.700436565814016,47.86204528808594,9179900,0.0,0
2019-04-10,47.62389111245502,47.98113252102198,46.86687353033559,47.38572692871094,9081900,0.0,0
2019-04-11,47.37721735015582,47.81101090485124,46.63721505346406,46.68824768066406,7346100,0.0,0
2019-04-12,47.57285590141841,49.61424560517022,47.57285590141841,49.58872604370117,9281700,0.0,0
2019-04-15,49.81837338138039,50.056534279553915,48.729634138645544,49.14641571044922,5727300,0.0,0
2019-04-16,49.93745551853536,50.175619669458584,49.197453242267926,49.75883483886719,6681600,0.0,0
2019-04-17,50.14160111983782,50.22665766838878,49.50366727160757,49.605735778808594,6420700,0.0,0
2019-04-18,49.63976567854549,49.85241032024954,48.95079587133246,49.13792419433594,5178800,0.0,0
2019-04-22,48.891253169328884,49.682291456211466,48.704124855748184,49.239990234375,4401700,0.0,0
2019-04-23,48.72963878420498,49.19745626937253,48.48297026203873,49.027339935302734,5687200,0.0,0
2019-04-24,48.89975847615236,49.239987922955834,47.51756843955838,47.61538314819336,5431300,0.0,0
2019-04-25,47.428257225482795,47.61538553967785,46.62871457840316,47.0625114440918,6260500,0.0,0
2019-04-26,47.036985516516815,47.29215839107856,46.7392843703113,46.99445724487305,4009800,0.0,0
2019-04-29,46.824338996033546,47.3644580823576,46.611694401823854,47.20709991455078,5935200,0.0,0
2019-04-30,47.42825283895323,48.6573416815957,47.292160417043576,48.25331497192383,6454100,0.0,0
2019-05-01,48.329863616288264,48.89124522106684,47.53032110181547,47.74296569824219,7644400,0.0,0
2019-05-02,47.24112415131967,48.049174263780586,44.255592211173386,44.82548141479492,13932700,0.0,0
2019-05-03,45.25077414144555,45.37835896199206,43.99191842613073,45.33583068847656,7401700,0.0,0
2019-05-06,44.357664397597354,45.95674943682092,43.9749034726293,45.471920013427734,6089500,0.0,0
2019-05-07,44.961579519946184,45.357098647754775,44.782958815697,45.03813171386719,7330800,0.0,0
2019-05-08,45.36134886158475,45.4166352909948,44.493758480654904,44.63835525512695,5390700,0.0,0
2019-05-09,44.451221375588,45.199731202336814,43.847311549832135,45.02111053466797,4579700,0.0,0
2019-05-10,45.029621647693965,45.68797112832639,44.64686394373476,45.14019775390625,4758100,0.0,0
2019-05-13,44.46823498356389,44.697891526827995,43.17535550557648,43.33696746826172,4213100,0.0,0
2019-05-14,43.66019201537702,45.080656424504866,43.243407160388486,44.63835525512695,4204500,0.0,0
2019-05-15,44.21306953990747,45.357098647754775,43.949389039801936,45.03813171386719,2928700,0.0,0
2019-05-16,45.327324888097145,45.54847385015434,44.850999803675045,45.06364440917969,3689700,0.0,0
2019-05-17,44.519268658572585,44.67237301320353,43.09029684514957,43.20937728881836,4440800,0.0,0
2019-05-20,42.86915828333064,42.98823875580497,42.460877742419335,42.59697341918945,5168400,0.0,0
2019-05-21,42.76708061889478,43.54110682777131,42.5459316640868,43.06478500366211,4968400,0.0,0
2019-05-22,42.92019086175911,43.04777893621587,42.49915540757103,42.70754623413086,3019100,0.0,0
2019-05-23,42.10363270236417,42.409841459351426,41.00638573805959,41.43167495727539,4919200,0.0,0
2019-05-24,42.01006989147467,42.167428075682366,41.20201970031785,41.84846115112305,2918900,0.0,0
2019-05-28,41.99306278192235,42.04409866383694,40.91282761664474,41.30409622192383,6613000,0.0,0
2019-05-29,40.99788138134294,42.0440924712499,40.83626940143342,41.43167495727539,3525900,0.0,0
2019-05-30,41.52659880813181,41.93220048237745,41.44030212050865,41.828643798828125,3777600,0.7,0
2019-05-31,41.38852008057965,41.423040070720376,40.3443150688787,40.352943420410156,3396900,0.0,0
2019-06-03,40.430614703525855,41.38852310180664,40.430614703525855,41.38852310180664,5905200,0.0,0
2019-06-04,42.00987122681425,43.08859634399414,41.97535123298262,43.08859634399414,7043000,0.0,0
2019-06-05,43.57186547294051,43.64090216715623,42.32917205698013,43.44241714477539,6413300,0.0,0
2019-06-06,43.39063974171786,44.279511511289925,43.27845469542875,44.06376647949219,6228100,0.0,0
2019-06-07,44.124176605453805,44.60744338929556,43.89979991980608,44.27088165283203,5391100,0.0,0
2019-06-10,44.63333138694473,44.96126145147737,44.51251470085295,44.54703140258789,5434400,0.0,0
2019-06-11,44.87496486945364,45.021669905209265,44.495254813373386,44.90948486328125,5144300,0.0,0
2019-06-12,44.92675073684699,45.42727754478757,44.59881733660495,45.29783248901367,3103900,0.0,0
2019-06-13,45.46178749371947,45.694792493016195,44.90948081035279,45.63438415527344,4179800,0.0,0
2019-06-14,45.41864780207088,45.47042450599355,44.011989186694635,44.14143753051758,3919300,0.0,0
2019-06-17,43.20078833613994,43.43379337622235,42.32917652412705,42.588069915771484,5787300,0.0,0
2019-06-18,42.93325563992334,43.64089898711022,42.631213952224364,42.81243896484375,5014200,0.0,0
2019-06-19,43.10585593161883,43.35612094651016,41.70782911479017,41.85453414916992,5404000,0.0,0
2019-06-20,42.368008961318466,42.79518318803165,41.958091439597,42.225616455078125,4228300,0.0,0
2019-06-21,42.130688934735744,42.51903064473796,41.69057052473848,41.73371887207031,9478500,0.0,0
2019-06-24,41.86315328295699,42.890101465504536,41.69918828793165,42.78654479980469,4602300,0.0,0
2019-06-25,42.70889157882742,43.34145424871794,42.329178183654605,42.88148498535156,4005200,0.0,0
2019-06-26,43.0195558607444,44.20184094579921,42.985039159318205,43.53734588623047,5244400,0.0,0
2019-06-27,43.67542516037434,44.132803578495434,43.607247675494335,43.93431854248047,4097200,0.0,0
2019-06-28,44.046509874917476,44.18458657422409,42.35506948540936,42.55355453491211,6507400,0.0,0
2019-07-01,43.149005984648575,43.32160266698875,42.7347759222369,43.28708267211914,4641700,0.0,0
2019-07-02,43.149008557122464,43.20078855251392,42.07891169642226,42.631221771240234,4725800,0.0,0
2019-07-03,42.68300109893932,42.846969448422975,42.4586276891305,42.57081604003906,2479400,0.0,0
2019-07-05,42.294657843205044,42.60533123964698,42.25150949192326,42.55355453491211,2529800,0.0,0
2019-07-08,42.57943908657907,42.71751577356077,41.755291495026384,41.871795654296875,5936000,0.0,0
2019-07-09,41.6819375664517,41.79412589958512,40.99155415487639,41.310855865478516,4967400,0.0,0
2019-07-10,41.7164612349646,41.785497936199896,41.00881776426043,41.034706115722656,3507400,0.0,0
2019-07-11,41.190032660613156,41.47481762456809,40.71539434602886,41.23318099975586,4202000,0.0,0
2019-07-12,41.820013764243164,43.18352386681368,41.492083705049126,42.898738861083984,4328400,0.0,0
2019-07-15,42.95052318832512,43.968840045940844,42.855594843495304,43.95158004760742,4923800,0.0,0
2019-07-16,43.968837399565174,45.431588427201056,43.968837399565174,45.151119232177734,6011200,0.0,0
2019-07-17,45.01303991746719,45.13385659946683,44.21046819617507,44.52976989746094,4417500,0.0,0
2019-07-18,44.48662496507106,44.918115029314244,44.25361993533878,44.65922164916992,3620300,0.0,0
2019-07-19,44.6764841800973,44.72826417586545,44.4434791371528,44.46073913574219,3221500,0.0,0
2019-07-22,44.44693210740016,44.50388713949409,43.66679532047521,43.90843200683594,2814900,0.0,0
2019-07-23,44.01199186574875,45.65165562460939,43.96884351251733,45.41001892089844,4387700,0.0,0
2019-07-24,45.30645571200865,45.72931741380419,44.909485652042456,45.55672073364258,3516400,0.0,0
2019-07-25,44.56429120527377,44.866336211194906,43.407897755993275,43.813499450683594,4254600,0.0,0
2019-07-26,43.38200375268906,43.4078920985053,42.21697881084798,42.38094711303711,5066000,0.0,0
2019-07-29,41.871795863117015,42.18246923337718,41.405785807726765,41.46619415283203,4219800,0.0,0
2019-07-30,41.233188036523664,41.80275476962731,41.233188036523664,41.76823806762695,4194300,0.0,0
2019-07-31,41.8459127229068,42.65711295246638,41.37990260949652,41.80276107788086,5188500,0.0,0
2019-08-01,41.55249510295834,41.940833532773965,40.370209939627806,40.43061828613281,5803200,0.0,0
2019-08-02,40.292535082527195,40.99155006882349,39.153401743975216,39.35188674926758,5346400,0.0,0
2019-08-05,38.88588514044836,38.94629348509645,38.031533378698754,38.6356201171875,5147300,0.0,0
2019-08-06,38.92902401660158,39.22243731579593,37.74242664797854,38.34219741821289,4702800,0.0,0
2019-08-07,38.057422607645925,38.834106045356236,37.893457567243956,38.73917770385742,4490100,0.0,0
2019-08-08,39.004115725193174,40.40473356795683,38.998074889999565,40.37884521484375,4573400,0.0,0
2019-08-09,40.05953298096127,40.55143464596856,39.783379623909134,40.2493896484375,4468000,0.0,0
2019-08-12,40.03364837450979,40.387470102055694,39.282856570596856,39.429561614990234,4491600,0.0,0
2019-08-13,39.507229798690005,41.215930082705896,39.33463640410883,40.43061828613281,5407300,0.0,0
2019-08-14,39.52448850277007,39.82653351741607,37.97112495833084,38.040164947509766,6178300,0.0,0
2019-08-15,38.26453721184708,38.29042556102987,37.07362376932193,37.43607711791992,3494600,0.0,0
2019-08-16,37.35841364798625,38.670143947023874,36.90966354894641,38.41124725341797,4586000,0.0,0
2019-08-19,39.14477339244401,39.5788509110256,38.963548382221525,39.35188674926758,3615500,0.0,0
2019-08-20,39.049852109772424,39.049852109772424,37.16855510388573,37.24622344970703,5972800,0.0,0
2019-08-21,37.84167947429165,38.17824450887214,37.31526433119608,37.34978103637695,4397800,0.0,0
2019-08-22,37.38429608010911,37.884826097004385,36.26242265618122,36.28831100463867,6072100,0.0,0
2019-08-23,36.245165004635545,36.26242500205966,34.89891483362624,35.131919860839844,6696800,0.0,0
2019-08-26,35.61518646199455,35.68422315299423,35.04561977021496,35.226844787597656,3402400,0.0,0
2019-08-27,35.546148699222464,36.01215873760602,35.312281173990364,35.52888870239258,4152200,0.0,0
2019-08-28,35.51163074695889,36.797469191428085,35.17506575864059,36.693912506103516,4539300,0.0,0
2019-08-29,37.14140395490745,37.729277131506045,37.03611053903919,37.17649841308594,3292500,0.7,0
2019-08-30,37.58011059080201,37.729271219241824,37.088751435080034,37.404624938964844,4099200,0.0,0
2019-09-03,36.97469338291293,37.05366177623403,36.106044403491985,36.676368713378906,3343300,0.0,0
2019-09-04,37.36953128661705,37.545016957930414,36.720235306890835,37.325660705566406,2651400,0.0,0
2019-09-05,37.86089229938443,38.5803805736235,37.80824559135074,38.04515075683594,4041400,0.0,0
2019-09-06,38.20308430662064,38.3083743666827,37.430949389573975,37.939857482910156,3217900,0.0,0
2019-09-09,38.194312149120215,39.1568475560797,37.957406979043895,39.00154495239258,3848000,0.0,0
2019-09-10,39.57187048172642,40.6862007550455,39.291094718839375,40.642330169677734,4704000,0.0,0
2019-09-11,40.817812521470266,41.282846713152814,39.99303420380274,41.13368606567383,4445000,0.0,0
2019-09-12,41.30039527661287,41.40568534144703,39.98425775129796,41.21265411376953,3649700,0.0,0
2019-09-13,41.800522404049005,42.502461666441974,41.45832722282683,42.2918815612793,4027600,0.0,0
2019-09-16,42.72182965598077,43.85370891093287,42.36208547577638,43.00260543823242,5040600,0.0,0
2019-09-17,42.704270971149526,43.072791192901605,41.77420266061017,42.116397857666016,3741900,0.0,0
2019-09-18,42.02866098136121,42.02866098136121,41.25652600480868,41.68646240234375,2588200,0.0,0
2019-09-19,42.22169696184267,42.4761510567271,41.66892153143879,41.800533294677734,2418300,0.0,0
2019-09-20,41.65136278667476,42.86220678854216,41.30039147339956,42.300655364990234,10570400,0.0,0
2019-09-23,41.58117220081842,42.30504852982055,41.34426703784804,42.03743362426758,3599400,0.0,0
2019-09-24,41.92336608699955,42.11640066110507,40.31768005229254,40.888004302978516,4515300,0.0,0
2019-09-25,40.84413722180227,42.090082588627396,40.47562029105116,41.835628509521484,4396200,0.0,0
2019-09-26,41.686462395755484,41.84439917155061,41.18106538263327,41.4407844543457,2994200,0.0,0
2019-09-27,41.58994783258888,42.011111446062095,41.24774925872544,41.30039596557617,3722300,0.0,0
2019-09-30,41.46710849990617,41.932146076100345,41.335496743977,41.80930709838867,2512200,0.0,0
2019-10-01,42.06375292507012,42.61653160739918,40.27380848461767,40.335227966308594,3838400,0.0,0
2019-10-02,39.19457422333603,39.633286735424115,38.92257460799236,39.422706604003906,4759500,0.0,0
2019-10-03,39.352512151721385,39.82632248200472,38.9313485293954,39.75613021850586,3422400,0.0,0
2019-10-04,39.642067557715926,40.168521295763156,39.49290354543209,39.78245544433594,3512300,0.0,0
2019-10-07,39.55432048592819,40.159742529121104,39.27792946962061,39.63328552246094,2977900,0.0,0
2019-10-08,39.264770077704995,39.527996917183636,38.45754065702238,38.4750862121582,2985900,0.0,0
2019-10-09,38.94889715472841,39.0805122501292,38.60670192321944,38.615474700927734,2844600,0.0,0
2019-10-10,38.896251454178106,39.7385786421565,38.62424850203248,39.4139289855957,4325000,0.0,0
2019-10-11,40.14219512390562,41.87072350414162,39.92546969553614,41.35304260253906,3675700,0.0,0
2019-10-14,40.99329826499979,41.47588135963281,40.572134654386744,41.08103942871094,3196500,0.0,0
2019-10-15,41.0810405869108,42.20414358020928,40.82658651901944,41.41446304321289,3216800,0.0,0
2019-10-16,41.668918488084394,42.046208192835785,41.247751504568754,41.344268798828125,3626900,0.0,0
2019-10-17,41.62504210234503,42.59021164092426,41.36181526350009,41.94969177246094,2724400,0.0,0
2019-10-18,42.037435872499685,42.283994116515615,41.554852743059215,42.08130645751953,2757600,0.0,0
2019-10-21,42.634084736456046,42.96750720377633,41.317947117525044,41.344268798828125,3967000,0.0,0
2019-10-22,41.309171809737286,41.57590642014795,40.3791000776892,41.08103942871094,4645400,0.0,0
2019-10-23,41.04594251485789,41.686462395755484,40.84413515625543,41.4407844543457,4152000,0.0,0
2019-10-24,42.68673118950137,43.862480922561154,41.97601567459213,43.406219482421875,6098900,0.0,0
2019-10-25,43.678213659656315,44.53808972317213,42.9060821008527,44.29241180419922,5361100,0.0,0
2019-10-28,44.52932288787114,45.134744989169896,44.24854712954901,44.93293762207031,4504100,0.0,0
2019-10-29,44.71357425987972,45.30145071176524,44.19589340999687,45.178611755371094,3462100,0.0,0
2019-10-30,44.9241655325237,45.1610707098223,44.16080663708008,44.775001525878906,3602100,0.0,0
2019-10-31,44.64338463475148,44.77499637559342,43.616795651208584,44.30118942260742,3744000,0.0,0
2019-11-01,44.731128696931044,46.05604239828183,44.660936433350926,45.89810562133789,3207100,0.0,0
2019-11-04,46.19643009336715,47.74069670436028,46.02971719217799,47.530113220214844,5430200,0.0,0
2019-11-05,47.38972174283583,48.25837394660339,47.07385156130376,47.556434631347656,6044500,0.0,0
2019-11-06,47.52133881083028,48.030246927560434,47.214241393569544,47.62662887573242,3847000,0.0,0
2019-11-07,48.20572964763521,49.0831546722547,47.74946823317977,48.9603157043457,5974300,0.0,0
2019-11-08,48.69709345830878,49.12703323364258,48.2759298084308,49.12703323364258,4812000,0.0,0
2019-11-11,48.74096473193742,49.35516298517517,48.451416182922216,48.96909713745117,3184900,0.0,0
2019-11-12,49.135802738933286,49.23232002985108,47.84598684596079,48.398765563964844,2742700,0.0,0
2019-11-13,47.54765667896947,47.80211071693811,46.90713686923192,47.08262252807617,3426000,0.0,0
2019-11-14,46.766754290338234,47.503791462988126,46.63514254168239,47.33708190917969,2595500,0.0,0
2019-11-15,47.61785153458913,48.51282536825998,47.503785356062615,48.13553237915039,3865000,0.0,0
2019-11-18,48.039024785138864,48.17941266889135,47.4862460285023,47.6617317199707,3439900,0.0,0
2019-11-19,48.09166749175257,48.09166749175257,46.3192685150341,46.84572219848633,5208300,0.0,0
2019-11-20,46.626364827734164,46.89836778773007,45.71384200753252,46.21397399902344,5394100,0.0,0
2019-11-21,46.24906871289456,47.31075210830939,45.93319519261332,47.275657653808594,4618400,0.0,0
2019-11-22,47.36340006448583,47.96004931923087,47.02997763457285,47.556434631347656,3115600,0.0,0
2019-11-25,48.10044212930116,48.46018627456299,47.69682739990711,48.43386459350586,5073700,0.0,0
2019-11-26,48.477733004669055,48.916445520548415,48.10043997324394,48.58302307128906,4643800,0.0,0
2019-11-27,48.59190776605163,48.78741396512187,47.89875435475512,48.23644256591797,3926000,0.7,0
2019-11-29,47.9965065300359,48.23644504395731,47.20559997857321,47.427764892578125,1887600,0.0,0
2019-12-02,47.09896068156498,47.7654554081909,47.001207579265056,47.241146087646484,3349500,0.0,0
2019-12-03,46.1747543677929,46.21918667207556,45.3660742259655,46.05034255981445,3950100,0.0,0
2019-12-04,47.53441017701253,47.53441017701253,46.396923423949836,46.459129333496094,3791400,0.0,0
2019-12-05,46.6812928150399,46.787934419494164,45.925933428311296,46.210304260253906,2692600,0.0,0
2019-12-06,46.73461139415919,47.76545645840704,46.73461139415919,47.29446792602539,2818800,0.0,0
2019-12-09,47.95207934216938,47.96985294398249,47.090081689024935,47.338905334472656,2377200,0.0,0
2019-12-10,47.41888029944894,47.44553900462766,46.82347656070577,47.2144889831543,2609700,0.0,0
2019-12-11,47.54328945162181,48.04982516149777,47.14339194646515,47.18782424926758,3253300,0.0,0
2019-12-12,47.32112755163485,48.503046543019764,46.93900362133504,48.38751983642578,2882300,0.0,0
2019-12-13,48.556359726558576,48.71631872484988,47.321123431950326,47.347782135009766,3198600,0.0,0
2019-12-16,47.64104372093841,48.4674974552219,47.552175723185215,48.13869094848633,4040000,0.0,0
2019-12-17,48.076484217708675,48.64522922363927,47.92541370907921,48.574134826660156,2665300,0.0,0
2019-12-18,48.3075385642032,48.60079448256794,47.5788379307302,48.20978546142578,3659100,0.0,0
2019-12-19,48.3697465980295,48.76075563639195,48.040943465998176,48.44972610473633,3356000,0.0,0
2019-12-20,48.92071023599429,49.09844283374793,48.005391934018945,48.529701232910156,10476700,0.0,0
2019-12-23,48.423066439358486,48.92071368014357,48.18312792399385,48.8140754699707,2678600,0.0,0
2019-12-24,48.87628297854334,49.09844790117308,48.56525344284878,48.787418365478516,926200,0.0,0
2019-12-26,48.85850897230216,49.080673893087436,48.44972633164949,49.0717887878418,1909600,0.0,0
2019-12-27,49.13399089148352,49.36504089963112,48.62745518249646,48.7252082824707,1688500,0.0,0
2019-12-30,48.751867818448936,48.92071192767148,48.20089979733079,48.289764404296875,1943300,0.0,0
2019-12-31,48.00539357188731,48.68077339843324,47.92541406966777,48.6363410949707,2145700,0.0,0
2020-01-02,49.08067697485243,49.35616271431223,47.66770785433934,47.76546096801758,5145200,0.0,0
2020-01-03,47.19671539441919,47.63215673229213,46.57465295034741,46.58353805541992,5004300,0.0,0
2020-01-06,46.494672353830204,46.992322975403816,46.210301538635996,46.39691925048828,4293100,0.0,0
2020-01-07,46.46801457617829,47.15672378079029,46.20141735536179,46.379146575927734,5122800,0.0,0
2020-01-08,46.57465322431187,47.25003308272673,46.13920849390993,46.85902404785156,3629700,0.0,0
2020-01-09,46.8767972074281,47.16116802829471,46.04145834487838,46.379146575927734,2667800,0.0,0
2020-01-10,46.97454589270101,46.983430996906236,45.677103720832555,45.765968322753906,3277300,0.0,0
2020-01-13,45.76597243303657,46.56576748202813,45.73931372805938,46.521331787109375,2665500,0.0,0
2020-01-14,46.37914066553412,47.07229741928468,46.165864272047145,46.42357635498047,3689800,0.0,0
2020-01-15,46.37914287963551,46.78792886827377,45.94370157799782,46.45023727416992,2235400,0.0,0
2020-01-16,46.72572407437373,46.98343278574451,46.361370378708955,46.63685607910156,3765600,0.0,0
2020-01-17,46.681288465249935,47.41887757247489,46.587979612522815,47.40110397338867,3897500,0.0,0
2020-01-21,47.08118371298137,47.23225760298899,46.38803033168129,46.743492126464844,4156000,0.0,0
2020-01-22,46.85902717833247,46.92123308826455,45.03905175211195,45.206119537353516,5149600,0.0,0
2020-01-23,44.628488847696275,45.09947737888317,43.67762329041279,44.655147552490234,5797600,0.0,0
2020-01-24,44.326346666798116,44.672923406477594,42.69121268756675,43.09111022949219,5919300,0.0,0
2020-01-27,42.042490513281905,42.28242903271977,41.44708676727661,41.926963806152344,4827000,0.0,0
2020-01-28,42.12247095023709,42.40684178178566,41.78477931653526,41.9091911315918,5813800,0.0,0
2020-01-29,43.5265470101922,44.38854791112056,43.188855411379954,44.13972091674805,6828000,0.0,0
2020-01-30,42.93114453164292,43.52654480921008,42.35351446209124,43.07332992553711,5644800,0.0,0
2020-01-31,42.38906405595554,42.535693705131855,40.80724764568814,40.940547943115234,7532200,0.0,0
2020-02-03,41.15383338073367,41.74034866784772,40.63840910934699,41.53595733642578,6364900,0.0,0
2020-02-04,42.34463051620015,42.99335160545771,42.15800942726164,42.70009231567383,5287000,0.0,0
2020-02-05,43.437685556391685,44.201933413888646,43.11776753325644,44.08640670776367,5403200,0.0,0
2020-02-06,44.08640767913506,44.1308399855567,43.15331568440984,43.7220573425293,5985200,0.0,0
2020-02-07,43.13554564736586,43.13554564736586,42.16690637149493,42.68232727050781,3802100,0.0,0
2020-02-10,42.477924367279904,43.295492888256305,42.477924367279904,42.824501037597656,2488300,0.0,0
2020-02-11,43.135535459940215,44.44186269596839,43.09998826427447,43.35770034790039,3705400,0.0,0
2020-02-12,44.15749755497645,44.761786398668285,43.53543850114744,43.882015228271484,2964200,0.0,0
2020-02-13,43.455458106757355,43.53543761060901,42.67343666798203,42.92226028442383,3302600,0.0,0
2020-02-14,43.108881159841296,43.491005107396454,42.99335783799832,43.21552276611328,3207000,0.0,0
2020-02-18,42.82450809042119,43.117767407428566,41.97050745301772,42.42461395263672,3594300,0.0,0
2020-02-19,42.49570225910342,42.9133733603974,42.131351954772725,42.264652252197266,5644900,0.0,0
2020-02-20,42.229103452991545,43.37547511947914,42.15800905973622,43.33103942871094,4154200,0.0,0
2020-02-21,43.17108729083315,43.33993140342329,42.726757467205644,42.92226028442383,3972800,0.0,0
2020-02-24,41.42042450176165,41.8025484009901,40.700609005314895,41.09162139892578,5075900,0.0,0
2020-02-25,41.32267239024587,41.35377534139251,38.72778792324705,39.05659103393555,5529300,0.0,0
2020-02-26,39.50092661269855,39.88305057685263,38.23014289748249,38.25680160522461,6470700,0.0,0
2020-02-27,37.3353829545397,37.45281574003141,35.68225408584949,35.727420806884766,10009300,0.7,0
2020-02-28,34.43563104153472,36.576568671007195,34.37239694574437,36.50429916381836,10280000,0.0,0
2020-03-02,37.08244530639916,37.416683197021484,35.935192605073766,37.416683197021484,7706700,0.0,0
2020-03-03,37.353451199957995,38.612719652488806,35.89906331706123,36.639808654785156,6765300,0.0,0
2020-03-04,37.44378603670293,37.9135275450529,36.323632678945295,37.85932540893555,4967000,0.0,0
2020-03-05,36.16102813783939,36.70303913734884,35.826790261375216,36.22426223754883,5447400,0.0,0
2020-03-06,34.97764651149664,35.85389199999627,34.60727385446065,35.20348358154297,6928400,0.0,0
2020-03-09,31.39135492845943,31.56298987311962,27.48889036123458,27.579225540161133,15081500,0.0,0
2020-03-10,29.36784862118936,30.108597319429688,26.48165310559412,28.36513328552246,12975400,0.0,0
2020-03-11,27.272082361326273,27.39855055667196,25.158247457120133,25.28471565246582,12444100,0.0,0
2020-03-12,22.99021213898074,23.83935819754825,20.225965435303728,21.382251739501953,18163300,0.0,0
2020-03-13,25.23051577431653,25.302783562177442,20.397602507492923,23.207015991210938,17350800,0.0,0
2020-03-16,20.86734243520666,22.972143538196345,19.828492415988546,19.873659133911133,12345400,0.0,0
2020-03-17,23.188950016865878,24.932412442897878,20.542139326402797,24.029064178466797,19873300,0.0,0
2020-03-18,22.439167930772914,25.555719702324645,22.14106311355491,23.884525299072266,16955900,0.0,0
2020-03-19,23.739992132171867,28.31996738789566,23.423819906705724,25.40215301513672,13893400,0.0,0
2020-03-20,25.82672427079748,26.820407600575958,24.020027934109304,24.787874221801758,12649100,0.0,0
2020-03-23,24.516870390814972,25.68219043360316,23.496087649868738,24.010995864868164,11703100,0.0,0
2020-03-24,25.889961315226053,27.06431337860752,24.30006815112493,25.718324661254883,12333600,0.0,0
2020-03-25,26.35970296660496,29.291067157038523,25.835761035499726,27.4437198638916,10539200,0.0,0
2020-03-26,27.353385871025676,28.27479978465529,26.151932756871314,26.811376571655273,14298600,0.0,0
2020-03-27,25.29374899198025,26.433773607287975,24.318133028352438,25.799623489379883,9101400,0.0,0
2020-03-30,25.573789484586467,26.549405564178954,25.12211534175661,25.88092803955078,6817000,0.0,0
2020-03-31,25.790591515810483,27.172714940772316,25.700258070375092,26.413902282714844,7599900,0.0,0
2020-04-01,25.149214442841398,25.537654450962147,24.336201393960746,24.426536560058594,10339900,0.0,0
2020-04-02,24.489768124297306,26.95590808237894,24.322647481266277,25.32084846496582,10680300,0.0,0
2020-04-03,25.095012429543722,25.80865657783571,24.769806541562634,25.266647338867188,8005100,0.0,0
2020-04-06,26.675874881666473,27.985728831916894,26.648773813440574,27.5882568359375,8021100,0.0,0
2020-04-07,29.59368635304698,31.68042199464645,28.73550657256668,29.205249786376953,15028000,0.0,0
2020-04-08,29.783392881658383,31.56298658947048,29.2323498982343,31.427486419677734,7220700,0.0,0
2020-04-09,32.2946996473805,34.09236416497122,32.10499734362472,33.02641296386719,9892300,0.0,0
2020-04-13,32.94510623699059,33.33354619481303,31.2287434723798,31.824953079223633,7170600,0.0,0
2020-04-14,32.85477965550805,33.55035832247049,31.69849483042794,31.951431274414062,7348800,0.0,0
2020-04-15,30.57833715343977,30.57833715343977,28.789709739205257,29.114913940429688,7586700,0.0,0
2020-04-16,29.53045522723634,29.53045522723634,27.687625557448353,28.572906494140625,6918500,0.0,0
2020-04-17,29.846627675661615,30.7680433248231,29.44915223131734,30.189897537231445,6544100,0.0,0
2020-04-20,29.069744713351213,29.65692240885762,28.45546767515984,28.482568740844727,7140700,0.0,0
2020-04-21,27.46178286706268,28.148327654114226,26.757172426851753,27.895389556884766,7315100,0.0,0
2020-04-22,28.726470913529997,28.92972631794163,27.895390534090772,28.762605667114258,5331100,0.0,0
2020-04-23,28.997478262001458,30.108599673225985,28.916176779375277,29.413021087646484,7724700,0.0,0
2020-04-24,29.846625841480442,30.126661582604527,29.123947958902217,29.91889190673828,4979100,0.0,0
2020-04-27,30.09052996770156,31.386832437237533,29.63885586492249,31.111310958862305,4885900,0.0,0
2020-04-28,32.050790039208174,32.69216636046133,31.355211591623956,32.40309524536133,5868600,0.0,0
2020-04-29,33.423890123691066,34.4085399976074,33.333556663919175,33.84846496582031,6887300,0.0,0
2020-04-30,33.66778434569007,33.74005040229657,32.565698552944795,33.14384078979492,10990200,0.0,0
2020-05-01,31.373286012791098,31.698491951812304,30.298302777471264,30.65060806274414,8709300,0.0,0
2020-05-04,28.997477650285298,29.936960663924477,28.69034082828794,29.864694595336914,6248300,0.0,0
2020-05-05,30.37960016273037,31.21067883163655,30.01825951346692,30.14472770690918,5041600,0.0,0
2020-05-06,29.548519075749688,30.149246461498176,28.798740131544786,28.871007919311523,4601500,0.0,0
2020-05-07,29.38591663684242,30.5331692953438,29.367849258834525,29.67498779296875,5056200,0.0,0
2020-05-08,30.515105205430952,31.04808085309362,30.14473253136031,31.01194953918457,4175700,0.0,0
2020-05-11,30.894512251558197,30.930647010250137,29.8827631301856,30.62350845336914,4321000,0.0,0
2020-05-12,30.939676855411577,31.987560663623473,30.488002740734036,30.524137496948242,5675400,0.0,0
2020-05-13,30.262166143221783,30.3190768344239,28.71744147459287,29.22331428527832,5865200,0.0,0
2020-05-14,28.175428785537076,30.307329210412398,27.91345699960334,30.271194458007812,6187900,0.0,0
2020-05-15,30.000192264720898,30.695770777628287,29.656922437052188,30.31636619567871,4829200,0.0,0
2020-05-18,32.41213443027063,34.33626361808275,32.25856344411666,33.18901443481445,8544900,0.0,0
2020-05-19,33.08964787097213,33.13481459496633,32.14113288309335,32.19533157348633,4415500,0.0,0
2020-05-20,32.827671550912235,33.42388118557163,32.30372797554505,32.683135986328125,5656200,0.0,0
2020-05-21,32.5205398339808,33.20708304756911,32.213401264375406,32.35793685913086,3941800,0.0,0
2020-05-22,32.231468559248924,32.683142722415525,31.951429337525486,32.62894058227539,3040600,0.0,0
2020-05-26,34.65243828545151,35.18541387332055,34.25496286304071,35.04087829589844,6188600,0.0,0
2020-05-27,36.08876115111748,36.73465524966514,35.257679018147115,35.9713249206543,6895200,0.0,0
2020-05-28,36.38510338632529,36.49544388611172,35.26329719756931,35.594322204589844,5266800,0.7,0
2020-05-29,35.07020820352564,35.851795978024235,34.68401461501684,35.49318313598633,5254200,0.0,0
2020-06-01,35.50238037109375,35.87018328913179,35.106989691147895,35.50238037109375,3014400,0.0,0
2020-06-02,36.0448913089769,37.91150059298205,35.943744371046435,37.33220672607422,6083400,0.0,0
2020-06-03,38.15056951998247,38.895372289807014,38.12298176385694,38.279300689697266,5160600,0.0,0
2020-06-04,38.15976775986789,39.31835193643489,37.994255233549495,39.272377014160156,3901500,0.0,0
2020-06-05,41.11139882494568,42.04930189986013,40.308666992069554,40.43096160888672,7656600,0.0,0
2020-06-08,40.53210755440494,42.233204061069195,40.53210755440494,42.20561981201172,5727300,0.0,0
2020-06-09,40.89071659164609,41.21254452103529,40.384062970100196,40.83554458618164,5535400,0.0,0
2020-06-10,40.81715230046229,40.91829921930885,39.9068370461657,40.072349548339844,4267700,0.0,0
2020-06-11,37.90689772160518,38.656302581101755,35.81500909221484,36.10005569458008,9225100,0.0,0
2020-06-12,38.4540115254265,38.54136633323392,36.76670697118492,37.9114990234375,5034900,0.0,0
2020-06-15,36.302346773783334,39.033299546900246,36.127640691886015,38.60112762451172,5665300,0.0,0
2020-06-16,40.60566814048126,40.91830250215248,38.104593247111495,38.84939956665039,5592400,0.0,0
2020-06-17,39.263183534226414,39.35145734951255,37.727595871118204,37.856327056884766,3525100,0.0,0
2020-06-18,37.378186633856735,38.610333593579234,37.129917823950485,38.233333587646484,4106800,0.0,0
2020-06-19,39.19880913612658,39.53902769460955,38.13217504095053,38.29768753051758,7494400,0.0,0
2020-06-22,38.12298154210206,38.739056646289505,37.39656593703824,38.38044738769531,3316000,0.0,0
2020-06-23,39.06088529369847,39.06088529369847,38.00344816637883,38.02183532714844,3603900,0.0,0
2020-06-24,37.33220885828211,37.44255289196042,35.235721325663256,35.35525894165039,7707200,0.0,0
2020-06-25,34.941469967559804,36.808078951269934,34.64722629055116,36.76210403442383,5986900,0.0,0
2020-06-26,36.37591094299348,36.7804951266283,35.61271398543849,36.59659194946289,8333800,0.0,0
2020-06-29,37.111521030874826,37.879313043152955,36.95520209886709,37.681617736816406,7756700,0.0,0
2020-06-30,37.32300891457848,37.65403394386881,36.55981192953004,37.47932434082031,4835300,0.0,0
2020-07-01,37.470130920410156,37.97586204725149,37.08393738969326,37.470130920410156,4023600,0.0,0
2020-07-02,38.306888784679934,38.84940127414007,37.61725444253543,38.242523193359375,4017500,0.0,0
2020-07-06,39.19881098982573,39.33673573254673,38.21493309290594,39.03329849243164,4679000,0.0,0
2020-07-07,38.380451084733586,38.68388836828787,37.85632576284598,38.33447265625,4535900,0.0,0
2020-07-08,38.15056864186576,38.41722455542534,36.44487015942112,37.10232162475586,4824200,0.0,0
2020-07-09,37.13910135416049,37.258638935686626,36.01729522213303,36.26556396484375,3671900,0.0,0
2020-07-10,36.26556823853007,37.534496348255864,36.24993809897048,37.47932434082031,3007800,0.0,0
2020-07-13,37.79196156477335,38.4724023440618,37.240255479256476,37.92069625854492,3089000,0.0,0
2020-07-14,37.994252164087676,39.24478959183802,37.92069299592313,39.024105072021484,4350800,0.0,0
2020-07-15,40.136711906907244,40.55048962143667,39.129844850854184,39.84246826171875,3788300,0.0,0
2020-07-16,39.71373618390324,40.70221263804396,39.39190827216493,40.30222702026367,4259800,0.0,0
2020-07-17,40.522908111267206,40.5964707813605,39.50224886352027,40.15510177612305,4610600,0.0,0
2020-07-20,39.851664139240135,40.15969992498897,38.72985798497733,38.89537048339844,3580900,0.0,0
2020-07-21,39.07927577123091,39.934422556955454,39.03330085420878,39.57581329345703,3399600,0.0,0
2020-07-22,39.483864154309764,40.91830486864287,39.433290687904126,40.771183013916016,5792500,0.0,0
2020-07-23,39.53903240675328,39.72293558459603,38.50917952155977,39.37351989746094,6574300,0.0,0
2020-07-24,39.373524331301375,39.98040243115986,38.895377418130785,39.18042755126953,2999600,0.0,0
2020-07-27,39.36433090080589,40.89991507313243,39.01491517298299,40.45854949951172,4733600,0.0,0
2020-07-28,40.21947356133071,40.47693590858707,39.16203290767964,39.18961715698242,3395400,0.0,0
2020-07-29,39.35512757248293,40.12384205182553,39.29995907681506,40.01717758178711,3186900,0.0,0
2020-07-30,39.22639692333647,39.38271584766771,38.0126408953697,38.37125015258789,4118700,0.0,0
2020-07-31,38.1505709709983,38.545958075448446,37.32300840898303,37.75518035888672,7462100,0.0,0
2020-08-03,37.90230460583458,37.92069527589681,36.854060965918855,36.86325454711914,5079900,0.0,0
2020-08-04,36.81728022410158,38.495391187188105,36.688549039235625,37.99425506591797,5408800,0.0,0
2020-08-05,38.52756860837051,39.060883943791865,38.389640353735714,38.61032485961914,3563600,0.0,0
2020-08-06,38.33447179146271,38.9110085802345,37.75150195142935,38.665496826171875,3724900,0.0,0
2020-08-07,38.23332335785958,39.23099336778831,38.10826822508698,39.19881057739258,2913100,0.0,0
2020-08-10,39.364325208558355,41.27690908434709,39.364325208558355,41.19415283203125,4245900,0.0,0
2020-08-11,41.87459433912575,42.36193477472335,40.77117878918012,40.91830062866211,4373800,0.0,0
2020-08-12,41.58034722267297,41.72746904999226,40.39417551685189,40.71600341796875,2577300,0.0,0
2020-08-13,40.32981723252604,41.25852327780089,40.19188895986048,40.853939056396484,2767100,0.0,0
2020-08-14,40.41256853951023,41.50678697475431,40.3022280395039,41.25851821899414,1998300,0.0,0
2020-08-17,41.47000667592561,41.78264102347944,40.65164122406271,40.88151931762695,3257300,0.0,0
2020-08-18,40.835547572078156,41.405644306250814,40.743597730575395,41.11140060424805,2447100,0.0,0
2020-08-19,41.0930101382646,41.47001010255468,40.68842592291919,41.047035217285156,3453400,0.0,0
2020-08-20,40.47693318419305,40.587273681638855,40.02637059915916,40.173492431640625,3324000,0.0,0
2020-08-21,39.9987905248136,40.33900914023575,39.76891241834915,40.081546783447266,2511600,0.0,0
2020-08-24,40.734393501451216,42.43549333235751,40.47693118424505,42.40790557861328,4609000,0.0,0
2020-08-25,42.674574142743396,42.90445226320801,41.8129906946904,41.92057418823242,4188000,0.0,0
2020-08-26,42.003328533994434,42.90445030415022,41.63552215498075,42.610206604003906,3928500,0.0,0
2020-08-27,42.92284141359455,43.17111019582296,42.12286656485519,42.44469451904297,3702300,0.0,0
2020-08-28,42.398010671392335,43.14494694763044,41.98719660987965,42.99555969238281,3772900,0.7,0
2020-08-31,42.939539540664356,43.05157908605354,42.099234046063124,42.12724304199219,3916800,0.0,0
2020-09-01,41.819135502799895,44.14397488521129,41.520360992302635,44.134639739990234,5428300,0.0,0
2020-09-02,44.51744112380139,46.01131355278554,44.274684628045954,45.95529556274414,7305900,0.0,0
2020-09-03,46.01131810068654,46.49682757851385,44.74152462970329,45.18035125732422,6726900,0.0,0
2020-09-04,46.02065447729624,46.403459528280784,44.890913175814156,45.37641906738281,5325900,0.0,0
2020-09-08,44.52677946033372,45.20369323580137,44.28869586224417,44.75086212158203,4280800,0.0,0
2020-09-09,45.348411076122716,46.571521662071866,45.283054375360166,45.96463394165039,4168100,0.0,0
2020-09-10,46.02999274784873,46.450145530306756,45.43244370687431,45.469791412353516,4211300,0.0,0
2020-09-11,45.945957640525755,47.07569890682457,45.78723525047001,46.54350662231445,6225700,0.0,0
2020-09-14,46.74891953125699,47.159733601943074,46.39879281004526,46.76759338378906,5298900,0.0,0
2020-09-15,47.25309878379457,48.140087113264705,47.04768998535417,47.682586669921875,4771700,0.0,0
2020-09-16,46.86095451819839,47.7105951364082,46.151365999494544,46.40345764160156,5863500,0.0,0
2020-09-17,46.095345905170525,47.85064874924035,45.60983645631406,47.5892219543457,5253700,0.0,0
2020-09-18,47.178405654985056,47.83197622198629,46.91697885285379,47.02901840209961,6271100,0.0,0
2020-09-21,45.78723477727769,46.058000269875215,44.050605840856086,44.73218536376953,6468800,0.0,0
2020-09-22,44.79754719785834,44.96093895810436,44.06928474551996,44.629486083984375,4181900,0.0,0
2020-09-23,44.517446932019936,44.92826101317154,43.38770553759807,43.63979721069336,4018000,0.0,0
2020-09-24,43.57442940691816,43.87320744168758,42.65943213785026,43.3316764831543,4648700,0.0,0
2020-09-25,42.73413346372243,43.32234734744236,42.60342005882315,42.98622512817383,4090200,0.0,0
2020-09-28,43.41571394976474,45.077647666600946,43.41571394976474,44.330711364746094,3993100,0.0,0
2020-09-29,44.09729050924873,44.61080895878492,43.19162830221399,43.4810676574707,2716800,0.0,0
2020-09-30,44.05994696196256,44.928261547957526,43.51841946498383,43.92923355102539,4663200,0.0,0
2020-10-01,44.07861929699211,44.349384816992156,42.883521224817,43.05158233642578,3407600,0.0,0
2020-10-02,42.36065756572693,44.3213690477226,42.136578492264526,44.17198181152344,4559000,0.0,0
2020-10-05,44.72284945806632,45.64064623141395,44.536114515947226,45.35774612426758,3913400,0.0,0
2020-10-06,45.86192814481112,46.48748969812685,44.685504005126774,44.70417785644531,4474700,0.0,0
2020-10-07,45.23636939295872,45.80590938274755,44.81621664953475,45.096317291259766,4506400,0.0,0
2020-10-08,45.395098357516126,46.132699551484336,45.26065230949005,46.10469055175781,2962000,0.0,0
2020-10-09,46.49682401593007,46.76758951272347,45.469787143388565,46.08600997924805,4472800,0.0,0
2020-10-12,46.12335618145036,46.21672187167352,45.06083795808222,45.35774612426758,3005700,0.0,0
2020-10-13,45.264379149309676,45.7312147472543,44.62948245117116,44.70417785644531,6832200,0.0,0
2020-10-14,44.66683137364147,45.72188085107772,44.27468760858876,45.59116744995117,5322100,0.0,0
2020-10-15,44.70417804655135,45.819914845449865,44.66683034375544,45.75922393798828,2793200,0.0,0
2020-10-16,46.09534785138546,46.67889237296554,45.87126874963565,46.029991149902344,2754300,0.0,0
2020-10-19,46.058002473948406,46.991673683442535,45.50713631787995,45.600502014160156,2903500,0.0,0
2020-10-20,46.07667218097354,46.82361198845809,45.94595878316563,46.06733703613281,2503600,0.0,0
2020-10-21,46.10468746647029,46.41746648139701,45.32973861694336,45.32973861694336,4092500,0.0,0
2020-10-22,46.50616515400285,46.8329486591696,44.02259982971633,45.58182907104492,5244000,0.0,0
2020-10-23,46.23539401487323,46.63687287901975,45.199018507968155,45.311058044433594,3123400,0.0,0
2020-10-26,44.76019580374129,44.94693075506605,43.711685587722634,44.02259826660156,4026400,0.0,0
2020-10-27,43.80785115399201,44.059942806311156,43.31300655592461,43.4810676574707,4141200,0.0,0
2020-10-28,41.95917923335779,42.66877128556752,41.38964283676741,42.18326187133789,6157100,0.0,0
2020-10-29,41.66975027474424,43.56510183573197,41.6137287156732,43.18229675292969,4300100,0.0,0
2020-10-30,42.818159353344036,43.12626897965508,41.763109960407796,42.47270202636719,5165900,0.0,0
2020-11-02,43.182295445034455,44.87224169492355,42.83683807874267,44.64815902709961,3675800,0.0,0
2020-11-03,45.049633376511245,45.77789574006463,44.498767250787516,45.49779510498047,3293500,0.0,0
2020-11-04,44.769532926980226,45.1336641102661,43.18415755592313,43.36902618408203,4542300,0.0,0
2020-11-05,43.78917902674909,46.17003978318433,43.77050517606388,45.72187805175781,4253000,0.0,0
2020-11-06,45.964635146411396,46.51550132561505,44.84516209399695,45.03096389770508,3061500,0.0,0
2020-11-09,48.1680963925799,50.58630489495751,48.12141354584284,48.662940979003906,9208300,0.0,0
2020-11-10,48.859016587208075,50.13814515963805,48.616260075794095,49.9140625,6148700,0.0,0
2020-11-11,49.95141170835167,50.049446761873824,48.56957869036253,48.74697494506836,4118500,0.0,0
2020-11-12,48.30815358551017,48.61626325578377,47.187747337380216,47.65458297729492,3467600,0.0,0
2020-11-13,46.93565029193018,48.67227924349716,46.87029359475705,48.522891998291016,3482900,0.0,0
2020-11-16,49.998090160077425,50.362221344462625,48.681613960245535,50.35288619995117,4075600,0.0,0
2020-11-17,49.633963535985174,50.941104711403746,49.3258538753786,50.86640930175781,4795000,0.0,0
2020-11-18,51.02513110195887,52.542346760249735,50.91308799663446,51.632015228271484,5903500,0.0,0
2020-11-19,51.267889808825025,51.80942086047426,50.34355367509291,51.669368743896484,3514000,0.0,0
2020-11-20,51.41727901691449,51.74406255239851,50.679677823480944,51.099830627441406,2871700,0.0,0
2020-11-23,51.613345598456256,52.556355556191015,51.613345598456256,52.22956848144531,4560700,0.0,0
2020-11-24,53.21926117513689,54.32099353352095,52.85512995801682,53.900840759277344,4442800,0.0,0
2020-11-25,53.63941015826316,53.63941015826316,52.43964283096474,52.68706512451172,4158500,0.0,0
2020-11-27,52.85723947270945,52.98959470942697,52.00637922751152,52.37508773803711,2847400,0.7,0
2020-11-30,51.892932007751085,51.996926437651936,49.91704865886392,50.11558151245117,8760600,0.0,0
2020-12-01,51.45804553725126,51.45804553725126,50.011586848741736,50.60718536376953,4328700,0.0,0
2020-12-02,50.40865098011429,50.640272617746795,49.81304887693568,50.295204162597656,3723000,0.0,0
2020-12-03,50.09667262425698,50.94658430795954,49.9170445849394,50.673362731933594,3213800,0.0,0
2020-12-04,50.8719009995553,52.091462477502304,50.86244499377357,52.044193267822266,3294500,0.0,0
2020-12-07,51.930747612883636,51.940200012468715,50.125036353725704,50.30466079711914,3602700,0.0,0
2020-12-08,50.011589465043635,51.68494188308162,49.91704743726124,51.571495056152344,3161500,0.0,0
2020-12-09,51.94019797321522,52.705972140287344,51.382412652945035,51.67548751831055,3219100,0.0,0
2020-12-10,51.67549103498336,52.100921156753,51.0893448707728,51.45804977416992,3402000,0.0,0
2020-12-11,51.32569924971742,51.476962906188014,50.64501099239472,51.05153274536133,2674800,0.0,0
2020-12-14,51.61876440872148,51.77002804717949,50.13448882934931,50.1628532409668,3121900,0.0,0
2020-12-15,50.909716768087314,51.193339253274424,50.24794058640996,51.17443084716797,2335500,0.0,0
2020-12-16,51.07988876823197,51.155522392586114,50.33302656298815,50.890811920166016,1948800,0.0,0
2020-12-17,51.24060841677967,51.36351125315031,50.65918665038872,50.890811920166016,2222300,0.0,0
2020-12-18,52.10091922959989,52.70597377755435,51.27842342887489,52.620887756347656,11536700,0.0,0
2020-12-21,51.09880003849931,52.18601000786713,50.79627273694494,52.07256317138672,4458800,0.0,0
2020-12-22,52.006379848588864,52.25218552520808,51.46750288899797,51.68494415283203,2268300,0.0,0
2020-12-23,52.01583623398519,52.7248852498142,51.74166974899296,51.76057815551758,2251600,0.0,0
2020-12-24,51.92128865448013,51.966668104009244,51.36823134675636,51.79838943481445,1074700,0.0,0
2020-12-28,52.252185308496045,52.72488464697738,51.221700606350346,51.3256950378418,3668200,0.0,0
2020-12-29,51.52422234383192,51.826749599356354,50.90971182744266,51.36350631713867,2222000,0.0,0
2020-12-30,51.382416004693305,52.620889554259435,51.3351467927211,52.44126510620117,3790000,0.0,0
2020-12-31,52.44126276104073,53.03686129679297,52.10091867980543,52.46962356567383,2663500,0.0,0
2021-01-04,52.77214853098529,53.05671226341287,50.72063534020026,51.08934020996094,4852800,0.0,0
2021-01-05,51.18388092124812,53.10303897372635,51.051525690926795,52.75324249267578,3112800,0.0,0
2021-01-06,53.84045353557269,55.97705288571992,53.462292635138496,55.23964309692383,6208400,0.0,0
2021-01-07,55.778520209061845,56.50647760049164,54.93238798668065,55.31527328491211,4437600,0.0,0
2021-01-08,55.182917997123134,55.64616492081831,54.59677184597405,55.031654357910156,4063500,0.0,0
2021-01-11,54.54950167385446,55.73124996138853,54.124071569060284,55.64616394042969,3455900,0.0,0
2021-01-12,56.0810474208253,57.867850285651556,55.77852014246369,57.70713424682617,6235000,0.0,0
2021-01-13,57.43296552715902,57.96239004678675,56.40248089854703,56.75227737426758,3236300,0.0,0
2021-01-14,56.922449170242494,57.19661563136915,56.17558340637725,56.393028259277344,3578800,0.0,0
2021-01-15,55.41927139412942,55.60835185749234,54.010629335215924,54.18080139160156,6692900,0.0,0
2021-01-19,54.60622480787584,55.02220252480189,53.254308047095186,54.407691955566406,4919300,0.0,0
2021-01-20,54.710214297529824,55.42871923112574,54.10515978907601,55.37199401855469,3724400,0.0,0
2021-01-21,55.31527443892801,55.56108011202444,54.18079892325424,54.41714859008789,3442000,0.0,0
2021-01-22,53.87827608314768,54.62986635460781,53.76482563709293,54.36042785644531,2621500,0.0,0
2021-01-25,53.75536329821445,54.28478418961767,52.620884292278575,54.105159759521484,3682400,0.0,0
2021-01-26,54.729126670362504,55.06947075764991,52.658704947910245,52.6965217590332,3060300,0.0,0
2021-01-27,51.65658435501123,52.07256209082392,49.78469536308362,51.42023468017578,6283500,0.0,0
2021-01-28,51.18388078967988,51.85511294538948,50.10612693822288,51.4107780456543,5817000,0.0,0
2021-01-29,50.9097171562677,51.718036196240696,48.93383378319872,49.066192626953125,8895400,0.0,0
2021-02-01,49.52942980731665,49.95485987910345,48.52730964534029,49.869773864746094,4128300,0.0,0
2021-02-02,50.63555176728957,51.87402166072529,49.98322440646905,51.62821960449219,5229500,0.0,0
2021-02-03,51.34460037051239,52.37035700807375,51.088397430946394,52.32781219482422,3984200,0.0,0
2021-02-04,52.441263804623794,53.29212041823458,51.826753245007986,53.26375961303711,4312200,0.0,0
2021-02-05,53.64192088464939,54.672405555423815,53.35829840506717,54.114620208740234,3732500,0.0,0
2021-02-08,54.59677358417524,55.0789253225139,54.08625743317448,54.21861267089844,2543200,0.0,0
2021-02-09,54.360419818902976,54.37460022096065,53.29211838484118,53.509559631347656,4209500,0.0,0
2021-02-10,53.88772188679815,55.1923730054311,53.396114166640665,54.52113723754883,3453000,0.0,0
2021-02-11,54.653496075075886,54.77639530030808,53.59464701331689,54.52113723754883,2326500,0.0,0
2021-02-12,54.417152045561814,55.08838427645412,54.30842960509422,54.974937438964844,1975100,0.0,0
2021-02-16,55.68397889591734,56.114133382915085,55.34363482342142,55.54216766357422,4072700,0.0,0
2021-02-17,55.38145618636803,55.69343587420065,54.46441831634503,55.3436393737793,3277800,0.0,0
2021-02-18,55.11674158432607,55.461813684723474,53.98226246224259,54.41714859008789,3112600,0.0,0
2021-02-19,54.59676912383118,57.22497607652043,54.59676912383118,57.092620849609375,4037100,0.0,0
2021-02-22,57.31006605451303,59.14414177245946,56.91300034634506,59.06850814819336,5672600,0.0,0
2021-02-23,59.50339129772851,59.5317557103331,58.15147090415803,58.72816467285156,4147200,0.0,0
2021-02-24,58.61471802354954,60.48660697282276,58.56083104904822,60.212440490722656,4668600,0.0,0
2021-02-25,59.724925845804506,60.06618598600962,58.42967540127694,58.644752502441406,3260300,0.7,0
2021-02-26,58.166804176634464,58.3579858611833,56.207200114605385,56.6947135925293,6399700,0.0,0
2021-03-01,58.45357939848738,59.52419174284588,57.899152869675675,58.82638168334961,4083800,0.0,0
2021-03-02,59.46683442022486,61.21614188650964,59.07491361332585,59.963905334472656,7316000,0.0,0
2021-03-03,59.744045916331345,60.59480054674195,59.275650991892945,59.505069732666016,5390300,0.0,0
2021-03-04,59.323448117312466,59.85875242569032,57.4403146558021,58.50136947631836,6050400,0.0,0
2021-03-05,59.38080163228108,60.26023589228304,58.07121315498749,60.13596725463867,3883800,0.0,0
2021-03-08,60.384498674961215,61.43599239553058,59.75360171332218,60.64259338378906,4437600,0.0,0
2021-03-09,60.86245494358848,60.9006920095379,59.18006415317454,59.51462936401367,5823200,0.0,0
2021-03-10,59.85875378649047,61.61761865361812,59.61977760153555,61.26393127441406,4238500,0.0,0
2021-03-11,61.493356255849804,62.39190178994589,61.388206146597916,61.483795166015625,3651800,0.0,0
2021-03-12,61.82791819971373,62.18160557512199,61.06319514536249,61.502906799316406,2690800,0.0,0
2021-03-15,61.24481826757724,61.45511848366568,59.696253562574334,60.12641143798828,5353300,0.0,0
2021-03-16,59.92567089814301,61.01540543862749,59.132271806359405,60.394065856933594,6461600,0.0,0
2021-03-17,60.68083588781581,63.32869260487354,60.394065178902544,63.09927749633789,5138900,0.0,0
2021-03-18,63.14706641567346,64.30371030568158,61.78012231057757,61.86615753173828,4203500,0.0,0
2021-03-19,61.866157338588756,61.94263146983184,59.89699221692675,61.09187316894531,6445800,0.0,0
2021-03-22,60.986720231686775,60.986720231686775,59.64845581541952,60.70950698852539,4631100,0.0,0
2021-03-23,59.90654811314825,59.92375588617978,57.736647569223734,58.07121276855469,5523500,0.0,0
2021-03-24,58.88372851347623,60.62347478911391,58.69541662803772,59.30432891845703,4322600,0.0,0
2021-03-25,58.75946793386039,60.51833287313539,58.549167715597804,60.451419830322266,3921200,0.0,0
2021-03-26,60.594801368561484,61.31172992928083,60.30803067357119,61.1683464050293,4256300,0.0,0
2021-03-29,60.81465773432253,62.248518471866085,60.69995018805442,61.082313537597656,3193700,0.0,0
2021-03-30,60.91025077241695,61.93306854532335,60.68083203197185,61.76100540161133,2605100,0.0,0
2021-03-31,61.435994918822985,62.095571528413224,60.70950891510751,61.120548248291016,3643800,0.0,0
2021-04-01,61.13010986684399,61.86615696643827,60.68083346471166,61.75144577026367,3698900,0.0,0
2021-04-05,62.13380292088062,62.344103113027096,61.41687442563968,61.741878509521484,4077900,0.0,0
2021-04-06,61.40731947471443,62.50661140255372,61.30216936813135,61.75144577026367,3420300,0.0,0
2021-04-07,61.64629513235497,62.10513262012412,60.852896087998914,61.1683464050293,2374000,0.0,0
2021-04-08,61.04407591655688,61.20657796841391,59.858752460974024,60.40361785888672,3638900,0.0,0
2021-04-09,60.40362184132926,60.757309236020035,59.782285921132704,60.35582733154297,3721000,0.0,0
2021-04-12,60.79554098488999,61.32129151755018,60.50877028756723,60.97716522216797,3143800,0.0,0
2021-04-13,60.78598560879628,60.87201718556731,59.69625473402152,60.518333435058594,4471600,0.0,0
2021-04-14,60.7859860016694,61.92351139389405,60.566128336608536,61.40732192993164,4234400,0.0,0
2021-04-15,62.019098835788014,62.057335901734895,60.98672358063343,61.72277069091797,2632500,0.0,0
2021-04-16,62.39189930351881,62.621321692548065,61.42644076500809,61.827919006347656,3698800,0.0,0
2021-04-19,61.942627603710775,62.172042690146625,61.12054533010666,61.703651428222656,2566600,0.0,0
2021-04-20,61.17790550284127,61.22570365870522,59.533748125576466,59.72492980957031,4532200,0.0,0
2021-04-21,59.70580672427094,62.15292042405326,59.6245556998769,61.96174240112305,4283500,0.0,0
2021-04-22,61.17790187769754,61.22570003072918,58.04253557334142,58.2432746887207,12028900,0.0,0
2021-04-23,58.40577671752907,59.73448733646715,57.78444083971789,59.37124252319336,5682300,0.0,0
2021-04-26,59.610223827246756,60.049939159468735,59.1991844721083,59.457279205322266,4871600,0.0,0
2021-04-27,59.52419107574536,60.07861395185613,58.998444176152645,59.88743591308594,3781300,0.0,0
2021-04-28,60.25067761483351,61.24004257094402,59.935230930998,60.518333435058594,5584300,0.0,0
2021-04-29,61.00584489659342,61.83748470968321,60.63782314790626,61.235260009765625,4366000,0.0,0
2021-04-30,60.65215547478083,60.90068909859797,59.552863583446715,59.74404525756836,4932300,0.0,0
2021-05-03,60.39405936107707,62.16726579210754,60.33670376622458,61.703651428222656,6327800,0.0,0
2021-05-04,61.416880948151,63.34780535815682,60.986723076026024,63.30001449584961,7367200,0.0,0
2021-05-05,63.558104422262275,65.22616082695093,63.22353922026905,65.06843566894531,7467100,0.0,0
2021-05-06,65.02063203321373,66.04344973192511,64.20811452744796,65.99565887451172,4670600,0.0,0
2021-05-07,65.33608232263212,66.2633110135429,64.79121695589754,65.99565887451172,5174900,0.0,0
2021-05-10,66.67435277528233,67.48687031108163,65.63242015368684,65.69933319091797,5039000,0.0,0
2021-05-11,64.848573060408,65.86183702839669,64.23679461968523,65.54638671875,5693400,0.0,0
2021-05-12,65.71844774095993,66.05301292541002,64.42797786209589,64.61915588378906,4886200,0.0,0
2021-05-13,64.48533174648811,65.57506254740646,64.35150566868931,65.07799530029297,3068400,0.0,0
2021-05-14,65.47946902999075,66.95156307750068,65.35520405000292,66.75082397460938,4817200,0.0,0
2021-05-17,66.51185565973553,67.94571281501194,66.4067055515773,67.78321075439453,3607500,0.0,0
2021-05-18,67.86924690094932,68.23248813213111,66.44495066294846,66.46406555175781,3523800,0.0,0
2021-05-19,65.4794769296246,65.87140138705747,64.30371085030059,65.52727508544922,4398500,0.0,0
2021-05-20,65.4412314184396,65.6897686692998,64.86769008743227,65.25005340576172,3126500,0.0,0
2021-05-21,65.65154232499303,66.53097299562566,65.52727732576503,65.79492950439453,3855700,0.0,0
2021-05-24,66.52141459039328,66.92290016751669,66.0482463601383,66.48318481445312,3420100,0.0,0
2021-05-25,66.3971370830585,67.34348065833987,65.91918475108172,65.99565887451172,4419400,0.0,0
2021-05-26,65.79492139163462,66.56920185476612,65.2022578599077,66.50228881835938,6059200,0.0,0
2021-05-27,66.93682054367372,67.5548171461197,65.89394851438338,66.29951477050781,6256600,0.7,0
2021-05-28,66.70507745879195,66.79197978263211,65.38217449256143,66.06776428222656,3815200,0.0,0
2021-06-01,66.7919820228193,68.10522676363537,66.48298369363324,67.9893569946289,4139100,0.0,0
2021-06-02,67.9024392925696,67.9024392925696,66.49263412148242,66.57953643798828,4797800,0.0,0
2021-06-03,66.96578819105724,68.26937454816407,66.08804235229684,68.1824722290039,4322500,0.0,0
2021-06-04,68.55906774158329,68.69425404635355,67.47756993632024,67.95072937011719,3041900,0.0,0
2021-06-07,67.95072944015806,68.04729003407904,66.52160760198383,66.85957336425781,2803900,0.0,0
2021-06-08,66.64713457967744,67.3230734605993,65.9615447964874,66.99475860595703,3469400,0.0,0
2021-06-09,66.86922799810618,67.1202914223313,66.1160450925315,66.47332000732422,3379200,0.0,0
2021-06-10,67.58378330199265,67.7575953035728,65.61391640645105,65.65254211425781,4022000,0.0,0
2021-06-11,66.11604378935334,66.64713070012616,65.50769809522556,65.66220092773438,2726100,0.0,0
2021-06-14,65.49805161690072,65.83601737696245,64.33930239613065,64.657958984375,3712800,0.0,0
2021-06-15,64.60967943449519,65.10697346607493,64.15583656285526,64.90901947021484,3255000,0.0,0
2021-06-16,64.70623936011893,64.81245821695013,62.95846104041486,63.335052490234375,5428800,0.0,0
2021-06-17,63.50886735354793,63.537842161615515,60.1871373039239,61.35553741455078,5696100,0.0,0
2021-06-18,60.39957034064648,60.882380661009044,59.75260627946485,59.84916687011719,8745300,0.0,0
2021-06-21,60.969282685176296,61.75047158902652,60.631316956409314,60.94031524658203,5260000,0.0,0
2021-06-22,61.27828408092238,61.625908095871765,60.525101170898964,61.31690979003906,4019100,0.0,0
2021-06-23,61.799718914506926,62.06043323715325,60.93065889385156,60.97894287109375,3254400,0.0,0
2021-06-24,61.58727926552174,61.63556324124574,60.602345834264874,60.94031524658203,4253700,0.0,0
2021-06-25,61.0755062173718,61.674189990005665,60.94031991550775,61.114131927490234,4259700,0.0,0
2021-06-28,61.12378725394395,61.12378725394395,60.03263487295362,60.73754119873047,2727000,0.0,0
2021-06-29,61.104474280095054,61.61625573549695,60.42854276389529,60.814788818359375,2652900,0.0,0
2021-06-30,60.68925594281442,61.432784279995616,60.59269535192873,61.10447311401367,3356500,0.0,0
2021-07-01,62.012157819937826,62.20527899842049,61.2396583718057,61.31690979003906,3324700,0.0,0
2021-07-02,61.15275646372275,61.57762821621831,60.6409750233538,61.32656478881836,3172800,0.0,0
2021-07-06,61.220351617415325,61.26863191394181,59.29393573911905,59.80088806152344,3727000,0.0,0
2021-07-07,59.57879176140454,60.34163291951671,58.9936266502157,60.10988235473633,3424300,0.0,0
2021-07-08,58.90285896062202,59.88779245412076,58.56489321049763,59.298763275146484,4251300,0.0,0
2021-07-09,60.09057427947322,61.48106672808503,59.965042560086225,60.911354064941406,5063200,0.0,0
2021-07-12,60.40922981835441,61.413472505300525,59.84433893273101,61.046539306640625,3100400,0.0,0
2021-07-13,61.239662730796276,61.50038076056602,60.17748143933493,60.54441833496094,3074500,0.0,0
2021-07-14,60.776162563649656,61.45692689200584,60.03263421893707,60.1774787902832,2571700,0.0,0
2021-07-15,59.67535158055989,60.56372443665144,59.56913272654946,59.78157043457031,2745800,0.0,0
2021-07-16,59.1925432685035,59.59810584434429,57.74411233852274,57.94689178466797,6961300,0.0,0
2021-07-19,56.1411807614295,56.46949191082296,55.09348330069974,55.80321502685547,7815400,0.0,0
2021-07-20,56.14118544051007,57.15508641228589,55.64678665311308,56.60468292236328,6771700,0.0,0
2021-07-21,57.473741847700815,57.98551961629342,57.02472809562696,57.67652130126953,7428300,0.0,0
2021-07-22,56.54674414792853,58.79663824981351,56.005995281204314,58.400733947753906,7111300,0.0,0
2021-07-23,58.748359653648734,59.17323140749786,57.74411330795037,58.04345703125,4690500,0.0,0
2021-07-26,58.13036463890743,59.9071068058515,58.13036463890743,59.878135681152344,6534300,0.0,0
2021-07-27,59.395322629425095,60.27403724501058,58.76767143746423,59.82019805908203,3568500,0.0,0
2021-07-28,59.70432459952086,60.15816378532229,58.960796281379814,59.74294662475586,4113600,0.0,0
2021-07-29,60.293353926936774,60.76650968085049,59.878136739895325,60.447853088378906,3708600,0.0,0
2021-07-30,60.34163632041709,61.0513644072916,59.54499854374516,60.022979736328125,4646800,0.0,0
2021-08-02,60.158163762105275,61.403815243323834,59.08632428680327,59.11529541015625,3714500,0.0,0
2021-08-03,59.04770022647443,60.129194249919635,58.08690509256376,60.09056854248047,4819700,0.0,0
2021-08-04,59.61741534490285,60.0615999210566,58.88354165220958,58.8931999206543,3340100,0.0,0
2021-08-05,59.18288960232883,59.67535450540939,58.80629814405245,58.90285873413086,3037100,0.0,0
2021-08-06,59.49188542513425,60.225755456298494,59.43394686337777,59.86847686767578,3142800,0.0,0
2021-08-09,59.598107225346034,60.08574299758276,59.25048320472749,59.69466781616211,3178100,0.0,0
2021-08-10,59.88779282434382,61.38450408686934,59.81054140466616,60.949974060058594,3560000,0.0,0
2021-08-11,61.23965881290082,62.08940968538686,61.04653763302715,62.03146743774414,3583600,0.0,0
2021-08-12,62.14734533012182,62.39840876072542,61.126685074066366,61.80937957763672,3581400,0.0,0
2021-08-13,61.77075394088787,61.896281972787826,61.17206648784779,61.5003776550293,2385600,0.0,0
2021-08-16,61.02722348165586,61.40864406583781,60.00366430574164,61.143096923828125,3163400,0.0,0
2021-08-17,60.5347531469467,60.71339428124793,59.038041976922194,60.16781997680664,3974300,0.0,0
2021-08-18,59.781572878310214,60.66994577071651,59.588448016174034,59.75260543823242,4574000,0.0,0
2021-08-19,58.94148228316586,59.27944801960306,58.08208053889676,58.468326568603516,3981600,0.0,0
2021-08-20,58.33314103692948,59.00907620219426,58.246235034487576,58.79663848876953,3203600,0.0,0
2021-08-23,59.385669419424104,60.27403864100885,59.347043709733356,59.92641830444336,3439900,0.0,0
2021-08-24,60.31266730258388,61.345881144302346,60.31266730258388,61.08516311645508,2896000,0.0,0
2021-08-25,61.12378325908476,61.97353041869842,60.66028581299102,61.67418670654297,3246700,0.0,0
2021-08-26,61.645220436664474,62.34046477721855,61.28794183918875,61.461753845214844,3618500,0.0,0
2021-08-27,61.983191078687426,63.59095032417936,61.91559792874636,63.13227462768555,5348700,0.0,0
2021-08-30,63.444624851232476,63.76477904852676,62.41975088678037,62.449031829833984,3925000,0.7,0
2021-08-31,62.17573071943338,62.35142381786324,61.1898968089752,61.394874572753906,5450000,0.0,0
2021-09-01,61.32654906173173,61.492479361658546,60.330956091923554,61.043487548828125,3949200,0.0,0
2021-09-02,61.258223767179146,61.84386869152969,60.92635942707196,61.12157440185547,3414600,0.0,0
2021-09-03,60.955638716273704,61.32166536542257,60.19430075412145,60.6335334777832,3690400,0.0,0
2021-09-07,60.49688333452381,60.80922577317891,60.16501902802582,60.3895149230957,2514300,0.0,0
2021-09-08,60.35047902416926,60.62377774576597,59.06206172263209,59.237754821777344,4629000,0.0,0
2021-09-09,58.80828162060089,59.72578708055906,58.63258853116402,58.837562561035156,4439100,0.0,0
2021-09-10,59.39392459189137,59.96980668639812,58.896129972159095,58.964454650878906,4093300,0.0,0
2021-09-13,59.803874780682825,60.116217224556586,58.7741195061124,59.26703643798828,4549200,0.0,0
2021-09-14,59.774598062528014,59.8331599477563,58.097705585483794,58.2226448059082,4493600,0.0,0
2021-09-15,58.320246793800855,59.21823039652446,58.24215932047758,58.75947952270508,5167600,0.0,0
2021-09-16,58.7009133061467,58.876606395877964,57.65651756353067,58.04694747924805,4650700,0.0,0
2021-09-17,57.3929768831578,57.75412212839568,56.09480432537082,56.36810302734375,9622900,0.0,0
2021-09-20,54.91375803712868,55.76294256863901,53.98649347779408,54.83567428588867,7683900,0.0,0
2021-09-21,55.23586195453531,55.49940159002714,53.8888828364934,54.20122528076172,6156400,0.0,0
2021-09-22,54.913760826118846,55.61653324005032,54.90888315126693,54.95280456542969,6823800,0.0,0
2021-09-23,55.41155647131482,56.656044882522444,55.24562244910436,56.055763244628906,7814100,0.0,0
2021-09-24,55.83126679775276,55.96791615388439,55.38227499234434,55.450599670410156,7964900,0.0,0
2021-09-27,55.51892692501277,58.9351758805085,55.51892692501277,58.26168441772461,12374000,0.0,0
2021-09-28,58.71068095778772,59.193835132801816,57.72484701460156,58.03718948364258,6681800,0.0,0
2021-09-29,58.0371872023456,58.17383656175271,57.36369947808951,57.41250228881836,4578800,0.0,0
2021-09-30,57.510105032896945,57.75412279774817,56.172888724068606,56.18265151977539,4929000,0.0,0
2021-10-01,56.29002104428931,57.59795652518795,55.88007295136176,57.17824935913086,6925300,0.0,0
2021-10-04,57.17824646194132,57.588194534097035,56.2997809881566,56.84638214111328,5652900,0.0,0
2021-10-05,56.86590255921959,58.022548192029404,56.70973132690659,57.6858024597168,5646200,0.0,0
2021-10-06,56.9635109688067,57.168485009702714,54.952803127888586,55.7922248840332,8699100,0.0,0
2021-10-07,56.50475366596026,58.04694774432944,56.407148048292996,57.10991668701172,7235900,0.0,0
2021-10-08,57.402739343170765,57.87125299670635,57.00255036472898,57.30513000488281,4260200,0.0,0
2021-10-11,57.832209429043395,58.34952589151486,56.8170946483991,56.83661651611328,4139000,0.0,0
2021-10-12,56.63164757212773,56.97327097924296,56.12409013625948,56.35834884643555,5443800,0.0,0
2021-10-13,56.53403650518905,56.66092679115044,55.29442948083871,55.5482063293457,7689800,0.0,0
2021-10-14,56.05576474233705,57.37345926550817,55.77270322380179,57.33441925048828,6430400,0.0,0
2021-10-15,58.04695073086319,58.30072758390437,57.43202488235749,57.54915237426758,4288200,0.0,0
2021-10-18,56.3193017213168,57.968860496147315,56.22169237985556,57.539390563964844,4660100,0.0,0
2021-10-19,57.676041687310814,57.85173478391326,57.139203324765916,57.77364730834961,3650600,0.0,0
2021-10-20,57.74436627754869,59.15771905105886,57.530608701842475,58.4568977355957,5875300,0.0,0
2021-10-21,58.63259129075121,59.70626802258494,56.57308065252095,57.84197235107422,8916600,0.0,0
2021-10-22,58.212878075327964,58.7497164196638,56.98303016424195,57.0025520324707,5889500,0.0,0
2021-10-25,57.82245018927014,58.11038935953466,57.20752439001039,57.30513000488281,6293200,0.0,0
2021-10-26,57.30513000488281,58.33000385470537,56.787813543911014,57.30513000488281,6875200,0.0,0
2021-10-27,57.178245961106896,57.178245961106896,54.56237515476719,54.65998077392578,11512700,0.0,0
2021-10-28,54.90400046569382,55.499404444268315,54.86495672729841,55.21634292602539,5974400,0.0,0
2021-10-29,54.786870380487976,55.29442778535459,54.328115784597536,54.630699157714844,5894900,0.0,0
2021-11-01,54.66973930429793,56.59260051466121,54.66973930429793,56.065521240234375,7562000,0.0,0
2021-11-02,56.260736293882374,57.33441671284835,55.870310097053014,57.07087707519531,5929500,0.0,0
2021-11-03,57.09039979450886,58.159195108047705,56.69996986844429,57.63699722290039,6234300,0.0,0
2021-11-04,57.58819477603316,57.60283524675512,55.4359562179266,55.80198287963867,9047900,0.0,0
2021-11-05,55.87031140466696,57.33929572936977,55.87031140466696,56.91470718383789,4979100,0.0,0
2021-11-08,57.51986992406419,58.25192324528671,56.900062693649645,57.16848373413086,4894100,0.0,0
2021-11-09,57.139202898415434,57.705322198364655,56.997672142574196,57.38322067260742,4447800,0.0,0
2021-11-10,57.43202271563719,57.87125544799904,57.0903993256978,57.35393524169922,5103900,0.0,0
2021-11-11,57.66628144622299,58.54474318802132,57.607715840736816,58.251922607421875,4140400,0.0,0
2021-11-12,58.35929360074577,59.101106019265266,58.03718834146482,58.622833251953125,3499400,0.0,0
2021-11-15,59.052302385051675,59.364644843595215,58.34952999162081,58.48617935180664,3470400,0.0,0
2021-11-16,58.53498523535208,58.55450710422096,57.43202384646315,57.45154571533203,4004700,0.0,0
2021-11-17,57.2758531269316,57.568673715730334,56.77805477489954,56.94398880004883,3342400,0.0,0
2021-11-18,56.95374703957708,56.97326890833348,56.29001839552247,56.59260177612305,3801500,0.0,0
2021-11-19,56.07528681537668,56.14361149617962,54.68926388319722,55.967918395996094,7424300,0.0,0
2021-11-22,56.18265367039273,57.8712562209914,56.03624151651125,57.38322067260742,5309200,0.0,0
2021-11-23,57.920060543367825,58.29096861238,57.42226590932229,57.76388931274414,5279400,0.0,0
2021-11-24,57.490586598071445,57.94933746175312,57.188003230753914,57.227046966552734,3307100,0.0,0
2021-11-26,55.284667565981266,56.387628972639966,54.64046077659268,56.22169494628906,4317500,0.0,0
2021-11-29,57.20977778636393,57.68405527211879,55.70789719686232,56.18217468261719,4564300,0.7,0
2021-11-30,55.589323951959706,55.8165854432514,53.76137927445005,54.27518081665039,10398200,0.0,0
2021-12-01,54.828505277612166,55.13480735480241,52.07176396756648,52.131046295166016,9113300,0.0,0
2021-12-02,51.87414935049005,52.83752490216734,51.44927506379587,52.546043395996094,7333300,0.0,0
2021-12-03,52.36818599966561,53.178410462650966,52.10140422245499,52.43735122680664,6969100,0.0,0
2021-12-06,53.71197506924274,54.065705270804386,53.19817353668576,53.23769760131836,6066400,0.0,0
2021-12-07,53.800904286368144,54.71981809176722,53.62304975827656,54.206016540527344,5806900,0.0,0
2021-12-08,54.65064997147487,54.81862158955746,54.126965546792604,54.25541687011719,5013700,0.0,0
2021-12-09,53.59340570945731,53.929352714528186,53.08454186694148,53.741615295410156,5607700,0.0,0
2021-12-10,54.492558431999264,54.60124395600078,53.63786843737594,54.028160095214844,3628600,0.0,0
2021-12-13,53.81078140452051,53.99851882671507,52.4343895896896,52.68437194824219,5398800,0.0,0
2021-12-14,52.61520677563286,53.85030552623457,52.5045424100394,53.23769760131836,4048700,0.0,0
2021-12-15,53.1487703499335,53.42543126396624,52.22985657778506,53.395790100097656,4955200,0.0,0
2021-12-16,53.78114031755951,54.70005408988362,53.623047828193116,53.94911193847656,5605900,0.0,0
2021-12-17,53.87994859708519,54.01334137763585,52.743659967848004,53.455074310302734,10400000,0.0,0
2021-12-20,52.466992413105004,52.95115277252678,51.84450536856268,52.87210464477539,6251000,0.0,0
2021-12-21,53.524237665780895,54.15661139245934,53.25745965247215,53.55388259887695,4422000,0.0,0
2021-12-22,53.47483350542359,53.73173615177208,53.000556045882746,53.58352279663086,3729600,0.0,0
2021-12-23,53.85030747954633,55.03896568578204,53.70209411640908,54.4826774597168,6240200,0.0,0
2021-12-27,54.650650043232325,55.22373389480903,54.512315819119955,55.20397186279297,3249000,0.0,0
2021-12-28,55.34230240719571,56.320502262850354,55.243496016177836,55.95491409301758,4748100,0.0,0
2021-12-29,55.99443726883595,56.429194457816386,55.88575174081325,56.379791259765625,3580900,0.0,0
2021-12-30,56.51812168149718,57.14061253031338,56.04878187729529,56.103126525878906,3678700,0.0,0
2021-12-31,56.162410740777176,56.31161163530911,55.6239057235762,56.04384231567383,3093900,0.0,0
2022-01-03,56.51811880876602,57.20977485349237,56.113006574875506,56.19205093383789,5231900,0.0,0
2022-01-04,56.56752401133476,58.00023934712571,56.41931065034102,57.71369552612305,9068000,0.0,0
2022-01-05,58.08916466868865,58.87962710605463,57.61982488737414,57.6544075012207,6706300,0.0,0
2022-01-06,57.792742712898,58.158330889694646,56.55764395553691,57.54572296142578,5820800,0.0,0
2022-01-07,57.93107508052055,58.80552337110324,57.73345851898329,58.395469665527344,4633100,0.0,0
2022-01-10,58.138568865941,58.593084304104316,57.29376176808669,57.70381546020508,5544300,0.0,0
2022-01-11,58.34606649182937,58.761061648153266,57.713696510023816,58.474517822265625,5720400,0.0,0
2022-01-12,58.805523374511814,59.42307277358754,58.18797397543608,58.55356216430664,3742400,0.0,0
2022-01-13,58.59308625594002,59.50903745488932,58.501196382852775,59.22545623779297,4482600,0.0,0
2022-01-14,58.99819857214382,60.10484981075314,58.58320718458213,60.01592254638672,6795300,0.0,0
2022-01-18,60.035678857228426,60.42004153096632,58.859866194832016,59.482357025146484,4796900,0.0,0
2022-01-19,60.03567882673292,60.19377131713635,58.68201164207712,59.12664794921875,4351100,0.0,0
2022-01-20,59.185934915785325,59.33414450752762,57.08132554388812,57.120849609375,5765700,0.0,0
2022-01-21,56.99239725494521,57.08132451607829,55.865987793407655,56.04384231567383,6189500,0.0,0
2022-01-24,55.03600312216382,56.14265058837073,53.949113919783855,55.94503402709961,8872700,0.0,0
2022-01-25,55.22373681686281,56.77502060459507,53.98765048340355,56.49835968017578,5644100,0.0,0
2022-01-26,56.745379451904334,57.55560396149836,55.9746790084423,56.53788375854492,6126000,0.0,0
2022-01-27,58.039764433478325,60.55936523013269,58.039764433478325,59.46259689331055,11664200,0.0,0
2022-01-28,59.98627565229331,60.37162586221714,58.36582668275601,59.32426452636719,6971900,0.0,0
2022-01-31,58.79070187173075,59.33414458056615,57.585244257453354,59.01795959472656,8056100,0.0,0
2022-02-01,59.087124942495144,61.25102041959651,58.98831854768184,61.07316589355469,6659400,0.0,0
2022-02-02,60.974356658852976,61.74506087318825,60.39138987443564,60.92495346069336,5463400,0.0,0
2022-02-03,60.76685998371914,61.700594359979966,60.42597151424469,60.480316162109375,5363800,0.0,0
2022-02-04,60.47043603095704,60.98423756731761,59.8183040365806,59.877586364746094,4995100,0.0,0
2022-02-07,60.203653248899215,60.37162486821434,59.017957705347996,59.1958122253418,6214400,0.0,0
2022-02-08,59.66021253910092,60.440792103642934,59.66021253910092,60.36174774169922,5595500,0.0,0
2022-02-09,60.75697902694689,61.48815537207253,60.51983840982204,61.25101852416992,5515900,0.0,0
2022-02-10,61.15220827121824,61.71541299566766,59.98627475798768,60.22341537475586,6537200,0.0,0
2022-02-11,60.075203920055735,61.171972240039686,59.63056760530247,60.36174774169922,6042100,0.0,0
2022-02-14,60.371624965544264,60.63840674596506,59.40824945504327,60.1048469543457,4472000,0.0,0
2022-02-15,60.09496693128602,61.27077963235773,59.986277633774215,61.1225700378418,4076800,0.0,0
2022-02-16,60.91507247101056,62.16005036508779,60.88542753764094,61.33994674682617,5613600,0.0,0
2022-02-17,60.62852951058666,61.36464732802212,59.902290824932514,60.440792083740234,3927800,0.0,0
2022-02-18,60.02579878683939,60.58900351095591,59.47247319418885,59.867706298828125,5078900,0.0,0
2022-02-22,60.19377326268156,60.312345461233264,59.225456256510405,59.5811653137207,5664000,0.0,0
2022-02-23,60.14436910993273,60.460554095940545,59.16123153685288,59.25510025024414,5155100,0.0,0
2022-02-24,58.187972079612834,58.26702020934581,56.83430489632496,58.02000045776367,8108500,0.0,0
2022-02-25,58.41999816894531,60.14500045776367,58.31999969482422,59.650001525878906,5445200,0.7,0
2022-02-28,58.31999969482422,59.18000030517578,58.0099983215332,58.959999084472656,6438200,0.0,0
2022-03-01,59.119998931884766,59.30500030517578,56.27000045776367,57.130001068115234,7668100,0.0,0
2022-03-02,57.54999923706055,59.790000915527344,57.5099983215332,59.20000076293945,6499800,0.0,0
2022-03-03,59.290000915527344,59.939998626708984,58.7400016784668,59.66999816894531,4514800,0.0,0
2022-03-04,58.400001525878906,58.875,57.83000183105469,58.83000183105469,5869500,0.0,0
2022-03-07,58.75,59.11000061035156,57.64500045776367,57.97999954223633,6987800,0.0,0
2022-03-08,58.11000061035156,59.220001220703125,57.619998931884766,57.84000015258789,6583400,0.0,0
2022-03-09,59.25,60.900001525878906,58.939998626708984,59.79999923706055,7484700,0.0,0
2022-03-10,59.2400016784668,61.040000915527344,59.22999954223633,60.630001068115234,5421000,0.0,0
2022-03-11,61.060001373291016,62.4900016784668,60.869998931884766,60.90999984741211,6140000,0.0,0
2022-03-14,61.369998931884766,62.029998779296875,59.77000045776367,60.279998779296875,5836200,0.0,0
2022-03-15,59.869998931884766,60.26499938964844,57.619998931884766,58.869998931884766,8354400,0.0,0
2022-03-16,59.15999984741211,60.150001525878906,58.720001220703125,59.63999938964844,6154800,0.0,0
2022-03-17,59.380001068115234,62.880001068115234,59.13999938964844,62.84000015258789,9420600,0.0,0
2022-03-18,62.22999954223633,63.43000030517578,61.80500030517578,62.38999938964844,9510800,0.0,0
2022-03-21,63.119998931884766,63.720001220703125,62.529998779296875,63.34000015258789,4836500,0.0,0
2022-03-22,64.0,64.52999877929688,63.2400016784668,63.54999923706055,5136700,0.0,0
2022-03-23,63.400001525878906,63.84000015258789,63.02000045776367,63.29999923706055,2936100,0.0,0
2022-03-24,63.7599983215332,64.19999694824219,63.40999984741211,64.08999633789062,3611400,0.0,0
2022-03-25,64.08999633789062,64.7300033569336,63.84000015258789,64.69999694824219,3962900,0.0,0
2022-03-28,64.30000305175781,64.55000305175781,63.040000915527344,64.11000061035156,3879300,0.0,0
2022-03-29,63.95000076293945,64.31999969482422,62.81999969482422,64.19000244140625,4225600,0.0,0
2022-03-30,64.4800033569336,64.94000244140625,64.02999877929688,64.26000213623047,3145900,0.0,0
2022-03-31,64.1500015258789,64.78500366210938,63.709999084472656,63.720001220703125,4302100,0.0,0
2022-04-01,64.29000091552734,64.93000030517578,63.439998626708984,64.18000030517578,3317100,0.0,0
2022-04-04,64.51000213623047,64.51000213623047,63.31999969482422,64.01000213623047,3650000,0.0,0
2022-04-05,64.0,64.63999938964844,63.40999984741211,63.4900016784668,3432500,0.0,0
2022-04-06,63.209999084472656,63.290000915527344,61.290000915527344,61.66999816894531,4977000,0.0,0
2022-04-07,61.79999923706055,61.79999923706055,60.029998779296875,61.25,4644800,0.0,0
2022-04-08,61.77000045776367,62.279998779296875,61.31999969482422,61.68000030517578,3913900,0.0,0
