,2021,2020,2019,2018,2017,2016,2015,2014,2013,2012,2011,2010
period,FY,FY,FY,FY,FY,FY,FY,FY,FY,FY,FY,FY
revenuePerShare,54.587221095334684,32.81581685744017,27.771751412429378,25.170817182231346,14.187853376609274,9.708113055778991,6.311953011653484,5.134910454111244,3.3720970348598653,0.7699298549590587,0.4069019043605605,0.4603624151297494
netIncomePerShare,5.5973630831643,0.7180020811654526,-0.9740112994350283,-1.14480691980648,-2.3665826083808925,-0.9360025517987407,-1.3863481068938082,-0.4720766137124417,-0.12395474832734611,-0.7381773467847861,-0.5068512861716716,-0.6085692695311448
operatingCashFlowPerShare,11.660243407707911,6.184183142559833,2.7175141242937855,2.460404046327518,-0.07318379806706161,-0.171731894710565,-0.8182384050170824,-0.09205365528645854,0.4320747607204763,-0.4957307473753831,-0.22784211567792687,-0.5040271261447199
freeCashFlowPerShare,3.532454361054767,2.8106139438085327,1.0937853107344633,-0.2600369447295118,-4.997656825009955,-2.1694449837738885,-3.3686666354659054,-1.6491888290400007,-0.010433675819160784,-0.9414321512077429,-0.6221011773074521,-0.6625616133600056
cashPerShare,17.95841784989858,20.170655567117585,7.082485875706214,4.322671749010409,4.063651829775939,4.705871910797992,1.8672220402177813,3.0595923675274737,1.4166503378802724,0.3761376445053051,0.5584825361271571,0.39259200751633994
bookValuePerShare,30.61764705882353,23.12695109261186,7.477966101694915,5.774218443043542,5.112564099470312,6.591561035142707,1.69879409057581,1.4637361225947838,1.1172574337846777,0.23232633746006018,0.44635450672467847,0.8164626647004074
tangibleBookValuePerShare,29.713995943204868,23.47034339229969,7.830508474576271,6.34157924058056,5.80707899467899,7.158823121515547,1.69879409057581,1.4637361225947838,1.0939282035822846,0.20574388210416492,0.44635450672467847,0.8164626647004074
shareholdersEquityPerShare,30.61764705882353,23.12695109261186,7.477966101694915,5.774218443043542,5.112564099470312,6.591561035142707,1.69879409057581,1.4637361225947838,1.1172574337846777,0.23232633746006018,0.44635450672467847,0.8164626647004074
interestDebtPerShare,9.37525354969574,14.596253902185223,16.25875706214689,14.98659082246005,13.09560926169476,10.233922281086178,4.421829612642548,4.1706116092572225,1.049994557071202,0.8513446795033023,0.552573511302031,0.2882549183133142
marketCap,834501076336,762582357869,113423372655,52653005955.25,57322432388.79,36143852838.94,24512223682.019997,25363063422.865,21834936237.105,4027734480,2968497259.5499997,1217746431.02
enterpriseValue,825798076336,756477357869,120859372655,61082258955.25,64336769388.79,39931098838.94,26030901682.019997,25954192422.865,21583070237.105,4282545480,2990549259.5499997,1190295431.02
peRatio,151.20512345279943,1105.1918229985508,-131.58163881090488,-53.94272250768627,-29.225263785454267,-53.55327173379127,-27.583261238534742,-86.25718753525031,-295.01089303516903,-10.165578817454247,-11.668116785634268,-7.89063832240423
priceToSalesRatio,15.504544085911228,24.181327938514713,4.614833292171861,2.4533967869582542,4.874874243768747,5.163310183142261,6.058347064593026,7.9300313732633265,10.84429084393761,9.746342412451362,14.534215585188157,10.430912346844377
pocfratio,72.58424600643646,128.31606223607605,47.161485511434506,25.09913040184441,-945.072582002671,-291.8852032959969,-46.73454798201712,-442.3507233176658,84.63350402375637,-15.137249484179629,-25.95657077008499,-9.527265004029198
pfcfRatio,239.59261450933104,282.3333424172529,117.17290563533058,-237.4816473260597,-13.839285773660988,-23.105448340433423,-11.351672972743172,-24.690927007857116,-3504.8051744951845,-7.970834637815673,-9.506492216582334,-7.247627847994286
pbRatio,27.64255445148895,34.31191711446569,17.138617808250228,10.694781052905576,13.528241339246142,7.604571774842827,22.510086544413667,27.81922258488445,32.73014785511602,32.299394386527666,13.249558167109285,5.88146918115606
ptbRatio,27.64255445148895,34.31191711446569,17.138617808250228,10.694781052905576,13.528241339246142,7.604571774842827,22.510086544413667,27.81922258488445,32.73014785511602,32.299394386527666,13.249558167109285,5.88146918115606
evToSales,15.342847413484941,23.98773965845383,4.917380285417853,2.8461626291256414,5.471394826609561,5.704335123814809,6.433697686499712,8.114854138458947,10.719201943835499,10.362936000929206,14.642185542395785,10.195773924313027
enterpriseValueOverEBITDA,86.03855765117733,186.6923390594768,57.91057626018208,37.1125121016765,362.64863697685564,80.23238992499392,-77.89415285044421,538.6810656247276,319.3186997840689,-11.669124845367005,-12.62048134516374,-8.35060636326645
evToOperatingCashFlow,71.827265924676,127.2888032759549,50.253377403326404,29.117266050489988,-1060.717667240248,-322.46968673687104,-49.630031100192745,-452.66045350933956,83.65725651412436,-16.09489396086154,-26.149393686387324,-9.312497015420483
evToFreeCashFlow,237.09390649899512,280.0730684446501,124.85472381714877,-275.5002343345481,-15.532748702752386,-25.526496732685548,-12.054976607310813,-25.266390734295996,-3464.3772451211876,-8.475102323528771,-9.57711285323128,-7.0842484883942385
earningsYield,0.006613532512422852,0.0009048203028564312,-0.007599844545461951,-0.018538181862391364,-0.03421697088317509,-0.018672995460873323,-0.036253871192104235,-0.011593236790746681,-0.003389705341764405,-0.09837118160778066,-0.08570363310308957,-0.12673245929428256
freeCashFlowYield,0.004173751357269214,0.0035419125188626385,0.008534396194903909,-0.0042108517068984745,-0.0722580642061172,-0.04327983535597741,-0.08809274213599429,-0.04050070698770367,-0.0002853225643687984,-0.12545737622704464,-0.10519127110372879,-0.1379761793752615
debtToEquity,0.22909006591804962,0.48868391451068616,1.757932910244787,1.910056440439767,2.2227640054544913,1.2578152631092818,1.9123297433109507,2.0452929111230547,0.8785810648758844,3.2196872493985564,1.1976835010823719,0.34691472508790233
debtToAssets,0.5008127987639021,0.5575093963335123,0.7823603136203329,0.8063982942078536,0.8173261195143444,0.7556447481026802,0.8654372094517613,0.8441321803424062,0.7239804214437323,0.8880809270240507,0.685968704096164,0.4637201423531789
netDebtToEBITDA,-0.9067514065430298,-1.5066633761105628,3.5630091039770004,5.121466679871459,39.53788442460318,7.609602706889588,-4.544450196449251,12.268923434548888,-3.7263245106597034,-0.694311685622265,-0.09306212018906145,0.19258453767363548
currentRatio,1.3752854605430094,1.8751403705783267,1.1346207931002157,0.8312845221482174,0.8561306219029613,1.0742733187975642,0.9912274160823841,1.5179900397026147,1.8750207358255822,0.973400506021057,1.948572951672163,2.7568047683047974
interestCoverage,17.5822102425876,2.665775401069519,0.11678832116788321,-0.3813166312506504,-3.4632463252691195,-3.3566721995875457,-6.029642156986479,-1.8504946176872905,-1.860782170401409,-1552.2952755905512,-5848.558139534884,-148.02217741935485
incomeQuality,2.083167240442109,8.61304347826087,-2.7900232018561484,-2.149186909827055,0.030923829917405936,0.18347374628471183,0.5902113624624857,0.19499727928173038,-3.4857459399573054,0.6715604990245146,0.4495245881663922,0.8282165258410658
dividendYield,,,,,,,,,,,,
payoutRatio,0.0,0.0,0.0,0.0,0.0,0.0,0.0,0.0,0.0,0.0,0.0,0.0
salesGeneralAndAdministrativeToRevenue,0.0,0.09972729578893963,0.10765725445520384,0.13207472177319626,0.21060910295659802,0.2045945705023848,0.22793531923307445,0.18874071554261002,0.14182744837834294,0.3638713049538301,0.5096992783071063,0.7244312341533612
researchAndDdevelopementToRevenue,0.04817643015067908,0.047279299847793,0.05464236308894133,0.06804677151415285,0.11719552527304983,0.11919889510654942,0.17743340686229075,0.14529339448141482,0.11521055914687688,0.662974040304315,1.0232028671869644,0.7965805523196053
intangiblesToTotalAssets,0.027635157972670646,0.009971619237554652,0.01565186977178,0.011790704479217517,0.014717624325379548,0.01659652923860651,0.0,0.0,0.005763509907196319,0.012804829342239064,0.0,0.0
capexToOperatingCashFlow,-0.6970514047142733,-0.5455157327948847,-0.5975051975051975,-1.1056887160942739,67.28911530978996,11.632743541496742,3.1169744842220863,16.91551703088756,-1.0241478483995752,0.8990796035793611,1.7304046727991327,0.3145356251515839
capexToRevenue,-0.14889545361648365,-0.10280314561136479,-0.05846692163723655,-0.10807916848156408,-0.34709077520223025,-0.2057776910492545,-0.4040632472612008,-0.303244854544022,-0.13122648368807288,-0.5788857270069884,-0.9689290155795576,-0.3443688754882478
capexToDepreciation,-2.753005839917554,-1.396210163652024,-0.6671309192200557,-1.2201236158964783,-2.494710584271545,-1.5209297021747463,-3.8686433659102204,-4.1817825129025445,-2.490728957514399,-8.299323503902862,-11.696672380164312,-3.7845241457215475
stockBasedCompensationToRevenue,0.03940694498634413,0.05498477929984779,0.03653674017413947,0.03490119968680322,0.039694692063808476,0.047745528227182005,0.048936672413047375,0.048930137858324715,0.04009791924096199,0.12134125094372496,0.14403991343602196,0.1812170218597958
grahamNumber,62.09675486818364,19.3291742671255,12.801622096299615,12.195622890061214,16.499526321863808,11.782132822952356,7.279436747312506,3.943019252142996,1.7652225611765833,1.9643588994697778,2.2561683239495496,3.343600898397419
roic,0.1537500589261302,0.05261213720316623,0.0033838084764402335,-0.012803660295253906,-0.07778986613507975,-0.03963515982085008,-0.135823301149732,-0.04988903245116025,-0.03518432399226075,-0.6856129832145385,-0.48167719767328276,-0.4886179484022535
returnOnTangibleAssets,0.09135299764955143,0.01336484078407066,-0.025524102807059103,-0.03321284252186782,-0.06947033702676521,-0.03028159051640998,-0.10981370312611986,-0.05026968410143452,-0.0308006658343737,-0.36021917917815993,-0.35659361298931386,-0.3997285550737926
grahamNetNet,-9.224898580121703,-6.476586888657648,-20.11864406779661,-21.14395719102771,-22.36340417958711,-17.092461792361245,-7.864097673983245,-3.829140343413099,-1.167151087329699,-1.1797343244930087,-0.35239134957415325,-0.20447253932120993
workingCapital,7395000000,12469000000,1436000000,-1685828000,-1104150000,432791000,-24706000,1091491000,590779000,-14340000,181499000,150321000
tangibleAssetValue,29298000000,22555000000,6930000000,5406989000,4812849000,5161941000,,,653190000,110432000,,
netCurrentAssetValue,-4016000000,-2356000000,-14739000000,-15675666000,-16850264000,-10866194000,-4211948000,-1738884000,-483871000,-464722000,-116565000,56852000
investedCapital,0.2939150021531021,0.5974803149606299,2.070716228467815,2.460750160006321,2.4502379141904096,1.5107503590957205,2.49377929443571,2.7386361891390902,0.8904290082743734,3.6623977546110664,1.2377781249302595,0.34826223870793244
averageReceivables,1899500000,1886000000,1605000000,1417511000,1200690500,1192571000,1027482500,1056302000,967554500,956421000,947769500,946355000
averagePayables,8038000000,6051000000,4911000000,4727725500,4220625000,3955670500,3483574000,3414473000,3177484500,3177191000,3053570500,3039975500
averageInventory,4929000000,4101000000,3826500000,3607223000,3182268500,3084227000,2689419000,2527337500,2220677500,2184752000,2075541000,2073091000
daysSalesOutstanding,12.972985526633597,21.828703703703702,19.662299617544146,16.1403804285935,15.9977930479181,26.026199220243274,15.242670275146594,25.86030448142733,8.902319647021896,23.707653367404223,17.0471058841962,20.97880833276228
daysPayablesOutstanding,90.98453390357311,88.67802939050831,67.11273099614803,71.33629915231124,91.48669227278104,125.72489920614716,107.09100528354965,122.56750054495971,71.24727882900065,288.98123380368435,143.6515664542542,122.85485914919838
daysOfInventoryOnHand,52.249173235199045,60.100578173934,63.21517382612512,65.23862885691902,86.63675890264783,139.72193579744024,149.36992277396286,150.2540807231022,79.77579156375985,255.75880309716615,128.1480157311405,191.73183123481334
receivablesTurnover,28.135389440669105,16.721102863202546,18.563444108761328,22.61408903060203,22.815647064986873,14.024329749850743,23.94593554878229,14.114296305449153,41.00054979738948,15.395872140675062,21.411259041828284,17.398509687034277
payablesTurnover,4.011670822942643,4.116013882002974,5.438610448156988,5.116609697128847,3.9896512917058886,2.9031639898276715,3.408316123595751,2.977950911759942,5.123002674614845,1.2630577951229802,2.540870308687056,2.9709854581879727
inventoryTurnover,6.985756470383881,6.073152889539137,5.77393018018018,5.594844747588364,4.2129923213095255,2.6123313989089962,2.4435977017431005,2.429218549296144,4.575322824697742,1.4271258528737003,2.8482688391038695,1.9037005887300251
roe,0.1828149325913412,0.031046119235095614,-0.13025083106678756,-0.19826179613722095,-0.4628954400055508,-0.1420001342335255,-0.8160777781042918,-0.3225148347610534,-0.11094555702122556,-3.1773295910184443,-1.135535271931978,-0.7453730535914377
capexPerShare,-8.127789046653144,-3.3735691987513006,-1.623728813559322,-2.7204409910570297,-4.924473026942892,-1.9977130890633235,-2.550428230448823,-1.5571351737535422,-0.44250843653963706,-0.4457014038323599,-0.3942590616295252,-0.1585344872152857
