,2021,2020,2019,2018,2017,2016,2015,2014,2013,2012,2011,2010,2009,2008,2007,2006,2005,2004,2003,2002,2001,2000,1999,1998,1997,1996,1995,1994,1993,1992,1991,1990,1989,1988,1987,1986,1985
reportedCurrency,USD,USD,USD,USD,USD,USD,USD,USD,USD,USD,USD,USD,USD,USD,USD,USD,USD,USD,USD,USD,USD,USD,USD,USD,USD,USD,USD,USD,USD,USD,USD,USD,USD,USD,USD,USD,USD
cik,0000711404,0000711404,0000711404,0000711404,0000711404,0000711404,0000711404,0000711404,0000711404,0000711404,0000711404,0000711404,0000711404,0000711404,0000711404,0000711404,0000711404,0000711404,0000711404,0000711404,0000711404,0000711404,0000711404,0000711404,0000711404,0000711404,0000711404,0000711404,0000711404,0000711404,0000711404,0000711404,0000711404,0000711404,0000711404,0000711404,0000711404
fillingDate,2021-12-10,2020-12-11,2019-12-20,2018-12-21,2017-12-22,2016-12-22,2015-12-18,2014-12-19,2013-12-20,2012-12-20,2011-12-16,2010-12-17,2009-12-21,2008-12-19,2007-12-26,2006-12-26,2006-01-17,2004-10-31,2003-10-31,2002-10-31,2001-10-31,2000-10-31,2000-01-28,1998-10-31,1997-10-31,1997-01-27,1995-10-31,1995-01-26,1993-10-31,1992-10-31,1991-10-31,1990-10-31,1989-10-31,1988-10-31,1987-10-31,1986-10-31,1985-10-31
acceptedDate,2021-12-10 16:17:53,2020-12-11 16:37:31,2019-12-20 08:32:37,2018-12-21 16:36:20,2017-12-22 16:08:35,2016-12-22 16:09:33,2015-12-18 16:24:23,2014-12-19 16:17:09,2013-12-20 16:09:34,2012-12-19 19:21:01,2011-12-16 16:17:25,2010-12-17 16:08:16,2009-12-18 19:01:51,2008-12-19 16:17:14,2007-12-26 06:08:08,2006-12-22 17:43:35,2006-01-17 17:07:56,2004-10-31,2003-10-31,2002-10-31,2001-10-31,2000-10-31,2000-01-28,1998-10-31,1997-10-31,1997-01-27 00:00:00,1995-10-31,1995-01-26 00:00:00,1993-10-31,1992-10-31,1991-10-31,1990-10-31,1989-10-31,1988-10-31,1987-10-31,1986-10-31,1985-10-31
calendarYear,2021,2020,2019,2018,2017,2016,2015,2014,2013,2012,2011,2010,2009,2008,2007,2006,2005,2004,2003,2002,2001,2000,1999,1998,1997,1996,1995,1994,1993,1992,1991,1990,1989,1988,1987,1986,1985
period,FY,FY,FY,FY,FY,FY,FY,FY,FY,FY,FY,FY,FY,FY,FY,FY,FY,FY,FY,FY,FY,FY,FY,FY,FY,FY,FY,FY,FY,FY,FY,FY,FY,FY,FY,FY,FY
cashAndCashEquivalents,95900000,115900000,89000000,77700000,88800000,100817000,16426000,25222000,77393000,12840000,5175000.0,3573000.0,3932000.0,1944000.0,3226000.0,8224000.0,30826000,39368000,47433000,10255000,12928000,14608000,20900000,7300000.0,18200000,6800000.0,11200000,10300000,10100000,38100000,76700000,172800000,196900000,55300000,28500000,39400000,125200000
shortTermInvestments,0.0,0.0,0.0,0.0,0.0,0.0,0.0,0.0,0.0,0.0,0.0,0.0,0.0,0.0,0.0,0.0,0.0,1829000.0,5746000.0,2750000.0,7982000.0,0.0,0.0,0.0,0.0,0.0,0.0,0.0,0.0,0.0,0.0,0.0,0.0,0.0,0.0,0.0,0.0
cashAndShortTermInvestments,95900000,115900000,89000000,77700000,88800000,100817000,16426000,25222000,77393000,12840000,5175000.0,3573000.0,3932000.0,1944000.0,3226000.0,8224000.0,30826000,41197000,53179000,13005000,20910000,14608000,20900000,7300000.0,18200000,6800000.0,11200000,10300000,10100000,38100000,76700000,172800000,196900000,55300000,28500000,39400000,125200000
netReceivables,515300000,435400000,435300000,374700000,316600000,291370000,282918000,276280000,229537000,234297000,214779000,197490000,170941000,159158000,164493000,146584000,152610000,99269000,84607000,74545000,55318000,33058000,26800000,24400000,27500000,21700000,17700000,18300000,14300000,27600000,17300000,14800000,39200000,227000000,301700000,167400000,119500000
inventory,585600000,570400000,506900000,468800000,454100000,417696000,419692000,381474000,338917000,320199000,253584000,227902000,260846000,283454000,267914000,236512000,185693000,107607000,89718000,76279000,51153000,38219000,33400000,30300000,15100000,10400000,9600000.0,11700000,15000000,14900000,10900000,8300000.0,6700000.0,157600000,254000000,129500000,98100000
otherCurrentAssets,268500000,152500000,132200000,169700000,93700000,124575000,122782000,108641000,101394000,90524000,66809000,62375000,68159000,81476000,81889000,65631000,74585000,56425000,36720000,35081000,27824000,26800000,19400000,54100000,7800000.0,3600000.0,2700000.0,3200000.0,12500000,39600000,69000000,1200000.0,34000000,347300000,21800000,10100000,6000000.0
totalCurrentAssets,1465300000,1274200000,1163400000,1090900000,953200000,934458000,841818000,791617000,747241000,657860000,540347000,491340000,503878000,526032000,517522000,456951000,443714000,304498000,264224000,198910000,155205000,112685000,100500000,116100000,68600000,42500000,41200000,43500000,51900000,120200000,173900000,197100000,276800000,787200000,606000000,346400000,348800000
propertyPlantEquipmentNet,1604600000,1542100000,1132100000,976000000,910100000,877700000,967100000,937325000,739867000,640255000,609205000,593887000,602568000,602654000,604530000,496357000,379785000,151065000,116277000,87944000,61028000,47933000,40300000,34200000,39500000,34700000,34100000,34800000,39900000,39700000,3600000.0,3100000.0,3600000.0,129800000,195100000,84900000,58100000
goodwill,2574000000,2447300000,2428900000,2392100000,2354800000,2164748000,2197077000,2220921000,1387611000,1370247000,1276567000,1261976000,1257029000,1251699000,1253686000,1217084000,0.0,0.0,0.0,0.0,0.0,0.0,0.0,0.0,0.0,0.0,0.0,0.0,0.0,0.0,0.0,0.0,0.0,0.0,0.0,0.0,0.0
intangibleAssets,1271500000,1289000000,1405300000,1521300000,504700000,441100000,411100000,453605000,198769000,214783000,128341000,114177000,114700000,130587000,145833000,147160000,1320462000,342368000,298522000,253617000,145622000,110854000,80500000,84300000,36700000,21500000,14900000,15300000,16300000,10100000,8800000.0,6200000.0,0.0,151400000,468300000,297200000,125700000
goodwillAndIntangibleAssets,3845500000,3736300000,3834200000,3913400000,2859500000,2605848000,2608177000,2674526000,1586380000,1585030000,1404908000,1376153000,1371729000,1382286000,1399519000,1364244000,1320462000,342368000,298522000,253617000,145622000,110854000,80500000,84300000,36700000,21500000,14900000,15300000,16300000,10100000,8800000.0,6200000.0,0.0,151400000,468300000,297200000,125700000
longTermInvestments,0.0,0.0,0.0,0.0,0.0,0.0,0.0,0.0,0.0,0.0,0.0,0.0,0.0,0.0,0.0,0.0,0.0,0.0,0.0,0.0,0.0,0.0,0.0,0.0,0.0,0.0,0.0,0.0,0.0,0.0,0.0,0.0,0.0,0.0,0.0,0.0,0.0
taxAssets,2546600000,80100000,78000000,58400000,60300000,6107000.0,4510000.0,15732000,16279000,14434000,21828000,23072000,27781000,25645000,20015000,21479000,19716000,10315000,22367000,26806000,31246000,0.0,0.0,0.0,0.0,0.0,0.0,0.0,0.0,0.0,0.0,0.0,0.0,0.0,0.0,0.0,0.0
otherNonCurrentAssets,144200000,104800000,66800000,74100000,75600000,51805000,39005000,39140000,47494000,43805000,48230000,40566000,45951000,50999000,18685000,13570000,16153000,3315000.0,4174000.0,3838000.0,3748000.0,51093000,64600000,61400000,30500000,4200000.0,1800000.0,1500000.0,1400000.0,3900000.0,1300000.0,11000000,7600000.0,69200000,88400000,122900000,13000000
totalNonCurrentAssets,8140900000,5463300000,5111100000,5021900000,3905500000,3541460000,3618792000,3666723000,2390020000,2283524000,2084171000,2033678000,2048029000,2061584000,2042749000,1895650000,1736116000,507063000,441340000,372205000,241644000,209880000,185400000,179900000,106700000,60400000,50800000,51600000,57600000,53700000,13700000,20300000,11200000,350400000,751800000,505000000,196800000
otherAssets,0.0,0.0,0.0,0.0,0.0,0.0,0.0,0.0,0.0,0.0,0.0,0.0,0.0,0.0,0.0,0.0,0.0,0.0,0.0,0.0,0.0,0.0,0.0,0.0,0.0,0.0,0.0,0.0,0.0,0.0,0.0,0.0,0.0,0.0,0.0,0.0,0.0
totalAssets,9606200000,6737500000,6274500000,6112800000,4858700000,4475918000,4460610000,4458340000,3137261000,2941384000,2624518000,2525018000,2551907000,2587616000,2560271000,2352601000,2179830000,811561000,705564000,571115000,396849000,322565000,285900000,296000000,175300000,102900000,92000000,95100000,109500000,173900000,187600000,217400000,288000000,1137600000,1357800000,851400000,545600000
accountPayables,161400000,176000000,150100000,146400000,142100000,107386000,116912000,116353000,108172000,85056000,61755000,51792000,36878000,63636000,61377000,66080000,36042000,21684000,16227000,15212000,11149000,7733000.0,6300000.0,8400000.0,7900000.0,9200000.0,5800000.0,6600000.0,4300000.0,14600000,21400000,0.0,5800000.0,0.0,0.0,0.0,0.0
shortTermDebt,118600000,442600000,563700000,37100000,23400000,226300000,244193000,101518000,42987000,25284000,52979000,19159000,9844000.0,43013000,46514000,61366000,72260000,20871000,20658000,36333000,8249000.0,8094000.0,4900000.0,11600000,400000.0,800000.0,3200000.0,1400000.0,5800000.0,5200000.0,1100000.0,1500000.0,1400000.0,352300000,307300000,83000000,36700000
taxPayables,0.0,0.0,0.0,0.0,0.0,0.0,14740000,4034000.0,2518000.0,3640000.0,2828000.0,4494000.0,4400000.0,0.0,0.0,0.0,0.0,0.0,0.0,0.0,0.0,0.0,0.0,0.0,0.0,0.0,0.0,0.0,0.0,0.0,0.0,0.0,0.0,0.0,0.0,0.0,0.0
deferredRevenue,0.0,0.0,0.0,0.0,0.0,0.0,0.0,0.0,0.0,0.0,0.0,0.0,0.0,0.0,0.0,0.0,0.0,0.0,0.0,0.0,0.0,0.0,0.0,0.0,0.0,0.0,0.0,0.0,0.0,0.0,0.0,0.0,0.0,0.0,0.0,0.0,0.0
otherCurrentLiabilities,452100000,385800000,396800000,353000000,230600000,202769000,208067000,224311000,170094000,152212000,152472000,128569000,128692000,148758000,178589000,149184000,149320000,73954000,81429000,75136000,48575000,49448000,30700000,26700000,25300000,23300000,30600000,34300000,27500000,34100000,29200000,43700000,57200000,284700000,319000000,168500000,73800000
totalCurrentLiabilities,732100000,1004400000,1110600000,536500000,396100000,536455000,569172000,442182000,321253000,262552000,267206000,199520000,175414000,255407000,286480000,276630000,257622000,116509000,118314000,126681000,67973000,65275000,41900000,46700000,33600000,33300000,39600000,42300000,37600000,53900000,51700000,45200000,64400000,637000000,626300000,251500000,110500000
longTermDebt,1627800000,1383900000,1262600000,1985700000,1149300000,1107400000,1105764000,1280833000,301670000,348422000,327453000,591977000,771630000,861781000,830116000,681286000,632652000,144865000,165203000,127318000,60553000,40257000,57100000,78700000,9100000.0,47900000,43500000,46200000,48100000,58600000,48700000,70900000,102900000,337100000,371000000,361400000,224300000
deferredRevenueNonCurrent,0.0,0.0,0.0,0.0,0.0,0.0,0.0,0.0,0.0,0.0,0.0,0.0,0.0,0.0,0.0,0.0,0.0,0.0,0.0,0.0,0.0,0.0,0.0,0.0,0.0,0.0,0.0,0.0,0.0,0.0,0.0,0.0,0.0,0.0,0.0,0.0,0.0
deferredTaxLiabilitiesNonCurrent,24100000,25800000,28000000,31000000,38800000,37532000,31016000,69525000,24883000,30971000,20127000,20202000,16456000,15196000,10678000,9494000.0,9118000.0,6026000.0,0.0,0.0,0.0,0.0,0.0,0.0,0.0,0.0,0.0,0.0,23400000,15100000,15600000,15800000,19000000,37900000,36200000,17700000,6800000.0
otherNonCurrentLiabilities,280200000,498600000,244700000,251800000,98700000,94496000,80754000,77360000,65961000,86281000,72244000,46543000,48065000,38156000,9408000.0,6682000.0,7213000.0,0.0,0.0,5674000.0,12039000,18595000,22800000,25300000,21100000,6400000.0,10600000,10300000,-100000.0,0.0,-100000.0,0.0,0.0,77800000,66900000,-200000.0,-100000.0
totalNonCurrentLiabilities,1932100000,1908300000,1535300000,2268500000,1286800000,1239428000,1217534000,1427718000,392514000,465674000,419824000,658722000,836151000,915133000,850202000,697462000,648983000,150891000,165203000,132992000,72592000,58852000,79900000,104000000,30200000,54300000,54100000,56500000,71400000,73700000,64200000,86700000,121900000,452800000,474100000,378900000,231000000
otherLiabilities,0.0,0.0,0.0,0.0,0.0,0.0,0.0,0.0,0.0,0.0,0.0,0.0,0.0,0.0,0.0,0.0,0.0,0.0,0.0,0.0,0.0,0.0,0.0,0.0,0.0,0.0,0.0,0.0,0.0,0.0,0.0,0.0,0.0,0.0,0.0,0.0,0.0
capitalLeaseObligations,267400000,270100000,0.0,0.0,0.0,0.0,0.0,0.0,0.0,0.0,0.0,0.0,0.0,0.0,0.0,0.0,0.0,0.0,0.0,0.0,0,0,0,0,0,0,0,0,0,0,0,0,0,0,0,0,0
totalLiabilities,2664200000,2912700000,2645900000,2805000000,1682900000,1775883000,1786706000,1869900000,713767000,728226000,687030000,858242000,1011565000,1170540000,1136682000,974092000,906605000,267400000,283517000,259673000,140565000,124127000,121800000,150700000,63800000,87600000,93700000,98800000,109000000,127600000,115900000,131900000,186300000,1089800000,1100400000,630400000,341500000
preferredStock,0.0,0.0,0.0,0.0,0.0,0.0,0.0,0.0,0.0,0.0,0.0,0.0,0.0,0.0,0.0,0.0,0.0,0.0,0.0,0.0,0,0,0,0,0,0,0,0,0,0,0,0,0,0,0,0,0
commonStock,5400000.0,5300000.0,5300000.0,5300000.0,5200000.0,5208000.0,5156000.0,5099000.0,5034000.0,4945000.0,4802000.0,4614000.0,4557000.0,4548000.0,4525000.0,4497000.0,4490000.0,3334000.0,3268000.0,3153000.0,1588000.0,1519000.0,1500000.0,0.0,0.0,0.0,0.0,0.0,0.0,0.0,0.0,0.0,0.0,0.0,0.0,0.0,0.0
retainedEarnings,6202100000,3261800000,3026400000,2576000000,2434200000,2050443000,1779440000,1578823000,1311851000,1018618000,773136000,600522000,500078000,402242000,334127000,348000000,284437000,195021000,104139000,37236000,-10112000,-46210000,-74000000,-98600000,-138400000,-169800000,-186400000,-186600000,-181700000,-134900000,-110100000,-90700000,-99200000,-62400000,158200000,116800000,116500000
accumulatedOtherComprehensiveIncomeLoss,-341300000,-472000000,-447100000,-430700000,-375300000,-489600000,-191643000,-106182000,-15762000,-31261000,-18110000,-17334000,-12920000,-25240000,71882000,38711000,14114000,26971000,14119000,-4474000.0,-24294000,-19283000,-13900000,-10800000,-17100000,-14600000,-12500000,-10700000,-8400000.0,-6300000.0,-5900000.0,-6700000.0,-7700000.0,-60800000,-78800000,-54100000,-31600000
othertotalStockholdersEquity,1075600000,1029500000,1043800000,1157000000,1111600000,1133816000,1074556000,1092138000,1103412000,1200449000,1177660000,1078974000,1048627000,1035526000,1013055000,987301000,970184000,318835000,300521000,275527000,289102000,262412000,250500000,254700000,267000000,199700000,197200000,193600000,190600000,187500000,187700000,182900000,208600000,171000000,178000000,158300000,119200000
totalStockholdersEquity,6941800000,3824600000,3628400000,3307600000,3175700000,2699867000,2667509000,2569878000,2404535000,2192751000,1937488000,1666776000,1540342000,1417076000,1423589000,1378509000,1273225000,544161000,422047000,311442000,256284000,198438000,164100000,145300000,111500000,15300000,-1700000.0,-3700000.0,500000.0,46300000,71700000,85500000,101700000,47800000,257400000,221000000,204100000
totalLiabilitiesAndStockholdersEquity,9606000000,6737300000,6274300000,6112600000,4858600000,4475750000,4454215000,4439778000,3118302000,2920977000,2624518000,2525018000,2551907000,2587616000,2560271000,2352601000,2179830000,811561000,705564000,571115000,396849000,322565000,285900000,296000000,175300000,102900000,92000000,95100000,109500000,173900000,187600000,217400000,288000000,1137600000,1357800000,851400000,545600000
minorityInterest,200000,200000,200000,200000,100000,168000,6395000,18562000,18959000,20407000,0,0,0,0,0,0,0,0,0,0,0,0,0,0,0,0,0,0,0,0,0,0,0,0,0,0,0
totalEquity,6942000000,3824800000,3628600000,3307800000,3175800000,2700035000,2673904000,2588440000,2423494000,2213158000,1937488000,1666776000,1540342000,1417076000,1423589000,1378509000,1273225000,544161000,422047000,311442000,256284000,198438000,164100000,145300000,111500000,15300000,-1700000,-3700000,500000,46300000,71700000,85500000,101700000,47800000,257400000,221000000,204100000
totalLiabilitiesAndTotalEquity,9606200000,6737500000,6274500000,6112800000,4858700000,4475918000,4460610000,4458340000,3137261000,2941384000,2624518000,2525018000,2551907000,2587616000,2560271000,2352601000,2179830000,811561000,705564000,571115000,396849000,322565000,285900000,296000000,175300000,102900000,92000000,95100000,109500000,173900000,187600000,217400000,288000000,1137600000,1357800000,851400000,545600000
totalInvestments,0.0,0.0,0.0,0.0,0.0,0.0,0.0,0.0,0.0,0.0,0.0,0.0,0.0,0.0,0.0,0.0,0.0,0.0,0.0,0.0,0.0,0.0,0.0,0.0,0.0,0.0,0.0,0.0,0.0,0.0,0.0,0.0,0.0,0.0,0.0,0.0,0.0
totalDebt,1746400000,1826500000,1826300000,2022800000,1172700000,1333700000,1349957000,1382351000,344657000,373706000,380432000,611136000,781474000,904794000,876630000,742652000,704912000,165736000,185861000,163651000,68802000,48351000,62000000,90300000,9500000.0,48700000,46700000,47600000,53900000,63800000,49800000,72400000,104300000,689400000,678300000,444400000,261000000
netDebt,1650500000,1710600000,1737300000,1945100000,1083900000,1232883000,1333531000,1357129000,267264000,360866000,375257000,607563000,777542000,902850000,873404000,734428000,674086000,126368000,138428000,153396000,55874000,33743000,41100000,83000000,-8700000.0,41900000,35500000,37300000,43800000,25700000,-26900000,-100400000,-92600000,634100000,649800000,405000000,135800000
link,https://www.sec.gov/Archives/edgar/data/711404/000071140421000038/0000711404-21-000038-index.htm,https://www.sec.gov/Archives/edgar/data/711404/000071140420000042/0000711404-20-000042-index.htm,https://www.sec.gov/Archives/edgar/data/711404/000071140419000051/0000711404-19-000051-index.html,https://www.sec.gov/Archives/edgar/data/711404/000071140418000047/0000711404-18-000047-index.html,https://www.sec.gov/Archives/edgar/data/711404/000071140417000044/0000711404-17-000044-index.html,https://www.sec.gov/Archives/edgar/data/711404/000071140416000042/0000711404-16-000042-index.html,https://www.sec.gov/Archives/edgar/data/711404/000071140415000021/0000711404-15-000021-index.html,https://www.sec.gov/Archives/edgar/data/711404/000071140414000017/0000711404-14-000017-index.html,https://www.sec.gov/Archives/edgar/data/711404/000071140413000012/0000711404-13-000012-index.html,https://www.sec.gov/Archives/edgar/data/711404/000071140412000011/0000711404-12-000011-index.html,https://www.sec.gov/Archives/edgar/data/711404/000119312511343993/0001193125-11-343993-index.html,https://www.sec.gov/Archives/edgar/data/711404/000119312510283357/0001193125-10-283357-index.html,https://www.sec.gov/Archives/edgar/data/711404/000119312509256112/0001193125-09-256112-index.html,https://www.sec.gov/Archives/edgar/data/711404/000119312508257120/0001193125-08-257120-index.html,https://www.sec.gov/Archives/edgar/data/711404/000119312507270797/0001193125-07-270797-index.html,https://www.sec.gov/Archives/edgar/data/711404/000119312506259322/d10k.htm,https://www.sec.gov/Archives/edgar/data/711404/000119312506007300/d10k.htm,,,,,,https://www.sec.gov/Archives/edgar/data/711404/0000950117-00-000158-index.html,,,https://www.sec.gov/Archives/edgar/data/711404/000095011797000110/0000950117-97-000110-index.html,,https://www.sec.gov/Archives/edgar/data/711404/000095011795000007/0000950117-95-000007-index.html,,,,,,,,,
finalLink,https://www.sec.gov/Archives/edgar/data/711404/000071140421000038/coo-20211031.htm,https://www.sec.gov/Archives/edgar/data/711404/000071140420000042/coo20201031-10k.htm,https://www.sec.gov/Archives/edgar/data/711404/000071140419000051/coo20191031-10k.htm,https://www.sec.gov/Archives/edgar/data/711404/000071140418000047/coo_20181031-10k.htm,https://www.sec.gov/Archives/edgar/data/711404/000071140417000044/coo_20171031-10k.htm,https://www.sec.gov/Archives/edgar/data/711404/000071140416000042/coo_20161031-10k.htm,https://www.sec.gov/Archives/edgar/data/711404/000071140415000021/coo_20151031-10k.htm,https://www.sec.gov/Archives/edgar/data/711404/000071140414000017/coo_20141031-10k.htm,https://www.sec.gov/Archives/edgar/data/711404/000071140413000012/coo_20131031-10k.htm,https://www.sec.gov/Archives/edgar/data/711404/000071140412000011/coo_20121031-10k.htm,https://www.sec.gov/Archives/edgar/data/711404/000119312511343993/d238160d10k.htm,https://www.sec.gov/Archives/edgar/data/711404/000119312510283357/d10k.htm,https://www.sec.gov/Archives/edgar/data/711404/000119312509256112/d10k.htm,https://www.sec.gov/Archives/edgar/data/711404/000119312508257120/d10k.htm,https://www.sec.gov/Archives/edgar/data/711404/000119312507270797/d10k.htm,https://www.sec.gov/Archives/edgar/data/711404/000119312506259322/d10k.htm,https://www.sec.gov/Archives/edgar/data/711404/000119312506007300/d10k.htm,,,,,,https://www.sec.gov/Archives/edgar/data/711404/000095011700000158/,,,https://www.sec.gov/Archives/edgar/data/711404/0000950117-97-000110.txt,,https://www.sec.gov/Archives/edgar/data/711404/0000950117-95-000007.txt,,,,,,,,,
