,2021,2020,2019,2018,2017,2016,2015,2014,2013,2012,2011,2010,2009,2008,2007,2006,2005,2004,2003,2002,2001,2000,1999,1998,1997,1996,1995,1994,1993,1992,1991,1990,1989
reportedCurrency,USD,USD,USD,USD,USD,USD,USD,USD,USD,USD,USD,USD,USD,USD,USD,USD,USD,USD,USD,USD,USD,USD,USD,USD,USD,USD,USD,USD,USD,USD,USD,USD,USD
cik,0000047111,0000047111,0000047111,0000047111,0000047111,0000047111,0000047111,0000047111,0000047111,0000047111,0000047111,0000047111,0000047111,0000047111,0000047111,0000047111,0000047111,0000047111,0000047111,0000047111,0000047111,0000047111,0000047111,0000047111,0000047111,0000047111,0000047111,0000047111,0000047111,0000047111,0000047111,0000047111,0000047111
fillingDate,2022-02-18,2021-02-17,2020-02-20,2019-02-22,2018-02-27,2017-02-21,2016-02-26,2015-02-20,2014-02-21,2013-02-22,2012-02-17,2011-02-18,2010-02-19,2009-02-20,2008-02-19,2007-02-23,2005-12-31,2004-12-31,2003-12-31,2002-12-31,2002-03-15,2001-03-15,1999-12-31,1998-12-31,1997-12-31,1997-03-17,1996-03-13,1995-03-10,1993-12-31,1992-12-31,1991-12-31,1990-12-31,1989-12-31
acceptedDate,2022-02-18 16:03:10,2021-02-17 16:04:27,2020-02-20 16:07:04,2019-02-22 15:14:49,2018-02-27 12:01:21,2017-02-21 16:47:38,2016-02-26 10:50:49,2015-02-20 10:54:51,2014-02-21 09:10:06,2013-02-22 15:22:52,2012-02-17 14:19:50,2011-02-18 08:41:33,2010-02-19 09:15:03,2009-02-20 09:10:32,2008-02-19 08:56:06,2007-02-23 11:22:42,2005-12-31,2004-12-31,2003-12-31,2002-12-31,2002-03-15 00:00:00,2001-03-15 00:00:00,1999-12-31,1998-12-31,1997-12-31,1997-03-17 00:00:00,1996-03-13 00:00:00,1995-03-10 00:00:00,1993-12-31,1992-12-31,1991-12-31,1990-12-31,1989-12-31
calendarYear,2021,2020,2019,2018,2017,2016,2015,2014,2013,2012,2011,2010,2009,2008,2007,2006,2005,2004,2003,2002,2001,2000,1999,1998,1997,1996,1995,1994,1993,1992,1991,1990,1989
period,FY,FY,FY,FY,FY,FY,FY,FY,FY,FY,FY,FY,FY,FY,FY,FY,FY,FY,FY,FY,FY,FY,FY,FY,FY,FY,FY,FY,FY,FY,FY,FY,FY
netIncome,1477512000,1278708000,1149692000,1177562000,782981000,720044000,512951000,846912000,820470000,660931000,628962000,509799000,435994000,311405000,214154000,559061000,493244000,590879000,457584000,403578000,207156000,334543000,460300000,340900000,336300000,273200000,281900000,184200000,193300000,242600000,219500000,215900000,171100000
depreciationAndAmortization,315002000,294907000,291544000,295144000,261853000,301837000,244928000,211532000,201033000,210037000,215763000,197116000,182411000,249491000,310925000,199911000,218032000,189665000,180567000,177908000,190494000,175964000,163300000,158200000,152800000,133500000,133900000,129000000,113100000,97100000,85400000,73900000,65700000
deferredIncomeTax,13374000,26880000,-15072000,36255000,18582000,-38097000,-38537000,18796000,7457000.0,13785000,33611000,-18654000,-40578000,-17125000,-124276000,4173000.0,71038000,-81931000,38895000,137817000,-49342000,-16400000,-8300000.0,82200000,16900000,22900000,26400000,-2300000.0,11000000,21400000,20700000,-8300000.0,3400000.0
stockBasedCompensation,66711000,57584000,51899000,49286000,51061000,54785000,51533000,54068000,53967000,50482000,28341000,32055000,34927000,23583000,0.0,0.0,0.0,0.0,0.0,0.0,0.0,0.0,0.0,0.0,0.0,0.0,0.0,0.0,0.0,0.0,0.0,0.0,0.0
changeInWorkingCapital,46306000,977851000,287694000,-104752000,18032000,276649000,-680714000,-767912000,436937000,-230408000,166411000,231566000,400073000,266929000,-156470000,73557000,-6342000.0,-648700000,-171013000,155675000,32650000,-38753000,248000000,80100000,70200000,111000000,-94600000,152500000,0.0,0.0,0.0,0.0,20300000
accountsReceivables,-14642000,-55537000,40252000,8585000.0,-6881000.0,21096000,-24440000,-67464000,-16529000,-50470000,-9438000.0,20329000,46584000,31675000,0.0,0.0,0.0,0.0,0.0,0.0,0.0,0.0,0.0,0.0,0.0,0.0,0.0,0.0,0.0,0.0,0.0,0.0,0.0
inventory,21457000,-151918000,-21194000,-12746000,-71404000,13965000,52049000,-88497000,-26279000,26598000,-115331000,-13910000,74000000,7681000.0,45348000,-12461000,-51204000,-40043000,9095000.0,8843000.0,94405000,28029000,-136500000,12300000,-33500000,-41000000,28100000,7700000.0,32300000,-20300000,-43900000,-61400000,-1100000.0
accountsPayables,39732000,41470000,41101000,-100252000,-52960000,-72295000,-1017000.0,-13847000,13417000,21739000,7860000.0,90434000,37228000,26435000,0.0,0.0,0.0,0.0,0.0,0.0,0.0,0.0,0.0,0.0,0.0,0.0,0.0,0.0,0.0,0.0,0.0,0.0,0.0
otherWorkingCapital,20822000,1086160000,108309000,-179385000,-74633000,-92665000,-369314000,311400000,1079312000,642375000,872783000,706372000,474806000,74733000,-192196000,-35726000,-109283000,-102941000,545759000,716772000,561097000,528447000,567200000,319200000,239100000,168900000,57900000,152500000,0.0,0.0,0.0,0.0,0.0
otherNonCashItems,163979000,-936273000,-1884000.0,146498000,117006000,-331743000,1124295000,474825000,-331459000,390000000,-492221000,-50459000,52922000,-314722000,534503000,-113509000,-314210000,747537000,86910000,-249635000,325447000,-43145000,-535600000,-271700000,-99300000,-76900000,147300000,-126100000,61500000,-64900000,21700000,-69700000,5100000.0
netCashProvidedByOperatingActivities,2082884000,1699657000,1763873000,1599993000,1249515000,983475000,1214456000,838221000,1188405000,1094827000,580867000,901423000,1065749000,519561000,778836000,723193000,461762000,797450000,592943000,625343000,706405000,412209000,327700000,389700000,476900000,463700000,494900000,337300000,378900000,296200000,347300000,211800000,265600000
investmentsInPropertyPlantAndEquipment,0.0,0.0,0.0,0.0,0.0,0.0,0.0,0.0,0.0,0.0,0.0,0.0,0.0,0.0,-203892000,-198512000,-194305000,-195886000,-218650000,-132736000,-160105000,-138333000,-115400000,-161300000,-172900000,-596600000,-153100000,-138700000,-376400000,-249800000,-226100000,-179400000,-162000000
acquisitionsNet,-1729490000,-87211000,-482390000,-1224052000,-78598000,-329629000,-216966000,-396265000,0.0,-172856000,-5750000.0,0.0,-15220000,0.0,-100461000,-17000000,-47074000,-166859000,0.0,0.0,-17079000,-135000000,0.0,0.0,0.0,0.0,0.0,0.0,0.0,0.0,0.0,0.0,0.0
purchasesOfInvestments,0.0,0.0,0.0,0.0,0.0,0.0,0.0,-97131000,0.0,0.0,0.0,0.0,0.0,0.0,0.0,0.0,0.0,0.0,0.0,0.0,0.0,0.0,0.0,0.0,0.0,0.0,0.0,0.0,0.0,-179100000,0.0,0.0,0.0
salesMaturitiesOfInvestments,0.0,0.0,0.0,0.0,0.0,0.0,95316000,0.0,0.0,0.0,0.0,0.0,0.0,0.0,0.0,0.0,0.0,0.0,0.0,0.0,0.0,0.0,0.0,0.0,0.0,0.0,0.0,0.0,259700000,0.0,0.0,78000000,0.0
otherInvestingActivites,-493338000,-444069000,-298090000,-278842000,-250066000,-265825000,-355605000,-369177000,-351580000,-300513000,-327255000,-199286000,-135106000,-198204000,0.0,0.0,2713000.0,0.0,1645000.0,164000.0,53197000,1520000.0,438100000,-33600000,21300000,158500000,8700000.0,-6300000.0,-1900000.0,6600000.0,-45600000,-107900000,-2300000.0
netCashUsedForInvestingActivites,-2222828000,-531280000,-780480000,-1502894000,-328664000,-595454000,-477255000,-862573000,-351580000,-473369000,-333005000,-199286000,-150326000,-198204000,-304353000,-215512000,-238666000,-362745000,-217005000,-132572000,-123987000,-271813000,322700000,-194900000,-151600000,-438100000,-144400000,-145000000,-118600000,-422300000,-271700000,-209300000,-164300000
debtRepayment,-439444000,-704467000,-6151000.0,-910844000,0.0,-500000000,-355446000,-1442000.0,-250761000,-99381000,-256189000,-71548000,-466299000,-376370000,0.0,0.0,0.0,0.0,0.0,0.0,0.0,0.0,0.0,0.0,0.0,0.0,0.0,0.0,0.0,0.0,0.0,0.0,0.0
commonStockIssued,0.0,0.0,0.0,0.0,0.0,0.0,0.0,0.0,0.0,0.0,0.0,0.0,0.0,0.0,50497000,37111000,81632000,79634000,55120000,86491000,30210000,24376000,18900000,19400000,14400000,22000000,15100000,0.0,0.0,0.0,47900000,0.0,0.0
commonStockRepurchased,-457946000,-211196000,-527211000,-247500000,-300312000,-592550000,-582623000,-576755000,-305564000,-510630000,-384515000,-169099000,-9314000.0,-60361000,-256285000,-621648000,-536997000,-616977000,-329433000,-84194000,-40322000,-99931000,-318000000,-16200000,-507700000,-66100000,-526100000,-39700000,-131800000,0.0,-47900000,0.0,0.0
dividendsPaid,-685987000,-640732000,-610312000,-562521000,-526272000,-499475000,-476132000,-440414000,-393801000,-341206000,-304083000,-273235000,-256081000,-262949000,-252263000,-235129000,-221235000,-205747000,-184686000,-167821000,-154750000,-144891000,-136700000,-129000000,-121500000,-114800000,-110100000,-107000000,-100500000,-91400000,-83400000,-87800000,-65600000
otherFinancingActivites,902241000,1057167000,62219000,1836973000,-17184000,1157582000,659039000,299309000,503537000,364345000,505969000,442782000,32773000,286228000,15625000,341943000,465850000,248429000,-99889000,-163651000,-315378000,-6059000.0,-135500000,-84200000,282300000,162300000,276200000,-34800000,-36200000,170500000,52200000,59500000,-53300000
netCashUsedProvidedByFinancingActivities,-681136000,-499228000,-1081455000,116108000,-843768000,-434443000,-755162000,-719302000,-446589000,-586872000,-438818000,-71100000,-698921000,-413452000,-442426000,-477723000,-210750000,-494661000,-558888000,-329175000,-480240000,-226505000,-571300000,-210000000,-332500000,3400000.0,-344900000,-181500000,-268500000,79100000,-31200000,-28300000,-118900000
effectOfForexChangesOnCash,-5075000.0,-6990000.0,3326000.0,-5388000.0,6129000.0,-3140000.0,-10364000,0.0,0.0,0.0,0.0,0.0,0.0,0.0,0.0,0.0,0.0,0.0,0.0,0.0,0.0,0.0,0.0,0.0,0.0,0.0,0.0,0.0,0.0,0.0,0.0,0.0,0.0
netChangeInCash,-814721000,650725000,-94736000,207819000,83212000,-49562000,-28325000,-743654000,390236000,34586000,-190956000,631037000,216502000,-92095000,32057000,29958000,12346000,-59956000,-182950000,163596000,102178000,-86109000,79100000,-210000000,-332500000,3400000.0,-344900000,-181500000,-268500000,79100000,-31200000,-28300000,-118900000
cashAtEndOfPeriod,329266000,1143987000,493262000,587998000,380179000,296967000,346529000,374854000,1118508000,728272000,693686000,884642000,253605000,37103000,129198000,97141000,67183000,54837000,114793000,297743000,134147000,31969000,118100000,0.0,0.0,0.0,0.0,0.0,0.0,0.0,0.0,0.0,0.0
cashAtBeginningOfPeriod,1143987000,493262000,587998000,380179000,296967000,346529000,374854000,1118508000,728272000,693686000,884642000,253605000,37103000,129198000,97141000,67183000,54837000,114793000,297743000,134147000,31969000,118078000,39000000,54200000,61400000,32300000,26700000,16000000,24100000,71100000,26600000,52500000,70100000
operatingCashFlow,2082884000,1699657000,1763873000,1599993000,1249515000,983475000,1214456000,838221000,1188405000,1094827000,580867000,901423000,1065749000,519561000,778836000,723193000,461762000,797450000,592943000,625343000,706405000,412209000,327700000,389700000,476900000,463700000,494900000,337300000,378900000,296200000,347300000,211800000,265600000
capitalExpenditure,-495877000,-441626000,-318192000,-328601000,-257675000,-269476000,-356810000,-370789000,-350911000,-277966000,-347567000,-201487000,-145470000,-282979000,-203892000,-198512000,-194305000,-195886000,-218650000,-132736000,-160105000,-138333000,-115400000,-161300000,-172900000,-596600000,-153100000,-138700000,-376400000,-249800000,-226100000,-179400000,-162000000
freeCashFlow,1587007000,1258031000,1445681000,1271392000,991840000,713999000,857646000,467432000,837494000,816861000,233300000,699936000,920279000,236582000,574944000,524681000,267457000,601564000,374293000,492607000,546300000,273876000,212300000,228400000,304000000,-132900000,341800000,198600000,2500000.0,46400000,121200000,32400000,103600000
link,https://www.sec.gov/Archives/edgar/data/47111/000004711122000017/0000047111-22-000017-index.htm,https://www.sec.gov/Archives/edgar/data/47111/000004711121000007/0000047111-21-000007-index.htm,https://www.sec.gov/Archives/edgar/data/47111/000004711120000007/0000047111-20-000007-index.html,https://www.sec.gov/Archives/edgar/data/47111/000004711119000010/0000047111-19-000010-index.html,https://www.sec.gov/Archives/edgar/data/47111/000004711118000011/0000047111-18-000011-index.html,https://www.sec.gov/Archives/edgar/data/47111/000004711117000005/0000047111-17-000005-index.html,https://www.sec.gov/Archives/edgar/data/47111/000004711116000095/0000047111-16-000095-index.html,https://www.sec.gov/Archives/edgar/data/47111/000004711115000010/a2014_formx10-k.htm,https://www.sec.gov/Archives/edgar/data/47111/000004711114000006/a2013_form10-kxdraftq4.htm,https://www.sec.gov/Archives/edgar/data/47111/000004711113000007/0000047111-13-000007-index.html,https://www.sec.gov/Archives/edgar/data/47111/000119312512067143/0001193125-12-067143-index.html,https://www.sec.gov/Archives/edgar/data/47111/000119312511039789/d10k.htm,https://www.sec.gov/Archives/edgar/data/47111/000119312510034780/0001193125-10-034780-index.html,https://www.sec.gov/Archives/edgar/data/47111/000119312509033670/0001193125-09-033670-index.html,https://www.sec.gov/Archives/edgar/data/47111/000119312508033182/d10k.htm,https://www.sec.gov/Archives/edgar/data/47111/000119312507037921/d10k.htm,,,,,https://www.sec.gov/Archives/edgar/data/47111/000004711102000069/form10k_2001.htm,https://www.sec.gov/Archives/edgar/data/47111/000004711101500079/0000047111-01-500079-index.html,,,,https://www.sec.gov/Archives/edgar/data/47111/000004711197000008/0000047111-97-000008-index.html,https://www.sec.gov/Archives/edgar/data/47111/000004711196000010/0000047111-96-000010-index.html,https://www.sec.gov/Archives/edgar/data/47111/000004711195000004/0000047111-95-000004-index.html,,,,,
finalLink,https://www.sec.gov/Archives/edgar/data/47111/000004711122000017/hsy-20211231.htm,https://www.sec.gov/Archives/edgar/data/47111/000004711121000007/hsy-20201231.htm,https://www.sec.gov/Archives/edgar/data/47111/000004711120000007/a2019form10-kq4.htm,https://www.sec.gov/Archives/edgar/data/47111/000004711119000010/a2018form10-kq4.htm,https://www.sec.gov/Archives/edgar/data/47111/000004711118000011/a2017_formx10-kq4.htm,https://www.sec.gov/Archives/edgar/data/47111/000004711117000005/a2016_formx10-kq4.htm,https://www.sec.gov/Archives/edgar/data/47111/000004711116000095/a2015_formx10-kq4.htm,https://www.sec.gov/Archives/edgar/data/47111/000004711115000010/a2014_formx10-k.htm,https://www.sec.gov/Archives/edgar/data/47111/000004711114000006/a2013_form10-kxdraftq4.htm,https://www.sec.gov/Archives/edgar/data/47111/000004711113000007/a2012_form10-kxdraft.htm,https://www.sec.gov/Archives/edgar/data/47111/000119312512067143/d251393d10k.htm,https://www.sec.gov/Archives/edgar/data/47111/000119312511039789/d10k.htm,https://www.sec.gov/Archives/edgar/data/47111/000119312510034780/d10k.htm,https://www.sec.gov/Archives/edgar/data/47111/000119312509033670/d10k.htm,https://www.sec.gov/Archives/edgar/data/47111/000119312508033182/d10k.htm,https://www.sec.gov/Archives/edgar/data/47111/000119312507037921/d10k.htm,,,,,https://www.sec.gov/Archives/edgar/data/47111/000004711102000069/form10k_2001.htm,https://www.sec.gov/Archives/edgar/data/47111/000004711101500079/ex12.txt,,,,https://www.sec.gov/Archives/edgar/data/47111/0000047111-97-000008.txt,https://www.sec.gov/Archives/edgar/data/47111/0000047111-96-000010.txt,https://www.sec.gov/Archives/edgar/data/47111/0000047111-95-000004.txt,,,,,
