,2021,2020,2019,2018,2017,2016,2015,2014,2013,2012,2011,2010,2009,2008,2007,2006,2005,2004,2003,2002,2001,2000,1999,1998,1997,1996,1995,1994,1993,1992,1991,1990,1989,1988,1987,1986,1985
period,FY,FY,FY,FY,FY,FY,FY,FY,FY,FY,FY,FY,FY,FY,FY,FY,FY,FY,FY,FY,FY,FY,FY,FY,FY,FY,FY,FY,FY,FY,FY,FY,FY,FY,FY,FY,FY
revenuePerShare,44.7632265450901,39.09750726806943,38.12872454703874,37.10156529027158,35.409201630191525,34.74463315883608,33.71487646685624,33.34801734402732,31.87709210620227,29.52528484331396,26.837977879191786,24.90124264512163,23.25558164541684,22.56300607509913,22.174917895981274,21.578899586760166,20.295160535876704,17.840556622879003,15.866461129584682,15.110013817337904,16.719299284959586,15.392911272063635,14.191028686044652,15.483613975756562,14.391837661007848,12.922878842155667,11.12839658861561,10.376433219122458,9.662603878116343,8.887110129726747,8.004417448923247,7.501657458563536,6.6878453038674035,5.9839911675407125,6.724014336917563,5.801069518716577,5.30904255319149
netIncomePerShare,7.372168092569609,6.13448087274402,5.488968990952711,5.607625016071965,3.689043322575326,3.3625075301556464,2.3412691530003515,3.8054054054054056,3.6599368353436588,2.9370011909205638,2.775967233663174,2.238513216826205,1.91355526783559,1.368897426654827,0.9600000014344817,2.4399999963338526,2.069999996558701,2.3800000037862237,1.7400000022815483,1.4799999991198727,0.7600000005869972,1.2199999989789057,1.645000001054258,1.1900000009774128,1.1250000012544603,0.8849999999190153,0.849999999547712,0.5299999997122693,0.5354570637119114,0.6696108197626277,0.6060187741579238,0.5964088397790055,0.4726519337016575,0.5903947005244272,0.40860215053763443,0.35508021390374334,0.29840425531914894
operatingCashFlowPerShare,10.392721660009366,8.153943947113401,8.421250387911485,7.619268261322996,5.887135150415793,4.59269446481024,5.543157865909599,3.7663543843094964,5.301214224537863,4.8651193586803885,2.563696628915939,3.9581232984982875,4.677517610656367,2.2839251646255154,3.4913312901800855,3.156347728331377,1.937879301949824,3.212046803185295,2.2547134981835644,2.293255924380463,2.5916111549492062,1.5032297180903371,1.1711199225406916,1.3603490770926892,1.5953389848297714,1.50210285491379,1.4922490236827337,0.9705157432299046,1.0526315789473684,0.8175545128346674,0.9588625069022639,0.5151933701657458,0.7337016574585635,0.5710736958321833,0.4984835952577888,0.5,0.5343085106382979
freeCashFlowPerShare,7.9185024338784515,6.035284917916391,6.902107851328448,6.054449434028753,4.673090061014394,3.334278202475962,3.9145651806783484,2.1002988025431915,3.735877167939476,3.629912547325761,1.0296856656103526,3.0733994906472293,4.0390572538348435,1.0399848781903063,2.57733332473242,2.289949823143525,1.122438365351835,2.4230380877940423,1.423279268623832,1.8064868738297013,2.0042286987616897,0.9987616531218609,0.7587084514964566,0.7972895283755972,1.0169491536763482,-0.430514275216827,1.0306136922504716,0.571433224445476,0.4664819944598338,0.12807065967430306,0.334621755935947,0.019613259668508288,0.2861878453038674,0.29036709908915265,0.2015439757375241,0.13689839572192514,0.2300531914893617
cashPerShare,1.642899887898051,5.488169597881465,2.354978396314244,2.8000838123175535,1.7912271196023464,1.3867954926472992,1.5816669785614197,2.1207566668913302,4.989419027906645,3.2362466449812475,3.061631078588011,3.884438394660578,1.1130593166406988,0.16310014682222201,0.5791630330758808,0.4239681173322174,0.28194729133816776,0.22087781120605934,0.4365096250347603,1.0918822129500327,0.4921494915848149,0.11658345853106068,0.42206061291442076,0.13613963050196273,0.18131132937255948,0.1988982430271872,0.09739269239230612,0.07682410419282079,0.0443213296398892,0.06651945901186862,0.19630038652678078,0.07348066298342541,0.14502762430939226,0.1934860612751863,0.0413564929693962,0.07379679144385026,0.29414893617021276
bookValuePerShare,13.757421704668126,10.719092714659912,8.303559237067628,6.660798217083427,4.312648118919173,3.669840617542811,4.5551711389331375,6.537988362427265,7.15881271857826,4.607036207540127,3.747217244697097,3.962044436638272,3.1620575391165047,1.3987630008000493,2.657924301439785,2.9827731097223213,4.285155656198905,4.387596723058936,4.8667935131474795,5.030305018590525,4.20878488034817,4.285081196737571,3.9261286142911316,3.6384188941588658,2.8528099942604928,3.7609260611492563,3.26551968609497,4.1464875113211255,3.9121883656509695,4.044438310792161,3.686637217007178,3.435082872928177,3.085911602209945,2.7764283742754623,2.2950096498483594,1.9462566844919786,1.935904255319149
tangibleBookValuePerShare,-10.848295494734273,-5.916251691085461,-8.28802845479936,-8.56460929650036,-1.7127988880774576,-2.674407744502403,-0.38385419757087236,1.6556896048167868,3.76600082078367,1.0916342274125028,1.0768667190410197,1.2750812329849828,0.27755272224538613,-1.3869205137898597,-0.5247289341684641,0.17961503279449537,1.6413820313152654,2.0144401170012367,3.241300617907926,3.496129519351721,2.6344289348196943,2.554880416821256,2.3172235513438646,1.7865708433565264,1.0069134712387529,1.927434114025674,1.9728804530119473,2.8413409322251133,6.597506925207756,6.274082252277118,5.301214798453893,4.588950276243094,3.9798342541436464,3.845983991167541,3.814722911497105,3.2280748663101604,3.008510638297872
shareholdersEquityPerShare,13.757421704668126,10.719092714659912,8.303559237067628,6.660798217083427,4.312648118919173,3.669840617542811,4.5551711389331375,6.537988362427265,7.15881271857826,4.607036207540127,3.747217244697097,3.962044436638272,3.1620575391165047,1.3987630008000493,2.657924301439785,2.9827731097223213,4.285155656198905,4.387596723058936,4.8667935131474795,5.030305018590525,4.20878488034817,4.285081196737571,3.9261286142911316,3.6384188941588658,2.8528099942604928,3.7609260611492563,3.26551968609497,4.1464875113211255,3.9121883656509695,4.044438310792161,3.686637217007178,3.435082872928177,3.085911602209945,2.7764283742754623,2.2950096498483594,1.9462566844919786,1.935904255319149
interestDebtPerShare,27.47229723893267,23.86490985674947,21.235186555584733,21.926702318648715,14.231411811821244,14.34636848028617,11.417675760300515,10.208991035923704,9.16035168795946,8.911347517730496,8.751900041487549,8.45266092912971,7.1688165200026335,9.262706276430198,9.576765893070244,9.131002578126461,7.394050194096388,5.288315145691446,3.7303619056571407,3.2268545838116918,3.2464542688574443,4.141912814915465,3.8946795593068226,4.27652977763986,4.303969674736808,3.1431753291413638,2.323855976060382,1.3865743749258554,1.318836565096953,1.1208942865028981,0.8660960795140806,0.687292817679558,0.5406077348066298,0.5603091360750759,0.7620623104494072,0.5374331550802139,0.26143617021276594
marketCap,39448190310.27514,30316386656.892,33123213490.545,22171061359.986,23247194637.755,22499584730,19304108229.091,22747346327.445,22249468000,17615817854.964,13979616026.574,10712889827.74,8300393350,8480677852.513999,8068697645.955834,11694456574.56336,12309654629.16,14389641258.251514,9928784112.02931,8764186840.632162,9501918896.813683,8090730236.654427,5281557747.375,8056985287.5,9519158322.71875,6617768362.1875,5824551473.6875,4311757077.8125,1544285800,1397717170,1096886480,951191200,667781400,505807029.99999994,455514930,476101999.99999994,262861600.00000003
enterpriseValue,44495009310.27514,33993473656.892,36925645490.545,26040659359.986,25787495637.755,25182786730,21378106229.091,24556956327.445,23092977000,18794410854.964,15174103026.574,11655552827.74,9588831350,10451032852.514,10075856645.955833,13689441574.56336,14004341629.16,15647726258.251514,10794999112.02931,9346367840.632162,10252669896.813683,9194538236.654427,6253257747.375,9243085287.5,10751558322.71875,7526668362.1875,6562951473.6875,4766957077.8125,2031385800,1806917170,1366286480,1197991200,831381400,668707030,746614930,659302000,262461600.00000003
peRatio,26.699065936706532,23.708607951848272,28.810510545907075,18.827935480243077,29.690624214067775,31.247513665831534,37.63343521913594,26.859161669034087,27.117954343242285,26.653036179213867,22.226487493002757,21.013948296760095,19.037861415524066,27.233595647192562,37.67708119370096,20.91803322815106,24.956521780619735,24.35294071756064,21.698276408330077,21.716215553454756,45.868422332993894,24.184425430077525,11.474164126384967,23.63445376210032,28.305555523992716,24.223163844024526,20.66176471687655,23.408018880632465,7.989062596999482,5.761406306677658,4.997204920273348,4.405702640111163,3.9028720046756282,2.364689247311828,3.0736499999999998,3.5851054216867464,2.342795008912656
priceToSalesRatio,4.397136158219799,3.7199303015100273,4.147529215274574,2.845702092997251,3.0932637268672463,3.024064163223986,2.6133864404521088,3.0649497973319835,3.1135211351567764,2.6512868348407017,2.29898099170272,1.8890623922021634,1.5665056482119657,1.6522620645456796,1.631122070876079,2.365273576383655,2.5454344107639946,3.2487775031453454,2.379547694451023,2.127066155500211,2.0850156699664737,1.9167913384616322,1.330065664553376,1.8164363981197582,2.21262570840936,1.6588795934593787,1.5781698522468637,1.1956179679484513,0.44271710337709996,0.43410061805081057,0.378341087196468,0.3502692590955958,0.27582874845105326,0.23330582564575642,0.18677830490405117,0.2194422935103245,0.13168099388838794
pocfratio,18.939216159073254,17.83676745183999,18.778683890815834,13.856973974252387,18.60497444028683,22.877637692874753,15.895271816427273,27.137647860701414,18.722125874596625,16.090046970858413,24.066810520435833,11.884420330677163,7.78831915394713,16.32277606000835,10.359944386181215,16.17058872882254,26.6580070017888,18.044568635339537,16.744921707532274,14.015007508890582,13.451092357519672,19.627737959759312,16.1170514109704,20.674840357967668,19.960491345604424,14.271659180908992,11.769148259623156,12.783151727875778,4.06391,4.718829068197164,3.1583255974661677,5.100220911528151,2.514237198795181,2.444693233446109,2.5194409845132744,2.546,1.3084201095072177
pfcfRatio,24.856973101111173,24.09828267895783,22.911841194942035,17.4384150285561,23.438452409415834,31.51206756592096,22.50824725946486,48.66450377262361,26.56671928395905,21.565257559075537,59.921200285357905,15.305527687874319,9.019431444159869,35.84667410248455,14.033884423449647,22.288698417825994,46.02479886172357,23.92038296548915,26.526769434719085,17.79143788178439,17.393225145183383,29.54158172550507,24.87780380299105,35.27576745840631,31.31302079841694,-49.79509678094432,17.040817652684318,21.710760714060928,9.1703432304038,30.123214870689655,9.050218481848185,133.97059154929576,6.445766409266409,4.808051615969581,6.23139439124487,9.298867187499999,3.038862427745665
pbRatio,14.307186784367616,13.568312717464392,19.044845045971705,15.85095337811186,25.397388328415296,28.630671178943725,19.342851961570023,15.6332488426232,13.864030796954701,16.99140086459114,16.46555216069077,11.872658611550719,11.520979472808307,26.652119750577466,13.608362728918532,17.11159351465104,12.055571406202867,13.20996496678746,7.7576747190950535,6.3892743842013635,8.282675877013752,6.8855169004646894,4.807534814650465,7.730006032332342,11.162240059473206,5.700058882159776,5.378163872287627,2.991990200411144,1.0934545068328259,0.9538778202415887,0.8214532165056542,0.7649305991154001,0.5977812192283591,0.502840272392882,0.5472308145122537,0.6540761093556807,0.3611232312130787
ptbRatio,14.307186784367616,13.568312717464392,19.044845045971705,15.85095337811186,25.397388328415296,28.630671178943725,19.342851961570023,15.6332488426232,13.864030796954701,16.99140086459114,16.46555216069077,11.872658611550719,11.520979472808307,26.652119750577466,13.608362728918532,17.11159351465104,12.055571406202867,13.20996496678746,7.7576747190950535,6.3892743842013635,8.282675877013752,6.8855169004646894,4.807534814650465,7.730006032332342,11.162240059473206,5.700058882159776,5.378163872287627,2.991990200411144,1.0934545068328259,0.9538778202415887,0.8214532165056542,0.7649305991154001,0.5977812192283591,0.502840272392882,0.5472308145122537,0.6540761093556807,0.3611232312130787
evToSales,4.95968541927197,4.171122176959966,4.623651431302819,3.3423730889799588,3.4312753046540543,3.3847008197784434,2.894163888775606,3.308774449355598,3.23155915292848,2.8286721898814196,2.495417210166511,2.055287309143752,1.8096682694594188,2.0361397305535727,2.0368779299146813,2.768771188752012,2.8958678498188783,3.5328178187926063,2.5871461156566595,2.2683613519620365,2.2497537209056273,2.1782967343700665,1.5747708951056436,2.0838410333438544,2.4990837996185093,1.8867140506323163,1.7782402995874766,1.3218415211747498,0.5823593257267359,0.5611892570967141,0.4712632726269316,0.44115156871409633,0.34340413052457663,0.3084442020295203,0.306140286206331,0.3038818215339233,0.13148061316501353
enterpriseValueOverEBITDA,19.892572223847896,17.46237094982303,20.20676784405354,14.011096335139737,17.20277675228531,16.86423365294596,17.412312710722308,15.298635304384636,14.957889480045548,14.19383430942245,11.916323246782598,10.560588744368859,10.148221622262344,12.424090191780463,15.473536966639639,12.717647942344955,14.132124297053961,15.261473622343619,11.914668135383874,11.461284237040543,19.19849803255158,12.724190512154568,7.016671619585951,12.923776967980984,15.211599211543223,12.272408873614054,10.941899756064522,10.315856043740533,4.120458012170386,3.8371568698237417,3.2376456872037913,2.9162395326192794,2.479515061139278,2.042477183872938,2.406106767644215,2.126094808126411,0.9904211320754718
evToOperatingCashFlow,21.362211870788357,20.0001963083681,20.934412789665128,16.27548330523071,20.638004055777643,25.605924634586543,17.60303068130175,29.296517657568828,19.431908314084843,17.16655768899013,26.123196922142245,12.930170217245399,8.997269854346568,20.11512190582819,12.937071021313644,18.929167697368975,30.328051310328696,19.622203596779126,18.2057956869873,14.945986187791599,14.51386937636863,22.305525198757007,19.082263495193775,23.718463657942007,22.544680903163663,16.23176269611279,13.26116684923722,14.132692196301512,5.345752105263158,6.100328055367995,3.9340238410596027,6.423545308310992,3.1302010542168675,3.2320301111648138,4.12950735619469,3.525679144385027,1.3064290691886513
evToFreeCashFlow,28.037059263302012,27.021173291351325,25.542042463409977,20.482006619505235,25.99965280464087,35.2700588236118,24.92649208308673,52.535890412819406,27.57390142496543,23.008089326046903,65.04116170841834,16.65231225103438,10.419482950279209,44.175097228504285,17.524935725837356,26.090980185223707,52.36109591134276,26.011739828599307,28.84103927145127,18.973274518291788,18.767471896052868,33.57190201643965,29.454817462906266,40.4688497701401,35.36696816683799,-56.63407345513544,19.201145329688416,24.002805024232124,12.062861045130642,38.94218038793103,11.272990759075908,168.73115492957746,8.024916988416988,6.356530703422053,10.213610533515732,12.8769921875,3.034238150289018
earningsYield,0.03745449381527522,0.04217877329748675,0.034709554987114366,0.053112567814423466,0.03368066608468905,0.032002546208771736,0.026572115837342366,0.03723124393539428,0.03687593788759354,0.03751917767552045,0.04499136448414603,0.04758743982225267,0.052526908257908046,0.03671935255832027,0.026541334103321813,0.047805641624769024,0.04006968634453545,0.041062802706159876,0.04608660988464941,0.046048539053155306,0.02180149107244711,0.04134892527801494,0.08715231793664943,0.04231111114586356,0.03532875371947275,0.04128279883004153,0.04839857648670246,0.04272040299947762,0.12517113088781884,0.17356873422396324,0.2001118657237894,0.22697855068465728,0.2562215719096099,0.42288854704134893,0.3253460868999398,0.2789318255331841,0.4268405883552409
freeCashFlowYield,0.040230159799919375,0.04149673291338645,0.04364555390776528,0.05734466110380215,0.042664932928689184,0.03173387458338214,0.04442815953070241,0.020548858458977106,0.037641079777727716,0.046370881370677595,0.01668858426129284,0.06533587213672103,0.11087173356669898,0.02789659082851119,0.07125610913034665,0.04486578719196195,0.021727417060623984,0.04180535075223245,0.03769776800227954,0.05620681176218149,0.05749365006506139,0.03385059098364521,0.040196474251467905,0.02834807212002123,0.031935596582574236,-0.020082298552388432,0.05868263016372792,0.04606010877142376,0.10904717248581837,0.03319698791422874,0.11049457004885319,0.00746432473302949,0.1551405894204301,0.2079844560483867,0.1604777257245992,0.10753998092845653,0.32907050706531493
debtToEquity,1.5949077860417107,1.9117963507987998,2.0301105896774536,2.326611239839825,2.2516523950715475,2.987131230149035,1.5602161128740868,1.0645340198561986,1.1185842274029587,1.4766997605013363,2.0594283775921003,1.7087417268451408,2.0857953054927485,4.732742717607535,2.1587409473758776,1.8262891357182887,0.9232956214816527,0.6339858000811529,0.7567190627768845,0.6209799060000598,0.7644429412728686,0.7469166902120445,0.7993810304023302,0.8434231986951933,1.2067307692307692,0.56442721791559,0.3296398891966759,0.1090833391159531,1.0215251717057283,0.8241315771514366,0.753838088818992,0.6717330116606353,0.6240264971801988,0.7543493389004872,0.9764536280634311,0.8633053990932821,0.6450061821678802
debtToAssets,0.7351932549325885,0.7549363792311411,0.7856376748302755,0.8173098343247194,0.832263060871206,0.8501743106362343,0.8040064958065224,0.7300780386804123,0.6983563938920628,0.7795145114272007,0.802219256203086,0.7805617108678944,0.7931067792353316,0.903721855802333,0.8531896843808959,0.8356194070327223,0.7622770902460307,0.7131552053162963,0.6427489993133364,0.6058948712430876,0.6467348025977465,0.6591889700107084,0.6717363372874772,0.6938104050997327,0.7408847836655323,0.6354559155990958,0.6173956051720483,0.5015219647180906,0.5053062940002101,0.45179393168468707,0.42984029379110084,0.4018183567442755,0.38426768094371866,0.4299880999603332,0.49404327741308046,0.46331932463319325,0.3920995490228829
netDebtToEBITDA,2.2563027407885943,1.8889113203573282,2.08079939148184,2.082025251617638,1.6946287301596832,1.796868073069366,1.689256351821776,1.1273613498358122,0.5463615365582246,0.8900919475125083,0.9380385240005403,0.8541058853802357,1.3636024968302787,2.3423396113367834,3.082402824467456,1.8533639040033891,1.71015017790865,1.2270300953176068,0.9560597598744407,0.7139181800010546,1.4058086080500343,1.5275441701736638,1.0903276481149013,1.658417225950783,1.7436332767402376,1.481982716451981,1.231077025675225,0.9850681670634062,0.9880324543610548,0.8689743045232533,0.638388625592417,0.6007789678675755,0.48792126453921864,0.49755650580329874,0.9381243957460522,0.5907771686552725,-0.0015094339622641509
currentRatio,0.9008921062056789,1.5741577221031375,1.0539174519226222,0.9258300166296888,0.9640590153924095,0.9514701407688001,0.8334857289198129,1.160876440797315,1.7665448409186788,1.4366600730060974,1.7435692530510531,1.5438462634109535,1.5214050084117774,1.0588350606040566,0.881270347238953,0.9754213512133841,0.9280191381634977,0.9199140800166798,1.9316314163295267,2.3107383065799145,1.9252247528213653,1.6890680804953964,1.7957351290684624,1.3917525773195876,1.3004901344727913,1.2066560626452956,1.0669828782970847,1.191534790253705,1.0924059965593511,1.2756140588953726,1.5816868493732739,1.9396248534583822,1.9866993349667483,1.792414591777649,1.6174116077384924,1.7712742008104458,2.111111111111111
interestCoverage,15.739583814672766,11.615862280170195,10.491263591065065,11.056013291751215,12.738002918074072,13.11374907556445,12.814528975217021,16.38389004315167,14.84297484537885,11.735841395202469,11.131335724836463,9.26572095308278,8.338333187352195,5.918036076165252,,,,,,,,,,,,,,,-18.92222222222222,-14.742647058823529,-13.563432835820896,-14.695121951219512,-14.21078431372549,-7.87,-9.070707070707071,-26.612244897959183,-19.571428571428573
incomeQuality,1.409723914255857,1.3291986911789087,1.534213511096885,1.3587335528829905,1.5958433218686021,1.3658540311425413,2.3675867675469977,0.9897380129222398,1.448444184430875,1.656492130040806,0.9235327412466889,1.7681929544781374,2.4444120790653083,1.6684414187312342,3.636803421836622,1.2935851365056765,0.9361735773775252,1.349599494989668,1.2958123535787964,1.5494972471244717,3.41001467493097,1.232155507662692,0.7119270041277428,1.143150484012907,1.4180790960451977,1.6972913616398244,1.7555870876197233,1.8311617806731812,1.9658561821003622,1.2209398186314921,1.5822323462414578,0.8638258452987494,1.5523085914669783,0.9672744273024778,1.2199730094466936,1.408132530120482,1.7905525846702317
dividendYield,0.01738956830730255,0.021134840614468107,0.018425506938637256,0.02537185707379934,0.02263808636700185,0.022199298609010376,0.02466480162406447,0.019361115519159887,0.017699344541631287,0.019369296549796623,0.02175188498897004,0.02550525622810796,0.03085167042113733,0.0310056583415737,0.03126440115480575,0.02010602190027621,0.017972478242884456,0.014298271673869397,0.018601069165784558,0.01914849638097116,0.016286184051927968,0.01790827227727635,0.02588251545066256,0.016010951416299206,0.0127637335025749,0.017347237575727557,0.018902743069123592,0.0248158692776553,0.06507862728518257,0.06539234257242472,0.07603339226133957,0.09230531148732242,0.09823574001911403,0.1156567555021922,0.11305886285659178,0.10102877114567888,0.16700803768979566
payoutRatio,0.46428523084753287,0.5010776502532244,0.5308482619692927,0.4776996879994429,0.6721389152482627,0.6936728866569265,0.9282212141120691,0.5200233318219603,0.4799700171852719,0.5162505617076518,0.48346799965657705,0.535966135673079,0.5873498259150355,0.8443955620494211,1.177951380782054,0.4205784341959106,0.44853054472026016,0.34820496243731797,0.4036111402496591,0.4158328749337179,0.7470215682867019,0.4331012754713146,0.296980230284597,0.3784100909357583,0.36128456735057984,0.42020497803806733,0.39056402979780064,0.5808903365906624,0.519917227108122,0.37675185490519375,0.37995444191343963,0.40666975451597964,0.38340151957919344,0.27349228611500703,0.3475033738191633,0.3621987951807229,0.39126559714795006
salesGeneralAndAdministrativeToRevenue,0.0,0.0,0.0,0.0,0.0,0.0,0.0,0.0,0.0,0.0,0.0,0.0,0.0,0.0,0.0,0.0,0.0,0.0,0.0,0.0,0.2786694844534226,0.2670413193536282,0.26638797249993706,0.2633014699251511,0.27499883780391426,0.2817787581781265,0.2855284905302517,0.2867481906663339,0.0,0.0,0.0,0.0,0.0,0.0,0.0,0.0,0.0
researchAndDdevelopementToRevenue,0.0,0.0,0.0,0.0,0.0,0.0,0.0,0.0,0.0,0.0,0.0,0.0,0.0,0.0,0.0,0.0,0.0,0.0,0.0,0.0,0.0,0.0,0.0,0.0,0.0,0.0,0.0,0.0,0.0,0.0,0.0,0.0,0.0,0.0,0.0,0.0,0.0
intangiblesToTotalAssets,0.4736178058285491,0.38010960545212935,0.4276159817797539,0.4161710601815911,0.233194435591529,0.25349340816348326,0.21172950006651858,0.20446660068112427,0.14406098529758724,0.16882085807742386,0.1424817874261791,0.15147544943141766,0.1896854747619816,0.1830812780850459,0.17437139063641585,0.15448201050374438,0.1466657478192118,0.15514817390562446,0.1193206495949801,0.12019677344190619,0.13214387992966747,0.13761034687989085,0.13452057250425792,0.15584148526776534,0.1676592124453087,0.17771916603868373,0.15145198897760193,0.1569007263922518,0.16580855311547757,0.14957536757828577,0.18007515586301137,0.20088512603425052,0.20583209304889477,0.2104040346801156,0.15900802334062727,0.10985770109857701,0.055286453983631204
capexToOperatingCashFlow,-0.23807230743526764,-0.2598324250128114,-0.18039393992651398,-0.2053765235222904,-0.2062200133651857,-0.2740039146902565,-0.29380232795589134,-0.44235231520088375,-0.29527896634564815,-0.2538903406656942,-0.5983590047291376,-0.22352103285582905,-0.13649555383115536,-0.544650195068529,-0.26179067223394914,-0.2744938073239094,-0.4207903638671004,-0.24564047902689823,-0.3687538262531137,-0.2122611111022271,-0.2266476030039425,-0.33558947039002057,-0.35215135794934393,-0.413908134462407,-0.36254980079681276,-1.2866077205089497,-0.30935542533845223,-0.4112066409724281,-1.7958412098298677,-1.1857485988791032,-1.536045997346307,-1.0395763656633221,-1.6395061728395062,-2.0344149459193708,-1.6787372330547818,-1.3770250368188512,-1.756118881118881
capexToRevenue,-0.05527347818948279,-0.05418910762444693,-0.03984246928346363,-0.042176625569610535,-0.034286146919682264,-0.036219011338568245,-0.0483048688264439,-0.04995965920788686,-0.0491053905225509,-0.041835559518212134,-0.05715821699424482,-0.0355293035154767,-0.027454069588809867,-0.05513185088435713,-0.04121764823369686,-0.04015023572932489,-0.04017908284866709,-0.04422556605545682,-0.05240199580544372,-0.03221499704998426,-0.035132002016132126,-0.03277275208387823,-0.029061421843914477,-0.03636486608350618,-0.04018874064432151,-0.1495500463740506,-0.041482645568591325,-0.038460471951862016,-16.484877126654066,-12.88951160928743,-12.822644847412649,-15.137123745819398,-14.944444444444445,-21.317600786627334,-22.644382544103994,-15.976435935198822,-17.4493006993007
capexToDepreciation,-1.5742027034748987,-1.497509384314377,-1.0914030129242926,-1.11335822513756,-0.9840444829732713,-0.8927865039739992,-1.4567954664227856,-1.7528742696140536,-1.7455392895693742,-1.3234144460261763,-1.610873968196586,-1.0221747600397735,-0.7974848008069689,-1.1342252826755275,-0.655759427514674,-0.9930018858391985,-0.8911765245468555,-1.0327999367305511,-1.2109078624554874,-0.7460934865211233,-0.8404726658057472,-0.7861437566775022,-0.7066748315982854,-1.0195954487989887,-1.131544502617801,-4.468913857677903,-1.1433905899925318,-1.0751937984496125,-0.5344990548204159,-0.38871096877502004,-0.37770897832817335,-0.4119286510590858,-0.40555555555555556,-0.5103244837758112,-0.6555246053853296,-0.43446244477172313,-0.458041958041958
stockBasedCompensationToRevenue,0.007436015389902308,0.007065765089569346,0.0064985427457085,0.006325961174262479,0.006794159106882297,0.0073633961324327995,0.006976527578355801,0.007285056606458192,0.0075519736067849235,0.007597845476059607,0.00466074462717661,0.005652433279509872,0.006591656620116603,0.004594596911452066,0.0,0.0,0.0,0.0,0.0,0.0,0.0,0.0,0.0,0.0,0.0,0.0,0.0,0.0,0.0,0.0,0.0,0.0,0.0,0.0,0.0,0.0,0.0
grahamNumber,47.7702372807748,38.464419373014685,32.02349967216374,28.989710604890533,18.91995716904787,16.662742901352463,15.490637096968825,23.659948557304872,24.27999285906306,17.448340712904166,15.298641328421184,14.12637599789907,11.668006122575171,6.563700871203787,7.577015573224466,12.796649697389997,14.127318371002605,15.32826816354625,13.803440378744709,12.942532867234684,8.483526478389807,10.845528053165424,12.0547017976216,9.870089461150743,8.497749882188833,8.653868509850469,7.902725097289846,7.031846382399171,6.86536234561482,7.806054841422818,7.090053297250492,6.789407948615704,5.728668862430476,6.073034123694052,4.59339550493259,3.9432521979227433,3.6052526295320626
roic,0.25808096510154543,0.24622560461872073,0.26028303859252444,0.3072529347402778,0.36657288385454545,0.333560080666355,0.33192790949761375,0.38853462318235976,0.3439300401623916,0.35206498465616376,0.3257843938903615,0.3044157360383902,0.27549890518857056,0.2494803356471349,0.17456892041868205,0.3670666010361583,0.3100133128652981,0.35912559326695986,0.26574165840766434,0.2380222278654466,0.23540866933789123,0.23225729923535818,0.21200501157978663,0.24817518248175183,0.25253456221198156,0.23784582893347414,0.25968873970094597,0.2265610082108077,0.25028168324107186,0.2071280991735537,0.19427074982630538,0.20804558011049723,0.18967547762365872,0.16634960896216444,0.20023784748030327,0.2299418092047258,0.23241193493663306
returnOnTangibleAssets,0.269578983993798,0.2258904882274288,0.24674509682725276,0.2618406909473042,0.18385757102991857,0.17460052265412465,0.1217598230159917,0.18910752516262258,0.1789199122573453,0.16723442058863047,0.16623633786445027,0.14061411362459103,0.14640836204734092,0.10487594593957437,0.06107277320251484,0.15903667856135018,0.13457227730984223,0.18416906379632403,0.14503137649287542,0.13179348181046308,0.07350383315911496,0.11251511780113517,0.1589159330226135,0.11863168151447662,0.12276410892896254,0.1043225904994654,0.11736541904325742,0.07557233117256093,0.0811605155981022,0.10672649685451586,0.11431696265819488,0.1299662894293282,0.11876171305615325,0.1535094014640448,0.10711188204683435,0.10999751511637539,0.09918670438472418
grahamNetNet,-31.573492100253407,-23.05847437705689,-24.196757059989018,-23.18985751906016,-16.13403142594643,-16.768567379132246,-14.266173644741226,-12.535229493832984,-8.630377471272572,-10.289579222879894,-9.805909989672248,-8.303909062966541,-9.187994031029866,-11.47341924338201,-12.680992202143866,-11.61202523561096,-10.417769438568799,-8.330112794379739,-6.220042557720605,-4.698513543533981,-5.278270003497476,-6.029608296427394,-5.590426899085761,-6.065980497795467,-6.224966554666555,-4.8718731693931305,-3.8354026230035103,-2.737973668437582,-2.711218836565097,-2.2762903670990893,-1.6488128106018773,-1.4140883977900554,-1.100207182320442,-1.1294507314380349,-1.5549352081610146,-1.1336898395721926,-0.5454787234042553
workingCapital,-247107000,1086160000,108309000,-179385000,-74633000,-92665000,-369314000,311400000,1079312000,642375000,872783000,706372000,474806000,74733000,-192196000,-35726000,-109283000,-102941000,545759000,716772000,561097000,528447000,567200000,319200000,239100000,168900000,57900000,152500000,75200000,203100000,273800000,320600000,281900000,273700000,185100000,171300000,217000000
tangibleAssetValue,-2174189000,-1233219000,-1735969000,-1798508000,-363533000,-572695000,-84099000,368482000,844247000,245657000,243990000,290387000,63239000,-315505000,-117055000,41154000,391112000,500122000,852395000,953352000,718076000,700588000,648400000,511800000,301000000,595000000,654300000,987500000,939000000,1065500000,913500000,825900000,743600000,634600000,570800000,578900000,661700000
netCurrentAssetValue,-5408796000,-3916057000,-4278299000,-4056573000,-2620251000,-2879868000,-2448311000,-1862939000,-1254102000,-1592981000,-1492993000,-1329914000,-1529258000,-1939830000,-2197019000,-2056330000,-1865220000,-1525788000,-1171105000,-845230000,-932685000,-977380000,-968100000,-1227800000,-1403600000,-1037600000,-825300000,-501200000,-553700000,-267600000,-262100000,-173500000,-129500000,-139700000,-327900000,-235000000,-57200000
investedCapital,1.9498144695271955,2.15770567932,2.4698940100803695,3.186908611510087,3.190602815571953,3.7922583781252546,2.425385046247634,1.5012858558604376,1.2225669446185712,1.8392735367962738,2.2239388378628586,2.0251275606328605,2.1403619081724288,6.308813038381642,3.603099564529567,3.0612461096568304,1.7255032926050557,1.2052874225880426,0.76649274220895,0.6414828866015456,0.7713519129989087,0.966589108759221,0.9919898052066266,1.1753813681281782,1.5086772983114447,0.8357450473729543,0.711634349030471,0.3343973353688155,,,,,,,,,
averageReceivables,643348500,615233000,591871000,604689000,601747500,598307000,607153000,606086500,546572500,538308000,507366000,502647000,512811500,535193000,551259000,568953000,587261000,512081500,511422500,493104500,488479500,497456500,484016500,533266500,488016500,454916500,470616500,473466500,444572500,383872500,376972500,368572500,358022500,380472500,357822500,335772500,335372500
averagePayables,636198000,580058000,565443000,541186000,551643500,551297000,527162000,531037500,520786000,511017500,500037500,495356500,433996500,414756000,401538500,367787500,373935000,364372000,356140000,352282500,356553500,364645000,358329000,368479000,363479000,357129000,353579000,347729000,314007000,314757000,320107000,314957000,302257000,315557000,316357000,302657000,295057000
averageInventory,976359000,964207000,889729000,874543000,858521500,854942500,857588500,882621500,811874000,798734500,806580000,748914500,741959500,778368500,782196000,806513500,787245500,760693500,728533000,733749000,738170500,784690000,783203500,728703500,734853500,719603500,680903500,704953500,619139500,621039500,610889500,581989500,547339500,546839500,535139500,511189500,488789500
daysSalesOutstanding,27.31859922328188,27.5543297873215,25.982874695163638,27.834809959968265,28.569987915522024,28.521357880944027,29.602371231466165,29.357304081722845,24.410292693377727,25.34593736059379,23.97997348369981,25.105279325072487,28.269812337742238,32.366716165624474,35.95496992348055,38.58551179860161,42.21289961443134,33.69859849798431,35.656455726964154,32.86306369145869,28.97147418800103,32.8320274742145,32.42892039588003,37.13691496077194,30.610385384222027,26.954352893991427,32.24049638280001,33.57194354324377,30.86835617223783,19.679483197714145,20.118308498896248,19.22043010752688,18.378149524989674,28.082103321033212,18.18414794161063,13.02129424778761,14.006111612062918
daysPayablesOutstanding,51.33389562192917,47.59436882509638,46.07301386368771,43.49045150749192,46.913030683334206,44.538235383404675,43.23406804928432,43.062492381783635,43.58151168714108,42.62839125138398,43.19828053569336,46.0375419136489,32.38184290952698,26.977588480170667,24.55454765655942,18.44943377976142,20.65437660594698,20.25368991812373,18.965118444972074,17.744682653846933,18.21860160281156,22.042230523347218,22.752121931185542,23.214763468320566,22.95214245965498,22.58738356543392,23.284230074282274,21.396423854515902,22.99198195940867,25.323442783898766,29.705795561850802,29.321329639889193,25.62723275625172,35.440633245382585,29.524223063085415,25.86693270950874,23.63696710429267
daysOfInventoryOnHand,73.29385429534248,79.11419820386877,68.19019843832426,67.95498849076225,67.49973408874239,63.557692262784634,68.45839272258826,71.56304994955455,62.281520819842335,61.07770381860124,66.74409309261246,59.823075796094415,58.44802591625223,64.08007288780907,66.08078766944573,76.97140264398621,75.11402982256183,75.89787167978277,70.69269343732881,71.7288110510837,70.12728628741513,89.38674528590118,100.30254631742265,72.97336738416637,78.98099396429947,79.9478926496357,72.83878739208994,82.63766128212943,82.93209721874217,91.02105377986254,94.11502596789424,87.11376227650464,77.68411651552624,84.96946852619676,64.61819986353203,59.64462639328471,51.877489305207256
receivablesTurnover,13.360860746071271,13.24655699547976,14.047714284206583,13.11307677418812,12.775644185753967,12.797427160502322,12.330093327524358,12.4330217442289,14.952708866904368,14.400729979214665,15.221034345517761,14.5387747044693,12.911299008260436,11.277016739426083,10.15158685368932,9.459509100336156,8.646646009487045,10.831310982319712,10.2365754688282,11.106694233589234,12.598599492433499,11.117193426042984,11.255385487528345,9.828495457567028,11.924057649667406,13.54141208418194,11.32116564417178,10.872173650889358,11.824406779661016,18.547235023041473,18.14267834793492,18.99020979020979,19.860541427399507,12.997601918465227,20.072427983539093,28.031007751937985,26.06005221932115
payablesTurnover,7.110311726353313,7.668974481862159,7.922208021378724,8.39264683046859,7.780354299933681,8.195205689177396,8.442416281158675,8.476053749141627,8.375111047552187,8.562368630041835,8.449410381008388,7.92831208678818,11.271748832201713,13.529748971754312,14.864863531806707,19.783804985950088,17.67179939456058,18.02140752996247,19.245859236738212,20.569542274731543,20.034468504084963,16.559122708266322,16.04245973645681,15.722753346080307,15.902654867256636,16.15946348733234,15.675845790715972,17.058925476603118,15.875099443118536,14.413522012578616,12.287164612037708,12.448275862068966,14.2426614481409,10.298913043478262,12.362730061349692,14.110679611650486,15.441913439635535
inventoryTurnover,4.979953687920519,4.613584012561618,5.352675433700787,5.371202440121343,5.407428709572868,5.742813922363272,5.331705660678855,5.100397485256592,5.86048630790201,5.975994138287154,5.468648731109957,6.101324533096461,6.244864463395111,5.69599851484313,5.523541907911727,4.742020899479054,4.859278630932484,4.809094009117341,5.163192718404249,5.08861076395167,5.2048213944006845,4.083379463393112,3.6389903686482894,5.001824817518248,4.621364985163205,4.565473684210526,5.011066398390342,4.416872335651783,4.401191001323335,4.010061242344707,3.8782330052643625,4.1899235030335005,4.698515171078115,4.295660621761658,5.648563419761738,6.119578947368421,7.035806953814219
roe,0.5358684389290842,0.572294786139337,0.6610380963442275,0.8418848362182308,0.8554009557125346,0.9162543773922958,0.5139805029474036,0.5820453011624247,0.5112491385401855,0.637503387994587,0.7408076586943566,0.5649894272073198,0.6051614318094437,0.978648581548025,0.36118410178741894,0.8180307071901297,0.48306296495069906,0.5424381851864772,0.3575249283909409,0.29421675100222133,0.18057468418868833,0.2847087238178235,0.4189878026579283,0.3270651443922095,0.39434803001876173,0.23531438415159345,0.2602954755309326,0.1278190271320519,0.13686893719464702,0.16556336586364567,0.16438253575975437,0.17362283876156012,0.15316444364873333,0.212645392186102,0.17803940413262853,0.18244264322022255,0.15414205247973622
capexPerShare,-2.474219226130915,-2.11865902919701,-1.5191425365830369,-1.5648188272942432,-1.2140450894013994,-1.2584162623342783,-1.628592685231251,-1.666055581766305,-1.565337056598387,-1.2352068113546277,-1.5340109633055867,-0.8847238078510582,-0.6384603568215234,-1.2439402864352092,-0.9139979654476654,-0.8663979051878521,-0.8154409365979889,-0.7890087153912531,-0.8314342295597322,-0.48676905055076203,-0.5873824561875166,-0.5044680649684762,-0.41241147104423503,-0.5630595487170921,-0.5783898311534231,-1.932617130130617,-0.46163533143226215,-0.3990825187844286,-0.5861495844875346,-0.6894838531603643,-0.6242407509663169,-0.49558011049723755,-0.44751381215469616,-0.2807065967430306,-0.2969396195202647,-0.36310160427807486,-0.30425531914893617
