,2021,2020,2019,2018,2017,2016,2015,2014,2013,2012,2011,2010,2009,2008,2007,2006,2005,2004,2003,2002,2001,2000,1999
period,FY,FY,FY,FY,FY,FY,FY,FY,FY,FY,FY,FY,FY,FY,FY,FY,FY,FY,FY,FY,FY,FY,FY
currentRatio,1.1577928419642594,1.3921487503871444,1.3673002715449478,1.4853405110678277,1.5614235379589794,1.526584920366058,1.5734390291382994,1.5680970076030525,1.4806765212659836,1.6653062363071827,2.0511916241166563,2.110716338366686,2.099339054947223,1.7309028428281616,2.52037024965778,4.646617220510453,4.649411764705882,3.463023016689077,1.93684912105307,3.3813480775991565,3.7728821090047395,2.8971642435583704,3.6513761467889907
quickRatio,1.0539062483156991,1.2762514952118291,1.2425922140230081,1.3984889457929472,1.4004393318646138,1.3628502862936756,1.3955024545670043,1.3934811242407545,1.3536737099845833,1.539223953874115,1.9022634546221264,1.8831635229984152,1.9016788183701472,1.537530577397616,2.2830258783651654,4.385148087557835,4.388219502566127,3.226409871074903,1.7829709239356828,3.2195659816548945,3.421615817535545,2.627148409385346,3.5045871559633026
cashRatio,0.41751040403815376,0.6594503209320342,0.542021625904773,0.4449835661591751,0.7203373418175243,0.6095094037463369,0.5170813231751649,0.44193154897869796,0.3440518726761585,0.45314991127161613,0.5822721571176476,0.5878189386418656,0.4969957043055593,0.41913382328539084,0.35392738413402,0.3788351716731736,0.8190604026845637,0.49238709167128053,0.28745591379932794,0.664802326696283,2.5837899881516586,1.526327911328631,2.2752293577981653
daysOfSalesOutstanding,77.94189633927117,67.42825913659136,65.34118309150674,49.87652950138498,50.98094247911883,49.06376282308973,53.12646530435358,51.048488319594284,50.3166951773898,49.07455234972376,52.500395022199385,46.405305383844386,59.786250974231294,54.48673660702613,63.7238213545838,58.12411654388159,54.09045520770406,48.324814533559206,60.86220285603348,68.78853933829642,76.9251259698045,128.4597082240324,136.54676258992808
daysOfInventoryOutstanding,16.323918271668024,24.964683846261345,35.21361445073575,30.865577997183806,30.80586163486428,36.85774232291929,37.039270332660166,28.816440238870303,27.443478879417658,26.907328681277736,30.0926184111844,39.938325811854476,35.339987108165296,24.856191869438593,32.9204556979142,23.86186516624505,15.11940390134598,15.720053835800806,10.337483739081955,4.179435020834017,20.870893308427647,63.147076332848265,33.18181818181818
operatingCycle,94.26581461093919,92.3929429828527,100.55479754224248,80.74210749856879,81.78680411398311,85.92150514600903,90.16573563701374,79.86492855846458,77.76017405680746,75.98188103100149,82.59301343338379,86.34363119569886,95.12623808239658,79.34292847646472,96.644277052498,81.98598171012664,69.20985910905004,64.04486836936002,71.19968659511544,72.96797435913044,97.79601927823214,191.60678455688065,169.72858077174627
daysOfPayablesOutstanding,45.960101065404565,57.69313559883007,64.106364123317,58.31926159327876,52.41353947126469,36.929182544742815,55.82090585413275,51.544817217761064,53.82100953577794,41.76895261000644,58.82879656160459,44.95847678421885,48.31085436430643,32.06713282959106,78.73825259457084,54.5473211348451,42.9550163451356,44.86147438990324,50.385058539304964,44.12956461826175,35.77409075925723,127.48925122370684,149.3181818181818
cashConversionCycle,48.30571354553462,34.699807384022634,36.44843341892549,22.422845905290025,29.373264642718418,48.99232260126621,34.34482978288099,28.32011134070352,23.939164521029518,34.212928420995055,23.764216871779198,41.38515441148001,46.81538371809015,47.27579564687366,17.90602445792716,27.43866057528154,26.254842763914446,19.183393979456774,20.814628055810473,28.838409740868684,62.02192851897491,64.11753333317381,20.410398953564453
grossProfitMargin,0.810577333779926,0.8264917547989596,0.8409875461939569,0.8327566256609699,0.8308717388797636,0.8309778179219001,0.8269314410755575,0.8210445911944602,0.8291739631165304,0.8285216812960928,0.8194149504182027,0.8050368945952933,0.7814567609737872,0.7708025402469805,0.7749069277698619,0.7762892432159453,0.7684623858427206,0.769969040247678,0.7678502092411235,0.7184804093621266,0.5761733120977581,0.7216991117860924,0.762589928057554
operatingProfitMargin,0.15134922732287118,0.16686376084620613,0.23120412656352637,0.27338627107250046,0.2698301133805509,0.274369760114364,0.28799477868532675,0.2849560577490436,0.29083502890001717,0.3095327127232806,0.3044379658874456,0.2607815214088429,0.18669104350315965,0.15275011420037435,0.18928713425039045,0.22874820136582,0.2554671120429267,0.1537940300251183,0.0361447862289141,-0.08812554264496703,-0.26745648104166087,0.11829352478254866,-0.17625899280575538
pretaxProfitMargin,0.14862665052377338,0.16862059313720903,0.2413038078491933,0.27933656178591076,0.2753615838158199,0.2756298890144228,0.29239362170366745,0.2871413345834926,0.2957455340326224,0.3138246080768373,0.3131970405457731,0.26942692058251283,0.20158051323040552,0.18189620301058335,0.24291614272914222,0.27298381673345196,0.28416545254255354,0.16974706466499212,0.04262478968031408,-0.07500969833558088,-0.24863319269421702,0.1450135763265682,0.0
netProfitMargin,0.12723321973898907,0.13078021219811622,0.19074430744628523,0.20990447426144174,0.2013171033486903,0.18338283959070373,0.1901289858492163,0.17966208749652146,0.18720811387727382,0.19980874890270228,0.20957620629361523,0.1713807241046201,0.1401591537930327,0.11432495658847722,0.14648056659444098,0.16750454892665634,0.18383497388152517,0.19249372042759508,0.035264679235514906,-0.07952635176324978,-0.286773403373476,0.12563854756316442,-0.15467625899280577
effectiveTaxRate,0.14394074487578082,0.22441138555539017,0.20952632639144278,0.24856068636544323,0.26889909420573155,0.33467723603405036,0.34974988598791473,0.3743078203731034,0.3669959734484994,0.36331076735135837,0.33084870173610054,0.3639064584411704,0.3046988940204181,0.3714824460528986,0.39699122113193364,0.3863938495291394,0.3530706416396764,-0.13400323479816925,0.17267206477732794,-0.06021425932766901,-0.153399513017419,0.13360837829260552,
returnOnAssets,0.06628425863669836,0.06572173102575504,0.12616498661612996,0.17412902671143393,0.16960698161883264,0.15863129318833485,0.1578582271254903,0.1424211080345088,0.12432516764893385,0.1439859020584439,0.15389828433794545,0.11096306541221795,0.0856551988733396,0.07914094948696955,0.08154291910942424,0.09047841636383824,0.09624762092580637,0.09081488953009295,0.027582623014989236,-0.06817695919676298,-0.24698587391607774,0.11150138866198334,-0.10046728971962617
returnOnEquity,0.14034368931956565,0.13772584653813968,0.2428241433280897,0.3529302399392606,0.34225129169540713,0.30867015056586644,0.27721290957585776,0.2272553329779232,0.18022475940916818,0.20700015044380923,0.2183726601992336,0.15059609563832946,0.11455908487897674,0.10348773910246861,0.099925121045658,0.10707136577025524,0.11144309687425949,0.10711371873425539,0.037010205652500704,-0.09190371991247265,-0.319107039217312,0.15567086730911786,-0.134375
returnOnCapitalEmployed,0.10927675855778252,0.11572523461924139,0.22692339508628737,0.35789437343545866,0.3647370099191631,0.3743811064336205,0.35506724712249876,0.31884165638975975,0.2565608466868826,0.29498426484875157,0.2931363386338216,0.21393405493592732,0.14418109080674668,0.13199592770885776,0.12581207215272142,0.14310481143847817,0.1516131209218557,0.08430706369461424,0.03734709889090974,-0.10043157894736843,-0.2940556039117301,0.14657010891258482,-0.1536050156739812
netIncomePerEBT,0.8560592551242192,0.7755886144446098,0.7904736736085572,0.7514393136345567,0.7311009057942685,0.6653227639659496,0.6502501140120853,0.6256921796268966,0.6330040265515006,0.6366892326486416,0.6691512982638995,0.6360935415588296,0.695301105979582,0.6285175539471014,0.6030087788680664,0.6136061504708605,0.6469293583603236,1.1340032347981692,0.8273279352226721,1.060214259327669,1.153399513017419,0.8663916217073945,
ebtPerEbit,0.9820112936996384,1.010528543058682,1.043682962911529,1.0217651409124064,1.020499826227578,1.004592812631879,1.015274037392001,1.0076688204199313,1.0168841599004683,1.0138657246137137,1.0287712954354906,1.033151885635777,1.0797546012269938,1.1908089493928349,1.2833209382725976,1.1933812598460138,1.1123367319970512,1.103729869340626,1.1792790642158033,0.8511686406037103,0.9296211171472349,1.2258792405851229,0.0
ebitPerRevenue,0.15134922732287118,0.16686376084620613,0.23120412656352637,0.27338627107250046,0.2698301133805509,0.274369760114364,0.28799477868532675,0.2849560577490436,0.29083502890001717,0.3095327127232806,0.3044379658874456,0.2607815214088429,0.18669104350315965,0.15275011420037435,0.18928713425039045,0.22874820136582,0.2554671120429267,0.1537940300251183,0.0361447862289141,-0.08812554264496703,-0.26745648104166087,0.11829352478254866,-0.17625899280575538
debtRatio,0.527700469055166,0.5228075725963676,0.48042651407334214,0.5066191360043232,0.5044372782973234,0.4860815245739647,0.43055239610948454,0.3732991601638481,0.31016599463631006,0.3044164376222072,0.2952493036557991,0.2631743542760492,0.2523054896621422,0.2352625521308571,0.18395976651191162,0.15497093258360736,0.13635188158489597,0.1521637881380922,0.2547292691650975,0.25816975350188853,0.22600932112976585,0.2837363175951642,0.2523364485981308
debtEquityRatio,1.1173004300883014,1.09559067280452,0.9246555628536409,1.0268317500225594,1.0179080390957482,0.9458339168892617,0.7560878176814042,0.595657667000168,0.44962410119632523,0.4376417932902061,0.4189414855315007,0.35717317360401235,0.3374446196590824,0.30763833101986887,0.22542977535015968,0.18339124482122057,0.15787897718704896,0.1794730939882007,0.34179427505455995,0.34801729198911246,0.2920052234474753,0.39613388835034496,0.3375
longTermDebtToCapitalization,0.21507550890775642,0.14186940066850803,,,,,,,,,,,,,,,,,,,,,
totalDebtToCapitalization,0.23257359556571616,0.1628785719642991,,,,,,,,,,,,,,,,,,,,,
interestCoverage,,,,,,,,,,,,,,,,,,,,,,,
cashFlowToDebtRatio,0.9020213119933788,1.5216424302146745,,,,,,,,,,,,,,,,,,,,,
companyEquityMultiplier,2.117300430088301,2.0955906728045197,1.924655562853641,2.0268317500225597,2.0179080390957482,1.9458339168892616,1.7560878176814043,1.5956576670001679,1.4496241011963253,1.4376417932902061,1.4189414855315008,1.3571731736040125,1.3374446196590823,1.307638331019869,1.2254297753501597,1.1833912448212205,1.157878977187049,1.1794730939882008,1.34179427505456,1.3480172919891125,1.2920052234474753,1.396133888350345,1.3375
receivablesTurnover,4.682975615722786,5.4131606639971075,5.586063531920406,7.318071318291395,7.159538098957263,7.4392989652279295,6.870398734584911,7.150064811221836,7.254053524644353,7.437663361631349,6.952328641444748,7.865479970035316,6.105082590934161,6.698877978919604,5.727842308279033,6.279665338645418,6.74795578255761,7.553055371718509,5.997153945666235,5.306116447755342,4.744873607919392,2.8413578471114365,2.673076923076923
payablesTurnover,7.941670961092502,6.326575877900484,5.693662477845019,6.25865263084994,6.963849487785658,9.883782278629422,6.53876884323218,7.081216302659234,6.7817382681639105,8.738548064826464,6.204444444444444,8.118602455146364,7.555237943994495,11.382370913534983,4.6356121449559256,6.691437680279338,8.497261345852895,8.136157024793388,7.244211093161012,8.271099050203528,10.202914798206278,2.8629864596155667,2.4444444444444446
inventoryTurnover,22.3598277034686,14.620653810308983,10.365309147989883,11.825471080868882,11.84839444928605,9.902939708084931,9.854405789364415,12.666380613787748,13.30006307158625,13.565077541642735,12.129220362703364,9.13909115067765,10.328243722411173,14.684469846275128,11.087331334332834,15.296373416623286,24.141163393849574,23.21875,35.308398950131235,87.3323782234957,17.48847040737894,5.780156757790097,11.0
fixedAssetTurnover,5.969795779847649,4.4361911914839816,10.036643004842766,14.901938748776217,17.072708707727497,16.18715110995716,20.01713082192495,25.932326211615337,23.319700261326783,23.106620361049593,23.99754156423184,25.821120121790557,16.587818445048384,13.671446895304582,14.592133022429492,13.15645554405529,17.416140611461813,14.320729462941275,11.498660581406886,8.866268118909181,6.928691275167785,8.033496007098492,9.928571428571429
assetTurnover,0.5209666058335735,0.5025357423812292,0.6614351343180126,0.829563196897611,0.8424866978394067,0.8650280121214592,0.8302691271423567,0.7927165381358842,0.6641013846784252,0.7206186057876697,0.7343309007241725,0.6474652618720416,0.6111281108319414,0.6922456115320855,0.5566808007726456,0.5401549805280523,0.5235544624269068,0.4717810499395082,0.782160042652845,0.857287649755719,0.8612579514370744,0.8874775363502696,0.6495327102803738
operatingCashFlowPerShare,10.628033011020145,10.850224097453662,12.454883085737126,12.423166073585584,11.53570816386954,10.551732831106431,9.514914377849438,7.2815438689568275,6.360249474957042,6.260655841283882,5.169208262044682,3.9394038362496704,2.561845209406154,2.3537732409770324,2.038939967550027,1.5617977528089888,1.1416845781837721,0.6109087625297251,0.2761501531017276,0.18767523595150654,-0.257441264794206,0.23243601267918815,-0.09767532721234616
freeCashFlowPerShare,10.123132422949578,9.86616538884602,10.730447671707415,11.550439097646175,10.870615367833825,9.539795055833197,8.582439119315023,6.980224152795278,6.021892700311843,5.880078347128325,4.72089563341516,3.7808162393699205,2.404885720808706,2.014448900230891,1.8411874286401058,1.2952240962654775,1.0168457818377217,0.5239908491616748,0.22730881185498808,0.12451131382537614,-0.459525702172761,-0.08298244784028008,-0.22465325258839616
cashPerShare,15.000032945129886,19.863226674984816,16.19282526147492,16.96666775488884,15.846664485063812,13.08550709593226,10.763121316579563,8.559970820346177,6.900566409978998,6.724597207303974,6.726549133377966,5.38250700297705,4.022323127267192,2.311167821120428,3.106363800252389,4.66096564438576,3.1727700161203654,2.114641341320249,0.8482591766529316,1.5861667259013545,1.5408717541070482,1.254127832710413,1.3576870482516117
payoutRatio,0.0,0.0,0.0,0.0,0.0,0.0,0.0,0.0,0.0,0.0,0.0,0.0,0.0,0.0,0.0,0.0,0.0,0.0,0.0,0.0,0.0,0.0,0.0
operatingCashFlowSalesRatio,0.24782670153367728,0.28113485410635086,0.33349327765606057,0.3521169312396971,0.35419448709379386,0.35665306957174664,0.3565646416362342,0.31696155875767734,0.3373309102594048,0.35972995403148456,0.36197750717551314,0.3555804492659631,0.3092749881714157,0.29790840284047476,0.3227328327629469,0.31817870366375756,0.3020041931701077,0.2371049710847596,0.12606238405453213,0.08779302828219386,-0.10859016271293787,0.09044134566708086,-0.07194244604316546
freeCashFlowOperatingCashFlowRatio,0.9524935058493853,0.9093052180518022,0.8615454354602115,0.9297500354764621,0.9423448663412948,0.904097479393143,0.9019985654621125,0.9586187048262999,0.9468013360203165,0.9392112417925993,0.9132724769630017,0.9597432496205502,0.9387318609176111,0.8558381347706668,0.9030120837017389,0.8293161479685431,0.8906538647087202,0.8577235772357723,0.8231348391512663,0.6634402945817991,1.7849729822454756,-0.35701200895583146,2.3
cashFlowCoverageRatios,0.9020213119933788,1.5216424302146745,,,,,,,,,,,,,,,,,,,,,
shortTermCoverageRatios,9.410539519551932,10.12327487171632,,,,,,,,,,,,,,,,,,,,,
capitalExpenditureCoverageRatio,-21.049753678509674,-11.025992659325993,-7.2225860037472716,-14.23488263349855,-17.344509266418314,-10.427254608868958,-10.203932266046568,-24.165507527071046,-18.79746454500997,-16.45041006740379,-11.530365044247787,-24.840554455445545,-16.32169696969697,-6.936647208394514,-10.310562781086666,-5.858785046728972,-9.145270633810394,-7.0285714285714285,-5.654024767801857,-2.971241012816505,1.2739291958041958,-0.7369131543422829,0.7692307692307693
dividendPaidAndCapexCoverageRatio,,,,,,,,,,,,,,,,,,,,,,,
dividendPayoutRatio,,,,,,,,,,,,,,,,,,,,,,,
priceBookValueRatio,5.430985699172067,3.627480419833998,4.9006758910176975,8.17022375868539,6.244563158048856,7.661198772929529,6.0211591156260065,6.705277183398938,4.262910700637936,4.868106138107416,7.853209539041609,9.335456780824511,4.429447798553228,2.8630718167123557,3.6345236102297362,4.306527711539148,4.083528144589733,4.313994864210373,6.036599081762942,2.575953354325666,3.461559986734102,6.568777441979814,44.391328125
priceToBookRatio,5.430985699172067,3.627480419833998,4.9006758910176975,8.17022375868539,6.244563158048856,7.661198772929529,6.0211591156260065,6.705277183398938,4.262910700637936,4.868106138107416,7.853209539041609,9.335456780824511,4.429447798553228,2.8630718167123557,3.6345236102297362,4.306527711539148,4.083528144589733,4.313994864210373,6.036599081762942,2.575953354325666,3.461559986734102,6.568777441979814,44.391328125
priceToSalesRatio,4.9236399599602985,3.444543424309454,3.8496008512129833,4.859222386158645,3.6731413355049014,4.551565426955129,4.12966653696721,5.301015735147912,4.428090094335165,4.698983043709662,7.536867760458538,10.623896563609728,5.419279107121803,3.162892184080237,5.327860223297258,6.737216589814972,6.736130912192175,7.7526663356504475,5.751892661460805,2.2290302588070126,3.11081617256699,5.301516406645497,51.09793165467626
priceEarningsRatio,38.69775495787056,26.338414400883423,20.18199600686408,23.149684651820962,18.2455503005269,24.82001825859972,21.720341685524392,29.50547780566419,23.65330221337545,23.517403865022203,35.96242099114736,61.99003195437736,38.665181406019556,27.66580699842596,36.37247142857142,40.2210962805848,36.64227089092069,40.2749051679665,163.10633716662588,-28.028825783972124,-10.847645339395907,42.19657509157509,-330.35406976744184
priceToFreeCashFlowsRatio,20.858168319651124,13.474333417346969,13.398322642127335,14.842725765718914,11.004896774655963,14.115607223413136,12.840172644160303,17.44643113663225,13.864411764705883,13.907977950657612,22.798639994957693,31.13084385704366,18.666167631825996,12.405377965723385,18.281680331079137,25.5322612475716,25.043128913784447,38.12089472928336,55.43119906868451,38.269614652711695,-16.049156695978088,-164.19134834663626,-308.8092391304348
priceToOperatingCashFlowsRatio,19.867269868381083,12.252281686163371,11.543263715148006,13.800024807244556,10.370407980212919,12.761884910791458,11.581817305318456,16.724475220039636,13.126843581959323,13.062529241861224,20.821370419582767,29.877617246789026,17.522526277224095,10.616995539309832,16.50857824933687,21.17431654676259,22.304759551460812,32.69719019462922,45.62735112936345,25.389604418726982,-28.64731109014495,58.61828312639935,-710.26125
priceCashFlowRatio,19.867269868381083,12.252281686163371,11.543263715148006,13.800024807244556,10.370407980212919,12.761884910791458,11.581817305318456,16.724475220039636,13.126843581959323,13.062529241861224,20.821370419582767,29.877617246789026,17.522526277224095,10.616995539309832,16.50857824933687,21.17431654676259,22.304759551460812,32.69719019462922,45.62735112936345,25.389604418726982,-28.64731109014495,58.61828312639935,-710.26125
priceEarningsToGrowthRatio,4.766430793591372,-0.9059396644168597,-5.156847945202166,1.7866109566581811,0.8767552047067352,3.4954859047527993,0.9543086293746351,1.7359056108999096,16.46269834050937,1.4350415827840086,0.6268678888365133,0.971735636041591,1.3384101255929852,-8.576400169512041,2.7114024155844128,2.2362929532005147,0.9068962045502873,0.07191947351422591,1.1317582578908736,-0.37371767711962833,0.03507945010252408,0.1656323522266906,8.258582857591772
priceSalesRatio,4.9236399599602985,3.444543424309454,3.8496008512129833,4.859222386158645,3.6731413355049014,4.551565426955129,4.12966653696721,5.301015735147912,4.428090094335165,4.698983043709662,7.536867760458538,10.623896563609728,5.419279107121803,3.162892184080237,5.327860223297258,6.737216589814972,6.736130912192175,7.7526663356504475,5.751892661460805,2.2290302588070126,3.11081617256699,5.301516406645497,51.09793165467626
dividendYield,,,,,,,,,,,,,,,,,,,,,,,
enterpriseValueMultiple,25.783418796443197,15.606342379791732,13.177607747802723,15.194926626571238,11.00074291817518,14.119701219944385,12.277956173942504,16.376645880216316,13.323026185062863,13.395611668267883,22.179228850376536,35.19171307274535,21.69105931479548,13.941545737100649,19.131234021803486,21.96357201604646,21.250145221520444,37.83052376249128,64.4344231713304,-106.74113746369795,-14.112594808246982,25.867648513627145,-1163.1020833333334
priceFairValue,5.430985699172067,3.627480419833998,4.9006758910176975,8.17022375868539,6.244563158048856,7.661198772929529,6.0211591156260065,6.705277183398938,4.262910700637936,4.868106138107416,7.853209539041609,9.335456780824511,4.429447798553228,2.8630718167123557,3.6345236102297362,4.306527711539148,4.083528144589733,4.313994864210373,6.036599081762942,2.575953354325666,3.461559986734102,6.568777441979814,44.391328125
